94.215754
100.000000
100.000000
100.000000
100.000000
100.000000
100.000000
100.000000
100.000000
100.000000
100.000000
100.000000
100.000000
100.000000
100.000000
99.105512
100.000000
100.000000
100.000000
100.000000
100.000000
100.000000
100.000000
100.000000
100.000000
100.000000
100.000000
99.595228
100.000000
100.000000
100.000000
100.000000
100.000000
99.507656
100.000000
100.000000
100.000000
100.000000
100.000000
100.000000
100.000000
100.000000
100.000000
100.000000
100.000000
100.000000
100.000000
100.000000
100.000000
100.000000
100.000000
100.000000
100.000000
100.000000
100.000000
100.000000
100.000000
100.000000
100.000000
100.000000
100.000000
100.000000
100.000000
100.000000
100.000000
100.000000
100.000000
99.726816
100.000000
99.580905
100.000000
100.000000
100.000000
100.000000
100.000000
100.000000
100.000000
100.000000
100.000000
100.000000
100.000000
99.855920
100.000000
100.000000
100.000000
100.000000
100.000000
100.000000
100.000000
100.000000
100.000000
100.000000
100.000000
100.000000
100.000000
100.000000
100.000000
100.000000
100.000000
100.000000
100.000000
100.000000
100.000000
100.000000
100.000000
100.000000
100.000000
100.000000
100.000000
100.000000
100.000000
100.000000
100.000000
100.000000
100.000000
100.000000
100.000000
100.000000
100.000000
100.000000
100.000000
100.000000
100.000000
100.000000
100.000000
100.000000
100.000000
100.000000
100.000000
100.000000
100.000000
100.000000
100.000000
100.000000
100.000000
100.000000
100.000000
100.000000
100.000000
100.000000
100.000000
100.000000
100.000000
100.000000
100.000000
100.000000
100.000000
100.000000
100.000000
100.000000
100.000000
100.000000
100.000000
100.000000
100.000000
100.000000
100.000000
100.000000
100.000000
100.000000
100.000000
100.000000
100.000000
100.000000
100.000000
100.000000
100.000000
100.000000
100.000000
100.000000
100.000000
100.000000
100.000000
100.000000
100.000000
100.000000
100.000000
100.000000
100.000000
100.000000
99.039990
98.965227
99.838213
98.605743
100.000000
98.964532
98.632212
98.682094
100.000000
98.943854
99.923660
99.058176
98.702426
99.030696
100.000000
99.704857
100.000000
99.846673
99.370941
99.305564
100.000000
99.482857
100.000000
99.167538
98.476242
98.910583
100.000000
99.111259
100.000000
99.122370
98.699852
99.101761
100.000000
99.335213
100.000000
99.749810
99.673032
99.101488
100.000000
98.828702
100.000000
99.878458
100.000000
99.017278
100.000000
98.496304
100.000000
98.930142
99.260630
98.116766
100.000000
97.394129
100.000000
98.371251
100.000000
98.256651
100.000000
100.000000
100.000000
100.000000
100.000000
98.280547
100.000000
95.612964
98.449692
96.289438
98.179084
97.115413
100.000000
98.342439
100.000000
99.767999
100.000000
100.000000
100.000000
100.000000
100.000000
100.000000
100.000000
99.585276
100.000000
99.188120
100.000000
99.322125
99.242389
96.420509
98.710099
95.673169
98.090509
95.977016
97.658829
96.995159
100.000000
99.095398
100.000000
99.994159
100.000000
100.000000
100.000000
100.000000
100.000000
100.000000
100.000000
100.000000
100.000000
100.000000
100.000000
100.000000
98.672215
97.198643
99.713184
96.288076
99.168717
97.715659
98.522491
98.632256
100.000000
100.000000
97.744860
96.136216
95.877382
96.446578
99.825444
97.308300
98.942376
97.202606
96.924592
96.744327
99.600900
97.571835
100.000000
99.284394
100.000000
100.000000
100.000000
100.000000
100.000000
100.000000
100.000000
97.502921
100.000000
98.398870
100.000000
100.000000
100.000000
100.000000
100.000000
100.000000
100.000000
100.000000
100.000000
100.000000
100.000000
100.000000
100.000000
100.000000
100.000000
100.000000
100.000000
100.000000
100.000000
100.000000
100.000000
100.000000
100.000000
100.000000
100.000000
100.000000
100.000000
100.000000
100.000000
100.000000
100.000000
100.000000
100.000000
100.000000
100.000000
100.000000
100.000000
100.000000
100.000000
100.000000
100.000000
100.000000
100.000000
100.000000
100.000000
100.000000
100.000000
100.000000
100.000000
100.000000
100.000000
100.000000
100.000000
100.000000
100.000000
100.000000
100.000000
100.000000
100.000000
100.000000
100.000000
100.000000
100.000000
100.000000
100.000000
100.000000
100.000000
100.000000
100.000000
100.000000
100.000000
100.000000
100.000000
100.000000
100.000000
100.000000
100.000000
100.000000
100.000000
100.000000
100.000000
98.877298
100.000000
99.951949
100.000000
100.000000
100.000000
100.000000
100.000000
100.000000
100.000000
100.000000
100.000000
100.000000
100.000000
100.000000
100.000000
100.000000
100.000000
100.000000
100.000000
100.000000
100.000000
100.000000
100.000000
99.951373
100.000000
100.000000
100.000000
100.000000
99.582823
98.009994
100.000000
98.982345
100.000000
100.000000
100.000000
100.000000
100.000000
100.000000
100.000000
100.000000
100.000000
100.000000
100.000000
100.000000
100.000000
100.000000
100.000000
100.000000
100.000000
100.000000
100.000000
100.000000
100.000000
98.710688
100.000000
98.451801
100.000000
99.056658
98.866377
99.927902
100.000000
100.000000
100.000000
100.000000
100.000000
100.000000
100.000000
100.000000
100.000000
100.000000
100.000000
100.000000
100.000000
100.000000
100.000000
100.000000
100.000000
100.000000
100.000000
100.000000
100.000000
99.852708
98.305452
98.579927
100.000000
100.000000
100.000000
100.000000
99.532711
99.364839
100.000000
99.345268
100.000000
99.905912
98.374163
97.309144
100.000000
98.955400
100.000000
99.379729
98.467158
96.733163
100.000000
98.740263
100.000000
99.383899
98.793646
97.331312
99.991102
96.691368
99.287406
97.290428
98.508892
96.528235
99.004773
95.360621
97.572467
95.641420
96.448537
96.123246
99.968534
98.731370
100.000000
100.000000
100.000000
100.000000
100.000000
100.000000
100.000000
100.000000
100.000000
100.000000
100.000000
100.000000
100.000000
100.000000
100.000000
100.000000
100.000000
100.000000
100.000000
100.000000
100.000000
100.000000
100.000000
100.000000
100.000000
100.000000
100.000000
100.000000
100.000000
100.000000
100.000000
100.000000
100.000000
100.000000
100.000000
100.000000
100.000000
100.000000
100.000000
100.000000
100.000000
100.000000
100.000000
100.000000
100.000000
100.000000
100.000000
100.000000
100.000000
100.000000
100.000000
100.000000
100.000000
100.000000
100.000000
100.000000
100.000000
100.000000
100.000000
100.000000
100.000000
100.000000
100.000000
100.000000
100.000000
100.000000
100.000000
100.000000
100.000000
100.000000
100.000000
100.000000
100.000000
100.000000
100.000000
100.000000
100.000000
100.000000
100.000000
100.000000
99.185066
98.768748
100.000000
99.711909
100.000000
100.000000
100.000000
100.000000
100.000000
100.000000
100.000000
100.000000
100.000000
100.000000
100.000000
100.000000
100.000000
100.000000
100.000000
100.000000
100.000000
100.000000
100.000000
100.000000
100.000000
100.000000
100.000000
100.000000
100.000000
100.000000
100.000000
100.000000
100.000000
100.000000
100.000000
100.000000
100.000000
100.000000
100.000000
100.000000
100.000000
100.000000
100.000000
100.000000
100.000000
100.000000
100.000000
100.000000
100.000000
99.596585
100.000000
100.000000
99.042039
99.687860
100.000000
99.682089
100.000000
99.644486
100.000000
100.000000
100.000000
99.868074
100.000000
100.000000
100.000000
100.000000
100.000000
100.000000
100.000000
100.000000
100.000000
100.000000
100.000000
100.000000
100.000000
100.000000
100.000000
100.000000
100.000000
100.000000
100.000000
100.000000
100.000000
100.000000
99.768604
98.982742
100.000000
98.913330
100.000000
99.479088
100.000000
99.297504
100.000000
99.237238
100.000000
99.448101
100.000000
98.736688
100.000000
98.801267
100.000000
99.481268
100.000000
99.389194
100.000000
99.054003
100.000000
99.402478
100.000000
99.387016
100.000000
100.000000
99.430840
100.000000
100.000000
98.877738
100.000000
98.613881
99.895689
99.046048
99.627042
98.551498
99.919508
98.217733
99.691952
98.611276
99.355562
98.300570
99.760060
98.157763
99.772014
98.728260
99.389853
98.367976
99.682075
98.300862
99.440141
98.595874
99.551183
98.461381
100.000000
98.543767
99.707799
98.867209
99.768014
98.591886
100.000000
98.436974
100.000000
99.181721
100.000000
99.064384
100.000000
98.824811
100.000000
99.587793
100.000000
99.113313
100.000000
98.956336
100.000000
99.586306
100.000000
99.425579
100.000000
99.691918
100.000000
99.975000
100.000000
99.617104
100.000000
100.000000
100.000000
100.000000
100.000000
99.874641
100.000000
99.730804
100.000000
100.000000
100.000000
99.824356
100.000000
99.806893
100.000000
100.000000
100.000000
99.308137
100.000000
99.411806
100.000000
99.746111
100.000000
99.480398
100.000000
99.276687
100.000000
99.920255
100.000000
99.243294
100.000000
99.173973
100.000000
99.629097
100.000000
99.225763
100.000000
98.994112
100.000000
99.186983
100.000000
98.804313
100.000000
99.043647
100.000000
99.181970
100.000000
98.851797
100.000000
99.192694
100.000000
99.183174
100.000000
98.709488
100.000000
99.238420
100.000000
99.254482
100.000000
98.801169
100.000000
100.000000
99.134297
99.858393
100.000000
98.546906
100.000000
99.029599
100.000000
99.256446
99.962456
98.533027
99.908019
97.970077
99.278101
98.142359
99.160913
97.875296
99.145447
97.820426
99.045949
98.394105
99.517384
98.543305
99.848968
98.620343
99.909697
98.801813
99.462151
98.211596
100.000000
98.286841
99.850599
98.800643
99.927507
98.482259
100.000000
98.326202
99.701961
99.072378
99.970273
98.651602
100.000000
98.921891
100.000000
99.904909
100.000000
99.499975
100.000000
99.828542
100.000000
99.562872
100.000000
99.058305
100.000000
99.482583
100.000000
99.254811
99.872918
99.177401
100.000000
99.953570
98.600297
98.423854
98.121781
96.925157
98.404479
96.866132
98.611720
97.609617
98.460546
97.490448
99.026410
97.798037
99.260753
98.564901
99.683852
98.596535
100.000000
98.957137
100.000000
99.920943
100.000000
99.830901
100.000000
100.000000
100.000000
100.000000
100.000000
100.000000
100.000000
100.000000
100.000000
100.000000
100.000000
100.000000
100.000000
100.000000
100.000000
100.000000
100.000000
100.000000
100.000000
100.000000
100.000000
100.000000
100.000000
100.000000
100.000000
100.000000
100.000000
100.000000
100.000000
100.000000
100.000000
100.000000
100.000000
100.000000
100.000000
100.000000
100.000000
100.000000
100.000000
100.000000
100.000000
100.000000
100.000000
100.000000
100.000000
100.000000
100.000000
100.000000
100.000000
100.000000
100.000000
100.000000
100.000000
98.985633
100.000000
98.475127
99.307407
98.480479
99.234157
97.249088
98.280373
96.420125
97.671474
97.534413
99.362381
98.768102
100.000000
98.947441
100.000000
100.000000
100.000000
100.000000
100.000000
100.000000
100.000000
100.000000
100.000000
100.000000
100.000000
100.000000
100.000000
100.000000
100.000000
100.000000
100.000000
100.000000
100.000000
100.000000
100.000000
100.000000
100.000000
100.000000
100.000000
100.000000
100.000000
100.000000
100.000000
100.000000
100.000000
100.000000
100.000000
100.000000
100.000000
100.000000
100.000000
100.000000
100.000000
100.000000
100.000000
100.000000
100.000000
100.000000
100.000000
100.000000
100.000000
100.000000
100.000000
100.000000
100.000000
100.000000
100.000000
100.000000
100.000000
100.000000
100.000000
100.000000
100.000000
100.000000
100.000000
100.000000
100.000000
100.000000
100.000000
100.000000
100.000000
100.000000
100.000000
100.000000
100.000000
100.000000
100.000000
100.000000
100.000000
100.000000
100.000000
100.000000
100.000000
100.000000
100.000000
100.000000
100.000000
100.000000
100.000000
100.000000
100.000000
100.000000
100.000000
100.000000
100.000000
100.000000
100.000000
100.000000
100.000000
100.000000
100.000000
100.000000
100.000000
100.000000
100.000000
100.000000
100.000000
100.000000
100.000000
100.000000
100.000000
100.000000
100.000000
100.000000
100.000000
100.000000
100.000000
100.000000
100.000000
100.000000
100.000000
100.000000
100.000000
99.862249
100.000000
100.000000
100.000000
100.000000
100.000000
100.000000
100.000000
100.000000
100.000000
100.000000
100.000000
100.000000
100.000000
100.000000
100.000000
99.853229
100.000000
99.602052
100.000000
100.000000
100.000000
99.881401
100.000000
100.000000
100.000000
100.000000
100.000000
100.000000
100.000000
100.000000
100.000000
100.000000
100.000000
99.572428
100.000000
99.101285
99.852900
99.168759
99.797534
98.744509
99.899665
98.644681
99.902028
99.609207
100.000000
99.635647
100.000000
99.071498
100.000000
100.000000
100.000000
98.704464
100.000000
99.226245
100.000000
100.000000
100.000000
100.000000
100.000000
100.000000
100.000000
100.000000
100.000000
100.000000
100.000000
100.000000
100.000000
100.000000
100.000000
100.000000
100.000000
100.000000
100.000000
100.000000
100.000000
99.971660
100.000000
99.536448
100.000000
100.000000
100.000000
98.737329
100.000000
98.798479
99.661674
99.106769
99.770893
99.018338
100.000000
99.619492
100.000000
100.000000
100.000000
100.000000
100.000000
100.000000
100.000000
100.000000
100.000000
100.000000
100.000000
100.000000
100.000000
100.000000
100.000000
99.759803
100.000000
99.404583
100.000000
97.515745
98.758406
97.014705
100.000000
98.892636
100.000000
100.000000
100.000000
99.243261
100.000000
100.000000
100.000000
100.000000
100.000000
100.000000
100.000000
100.000000
100.000000
100.000000
100.000000
100.000000
100.000000
99.466212
100.000000
99.673447
100.000000
98.872921
100.000000
98.625181
99.849796
98.096823
99.272632
97.679264
100.000000
98.761110
100.000000
100.000000
100.000000
100.000000
100.000000
100.000000
100.000000
100.000000
100.000000
98.537175
100.000000
99.599576
100.000000
100.000000
100.000000
99.386312
100.000000
99.308822
100.000000
98.198822
97.918245
97.051425
100.000000
97.811467
100.000000
99.662028
99.309364
99.262361
100.000000
98.780684
100.000000
99.362246
100.000000
100.000000
100.000000
100.000000
100.000000
100.000000
100.000000
99.729523
100.000000
100.000000
100.000000
100.000000
98.807794
99.325987
100.000000
98.872052
99.844383
98.951952
98.573561
99.607079
100.000000
100.000000
100.000000
100.000000
98.978289
98.622900
100.000000
98.741349
99.741299
98.250835
97.350954
98.043403
100.000000
100.000000
97.992101
97.313800
97.342905
97.565436
100.000000
98.916636
100.000000
98.859896
97.207300
96.422797
99.400274
97.031780
99.336259
97.629961
97.081966
94.652364
98.763599
94.915621
98.180955
97.112516
97.584978
97.838367
100.000000
99.199960
100.000000
100.000000
100.000000
100.000000
100.000000
100.000000
100.000000
100.000000
100.000000
100.000000
100.000000
100.000000
100.000000
100.000000
100.000000
99.177320
100.000000
99.581228
100.000000
100.000000
100.000000
100.000000
100.000000
100.000000
100.000000
100.000000
100.000000
100.000000
100.000000
100.000000
100.000000
100.000000
100.000000
100.000000
100.000000
100.000000
100.000000
100.000000
100.000000
100.000000
100.000000
100.000000
100.000000
100.000000
100.000000
100.000000
100.000000
100.000000
100.000000
100.000000
100.000000
100.000000
100.000000
100.000000
100.000000
100.000000
100.000000
100.000000
100.000000
100.000000
100.000000
100.000000
100.000000
98.277483
100.000000
99.597801
100.000000
100.000000
100.000000
100.000000
100.000000
100.000000
100.000000
100.000000
99.067661
98.575771
100.000000
99.237031
100.000000
99.377167
97.868486
98.512976
100.000000
99.487450
100.000000
100.000000
100.000000
100.000000
100.000000
100.000000
100.000000
100.000000
100.000000
100.000000
100.000000
100.000000
100.000000
100.000000
100.000000
100.000000
100.000000
100.000000
100.000000
100.000000
100.000000
100.000000
100.000000
100.000000
100.000000
100.000000
100.000000
100.000000
100.000000
100.000000
100.000000
100.000000
100.000000
100.000000
100.000000
100.000000
100.000000
100.000000
100.000000
99.197426
100.000000
98.943325
100.000000
99.534555
99.740739
98.081544
99.929373
97.827210
99.841012
99.217500
100.000000
98.979390
100.000000
98.977131
100.000000
99.563897
100.000000
99.228564
100.000000
99.847467
100.000000
100.000000
100.000000
100.000000
100.000000
100.000000
100.000000
100.000000
100.000000
100.000000
100.000000
100.000000
100.000000
100.000000
100.000000
100.000000
100.000000
100.000000
100.000000
100.000000
100.000000
100.000000
100.000000
100.000000
100.000000
100.000000
100.000000
100.000000
100.000000
99.905245
100.000000
100.000000
100.000000
100.000000
100.000000
100.000000
100.000000
100.000000
100.000000
100.000000
100.000000
100.000000
100.000000
100.000000
100.000000
100.000000
100.000000
100.000000
100.000000
100.000000
100.000000
100.000000
100.000000
100.000000
100.000000
100.000000
100.000000
99.741188
100.000000
100.000000
100.000000
100.000000
100.000000
100.000000
100.000000
100.000000
100.000000
100.000000
100.000000
100.000000
100.000000
100.000000
100.000000
100.000000
100.000000
100.000000
100.000000
99.883460
100.000000
100.000000
100.000000
99.060286
100.000000
99.153921
100.000000
99.660761
99.070866
97.838383
100.000000
99.233578
100.000000
100.000000
100.000000
100.000000
100.000000
100.000000
100.000000
100.000000
100.000000
100.000000
100.000000
100.000000
100.000000
100.000000
100.000000
99.909323
100.000000
99.635700
100.000000
100.000000
100.000000
99.489501
100.000000
99.787090
100.000000
100.000000
99.854872
100.000000
100.000000
100.000000
100.000000
100.000000
100.000000
99.838406
100.000000
100.000000
100.000000
100.000000
100.000000
100.000000
100.000000
100.000000
99.947981
98.999197
98.473933
96.713768
98.807391
96.973021
98.644527
97.152813
97.190069
96.615336
98.145185
96.713083
97.800374
96.374221
96.492673
95.775315
97.731827
95.537233
97.079954
96.275784
96.862271
95.769171
97.839593
95.826479
97.529266
96.631238
97.278892
96.036190
98.190990
95.964058
97.823089
96.992637
97.498722
96.489373
99.141177
97.060563
98.938615
97.927021
98.385028
97.360819
100.000000
97.779270
98.984431
96.629746
96.830641
95.886841
100.000000
98.111514
100.000000
99.326854
100.000000
98.777076
100.000000
99.299851
100.000000
100.000000
100.000000
100.000000
100.000000
100.000000
100.000000
100.000000
100.000000
100.000000
100.000000
100.000000
100.000000
100.000000
100.000000
98.901279
100.000000
98.021936
98.895982
97.205495
96.467963
96.081577
99.301436
97.881625
99.918118
98.856790
98.678693
97.800358
100.000000
97.530044
98.808659
97.589621
97.829642
97.299567
100.000000
97.836976
99.745713
98.704537
98.021768
97.135020
100.000000
97.213781
98.960743
97.015330
97.457220
96.024960
98.323037
95.848830
97.576188
96.001725
96.469907
95.669556
98.605615
97.052238
98.829593
97.645525
98.613452
97.994696
100.000000
98.462032
99.935449
99.054245
98.726560
98.200483
100.000000
99.496578
97.804968
97.592454
96.743861
96.072840
98.589145
96.504882
98.723707
97.863369
99.666506
98.051311
100.000000
98.811147
100.000000
100.000000
100.000000
100.000000
100.000000
100.000000
100.000000
100.000000
100.000000
100.000000
100.000000
100.000000
100.000000
100.000000
100.000000
100.000000
100.000000
100.000000
100.000000
100.000000
100.000000
100.000000
100.000000
100.000000
100.000000
100.000000
100.000000
100.000000
100.000000
100.000000
100.000000
100.000000
100.000000
100.000000
100.000000
100.000000
100.000000
100.000000
100.000000
100.000000
100.000000
100.000000
100.000000
100.000000
100.000000
100.000000
100.000000
100.000000
100.000000
100.000000
100.000000
100.000000
100.000000
100.000000
100.000000
100.000000
100.000000
100.000000
100.000000
100.000000
100.000000
100.000000
100.000000
100.000000
100.000000
100.000000
100.000000
100.000000
100.000000
99.146253
100.000000
100.000000
100.000000
98.911183
98.972582
95.533795
97.011394
93.988341
95.518701
95.745797
97.615921
97.697090
100.000000
99.653422
100.000000
100.000000
100.000000
99.707984
100.000000
99.571362
100.000000
99.725117
100.000000
98.804229
100.000000
98.503990
99.556919
98.560393
100.000000
99.046870
100.000000
98.841731
100.000000
98.368190
98.931912
98.176277
99.537549
99.243677
97.116569
97.576262
98.540417
96.961819
98.774365
96.979201
98.586861
97.328001
99.366506
97.900027
99.864444
98.446829
100.000000
99.408096
100.000000
99.479664
100.000000
98.782153
100.000000
99.093901
99.820954
98.491506
99.890398
97.878353
99.288102
98.379603
99.007707
97.453806
98.935534
96.581710
97.581456
96.714117
97.765326
96.246077
98.634774
96.685024
98.407474
98.134087
100.000000
99.801301
100.000000
99.911165
100.000000
100.000000
100.000000
100.000000
100.000000
100.000000
100.000000
100.000000
100.000000
98.836886
100.000000
97.872684
100.000000
99.304071
100.000000
99.924349
100.000000
100.000000
99.967043
100.000000
100.000000
100.000000
100.000000
100.000000
100.000000
100.000000
100.000000
100.000000
100.000000
100.000000
100.000000
100.000000
100.000000
100.000000
100.000000
100.000000
100.000000
100.000000
100.000000
100.000000
100.000000
100.000000
100.000000
100.000000
100.000000
100.000000
100.000000
100.000000
100.000000
100.000000
100.000000
99.903964
100.000000
99.341781
100.000000
99.694921
100.000000
100.000000
100.000000
100.000000
100.000000
100.000000
100.000000
100.000000
100.000000
100.000000
100.000000
100.000000
100.000000
100.000000
100.000000
100.000000
100.000000
100.000000
100.000000
99.796914
100.000000
100.000000
97.705540
98.014766
98.656925
97.538091
99.913028
98.072464
99.683722
98.316382
99.167534
97.771037
99.558432
97.248338
98.669556
97.324685
98.066663
96.799279
98.805459
96.652565
98.662362
96.956089
97.887869
96.721793
99.079677
97.581448
100.000000
98.680949
99.482081
98.258530
100.000000
98.743494
100.000000
99.400131
100.000000
99.073308
100.000000
99.343809
100.000000
99.767037
100.000000
99.648283
100.000000
99.583668
100.000000
100.000000
100.000000
99.614446
100.000000
99.513080
100.000000
99.638070
100.000000
98.541029
100.000000
98.405511
100.000000
98.819708
99.637626
98.735588
100.000000
100.000000
99.096594
99.444769
99.514246
98.130861
100.000000
98.538580
100.000000
98.851126
99.552158
98.277526
99.865754
97.839261
99.317977
98.087456
99.090498
97.986993
99.965300
97.825111
99.262829
98.119972
99.052387
97.886036
99.608772
97.795925
99.389981
98.050407
99.051032
97.954422
99.587347
97.711936
99.415398
97.915446
98.935781
97.423950
99.261525
97.388785
99.373814
97.888165
99.310290
98.007776
100.000000
98.644261
100.000000
99.051955
100.000000
99.124157
100.000000
99.401047
100.000000
99.648269
100.000000
99.201389
100.000000
99.493630
100.000000
99.390357
100.000000
99.043796
100.000000
100.000000
98.438679
99.142787
99.008487
97.915128
99.531741
97.601219
99.368657
98.302535
99.455578
98.173355
100.000000
98.494704
100.000000
98.993635
100.000000
98.593362
100.000000
98.550967
100.000000
98.457442
99.610654
97.868247
99.979160
97.629270
99.354175
98.107695
99.569747
98.300586
100.000000
98.591426
100.000000
99.060797
100.000000
99.476054
97.587971
96.348690
97.361621
96.875957
97.526345
97.574504
98.733536
97.490726
98.162673
97.001260
96.747724
96.495828
97.812975
96.684012
98.171005
97.808863
98.466418
97.826853
100.000000
98.320781
100.000000
99.688412
100.000000
99.618234
100.000000
100.000000
100.000000
100.000000
100.000000
100.000000
100.000000
100.000000
100.000000
100.000000
99.371222
99.755343
100.000000
100.000000
100.000000
100.000000
100.000000
100.000000
100.000000
100.000000
100.000000
100.000000
100.000000
100.000000
100.000000
100.000000
100.000000
100.000000
100.000000
100.000000
100.000000
100.000000
100.000000
100.000000
100.000000
100.000000
100.000000
100.000000
100.000000
100.000000
100.000000
100.000000
100.000000
100.000000
100.000000
100.000000
100.000000
100.000000
100.000000
100.000000
100.000000
100.000000
100.000000
100.000000
100.000000
100.000000
100.000000
100.000000
100.000000
100.000000
100.000000
100.000000
100.000000
100.000000
100.000000
100.000000
100.000000
100.000000
100.000000
100.000000
100.000000
100.000000
100.000000
100.000000
100.000000
100.000000
100.000000
100.000000
100.000000
100.000000
100.000000
100.000000
100.000000
100.000000
100.000000
100.000000
100.000000
100.000000
100.000000
100.000000
100.000000
100.000000
100.000000
100.000000
100.000000
100.000000
100.000000
100.000000
100.000000
100.000000
100.000000
100.000000
100.000000
100.000000
100.000000
100.000000
100.000000
100.000000
100.000000
100.000000
100.000000
100.000000
100.000000
100.000000
100.000000
100.000000
100.000000
99.916519
99.464781
98.860985
100.000000
100.000000
99.084526
99.273353
99.759755
99.015661
100.000000
99.054191
99.798880
98.684857
98.921141
98.248903
99.575662
98.349648
99.316986
98.515162
99.270654
98.655725
100.000000
99.841392
100.000000
100.000000
100.000000
99.350915
100.000000
99.271829
100.000000
99.940456
99.908542
99.226564
100.000000
99.523894
100.000000
100.000000
100.000000
99.372386
100.000000
99.497652
100.000000
100.000000
100.000000
99.759391
100.000000
99.679840
100.000000
99.247699
99.223223
98.380350
99.473210
98.236647
99.327924
98.604468
98.980173
98.235098
99.846947
98.706716
100.000000
99.239805
99.350558
99.391353
100.000000
100.000000
98.939043
98.961308
99.387350
98.848267
99.530594
98.246801
99.291388
98.663648
99.266319
98.962635
100.000000
99.470815
100.000000
99.905895
100.000000
100.000000
100.000000
99.456446
100.000000
99.523324
100.000000
99.785973
100.000000
99.504992
100.000000
99.535216
100.000000
99.641660
100.000000
99.767086
100.000000
99.914325
100.000000
99.198115
100.000000
99.176535
100.000000
99.757880
100.000000
99.249852
100.000000
99.146390
100.000000
99.371230
100.000000
99.027278
100.000000
98.989479
100.000000
99.438971
100.000000
99.136142
100.000000
99.015378
100.000000
99.378557
100.000000
99.025178
100.000000
100.000000
99.387030
100.000000
100.000000
98.904525
100.000000
98.519871
99.792892
99.425691
99.989862
98.621158
100.000000
98.306685
99.346593
98.732740
99.625795
98.315005
99.963402
98.313837
99.538339
98.889362
99.493173
98.410840
99.950297
98.199548
99.289557
98.838324
99.537380
98.521604
100.000000
98.449448
99.508315
99.107573
99.759696
98.614462
100.000000
98.648857
99.893156
99.479081
100.000000
98.969556
100.000000
99.085995
100.000000
99.592853
100.000000
99.145912
100.000000
99.212536
100.000000
99.612448
100.000000
99.447377
100.000000
99.576067
100.000000
100.000000
100.000000
99.609845
100.000000
100.000000
100.000000
100.000000
100.000000
100.000000
100.000000
99.925597
100.000000
100.000000
100.000000
99.708616
100.000000
99.781163
100.000000
100.000000
100.000000
99.454164
100.000000
99.347968
100.000000
99.981452
100.000000
99.422084
100.000000
99.128490
100.000000
99.900664
100.000000
99.308078
100.000000
99.140681
100.000000
99.886973
100.000000
99.313392
100.000000
98.983832
100.000000
99.098725
100.000000
98.712019
100.000000
98.970022
100.000000
99.125284
100.000000
98.890125
100.000000
99.153006
100.000000
99.167557
100.000000
98.690155
100.000000
99.187089
100.000000
99.266713
100.000000
98.818327
100.000000
100.000000
99.149244
99.828603
100.000000
98.550456
100.000000
99.100349
100.000000
99.258042
99.962192
98.580373
99.747168
98.266037
99.310711
98.240789
99.150064
97.913267
99.445276
97.824969
98.914070
98.726405
99.826006
98.717590
100.000000
98.745631
99.989315
99.191271
99.805272
98.410040
100.000000
98.392675
99.743366
98.747331
99.851452
98.278641
100.000000
98.442173
99.853900
99.261254
99.938805
98.651922
100.000000
98.947667
100.000000
99.700059
100.000000
99.759681
100.000000
99.845436
100.000000
99.655599
100.000000
99.208527
100.000000
99.509267
100.000000
99.255667
100.000000
99.093329
100.000000
100.000000
98.785631
98.771542
98.569216
97.364756
98.473261
97.212902
98.587535
97.646778
98.618595
97.806273
99.289197
98.258556
99.676212
98.901206
99.891761
98.899937
100.000000
98.533218
100.000000
99.246768
99.757097
98.850916
100.000000
99.342727
100.000000
100.000000
100.000000
100.000000
100.000000
99.745598
100.000000
100.000000
100.000000
100.000000
100.000000
100.000000
100.000000
100.000000
100.000000
100.000000
100.000000
99.567039
100.000000
99.864412
100.000000
99.104658
100.000000
99.772007
100.000000
99.408735
99.241888
97.499270
100.000000
98.290204
99.309341
98.125842
97.985078
97.358380
99.627358
99.645404
98.239129
96.664593
96.853933
95.708410
97.958050
96.328281
97.876566
96.838192
96.394345
95.872889
98.067515
96.720439
98.310273
97.491828
97.355203
97.220009
98.894330
97.929376
99.189919
97.976230
97.674830
97.128605
99.314623
97.601499
99.472579
97.977121
98.021986
97.128902
98.662057
96.867546
98.608401
98.195372
98.497295
98.378595
99.779422
98.548334
99.491877
98.365441
99.017969
98.277654
100.000000
97.920502
99.586373
98.408544
99.434547
98.670555
100.000000
98.848059
100.000000
99.167653
99.227836
97.460369
100.000000
98.129810
100.000000
99.397390
99.504974
98.754619
100.000000
100.000000
99.744695
100.000000
100.000000
99.823940
100.000000
98.502233
100.000000
98.991878
100.000000
99.221114
100.000000
97.695230
100.000000
99.534357
100.000000
100.000000
100.000000
99.910467
100.000000
99.758812
100.000000
98.355948
99.488268
97.222770
98.535922
97.554353
99.164765
100.000000
100.000000
100.000000
100.000000
100.000000
100.000000
100.000000
100.000000
100.000000
100.000000
100.000000
100.000000
100.000000
100.000000
100.000000
100.000000
100.000000
100.000000
100.000000
100.000000
100.000000
100.000000
100.000000
100.000000
100.000000
100.000000
100.000000
100.000000
100.000000
100.000000
100.000000
100.000000
100.000000
100.000000
100.000000
100.000000
100.000000
100.000000
100.000000
100.000000
100.000000
100.000000
100.000000
100.000000
99.171316
99.562830
97.555859
97.824785
96.292993
98.418298
95.897300
97.752542
96.683179
98.967850
99.375559
100.000000
100.000000
100.000000
100.000000
100.000000
100.000000
100.000000
100.000000
100.000000
100.000000
100.000000
100.000000
100.000000
100.000000
100.000000
100.000000
100.000000
100.000000
100.000000
100.000000
100.000000
100.000000
100.000000
100.000000
100.000000
100.000000
100.000000
100.000000
100.000000
100.000000
100.000000
100.000000
100.000000
100.000000
100.000000
99.826837
100.000000
100.000000
99.227042
99.708219
98.934950
98.361171
100.000000
98.495138
99.780025
98.196473
99.178185
98.603312
99.901351
98.548951
99.798701
98.716565
99.111025
98.520318
100.000000
98.319609
99.367260
98.596933
98.834718
97.882318
99.820325
98.440406
100.000000
99.592194
100.000000
99.122827
100.000000
99.178585
100.000000
99.461772
100.000000
99.278499
100.000000
99.164332
100.000000
99.723042
100.000000
100.000000
100.000000
100.000000
100.000000
100.000000
100.000000
99.555086
100.000000
99.183678
100.000000
99.170563
99.716255
98.787424
100.000000
98.811486
100.000000
99.007297
99.357840
99.057581
100.000000
100.000000
98.665845
98.848649
98.894013
98.212768
100.000000
98.624152
99.680889
98.984321
99.702932
98.667310
100.000000
98.796998
100.000000
99.440450
100.000000
98.613683
100.000000
98.934914
100.000000
99.476465
100.000000
98.585336
100.000000
98.787906
100.000000
99.988954
100.000000
99.920309
100.000000
100.000000
100.000000
100.000000
100.000000
100.000000
100.000000
100.000000
100.000000
100.000000
100.000000
100.000000
100.000000
99.822569
100.000000
99.188424
99.620297
98.229126
99.976535
98.250937
99.581547
99.239575
100.000000
99.145341
100.000000
99.407362
100.000000
99.729360
100.000000
99.713711
100.000000
100.000000
100.000000
100.000000
100.000000
99.757199
100.000000
99.711220
100.000000
100.000000
100.000000
99.935229
100.000000
100.000000
100.000000
100.000000
100.000000
100.000000
100.000000
100.000000
100.000000
100.000000
100.000000
99.564282
100.000000
100.000000
100.000000
100.000000
100.000000
99.431906
100.000000
99.983732
100.000000
100.000000
100.000000
100.000000
100.000000
100.000000
100.000000
100.000000
100.000000
100.000000
100.000000
100.000000
100.000000
100.000000
100.000000
99.770284
100.000000
99.700380
100.000000
100.000000
100.000000
100.000000
100.000000
100.000000
100.000000
100.000000
100.000000
100.000000
100.000000
100.000000
100.000000
100.000000
100.000000
100.000000
100.000000
100.000000
100.000000
100.000000
100.000000
100.000000
100.000000
99.326305
100.000000
98.265131
98.053938
96.684321
98.182110
97.243811
98.688117
98.359190
100.000000
99.277290
100.000000
100.000000
100.000000
100.000000
100.000000
100.000000
100.000000
100.000000
100.000000
100.000000
100.000000
100.000000
100.000000
100.000000
100.000000
100.000000
100.000000
100.000000
100.000000
99.695787
100.000000
99.856269
100.000000
98.866062
100.000000
97.982651
99.466169
98.684651
100.000000
100.000000
100.000000
100.000000
100.000000
100.000000
100.000000
100.000000
100.000000
100.000000
100.000000
100.000000
100.000000
100.000000
100.000000
100.000000
100.000000
100.000000
100.000000
100.000000
100.000000
100.000000
100.000000
100.000000
100.000000
100.000000
100.000000
99.991260
100.000000
100.000000
100.000000
99.803387
100.000000
99.370132
100.000000
99.621164
100.000000
99.515000
100.000000
99.607486
100.000000
99.988690
100.000000
100.000000
100.000000
100.000000
100.000000
100.000000
100.000000
99.529977
100.000000
99.951313
100.000000
99.328105
99.838222
98.406432
99.593492
97.886295
98.633618
97.564619
98.390739
97.740194
99.750585
98.470678
99.755506
97.906632
97.745964
96.722513
98.461437
98.830313
98.378813
99.240592
99.938854
98.692801
100.000000
98.662762
99.734249
99.232541
100.000000
99.080988
100.000000
99.749232
100.000000
100.000000
100.000000
100.000000
100.000000
100.000000
100.000000
100.000000
100.000000
99.795565
100.000000
99.804435
100.000000
100.000000
100.000000
100.000000
100.000000
100.000000
100.000000
100.000000
100.000000
100.000000
100.000000
99.170052
99.874003
98.685284
98.785300
97.636862
98.920467
97.635074
98.359964
98.009216
98.516852
97.953483
99.589311
98.386552
99.412219
98.448527
99.178804
98.468772
99.716091
98.273007
99.490397
98.269453
98.821440
97.927087
99.703616
99.932254
98.996684
98.806961
99.242150
97.668774
98.877415
97.178430
98.654624
97.702304
99.024224
97.408956
99.593882
97.478765
99.214876
98.516736
100.000000
98.810494
100.000000
98.921175
100.000000
99.703782
100.000000
99.404614
100.000000
99.162058
100.000000
99.659068
100.000000
99.167566
100.000000
98.930600
100.000000
99.361161
100.000000
98.673622
100.000000
98.121223
99.871359
98.666232
99.575095
97.946532
99.867898
98.002339
99.375844
98.736161
99.892846
98.806181
100.000000
98.730054
100.000000
99.245130
99.984630
98.828164
100.000000
98.200726
100.000000
98.675599
99.402365
97.942966
99.880306
99.229752
98.357058
99.885937
100.000000
98.812242
100.000000
98.822360
100.000000
99.361063
100.000000
98.956386
100.000000
99.176703
100.000000
99.932680
100.000000
100.000000
100.000000
100.000000
100.000000
100.000000
100.000000
100.000000
100.000000
100.000000
100.000000
100.000000
100.000000
99.012784
100.000000
97.218102
98.592258
96.961902
98.175075
96.895663
99.384154
97.713553
99.284228
98.046877
99.278659
97.385049
99.411538
97.527240
99.323712
98.070173
99.290167
97.771779
99.831487
97.353611
98.649003
97.236230
98.664797
97.335934
99.078280
97.409926
98.793254
97.632696
98.575492
97.857196
99.802125
99.811321
98.547320
99.109751
98.739634
96.951039
99.250994
97.665358
100.000000
99.065093
100.000000
98.401873
100.000000
98.859770
100.000000
99.954799
100.000000
99.645809
100.000000
99.895913
100.000000
100.000000
100.000000
98.804448
100.000000
99.455396
100.000000
99.888601
100.000000
99.484115
100.000000
100.000000
100.000000
100.000000
100.000000
100.000000
100.000000
100.000000
100.000000
100.000000
100.000000
100.000000
100.000000
100.000000
100.000000
100.000000
100.000000
100.000000
100.000000
100.000000
100.000000
100.000000
100.000000
100.000000
100.000000
100.000000
100.000000
100.000000
100.000000
100.000000
100.000000
100.000000
100.000000
100.000000
100.000000
100.000000
100.000000
100.000000
100.000000
100.000000
100.000000
100.000000
100.000000
100.000000
100.000000
100.000000
100.000000
100.000000
100.000000
100.000000
100.000000
100.000000
100.000000
100.000000
100.000000
100.000000
100.000000
100.000000
100.000000
100.000000
100.000000
100.000000
100.000000
100.000000
100.000000
100.000000
100.000000
100.000000
100.000000
100.000000
100.000000
100.000000
100.000000
100.000000
100.000000
100.000000
100.000000
100.000000
100.000000
100.000000
100.000000
100.000000
99.829900
98.910727
99.900498
98.641378
99.651958
98.486297
97.749783
98.327937
99.124936
99.049550
98.280790
97.668218
97.611533
98.057091
99.261047
98.404859
99.320817
98.447384
97.975928
98.189787
99.919933
98.720821
99.774170
98.711779
98.724508
98.302402
99.995949
97.890748
99.401251
98.695573
98.315368
97.481020
98.721383
97.322374
98.872475
98.311023
97.790505
97.454784
98.967641
97.398461
99.213144
98.242582
97.869063
96.933560
99.439975
97.977067
98.792678
97.349661
97.504516
98.824252
99.763420
98.172510
99.631896
98.492926
96.023865
97.059499
98.756844
97.536109
98.167321
98.028429
98.143992
98.267428
99.310699
98.627921
99.341583
99.157531
97.963318
98.699791
99.475679
99.659946
98.610950
97.267504
97.420948
97.063930
99.503065
98.428770
99.519317
98.170814
98.780750
98.094141
98.971495
97.540402
98.946468
97.668640
95.887130
96.558252
98.388974
97.346013
98.626838
98.263319
98.797153
97.824405
99.133670
97.959625
98.936254
98.249799
96.808287
97.326832
98.879668
97.456822
99.299251
98.611702
97.294045
98.581490
99.738763
97.941501
99.777839
99.652173
98.406052
98.580180
99.878420
98.575388
99.977491
99.168848
97.707133
97.994321
100.000000
99.690810
100.000000
99.306179
98.751148
98.982227
100.000000
99.395625
99.767007
99.482904
98.186505
99.074944
100.000000
98.748765
98.972664
97.996061
97.908281
99.264881
100.000000
99.757303
100.000000
100.000000
99.829073
98.358913
100.000000
98.341091
99.820853
99.037808
98.514917
98.654816
100.000000
100.000000
100.000000
99.759904
99.739911
99.741990
100.000000
99.161348
99.981074
98.886854
97.596947
97.950368
99.035945
98.052960
98.470155
97.237610
95.443920
96.821702
98.614469
97.918030
97.655275
96.971204
95.198022
96.249886
97.932645
97.470797
98.337531
98.186559
97.188936
97.309894
98.965432
96.728172
98.610116
97.361273
96.603973
96.334270
98.666562
97.649409
98.766480
98.367872
96.069846
97.321919
97.960034
98.461959
96.681728
99.173449
