95.139890
100.000000
100.000000
100.000000
100.000000
100.000000
100.000000
100.000000
100.000000
100.000000
100.000000
100.000000
100.000000
100.000000
100.000000
99.675722
100.000000
100.000000
100.000000
100.000000
100.000000
100.000000
100.000000
100.000000
100.000000
100.000000
100.000000
100.000000
100.000000
100.000000
100.000000
100.000000
100.000000
100.000000
100.000000
100.000000
100.000000
100.000000
100.000000
100.000000
100.000000
100.000000
100.000000
100.000000
100.000000
100.000000
100.000000
100.000000
100.000000
100.000000
100.000000
100.000000
100.000000
100.000000
100.000000
100.000000
100.000000
100.000000
100.000000
100.000000
100.000000
100.000000
100.000000
100.000000
100.000000
100.000000
100.000000
100.000000
100.000000
100.000000
100.000000
100.000000
100.000000
100.000000
100.000000
100.000000
100.000000
100.000000
100.000000
100.000000
100.000000
100.000000
100.000000
100.000000
100.000000
100.000000
100.000000
100.000000
100.000000
100.000000
100.000000
100.000000
100.000000
100.000000
100.000000
100.000000
100.000000
100.000000
100.000000
100.000000
100.000000
100.000000
100.000000
100.000000
100.000000
100.000000
100.000000
100.000000
100.000000
100.000000
100.000000
100.000000
100.000000
100.000000
100.000000
100.000000
100.000000
100.000000
100.000000
100.000000
100.000000
100.000000
100.000000
100.000000
100.000000
100.000000
100.000000
100.000000
100.000000
100.000000
100.000000
100.000000
100.000000
100.000000
100.000000
100.000000
100.000000
100.000000
100.000000
100.000000
100.000000
100.000000
100.000000
100.000000
100.000000
100.000000
100.000000
100.000000
100.000000
100.000000
100.000000
100.000000
100.000000
100.000000
100.000000
100.000000
100.000000
100.000000
100.000000
100.000000
100.000000
100.000000
100.000000
100.000000
100.000000
100.000000
100.000000
100.000000
100.000000
100.000000
100.000000
100.000000
100.000000
100.000000
100.000000
100.000000
100.000000
100.000000
100.000000
100.000000
99.195579
99.821819
100.000000
99.823274
100.000000
99.681627
98.717746
99.506402
100.000000
99.644347
100.000000
99.631283
98.825795
100.000000
100.000000
100.000000
100.000000
100.000000
99.559564
100.000000
100.000000
100.000000
100.000000
100.000000
98.565990
100.000000
100.000000
100.000000
100.000000
100.000000
98.953598
100.000000
100.000000
100.000000
100.000000
100.000000
99.733388
100.000000
100.000000
100.000000
100.000000
100.000000
100.000000
100.000000
100.000000
99.291466
100.000000
99.857903
99.444874
99.053109
100.000000
98.742765
100.000000
99.565022
100.000000
100.000000
100.000000
100.000000
100.000000
100.000000
100.000000
99.743635
100.000000
97.707731
99.651128
97.660388
98.462643
98.608424
100.000000
99.892301
100.000000
100.000000
100.000000
100.000000
100.000000
100.000000
100.000000
100.000000
100.000000
100.000000
100.000000
100.000000
100.000000
100.000000
99.613140
98.285610
99.851183
97.745192
99.343716
97.715661
98.139759
98.790783
100.000000
100.000000
100.000000
100.000000
100.000000
100.000000
100.000000
100.000000
100.000000
100.000000
100.000000
100.000000
100.000000
100.000000
100.000000
100.000000
99.606809
98.720491
100.000000
98.287102
100.000000
99.357650
99.380699
99.899620
100.000000
100.000000
99.331156
97.100713
96.938944
98.245501
100.000000
99.684780
100.000000
98.718610
97.918487
98.238450
100.000000
99.124473
100.000000
100.000000
100.000000
100.000000
100.000000
100.000000
100.000000
100.000000
100.000000
98.543999
100.000000
99.713370
100.000000
100.000000
100.000000
100.000000
100.000000
100.000000
100.000000
100.000000
100.000000
100.000000
100.000000
100.000000
100.000000
100.000000
100.000000
100.000000
100.000000
100.000000
100.000000
100.000000
100.000000
100.000000
100.000000
100.000000
100.000000
100.000000
100.000000
100.000000
100.000000
100.000000
100.000000
100.000000
100.000000
100.000000
100.000000
100.000000
100.000000
100.000000
100.000000
100.000000
100.000000
100.000000
100.000000
100.000000
100.000000
100.000000
100.000000
100.000000
100.000000
100.000000
100.000000
100.000000
100.000000
100.000000
100.000000
100.000000
100.000000
100.000000
100.000000
100.000000
100.000000
100.000000
100.000000
100.000000
100.000000
100.000000
100.000000
100.000000
100.000000
100.000000
100.000000
100.000000
100.000000
100.000000
100.000000
100.000000
100.000000
100.000000
100.000000
100.000000
100.000000
100.000000
100.000000
100.000000
100.000000
100.000000
100.000000
100.000000
100.000000
100.000000
100.000000
100.000000
100.000000
100.000000
100.000000
100.000000
100.000000
100.000000
100.000000
100.000000
100.000000
100.000000
100.000000
100.000000
100.000000
100.000000
100.000000
100.000000
100.000000
100.000000
99.964789
98.917208
100.000000
100.000000
100.000000
100.000000
100.000000
100.000000
100.000000
100.000000
100.000000
100.000000
100.000000
100.000000
100.000000
100.000000
100.000000
100.000000
100.000000
100.000000
100.000000
100.000000
100.000000
100.000000
100.000000
99.689811
100.000000
100.000000
100.000000
100.000000
99.194599
100.000000
100.000000
100.000000
100.000000
100.000000
100.000000
100.000000
100.000000
100.000000
100.000000
100.000000
100.000000
100.000000
100.000000
100.000000
100.000000
100.000000
100.000000
100.000000
100.000000
100.000000
100.000000
100.000000
98.098226
99.889411
100.000000
100.000000
100.000000
100.000000
99.431777
100.000000
100.000000
100.000000
100.000000
100.000000
98.327984
98.317476
100.000000
100.000000
100.000000
100.000000
98.515822
98.383950
100.000000
100.000000
100.000000
100.000000
98.947928
98.355796
100.000000
97.859834
100.000000
98.340134
98.682090
97.301097
99.934807
96.366997
99.471250
96.979179
96.674694
97.120992
100.000000
99.574100
100.000000
100.000000
100.000000
100.000000
100.000000
100.000000
100.000000
100.000000
100.000000
100.000000
100.000000
100.000000
100.000000
100.000000
100.000000
100.000000
100.000000
100.000000
100.000000
100.000000
100.000000
100.000000
100.000000
100.000000
100.000000
100.000000
100.000000
100.000000
100.000000
100.000000
100.000000
100.000000
100.000000
100.000000
100.000000
100.000000
100.000000
100.000000
100.000000
100.000000
100.000000
100.000000
100.000000
100.000000
100.000000
100.000000
100.000000
100.000000
100.000000
100.000000
100.000000
100.000000
100.000000
100.000000
100.000000
100.000000
100.000000
100.000000
100.000000
100.000000
100.000000
100.000000
100.000000
100.000000
100.000000
100.000000
100.000000
100.000000
100.000000
100.000000
100.000000
100.000000
100.000000
100.000000
100.000000
100.000000
100.000000
100.000000
100.000000
100.000000
99.307976
99.870612
100.000000
99.958592
100.000000
100.000000
100.000000
100.000000
100.000000
100.000000
100.000000
100.000000
100.000000
100.000000
100.000000
100.000000
100.000000
100.000000
100.000000
100.000000
100.000000
100.000000
100.000000
100.000000
100.000000
100.000000
100.000000
100.000000
100.000000
100.000000
100.000000
100.000000
100.000000
100.000000
100.000000
100.000000
100.000000
100.000000
100.000000
100.000000
100.000000
100.000000
100.000000
100.000000
100.000000
100.000000
100.000000
100.000000
100.000000
100.000000
100.000000
100.000000
99.767795
100.000000
100.000000
100.000000
100.000000
100.000000
100.000000
100.000000
100.000000
100.000000
100.000000
100.000000
100.000000
100.000000
100.000000
100.000000
100.000000
100.000000
100.000000
100.000000
100.000000
100.000000
100.000000
100.000000
100.000000
100.000000
100.000000
100.000000
100.000000
100.000000
100.000000
100.000000
99.930493
99.465847
100.000000
99.694010
100.000000
99.956122
100.000000
99.681343
100.000000
99.878565
100.000000
100.000000
100.000000
99.646298
100.000000
99.942835
100.000000
100.000000
100.000000
99.801746
100.000000
99.449541
100.000000
100.000000
100.000000
99.608262
100.000000
100.000000
100.000000
100.000000
100.000000
99.392773
100.000000
99.314060
100.000000
99.756828
100.000000
99.245652
100.000000
99.229832
100.000000
99.246188
99.699069
98.821801
100.000000
99.081467
100.000000
99.302985
99.777620
98.948685
100.000000
98.928073
100.000000
99.200806
99.809354
99.104540
100.000000
99.159704
100.000000
99.449988
99.953751
99.068533
100.000000
99.420428
100.000000
99.761091
100.000000
99.439722
100.000000
99.821024
100.000000
100.000000
100.000000
99.730307
100.000000
99.656335
100.000000
100.000000
100.000000
99.916417
100.000000
100.000000
100.000000
100.000000
100.000000
100.000000
100.000000
100.000000
100.000000
100.000000
100.000000
100.000000
100.000000
100.000000
100.000000
100.000000
100.000000
100.000000
100.000000
100.000000
100.000000
100.000000
100.000000
100.000000
100.000000
100.000000
100.000000
100.000000
100.000000
100.000000
100.000000
99.863843
100.000000
100.000000
100.000000
99.814074
100.000000
99.942337
100.000000
100.000000
100.000000
99.898538
100.000000
99.857491
100.000000
99.925073
100.000000
99.695471
100.000000
99.919785
100.000000
99.935738
100.000000
99.546480
100.000000
100.000000
100.000000
100.000000
100.000000
99.419328
100.000000
99.659776
100.000000
99.998836
100.000000
99.782321
100.000000
100.000000
99.921402
100.000000
100.000000
99.200251
100.000000
99.549566
100.000000
100.000000
100.000000
99.030718
100.000000
98.897101
100.000000
98.944553
99.530008
98.480587
99.838973
98.562030
99.737258
98.988817
99.998105
99.073789
100.000000
99.361331
100.000000
99.572113
99.975683
99.045678
100.000000
99.094164
100.000000
99.505002
100.000000
99.105403
100.000000
99.284198
100.000000
100.000000
100.000000
99.228341
100.000000
99.576672
100.000000
100.000000
100.000000
100.000000
100.000000
100.000000
100.000000
100.000000
100.000000
99.943172
100.000000
100.000000
100.000000
100.000000
100.000000
99.767362
100.000000
100.000000
99.628303
99.283864
98.875367
97.854325
99.351484
97.600466
99.108152
98.410562
99.014997
98.181773
100.000000
98.649971
100.000000
99.574417
100.000000
99.363136
100.000000
99.439429
100.000000
100.000000
100.000000
100.000000
100.000000
100.000000
100.000000
100.000000
100.000000
100.000000
100.000000
100.000000
100.000000
100.000000
100.000000
100.000000
100.000000
100.000000
100.000000
100.000000
100.000000
100.000000
100.000000
100.000000
100.000000
100.000000
100.000000
100.000000
100.000000
100.000000
100.000000
100.000000
100.000000
100.000000
100.000000
100.000000
100.000000
100.000000
100.000000
100.000000
100.000000
100.000000
100.000000
100.000000
100.000000
100.000000
100.000000
100.000000
100.000000
100.000000
100.000000
100.000000
100.000000
100.000000
100.000000
100.000000
100.000000
99.713423
100.000000
98.866182
100.000000
99.117305
99.529992
97.986770
98.945944
97.185598
98.644911
97.816200
99.667929
99.500697
100.000000
99.542717
100.000000
100.000000
100.000000
100.000000
100.000000
100.000000
100.000000
100.000000
100.000000
100.000000
100.000000
100.000000
100.000000
100.000000
100.000000
100.000000
100.000000
100.000000
100.000000
100.000000
100.000000
100.000000
100.000000
100.000000
100.000000
100.000000
100.000000
100.000000
100.000000
100.000000
100.000000
100.000000
100.000000
100.000000
100.000000
100.000000
100.000000
100.000000
100.000000
100.000000
100.000000
100.000000
100.000000
100.000000
100.000000
100.000000
100.000000
100.000000
100.000000
100.000000
100.000000
100.000000
100.000000
100.000000
100.000000
100.000000
100.000000
100.000000
100.000000
100.000000
100.000000
100.000000
100.000000
100.000000
100.000000
100.000000
100.000000
100.000000
100.000000
100.000000
100.000000
100.000000
100.000000
100.000000
100.000000
100.000000
100.000000
100.000000
100.000000
100.000000
100.000000
100.000000
100.000000
100.000000
100.000000
100.000000
100.000000
100.000000
100.000000
100.000000
100.000000
100.000000
100.000000
100.000000
100.000000
100.000000
100.000000
100.000000
100.000000
100.000000
100.000000
100.000000
100.000000
100.000000
100.000000
100.000000
100.000000
100.000000
100.000000
100.000000
100.000000
100.000000
100.000000
100.000000
100.000000
100.000000
100.000000
100.000000
100.000000
100.000000
100.000000
100.000000
100.000000
100.000000
100.000000
100.000000
100.000000
100.000000
100.000000
100.000000
100.000000
100.000000
100.000000
100.000000
100.000000
100.000000
100.000000
100.000000
100.000000
100.000000
100.000000
100.000000
100.000000
100.000000
100.000000
100.000000
100.000000
100.000000
100.000000
100.000000
100.000000
100.000000
100.000000
99.977377
100.000000
99.278683
100.000000
99.751717
99.982195
99.441785
100.000000
98.841754
100.000000
99.964654
100.000000
99.962158
100.000000
99.533992
100.000000
100.000000
100.000000
99.093352
100.000000
99.702980
100.000000
100.000000
100.000000
100.000000
100.000000
100.000000
100.000000
100.000000
100.000000
100.000000
100.000000
100.000000
100.000000
100.000000
100.000000
100.000000
100.000000
100.000000
100.000000
100.000000
100.000000
100.000000
100.000000
100.000000
100.000000
100.000000
100.000000
99.237759
100.000000
99.360522
100.000000
99.709526
100.000000
99.557316
100.000000
100.000000
100.000000
100.000000
100.000000
100.000000
100.000000
100.000000
100.000000
100.000000
100.000000
100.000000
100.000000
100.000000
100.000000
100.000000
100.000000
100.000000
100.000000
100.000000
100.000000
100.000000
99.198211
97.661098
100.000000
100.000000
100.000000
100.000000
100.000000
99.502898
100.000000
100.000000
100.000000
100.000000
100.000000
100.000000
100.000000
100.000000
100.000000
100.000000
100.000000
100.000000
100.000000
100.000000
100.000000
100.000000
100.000000
99.626457
100.000000
99.714088
100.000000
98.964219
99.509203
98.342100
100.000000
99.936792
100.000000
100.000000
100.000000
100.000000
100.000000
100.000000
100.000000
100.000000
100.000000
99.623411
100.000000
100.000000
100.000000
100.000000
100.000000
100.000000
100.000000
100.000000
100.000000
99.762649
98.909847
98.245836
100.000000
99.772521
100.000000
100.000000
99.489826
99.898658
100.000000
100.000000
100.000000
100.000000
100.000000
100.000000
100.000000
100.000000
100.000000
100.000000
100.000000
100.000000
100.000000
100.000000
100.000000
100.000000
99.160775
100.000000
100.000000
100.000000
100.000000
100.000000
98.952326
100.000000
100.000000
100.000000
100.000000
100.000000
99.256586
99.578833
100.000000
99.767754
100.000000
99.354083
97.732674
98.952121
100.000000
100.000000
100.000000
97.676185
97.898706
98.462645
100.000000
100.000000
100.000000
99.513576
97.544572
96.917713
100.000000
97.411128
100.000000
98.116923
97.515091
95.693895
99.633218
96.014942
98.779802
98.229996
98.084373
98.581711
100.000000
100.000000
100.000000
100.000000
100.000000
100.000000
100.000000
100.000000
100.000000
100.000000
100.000000
100.000000
100.000000
100.000000
100.000000
100.000000
100.000000
99.821210
100.000000
100.000000
100.000000
100.000000
100.000000
100.000000
100.000000
100.000000
100.000000
100.000000
100.000000
100.000000
100.000000
100.000000
100.000000
100.000000
100.000000
100.000000
100.000000
100.000000
100.000000
100.000000
100.000000
100.000000
100.000000
100.000000
100.000000
100.000000
100.000000
100.000000
100.000000
100.000000
100.000000
100.000000
100.000000
100.000000
100.000000
100.000000
100.000000
100.000000
100.000000
100.000000
100.000000
100.000000
100.000000
100.000000
100.000000
99.476734
100.000000
100.000000
100.000000
100.000000
100.000000
100.000000
100.000000
100.000000
100.000000
100.000000
99.246548
99.772967
100.000000
99.834401
100.000000
99.979186
98.092885
99.745346
100.000000
100.000000
100.000000
100.000000
100.000000
100.000000
100.000000
100.000000
100.000000
100.000000
100.000000
100.000000
100.000000
100.000000
100.000000
100.000000
100.000000
100.000000
100.000000
100.000000
100.000000
100.000000
100.000000
100.000000
100.000000
100.000000
100.000000
100.000000
100.000000
100.000000
100.000000
100.000000
100.000000
100.000000
100.000000
100.000000
100.000000
100.000000
100.000000
100.000000
100.000000
99.995696
100.000000
99.499411
100.000000
99.716652
99.974764
98.723661
100.000000
98.526471
100.000000
100.000000
100.000000
99.646215
100.000000
99.902734
100.000000
100.000000
100.000000
99.874936
100.000000
100.000000
100.000000
100.000000
100.000000
100.000000
100.000000
100.000000
100.000000
100.000000
100.000000
100.000000
100.000000
100.000000
100.000000
100.000000
100.000000
100.000000
100.000000
100.000000
100.000000
100.000000
100.000000
100.000000
100.000000
100.000000
100.000000
100.000000
100.000000
100.000000
100.000000
100.000000
100.000000
100.000000
100.000000
100.000000
100.000000
100.000000
100.000000
100.000000
100.000000
100.000000
100.000000
100.000000
100.000000
100.000000
100.000000
100.000000
100.000000
100.000000
100.000000
100.000000
100.000000
100.000000
100.000000
100.000000
100.000000
100.000000
100.000000
100.000000
100.000000
100.000000
100.000000
100.000000
100.000000
100.000000
100.000000
100.000000
100.000000
100.000000
100.000000
100.000000
100.000000
100.000000
100.000000
100.000000
100.000000
100.000000
100.000000
100.000000
100.000000
100.000000
100.000000
99.620276
100.000000
99.962286
100.000000
100.000000
99.015614
99.002623
100.000000
100.000000
100.000000
100.000000
100.000000
100.000000
100.000000
100.000000
100.000000
100.000000
100.000000
100.000000
100.000000
100.000000
100.000000
100.000000
100.000000
100.000000
100.000000
100.000000
100.000000
100.000000
100.000000
100.000000
100.000000
100.000000
100.000000
100.000000
100.000000
100.000000
100.000000
100.000000
100.000000
100.000000
100.000000
100.000000
100.000000
100.000000
100.000000
100.000000
100.000000
100.000000
100.000000
100.000000
100.000000
99.528142
98.793728
97.815571
99.745358
97.932096
99.562487
98.061251
97.855274
97.510783
99.064325
97.751031
98.721591
97.375222
97.085621
96.791024
98.595947
96.514762
98.197335
97.044549
97.041243
96.163023
98.524916
96.584916
98.555417
97.402618
97.527090
96.697046
98.696555
97.013655
98.562108
97.515398
97.645303
97.097763
99.618477
97.898293
99.780437
98.293751
98.497429
97.885075
100.000000
98.519599
99.951764
97.826497
96.857622
97.027004
100.000000
99.076359
100.000000
100.000000
100.000000
99.380894
100.000000
100.000000
100.000000
100.000000
100.000000
100.000000
100.000000
100.000000
100.000000
100.000000
100.000000
100.000000
100.000000
100.000000
100.000000
100.000000
100.000000
99.806799
100.000000
99.081181
100.000000
98.653776
96.638665
97.119638
100.000000
99.141960
100.000000
99.610780
99.104505
99.098554
100.000000
98.841879
99.824595
98.949526
98.235148
98.731394
100.000000
99.078664
100.000000
99.494735
98.164023
98.181079
100.000000
98.290182
99.887418
98.312207
97.591260
96.973703
99.079957
96.850792
98.385967
97.414880
96.636709
96.712590
99.226508
97.930090
99.460104
98.831012
98.767508
98.849164
100.000000
99.321129
100.000000
99.579552
98.906892
99.059143
100.000000
100.000000
98.912768
97.870109
97.212103
97.346469
99.513727
97.780211
99.849327
98.990834
99.685072
98.926931
100.000000
100.000000
100.000000
100.000000
100.000000
100.000000
100.000000
100.000000
100.000000
100.000000
100.000000
100.000000
100.000000
100.000000
100.000000
100.000000
100.000000
100.000000
100.000000
100.000000
100.000000
100.000000
100.000000
100.000000
100.000000
100.000000
100.000000
100.000000
100.000000
100.000000
100.000000
100.000000
100.000000
100.000000
100.000000
100.000000
100.000000
100.000000
100.000000
100.000000
100.000000
100.000000
100.000000
100.000000
100.000000
100.000000
100.000000
100.000000
100.000000
100.000000
100.000000
100.000000
100.000000
100.000000
100.000000
100.000000
100.000000
100.000000
100.000000
100.000000
100.000000
100.000000
100.000000
100.000000
100.000000
100.000000
100.000000
100.000000
100.000000
100.000000
100.000000
100.000000
100.000000
100.000000
100.000000
100.000000
98.959499
96.147485
98.980125
95.459594
97.976658
96.839183
98.382932
98.481336
100.000000
100.000000
100.000000
100.000000
100.000000
100.000000
100.000000
100.000000
100.000000
100.000000
100.000000
99.650293
100.000000
99.808182
100.000000
100.000000
100.000000
99.946661
100.000000
99.756957
100.000000
99.659011
99.770754
98.716105
100.000000
100.000000
98.491241
98.683699
99.320440
98.052419
99.967267
97.580354
99.385811
98.200403
99.693880
98.592232
100.000000
99.117752
100.000000
100.000000
100.000000
99.755042
100.000000
99.403685
100.000000
99.666165
100.000000
98.962724
100.000000
98.549904
100.000000
99.076640
99.533143
98.097675
99.754127
97.222979
98.634013
97.466266
98.216285
96.886655
99.610726
97.254785
99.534920
98.860668
100.000000
100.000000
100.000000
100.000000
100.000000
100.000000
100.000000
100.000000
100.000000
100.000000
100.000000
100.000000
100.000000
99.439021
100.000000
98.894561
100.000000
100.000000
100.000000
100.000000
100.000000
100.000000
100.000000
100.000000
100.000000
100.000000
100.000000
100.000000
100.000000
100.000000
100.000000
100.000000
100.000000
100.000000
100.000000
100.000000
100.000000
100.000000
100.000000
100.000000
100.000000
100.000000
100.000000
100.000000
100.000000
100.000000
100.000000
100.000000
100.000000
100.000000
100.000000
100.000000
100.000000
100.000000
100.000000
100.000000
100.000000
100.000000
100.000000
100.000000
100.000000
100.000000
100.000000
100.000000
100.000000
100.000000
100.000000
100.000000
100.000000
100.000000
100.000000
100.000000
100.000000
100.000000
100.000000
100.000000
100.000000
100.000000
100.000000
100.000000
100.000000
100.000000
98.742436
98.561085
98.855966
98.106898
100.000000
98.665159
100.000000
98.715407
99.341160
98.272246
100.000000
97.816079
99.482973
97.818880
98.427210
97.386957
99.904164
97.184906
99.352174
97.612722
98.226641
97.258182
100.000000
98.119242
100.000000
99.295050
99.813311
98.857351
100.000000
99.325545
100.000000
99.993113
100.000000
99.665557
100.000000
99.757868
100.000000
100.000000
100.000000
100.000000
100.000000
100.000000
100.000000
100.000000
100.000000
99.991271
100.000000
99.864105
100.000000
100.000000
100.000000
98.788314
100.000000
99.191681
100.000000
99.777582
100.000000
99.387304
100.000000
100.000000
99.558414
99.695090
99.661166
98.673532
100.000000
99.069969
100.000000
99.553849
99.701992
98.618659
100.000000
98.702587
100.000000
98.877749
99.503368
98.565491
100.000000
98.470620
100.000000
98.952708
99.550473
98.440209
100.000000
98.465400
100.000000
99.018242
99.424908
98.440728
100.000000
98.372457
100.000000
98.492757
99.259695
98.072479
100.000000
98.164298
100.000000
98.871144
99.699070
98.596237
100.000000
99.364244
100.000000
100.000000
100.000000
99.647257
100.000000
100.000000
100.000000
100.000000
100.000000
99.667162
100.000000
100.000000
100.000000
100.000000
100.000000
99.575545
100.000000
100.000000
99.287891
99.621842
99.558722
98.516433
100.000000
98.201838
100.000000
98.935597
99.933515
98.667358
100.000000
99.027840
100.000000
99.620592
100.000000
98.937465
100.000000
98.948102
100.000000
99.160582
99.868381
98.294911
100.000000
98.118566
100.000000
98.848202
99.847286
98.914860
100.000000
99.192633
100.000000
99.625221
100.000000
100.000000
98.904895
97.084316
98.545071
97.584150
98.147094
98.042256
99.592650
97.640834
99.269702
97.737754
97.428628
96.983586
99.224960
97.643196
99.556490
98.584399
98.659461
98.462761
100.000000
98.977069
100.000000
100.000000
100.000000
100.000000
100.000000
100.000000
100.000000
100.000000
100.000000
100.000000
100.000000
100.000000
100.000000
100.000000
99.577651
100.000000
100.000000
100.000000
100.000000
100.000000
100.000000
100.000000
100.000000
100.000000
100.000000
100.000000
100.000000
100.000000
100.000000
100.000000
100.000000
100.000000
100.000000
100.000000
100.000000
100.000000
100.000000
100.000000
100.000000
100.000000
100.000000
100.000000
100.000000
100.000000
100.000000
100.000000
100.000000
100.000000
100.000000
100.000000
100.000000
100.000000
100.000000
100.000000
100.000000
100.000000
100.000000
100.000000
100.000000
100.000000
100.000000
100.000000
100.000000
100.000000
100.000000
100.000000
100.000000
100.000000
100.000000
100.000000
100.000000
100.000000
100.000000
100.000000
100.000000
100.000000
100.000000
100.000000
100.000000
100.000000
100.000000
100.000000
100.000000
100.000000
100.000000
100.000000
100.000000
100.000000
100.000000
100.000000
100.000000
100.000000
100.000000
100.000000
100.000000
100.000000
100.000000
100.000000
100.000000
100.000000
100.000000
100.000000
100.000000
100.000000
100.000000
100.000000
100.000000
100.000000
100.000000
100.000000
100.000000
100.000000
100.000000
100.000000
100.000000
100.000000
100.000000
100.000000
100.000000
100.000000
100.000000
100.000000
99.908161
99.532962
100.000000
100.000000
99.760876
99.640103
99.920979
99.682294
100.000000
98.939404
100.000000
99.050997
99.031059
98.483680
100.000000
98.696111
99.862898
98.909986
99.461247
99.295155
100.000000
99.819502
100.000000
100.000000
100.000000
100.000000
100.000000
99.707904
100.000000
100.000000
100.000000
99.804296
100.000000
99.919559
100.000000
100.000000
100.000000
100.000000
100.000000
99.917645
100.000000
100.000000
100.000000
100.000000
100.000000
99.672794
100.000000
99.759532
99.400494
98.982973
100.000000
98.359268
100.000000
99.121173
99.166169
98.759944
100.000000
99.177003
100.000000
99.615509
99.532175
99.349258
100.000000
100.000000
99.267099
99.144422
99.654855
99.180431
99.936345
98.532233
99.736066
99.428730
99.577763
98.977850
100.000000
99.639017
100.000000
100.000000
100.000000
100.000000
100.000000
99.628771
100.000000
100.000000
100.000000
99.963589
100.000000
99.705766
100.000000
100.000000
100.000000
99.878307
100.000000
99.455743
100.000000
100.000000
100.000000
99.831756
100.000000
99.643586
100.000000
100.000000
100.000000
99.858729
100.000000
99.659570
100.000000
100.000000
100.000000
99.504617
100.000000
99.579537
100.000000
99.990687
100.000000
99.681583
100.000000
99.600745
100.000000
99.952508
100.000000
99.732284
100.000000
100.000000
100.000000
100.000000
100.000000
99.333074
100.000000
99.071883
100.000000
100.000000
100.000000
99.220080
100.000000
99.041509
100.000000
99.160560
99.870822
98.904136
100.000000
98.973531
100.000000
99.516409
99.883022
98.870051
100.000000
98.826415
100.000000
99.056753
99.964145
99.055176
100.000000
99.048329
100.000000
99.283030
100.000000
99.059182
100.000000
99.182026
100.000000
99.648592
100.000000
99.433109
100.000000
99.732581
100.000000
100.000000
100.000000
99.798659
100.000000
99.867616
100.000000
100.000000
100.000000
99.919047
100.000000
99.922573
100.000000
100.000000
100.000000
100.000000
100.000000
100.000000
100.000000
100.000000
100.000000
100.000000
100.000000
100.000000
100.000000
100.000000
100.000000
100.000000
100.000000
100.000000
100.000000
100.000000
100.000000
100.000000
100.000000
100.000000
100.000000
100.000000
100.000000
100.000000
100.000000
99.829528
100.000000
100.000000
100.000000
99.865879
100.000000
99.921408
100.000000
100.000000
100.000000
100.000000
100.000000
99.875087
100.000000
99.957829
100.000000
99.714502
100.000000
99.899524
100.000000
100.000000
100.000000
99.552095
100.000000
100.000000
100.000000
100.000000
100.000000
99.445142
100.000000
99.675320
100.000000
100.000000
100.000000
99.793027
100.000000
100.000000
99.919650
100.000000
100.000000
99.417663
100.000000
99.814823
100.000000
100.000000
100.000000
99.292084
100.000000
99.166322
100.000000
98.916219
99.552893
98.467873
99.880265
98.523592
99.764860
99.050682
100.000000
99.132514
100.000000
99.291621
100.000000
99.505910
99.988416
98.930767
100.000000
99.149157
100.000000
99.530775
100.000000
99.181906
100.000000
99.291687
100.000000
99.960443
100.000000
99.271886
100.000000
99.856240
100.000000
100.000000
100.000000
100.000000
100.000000
100.000000
100.000000
100.000000
100.000000
99.867910
100.000000
100.000000
100.000000
100.000000
100.000000
99.810711
100.000000
100.000000
99.729230
99.321311
98.929926
97.864868
99.275610
97.651431
99.112998
98.324499
99.084068
98.381711
100.000000
98.683873
100.000000
99.592907
100.000000
99.718499
100.000000
99.247107
100.000000
99.787785
100.000000
99.790417
100.000000
100.000000
100.000000
100.000000
100.000000
100.000000
100.000000
100.000000
100.000000
100.000000
100.000000
100.000000
100.000000
100.000000
100.000000
100.000000
100.000000
100.000000
100.000000
100.000000
100.000000
100.000000
100.000000
100.000000
100.000000
100.000000
100.000000
100.000000
99.439768
99.548436
100.000000
99.687945
100.000000
99.656087
98.445513
98.825839
100.000000
100.000000
99.300230
97.188769
97.373397
97.307137
99.311369
97.819138
99.304826
98.148688
96.951726
97.629106
99.374330
98.320910
99.761387
98.916267
97.903637
98.770384
100.000000
99.304748
100.000000
99.373038
98.348021
98.679990
100.000000
98.952048
100.000000
99.475177
98.545992
98.409131
99.688326
98.593619
99.729301
99.250629
99.205643
99.357752
100.000000
99.534200
100.000000
99.609013
99.461884
99.309994
100.000000
99.230492
100.000000
99.086926
99.547624
99.258370
100.000000
99.540480
100.000000
99.923318
99.473604
98.496695
100.000000
99.308013
100.000000
100.000000
99.809376
99.863559
100.000000
100.000000
100.000000
100.000000
100.000000
100.000000
100.000000
99.436587
100.000000
99.855272
100.000000
99.897856
100.000000
99.638485
100.000000
100.000000
100.000000
100.000000
100.000000
100.000000
100.000000
100.000000
100.000000
98.720608
100.000000
98.003954
99.712681
98.151905
99.380626
100.000000
100.000000
100.000000
100.000000
100.000000
100.000000
100.000000
100.000000
100.000000
100.000000
100.000000
100.000000
100.000000
100.000000
100.000000
100.000000
100.000000
100.000000
100.000000
100.000000
100.000000
100.000000
100.000000
100.000000
100.000000
100.000000
100.000000
100.000000
100.000000
100.000000
100.000000
100.000000
100.000000
100.000000
100.000000
100.000000
100.000000
100.000000
100.000000
100.000000
100.000000
100.000000
100.000000
100.000000
99.361899
100.000000
98.334382
98.305487
97.016340
98.937055
96.378315
98.350860
97.755629
99.126666
99.983903
100.000000
100.000000
100.000000
100.000000
100.000000
100.000000
100.000000
100.000000
100.000000
100.000000
100.000000
100.000000
100.000000
100.000000
100.000000
100.000000
100.000000
100.000000
100.000000
100.000000
100.000000
100.000000
100.000000
100.000000
100.000000
100.000000
100.000000
100.000000
100.000000
100.000000
100.000000
100.000000
100.000000
100.000000
100.000000
100.000000
100.000000
100.000000
100.000000
99.855330
99.265865
98.951216
100.000000
99.398456
100.000000
99.280276
99.737466
99.197932
100.000000
99.234300
100.000000
99.666542
99.603956
99.105318
100.000000
99.086853
100.000000
99.127701
99.162843
98.521331
100.000000
99.275780
100.000000
100.000000
100.000000
99.953021
100.000000
99.936777
100.000000
100.000000
100.000000
100.000000
100.000000
99.801835
100.000000
100.000000
100.000000
100.000000
100.000000
100.000000
100.000000
100.000000
100.000000
100.000000
100.000000
100.000000
100.000000
100.000000
99.882338
99.143199
100.000000
99.485500
100.000000
100.000000
99.935202
99.680243
100.000000
100.000000
99.567657
99.444827
99.505962
99.087573
100.000000
99.339667
100.000000
99.592131
99.848038
99.402577
100.000000
99.481696
100.000000
99.962121
100.000000
99.353122
100.000000
99.603611
100.000000
100.000000
100.000000
99.223928
100.000000
99.516202
100.000000
100.000000
100.000000
100.000000
100.000000
100.000000
100.000000
100.000000
100.000000
100.000000
100.000000
100.000000
100.000000
100.000000
100.000000
100.000000
100.000000
100.000000
100.000000
100.000000
99.966789
98.990273
100.000000
99.139261
100.000000
100.000000
100.000000
100.000000
100.000000
100.000000
100.000000
100.000000
100.000000
100.000000
100.000000
100.000000
100.000000
100.000000
100.000000
100.000000
100.000000
100.000000
100.000000
100.000000
100.000000
100.000000
100.000000
100.000000
100.000000
100.000000
100.000000
100.000000
100.000000
100.000000
100.000000
100.000000
100.000000
100.000000
100.000000
100.000000
100.000000
100.000000
100.000000
100.000000
100.000000
100.000000
100.000000
100.000000
100.000000
100.000000
100.000000
100.000000
100.000000
100.000000
100.000000
100.000000
100.000000
100.000000
100.000000
100.000000
100.000000
100.000000
100.000000
100.000000
100.000000
100.000000
100.000000
100.000000
100.000000
100.000000
100.000000
100.000000
100.000000
100.000000
100.000000
100.000000
100.000000
100.000000
100.000000
100.000000
100.000000
100.000000
100.000000
100.000000
100.000000
100.000000
100.000000
100.000000
100.000000
98.921144
98.486572
97.667063
99.424239
98.084242
99.699891
99.398080
100.000000
100.000000
100.000000
100.000000
100.000000
100.000000
100.000000
100.000000
100.000000
100.000000
100.000000
100.000000
100.000000
100.000000
100.000000
100.000000
100.000000
100.000000
100.000000
100.000000
100.000000
100.000000
100.000000
100.000000
100.000000
99.528606
100.000000
98.642770
100.000000
99.485236
100.000000
100.000000
100.000000
100.000000
100.000000
100.000000
100.000000
100.000000
100.000000
100.000000
100.000000
100.000000
100.000000
100.000000
100.000000
100.000000
100.000000
100.000000
100.000000
100.000000
100.000000
100.000000
100.000000
100.000000
100.000000
100.000000
100.000000
100.000000
100.000000
100.000000
100.000000
100.000000
100.000000
100.000000
100.000000
100.000000
100.000000
100.000000
100.000000
100.000000
100.000000
100.000000
100.000000
100.000000
100.000000
100.000000
100.000000
100.000000
100.000000
100.000000
100.000000
100.000000
100.000000
100.000000
100.000000
99.254865
100.000000
98.645301
99.374906
98.344221
99.085048
98.379678
100.000000
99.151456
100.000000
98.637508
98.546560
97.596842
98.870384
99.467600
98.972090
99.620274
100.000000
99.320419
100.000000
99.371890
100.000000
99.571164
100.000000
99.659920
100.000000
100.000000
100.000000
100.000000
100.000000
100.000000
100.000000
100.000000
100.000000
100.000000
100.000000
100.000000
100.000000
100.000000
100.000000
100.000000
100.000000
100.000000
100.000000
100.000000
100.000000
100.000000
100.000000
100.000000
100.000000
99.676419
100.000000
99.222556
99.264019
98.436793
99.744039
98.429212
99.332627
98.621560
99.117305
98.849174
100.000000
99.028024
100.000000
99.567810
99.800514
99.060791
100.000000
98.592718
99.800846
98.913334
99.414197
98.860423
100.000000
100.000000
99.747275
99.442041
99.415177
98.141829
99.984597
97.839454
99.821434
98.486876
99.146782
97.761646
100.000000
97.956162
100.000000
98.930804
100.000000
99.076055
100.000000
99.452085
100.000000
100.000000
100.000000
99.788788
100.000000
99.849148
100.000000
100.000000
100.000000
99.733689
100.000000
99.659523
100.000000
99.977913
100.000000
99.132357
100.000000
98.637411
100.000000
99.246083
100.000000
98.430747
100.000000
98.611358
100.000000
99.315968
100.000000
99.163277
100.000000
99.367967
100.000000
99.887882
100.000000
99.195859
100.000000
98.594968
100.000000
98.924190
99.693148
98.529950
100.000000
100.000000
99.032804
100.000000
100.000000
99.330796
100.000000
99.436677
100.000000
100.000000
100.000000
99.412361
100.000000
99.634432
100.000000
100.000000
100.000000
100.000000
100.000000
100.000000
100.000000
100.000000
100.000000
100.000000
100.000000
100.000000
100.000000
100.000000
100.000000
99.512936
100.000000
97.765923
99.520885
97.798675
98.628181
97.479186
100.000000
98.348577
100.000000
98.774180
99.651138
97.909108
100.000000
98.074258
100.000000
98.864777
99.718545
98.481746
100.000000
97.980084
99.319195
98.095451
99.007479
97.885826
100.000000
98.193374
99.538001
98.617095
99.354223
98.758329
100.000000
100.000000
99.240330
99.691740
99.325069
97.975550
100.000000
98.571598
100.000000
99.876727
100.000000
99.119260
100.000000
99.958020
100.000000
100.000000
100.000000
100.000000
100.000000
100.000000
100.000000
100.000000
100.000000
99.875891
100.000000
100.000000
100.000000
100.000000
100.000000
100.000000
100.000000
100.000000
100.000000
100.000000
100.000000
100.000000
100.000000
100.000000
100.000000
100.000000
100.000000
100.000000
100.000000
100.000000
100.000000
100.000000
100.000000
100.000000
100.000000
100.000000
100.000000
100.000000
100.000000
100.000000
100.000000
100.000000
100.000000
100.000000
100.000000
100.000000
100.000000
100.000000
100.000000
100.000000
100.000000
100.000000
100.000000
100.000000
100.000000
100.000000
100.000000
100.000000
100.000000
100.000000
100.000000
100.000000
100.000000
100.000000
100.000000
100.000000
100.000000
100.000000
100.000000
100.000000
100.000000
100.000000
100.000000
100.000000
100.000000
100.000000
100.000000
100.000000
100.000000
100.000000
100.000000
100.000000
100.000000
100.000000
100.000000
100.000000
100.000000
100.000000
100.000000
100.000000
100.000000
100.000000
100.000000
100.000000
100.000000
100.000000
100.000000
100.000000
100.000000
99.955548
100.000000
99.670011
100.000000
99.276165
98.185795
98.923320
99.791062
99.736635
98.902001
98.239256
98.149790
98.766808
100.000000
98.959574
99.734956
99.270257
98.131207
98.856058
100.000000
99.434179
100.000000
99.523961
98.961058
99.253981
100.000000
99.093471
99.784802
99.381252
98.354450
97.986766
98.994652
97.926916
99.244878
98.806182
97.910597
98.304098
99.414479
98.470168
99.721213
98.802162
98.202925
98.025891
99.977533
98.662026
99.480453
98.374260
97.895589
99.606690
100.000000
99.003175
99.857667
99.164415
96.303848
97.991734
99.486288
98.643576
99.144829
98.553482
98.454660
98.604148
100.000000
99.550176
100.000000
100.000000
98.543336
99.434049
100.000000
100.000000
99.298998
97.542027
97.581304
98.052859
99.878695
99.147872
100.000000
98.945643
98.619911
98.526443
99.586945
98.475053
99.282820
98.314888
96.105522
97.378318
98.952032
97.693685
98.894529
98.824287
98.938114
98.435637
99.490881
98.340628
99.398578
98.852111
97.010905
97.942443
99.243019
98.234863
99.405841
98.814842
97.365936
98.834745
100.000000
98.855579
100.000000
99.979310
98.518141
99.128116
100.000000
99.520009
100.000000
99.501320
97.697090
99.377048
100.000000
100.000000
100.000000
100.000000
98.813012
99.624677
100.000000
100.000000
100.000000
100.000000
98.195022
99.550335
100.000000
100.000000
99.974993
98.321185
98.308344
99.612265
100.000000
100.000000
100.000000
100.000000
100.000000
99.591355
100.000000
99.650412
100.000000
100.000000
98.715220
99.566944
100.000000
100.000000
100.000000
100.000000
100.000000
100.000000
100.000000
100.000000
100.000000
99.980207
97.760491
98.966055
99.532782
98.862747
98.889211
97.986336
95.599443
97.469185
99.198892
98.728503
98.347009
97.309584
95.386385
96.750149
98.383307
97.795254
98.715476
98.480072
97.102233
98.070203
99.203743
98.143590
98.711840
97.881089
96.401909
97.340597
98.730797
98.309596
99.008251
98.798949
95.881968
97.774331
98.887030
99.026130
97.672881
99.475245
