93.166040
99.770466
100.000000
99.597805
99.867045
99.580153
100.000000
100.000000
100.000000
100.000000
100.000000
100.000000
100.000000
100.000000
100.000000
98.693225
100.000000
100.000000
100.000000
100.000000
100.000000
99.672158
100.000000
100.000000
100.000000
100.000000
100.000000
99.317987
100.000000
99.578777
100.000000
100.000000
100.000000
99.269833
100.000000
100.000000
100.000000
100.000000
100.000000
100.000000
100.000000
100.000000
100.000000
100.000000
100.000000
100.000000
100.000000
100.000000
100.000000
100.000000
100.000000
100.000000
100.000000
100.000000
100.000000
100.000000
100.000000
100.000000
100.000000
100.000000
100.000000
100.000000
100.000000
100.000000
100.000000
100.000000
100.000000
99.183368
100.000000
98.985180
100.000000
99.761062
100.000000
99.840073
100.000000
100.000000
100.000000
100.000000
100.000000
99.500117
100.000000
99.088345
100.000000
100.000000
100.000000
100.000000
100.000000
100.000000
100.000000
100.000000
100.000000
100.000000
100.000000
100.000000
100.000000
100.000000
100.000000
100.000000
100.000000
100.000000
100.000000
100.000000
100.000000
100.000000
100.000000
100.000000
100.000000
100.000000
100.000000
100.000000
100.000000
100.000000
100.000000
100.000000
100.000000
100.000000
100.000000
100.000000
100.000000
100.000000
100.000000
100.000000
100.000000
100.000000
100.000000
100.000000
100.000000
100.000000
100.000000
100.000000
100.000000
100.000000
100.000000
100.000000
100.000000
100.000000
100.000000
100.000000
100.000000
100.000000
100.000000
100.000000
100.000000
100.000000
100.000000
100.000000
100.000000
100.000000
100.000000
100.000000
100.000000
100.000000
100.000000
100.000000
100.000000
100.000000
100.000000
100.000000
100.000000
100.000000
100.000000
100.000000
100.000000
100.000000
100.000000
100.000000
100.000000
100.000000
100.000000
100.000000
100.000000
100.000000
100.000000
100.000000
100.000000
100.000000
100.000000
100.000000
100.000000
100.000000
99.093359
98.676194
99.520121
98.339998
99.730764
98.500348
98.557230
98.087792
99.931127
98.477283
99.747821
98.581944
98.513693
98.527295
100.000000
99.048583
100.000000
99.624514
99.486153
98.891238
100.000000
98.867790
100.000000
99.505322
98.537832
98.445896
100.000000
98.433802
99.942779
99.531227
98.973926
98.577906
100.000000
98.526902
100.000000
99.981892
99.663651
98.645349
100.000000
98.790311
100.000000
98.689131
100.000000
98.622894
100.000000
98.397878
100.000000
98.628046
99.057458
97.736012
100.000000
97.053275
99.998335
97.893793
99.581695
96.123970
100.000000
100.000000
100.000000
100.000000
100.000000
97.476964
99.823262
94.192766
97.669668
94.720070
98.076592
96.208392
100.000000
97.479180
100.000000
98.865997
100.000000
99.577555
100.000000
100.000000
100.000000
100.000000
100.000000
98.275713
100.000000
98.010302
99.966947
97.639299
98.848731
95.291346
97.966890
94.679693
97.294013
94.913314
97.544670
95.743424
99.744441
97.489986
100.000000
99.087931
100.000000
100.000000
100.000000
100.000000
100.000000
100.000000
100.000000
100.000000
100.000000
99.794995
100.000000
99.017915
97.927037
95.869383
99.033228
94.808592
97.611439
96.381878
97.648181
97.687185
100.000000
99.480210
96.628423
95.464836
95.317762
95.025946
99.138553
96.729023
98.465689
96.224328
96.707399
95.947617
98.936099
96.720642
99.931039
98.675228
100.000000
99.346400
100.000000
100.000000
100.000000
100.000000
100.000000
96.113575
100.000000
97.878072
100.000000
100.000000
100.000000
100.000000
100.000000
100.000000
100.000000
100.000000
100.000000
100.000000
100.000000
100.000000
100.000000
100.000000
100.000000
100.000000
100.000000
100.000000
100.000000
100.000000
100.000000
100.000000
100.000000
100.000000
100.000000
100.000000
100.000000
100.000000
100.000000
100.000000
100.000000
100.000000
100.000000
100.000000
100.000000
100.000000
100.000000
100.000000
100.000000
100.000000
100.000000
100.000000
100.000000
100.000000
100.000000
100.000000
100.000000
100.000000
100.000000
100.000000
100.000000
100.000000
100.000000
100.000000
100.000000
100.000000
100.000000
100.000000
100.000000
100.000000
100.000000
100.000000
100.000000
100.000000
100.000000
100.000000
100.000000
100.000000
100.000000
100.000000
100.000000
100.000000
100.000000
100.000000
100.000000
100.000000
100.000000
100.000000
100.000000
100.000000
100.000000
98.295250
100.000000
99.000128
100.000000
100.000000
100.000000
100.000000
100.000000
100.000000
100.000000
100.000000
100.000000
100.000000
100.000000
100.000000
100.000000
100.000000
100.000000
100.000000
100.000000
100.000000
100.000000
100.000000
100.000000
99.760291
100.000000
100.000000
100.000000
100.000000
99.311870
97.957678
100.000000
99.045660
100.000000
100.000000
100.000000
100.000000
100.000000
100.000000
100.000000
100.000000
100.000000
100.000000
100.000000
100.000000
100.000000
100.000000
100.000000
100.000000
100.000000
100.000000
100.000000
100.000000
100.000000
98.200175
100.000000
97.522885
100.000000
99.247356
98.844467
99.447298
100.000000
100.000000
100.000000
99.279348
100.000000
99.983430
100.000000
100.000000
100.000000
100.000000
100.000000
100.000000
100.000000
100.000000
100.000000
100.000000
100.000000
99.968035
100.000000
100.000000
100.000000
99.675737
97.945779
98.183037
100.000000
100.000000
100.000000
100.000000
99.257643
99.511275
100.000000
98.429886
100.000000
98.774992
98.180962
97.341098
100.000000
98.367946
100.000000
98.841564
98.245197
96.878239
100.000000
98.281593
100.000000
98.890220
98.565795
97.099208
99.329580
96.848907
98.988639
97.116925
97.788885
96.418823
98.599813
95.495478
97.763770
95.444600
95.974634
96.132906
99.341296
98.214843
100.000000
100.000000
100.000000
100.000000
100.000000
100.000000
100.000000
100.000000
100.000000
100.000000
100.000000
100.000000
100.000000
100.000000
100.000000
100.000000
100.000000
100.000000
100.000000
100.000000
100.000000
100.000000
100.000000
100.000000
100.000000
100.000000
100.000000
100.000000
100.000000
100.000000
100.000000
100.000000
100.000000
100.000000
100.000000
100.000000
100.000000
100.000000
100.000000
100.000000
100.000000
100.000000
100.000000
100.000000
100.000000
100.000000
100.000000
100.000000
100.000000
100.000000
100.000000
100.000000
100.000000
100.000000
100.000000
100.000000
100.000000
100.000000
100.000000
100.000000
100.000000
100.000000
100.000000
100.000000
100.000000
99.929491
100.000000
100.000000
100.000000
100.000000
100.000000
100.000000
100.000000
100.000000
100.000000
100.000000
100.000000
99.914870
100.000000
99.125629
98.942833
98.997553
100.000000
99.302705
100.000000
100.000000
100.000000
100.000000
100.000000
100.000000
100.000000
100.000000
100.000000
100.000000
100.000000
100.000000
100.000000
100.000000
100.000000
100.000000
100.000000
100.000000
100.000000
100.000000
100.000000
100.000000
100.000000
100.000000
100.000000
100.000000
100.000000
100.000000
100.000000
100.000000
100.000000
100.000000
100.000000
100.000000
100.000000
100.000000
100.000000
100.000000
100.000000
100.000000
100.000000
99.801028
100.000000
99.801650
100.000000
99.416347
100.000000
100.000000
98.541101
99.669022
100.000000
99.262995
100.000000
99.405730
100.000000
100.000000
100.000000
99.371284
100.000000
99.707334
100.000000
100.000000
100.000000
100.000000
100.000000
100.000000
100.000000
100.000000
100.000000
100.000000
100.000000
100.000000
100.000000
100.000000
100.000000
100.000000
100.000000
100.000000
100.000000
100.000000
99.398880
98.418904
100.000000
98.349425
99.828564
98.996549
99.861848
98.610313
100.000000
98.709161
99.759601
99.147868
99.882567
98.515674
100.000000
98.548430
99.878746
99.273971
100.000000
98.761808
100.000000
98.606154
99.794128
98.815294
99.797419
98.914988
100.000000
99.868065
99.048471
100.000000
100.000000
98.870607
99.896915
98.085289
99.438020
99.038843
99.739971
98.193351
99.758931
97.980869
99.045602
98.411299
99.362926
97.864646
99.576216
97.954489
99.077214
98.504868
99.353092
98.011184
99.533227
97.884257
99.382787
98.477668
99.391201
98.138857
99.715313
98.078167
99.583412
98.761080
99.547493
98.225645
99.938999
98.365832
99.588390
99.044543
99.869625
98.503410
100.000000
98.620069
100.000000
99.564491
100.000000
98.921935
100.000000
98.731053
100.000000
99.533288
100.000000
99.044322
100.000000
99.173516
100.000000
99.892181
100.000000
99.213508
100.000000
100.000000
99.759109
100.000000
100.000000
99.615748
100.000000
99.661616
100.000000
100.000000
100.000000
99.434130
100.000000
99.353284
100.000000
100.000000
100.000000
99.042121
100.000000
98.730255
100.000000
99.531044
100.000000
98.965329
100.000000
98.715299
100.000000
99.529077
100.000000
98.801430
100.000000
98.679337
100.000000
99.425846
100.000000
98.887414
100.000000
98.486943
99.652449
99.081148
99.998199
98.400782
100.000000
98.392862
99.752336
99.102822
100.000000
98.622131
100.000000
98.850492
100.000000
99.296880
99.960940
98.445457
100.000000
98.478159
99.873043
98.652034
99.907989
98.246627
100.000000
99.962994
98.843178
99.936724
100.000000
98.318345
100.000000
98.577969
99.846936
99.127269
100.000000
98.068858
99.763748
98.265985
98.622766
98.036328
99.118448
97.392318
98.872124
97.394134
98.808813
98.353769
99.532439
98.271038
99.767374
98.309527
99.884328
98.760729
99.499169
98.038412
99.872850
97.982844
99.372230
98.674023
99.589551
97.846996
99.983040
97.882671
99.689817
98.658430
99.616646
98.164313
99.859806
98.187794
100.000000
99.474516
100.000000
99.338212
100.000000
99.002143
100.000000
99.359550
100.000000
98.578771
100.000000
98.804861
99.649417
99.066072
99.543752
98.657789
100.000000
99.938250
98.186950
98.310018
98.123901
96.616669
97.662902
96.454785
97.827204
96.986994
98.158141
97.223942
98.698275
97.615118
99.008681
98.332191
99.425536
98.203281
99.548606
98.330707
99.836628
99.289024
100.000000
99.875596
100.000000
100.000000
100.000000
100.000000
100.000000
100.000000
100.000000
100.000000
100.000000
100.000000
100.000000
100.000000
100.000000
100.000000
100.000000
100.000000
100.000000
100.000000
100.000000
100.000000
100.000000
100.000000
100.000000
100.000000
100.000000
100.000000
100.000000
100.000000
100.000000
100.000000
100.000000
100.000000
100.000000
100.000000
100.000000
100.000000
100.000000
100.000000
100.000000
100.000000
100.000000
100.000000
100.000000
100.000000
100.000000
100.000000
100.000000
100.000000
100.000000
100.000000
100.000000
99.972481
100.000000
98.854123
99.576312
98.057800
98.708735
98.168275
98.950610
97.032625
97.755278
96.095185
97.863661
97.164810
99.132306
98.441410
100.000000
98.453427
100.000000
100.000000
100.000000
100.000000
100.000000
100.000000
100.000000
100.000000
100.000000
100.000000
100.000000
100.000000
100.000000
100.000000
100.000000
100.000000
100.000000
100.000000
100.000000
100.000000
100.000000
100.000000
100.000000
99.924961
100.000000
100.000000
100.000000
99.780927
100.000000
100.000000
100.000000
100.000000
100.000000
100.000000
100.000000
100.000000
100.000000
100.000000
100.000000
100.000000
100.000000
100.000000
100.000000
100.000000
100.000000
100.000000
100.000000
100.000000
100.000000
100.000000
100.000000
100.000000
100.000000
100.000000
100.000000
100.000000
100.000000
100.000000
100.000000
100.000000
100.000000
100.000000
100.000000
100.000000
100.000000
100.000000
100.000000
100.000000
100.000000
100.000000
100.000000
100.000000
100.000000
100.000000
100.000000
100.000000
100.000000
100.000000
100.000000
100.000000
100.000000
100.000000
100.000000
100.000000
100.000000
100.000000
100.000000
100.000000
100.000000
100.000000
100.000000
100.000000
100.000000
100.000000
100.000000
100.000000
100.000000
100.000000
100.000000
100.000000
100.000000
100.000000
100.000000
100.000000
100.000000
100.000000
100.000000
100.000000
100.000000
100.000000
100.000000
100.000000
100.000000
100.000000
100.000000
100.000000
100.000000
100.000000
100.000000
99.869649
100.000000
100.000000
100.000000
100.000000
100.000000
100.000000
100.000000
100.000000
100.000000
100.000000
100.000000
100.000000
100.000000
100.000000
100.000000
99.784908
100.000000
99.510896
100.000000
99.646075
100.000000
99.768247
100.000000
100.000000
100.000000
100.000000
100.000000
100.000000
100.000000
100.000000
99.978106
99.943691
100.000000
99.668177
100.000000
98.873425
99.458527
98.815413
99.627229
98.709917
99.505078
98.394433
99.677989
99.397392
100.000000
99.375513
100.000000
99.075365
100.000000
99.906379
100.000000
98.344015
99.690754
99.136613
100.000000
100.000000
100.000000
100.000000
100.000000
100.000000
100.000000
100.000000
100.000000
100.000000
100.000000
100.000000
100.000000
100.000000
100.000000
100.000000
100.000000
100.000000
100.000000
100.000000
100.000000
99.842902
100.000000
99.698142
100.000000
100.000000
100.000000
98.482542
99.971758
98.493005
99.416071
98.791609
99.620238
98.811808
99.859248
99.254446
100.000000
100.000000
100.000000
100.000000
100.000000
100.000000
100.000000
100.000000
100.000000
100.000000
100.000000
100.000000
100.000000
100.000000
100.000000
99.846237
100.000000
98.812968
100.000000
97.381921
98.446570
96.908664
100.000000
98.804193
100.000000
99.862668
100.000000
99.029594
100.000000
99.624505
100.000000
100.000000
100.000000
100.000000
100.000000
100.000000
100.000000
100.000000
100.000000
100.000000
100.000000
99.304716
100.000000
99.437430
100.000000
98.793721
100.000000
98.494195
100.000000
98.484391
99.217768
97.317893
100.000000
98.619316
100.000000
100.000000
100.000000
100.000000
100.000000
100.000000
100.000000
100.000000
100.000000
98.298368
100.000000
99.342947
100.000000
100.000000
100.000000
99.388897
100.000000
98.729745
100.000000
98.122078
98.205344
96.576669
99.335887
97.494000
99.950257
99.451014
99.145387
98.912374
100.000000
98.030119
100.000000
99.113745
100.000000
100.000000
100.000000
100.000000
100.000000
100.000000
100.000000
99.360674
100.000000
99.971695
100.000000
99.508157
98.794445
99.007592
100.000000
98.179847
99.106209
99.041858
98.570937
99.155303
100.000000
99.891093
100.000000
99.693602
99.132086
98.045583
100.000000
97.818502
98.908508
98.027227
97.325395
97.597907
100.000000
100.000000
97.578568
97.476450
97.506777
97.174445
100.000000
98.518925
99.837465
97.808711
97.281992
95.814538
99.560289
96.710999
99.083121
97.335000
97.179611
94.632559
98.360519
94.451743
97.719554
96.795157
97.395269
97.537487
99.831341
98.895282
100.000000
100.000000
100.000000
100.000000
100.000000
100.000000
100.000000
100.000000
100.000000
100.000000
100.000000
100.000000
100.000000
100.000000
100.000000
98.566631
100.000000
99.022936
100.000000
99.843758
100.000000
99.976908
100.000000
99.946867
100.000000
100.000000
100.000000
99.745251
100.000000
100.000000
100.000000
100.000000
100.000000
100.000000
100.000000
100.000000
100.000000
100.000000
100.000000
100.000000
100.000000
100.000000
100.000000
100.000000
100.000000
100.000000
100.000000
100.000000
100.000000
100.000000
100.000000
100.000000
100.000000
100.000000
100.000000
100.000000
100.000000
99.805096
100.000000
98.595192
100.000000
99.237058
100.000000
98.264229
100.000000
98.700899
100.000000
99.436931
100.000000
99.779609
100.000000
100.000000
100.000000
99.925495
98.822448
98.368539
100.000000
98.224006
100.000000
98.683684
97.680736
98.007511
100.000000
99.047260
100.000000
100.000000
100.000000
100.000000
100.000000
100.000000
100.000000
100.000000
100.000000
100.000000
100.000000
100.000000
100.000000
100.000000
100.000000
100.000000
100.000000
100.000000
100.000000
100.000000
100.000000
100.000000
100.000000
100.000000
100.000000
100.000000
100.000000
100.000000
100.000000
100.000000
100.000000
100.000000
100.000000
100.000000
100.000000
100.000000
100.000000
100.000000
100.000000
98.971532
100.000000
98.948275
100.000000
98.941550
99.477624
97.758425
99.293726
97.431627
99.791223
99.030184
99.956758
98.631542
100.000000
98.581327
99.983625
99.523941
100.000000
99.044258
100.000000
99.574121
100.000000
100.000000
100.000000
100.000000
100.000000
100.000000
100.000000
100.000000
100.000000
99.893852
100.000000
100.000000
100.000000
100.000000
100.000000
100.000000
100.000000
100.000000
100.000000
100.000000
100.000000
100.000000
100.000000
100.000000
100.000000
100.000000
100.000000
100.000000
100.000000
99.670519
100.000000
100.000000
100.000000
100.000000
100.000000
100.000000
100.000000
100.000000
100.000000
100.000000
100.000000
100.000000
100.000000
100.000000
100.000000
100.000000
100.000000
100.000000
100.000000
100.000000
100.000000
100.000000
100.000000
99.853136
100.000000
100.000000
100.000000
98.686259
100.000000
99.553159
100.000000
100.000000
100.000000
99.884357
100.000000
100.000000
100.000000
100.000000
100.000000
100.000000
100.000000
100.000000
100.000000
100.000000
100.000000
99.917657
100.000000
99.150202
100.000000
99.864346
100.000000
98.677200
100.000000
98.424050
100.000000
99.171452
98.589479
97.335361
100.000000
98.800853
100.000000
99.593615
100.000000
99.322709
100.000000
100.000000
100.000000
100.000000
100.000000
99.567831
100.000000
100.000000
100.000000
100.000000
100.000000
99.519694
100.000000
99.240394
100.000000
99.957168
100.000000
99.024315
100.000000
99.493812
100.000000
99.910877
99.839579
99.711985
100.000000
99.943897
100.000000
100.000000
100.000000
99.310369
100.000000
100.000000
100.000000
100.000000
100.000000
99.982746
100.000000
100.000000
99.595296
99.038262
98.456939
95.965081
98.286385
96.106905
98.212604
96.817214
97.209431
96.278385
97.771994
96.477805
97.423457
96.065304
96.416636
95.485394
97.467573
95.228699
96.487078
96.169226
96.693004
95.462275
97.697458
95.526082
96.992730
96.565751
97.253851
95.586994
97.927305
95.704927
97.415731
96.310909
97.464298
96.007950
99.075502
96.662634
98.416056
97.266292
98.336303
96.926692
100.000000
97.604733
98.630907
95.961309
96.734096
95.062397
100.000000
97.746767
99.714671
98.874353
100.000000
98.383078
100.000000
98.784102
100.000000
99.363453
100.000000
99.620958
100.000000
100.000000
100.000000
100.000000
100.000000
100.000000
100.000000
100.000000
100.000000
100.000000
100.000000
98.300297
100.000000
97.259739
98.546603
96.757707
96.374787
95.441983
98.938589
97.052562
98.766571
98.070609
98.597987
97.040174
99.587523
96.997847
98.298873
97.002168
97.632686
96.493108
99.848046
97.228454
99.281739
97.503815
97.909896
96.255439
99.636050
96.428240
98.033395
96.269265
97.317630
95.348534
98.123828
95.300961
97.138013
95.420425
96.275046
94.570686
98.481259
96.585768
98.456633
97.285224
98.421272
97.534810
100.000000
97.990375
99.638301
98.392579
98.519022
97.430178
99.963332
99.091103
97.445121
97.557598
96.629316
95.149316
97.904022
95.490164
97.941562
97.319042
98.951443
96.856910
100.000000
98.429197
100.000000
100.000000
100.000000
100.000000
100.000000
100.000000
100.000000
100.000000
100.000000
100.000000
100.000000
100.000000
100.000000
100.000000
100.000000
100.000000
100.000000
100.000000
100.000000
100.000000
100.000000
100.000000
100.000000
100.000000
100.000000
100.000000
100.000000
100.000000
100.000000
100.000000
100.000000
100.000000
100.000000
100.000000
100.000000
100.000000
100.000000
100.000000
100.000000
100.000000
100.000000
100.000000
100.000000
100.000000
100.000000
100.000000
100.000000
100.000000
100.000000
100.000000
100.000000
100.000000
100.000000
100.000000
100.000000
100.000000
100.000000
100.000000
100.000000
100.000000
100.000000
100.000000
100.000000
100.000000
100.000000
100.000000
100.000000
100.000000
100.000000
98.489791
100.000000
100.000000
100.000000
98.519628
98.620361
94.950082
96.185969
93.112279
94.309615
94.843506
96.983425
97.055994
100.000000
99.060302
100.000000
100.000000
100.000000
98.872270
100.000000
99.359837
100.000000
99.374692
99.840231
98.129938
99.717384
97.978824
98.957820
98.225594
99.909928
98.372652
100.000000
98.202876
99.401671
97.738633
98.230353
97.155093
98.909461
98.548059
96.737790
96.753439
98.202169
96.716825
98.038783
96.228764
97.869881
97.132850
99.039130
97.524335
99.762043
98.107155
100.000000
99.366677
100.000000
99.272848
100.000000
98.682925
99.795774
98.728182
99.655178
98.324412
99.445600
97.789301
99.096474
97.889999
98.809251
97.227433
98.242555
96.391634
97.409187
96.296210
97.577232
96.014441
98.065289
96.657371
98.355862
98.155895
100.000000
99.702778
100.000000
99.961439
100.000000
100.000000
100.000000
100.000000
100.000000
100.000000
100.000000
100.000000
100.000000
98.614662
100.000000
97.531643
100.000000
99.036541
100.000000
99.538754
100.000000
100.000000
99.812920
100.000000
100.000000
100.000000
100.000000
100.000000
100.000000
100.000000
100.000000
100.000000
100.000000
100.000000
100.000000
100.000000
100.000000
100.000000
100.000000
100.000000
100.000000
100.000000
100.000000
99.859828
100.000000
99.766422
100.000000
100.000000
100.000000
99.806095
100.000000
99.761600
100.000000
100.000000
100.000000
99.531245
100.000000
98.804619
100.000000
99.608124
100.000000
99.600329
100.000000
100.000000
100.000000
100.000000
100.000000
100.000000
100.000000
100.000000
100.000000
100.000000
100.000000
100.000000
100.000000
100.000000
100.000000
100.000000
100.000000
99.180395
100.000000
99.656887
97.342542
97.393848
98.843270
97.581426
99.286280
97.971146
99.132072
97.799509
98.730427
97.608871
98.676018
96.959204
97.856582
96.821302
97.790892
96.462714
98.613766
96.270663
97.879779
96.430096
97.731466
96.386361
98.992210
97.302114
99.232132
98.191534
99.369505
98.022620
100.000000
98.474242
100.000000
98.904813
100.000000
99.096041
100.000000
99.008599
100.000000
99.660025
100.000000
99.446744
100.000000
99.483936
100.000000
99.669328
100.000000
99.294748
100.000000
99.031534
100.000000
99.050848
99.938989
98.233453
100.000000
98.304605
100.000000
98.487842
99.589168
98.528320
100.000000
100.000000
98.505694
99.325851
99.543872
98.051285
100.000000
98.042375
99.726328
98.789878
99.636648
97.938510
99.858034
97.429998
98.899636
98.018446
99.025421
97.706414
99.655476
97.265691
98.563058
97.969560
99.047118
97.665965
99.558731
97.179666
98.704449
97.890873
98.924751
97.577459
99.312104
97.109923
98.414873
97.489235
98.648574
97.193795
98.958981
96.801938
98.463778
97.666078
99.132848
97.909971
99.976220
98.163973
100.000000
98.946144
100.000000
98.868547
100.000000
98.990079
100.000000
99.416534
100.000000
98.899509
100.000000
98.834448
100.000000
99.270988
99.956601
98.697060
100.000000
100.000000
98.137449
99.155472
99.017201
97.652639
99.410641
97.246854
99.184770
98.184527
99.460029
98.128503
99.773541
98.067376
99.922406
98.842162
100.000000
98.245489
100.000000
98.057702
99.236855
98.277310
99.150640
97.440467
99.339562
96.963464
98.496824
97.844272
99.091875
97.891826
100.000000
98.430983
99.791674
98.629438
99.607817
98.586867
96.542529
95.750108
96.649833
96.300693
97.095369
97.177559
98.202804
97.101477
97.729933
96.598201
96.466797
96.061160
97.357089
96.396996
97.781079
97.497108
98.167156
97.687562
100.000000
97.684033
100.000000
99.783065
100.000000
99.831561
100.000000
100.000000
100.000000
100.000000
100.000000
100.000000
100.000000
100.000000
100.000000
100.000000
99.062894
99.274066
100.000000
100.000000
100.000000
100.000000
100.000000
100.000000
100.000000
100.000000
100.000000
100.000000
100.000000
100.000000
100.000000
100.000000
100.000000
100.000000
100.000000
100.000000
100.000000
100.000000
100.000000
100.000000
100.000000
100.000000
100.000000
100.000000
100.000000
100.000000
100.000000
100.000000
100.000000
100.000000
100.000000
100.000000
100.000000
100.000000
100.000000
100.000000
100.000000
100.000000
100.000000
100.000000
100.000000
100.000000
100.000000
100.000000
100.000000
100.000000
100.000000
100.000000
100.000000
100.000000
100.000000
100.000000
100.000000
100.000000
100.000000
100.000000
100.000000
100.000000
100.000000
100.000000
100.000000
100.000000
100.000000
100.000000
100.000000
100.000000
100.000000
100.000000
100.000000
100.000000
100.000000
100.000000
100.000000
100.000000
100.000000
100.000000
100.000000
100.000000
100.000000
100.000000
100.000000
100.000000
100.000000
100.000000
100.000000
100.000000
100.000000
100.000000
100.000000
100.000000
100.000000
100.000000
100.000000
100.000000
100.000000
100.000000
100.000000
100.000000
100.000000
100.000000
100.000000
100.000000
100.000000
99.396884
99.116266
98.590413
99.825865
100.000000
99.144711
99.061304
99.569255
98.962906
100.000000
98.843779
99.270028
98.309963
98.711900
98.225618
99.111893
97.998068
98.943412
98.161473
99.109657
98.715261
100.000000
99.581668
100.000000
100.000000
100.000000
99.502986
100.000000
99.393378
100.000000
99.654005
99.594969
99.212926
100.000000
99.634988
100.000000
99.848701
100.000000
99.402839
100.000000
99.623108
100.000000
100.000000
100.000000
99.500938
100.000000
99.375549
100.000000
98.892492
98.877973
98.038818
99.123479
97.885434
98.976721
98.274703
98.695915
97.974041
99.540612
98.475632
99.727415
98.954095
99.075493
99.098778
99.903636
99.660445
98.703700
98.700975
99.288971
98.625574
99.251777
98.032690
99.008654
98.445805
99.146982
98.746054
99.942918
99.365391
100.000000
99.800141
100.000000
99.990921
100.000000
99.295825
100.000000
99.349443
100.000000
99.661746
100.000000
99.331246
100.000000
99.377283
100.000000
99.558145
100.000000
99.511143
100.000000
99.619146
100.000000
98.966040
100.000000
99.224153
100.000000
99.455981
100.000000
98.887177
100.000000
98.881706
99.949246
99.481283
100.000000
98.706964
100.000000
98.804201
100.000000
99.544749
100.000000
99.070518
100.000000
98.783728
99.978848
99.059096
99.971506
98.939384
100.000000
99.774642
99.578981
100.000000
100.000000
98.972496
99.974664
98.254494
99.434024
99.169372
99.845644
98.220762
99.817802
98.140895
99.204809
98.552001
99.462456
98.020793
99.634741
98.110006
99.609334
98.619568
99.411713
98.169226
99.654285
97.966553
99.446733
98.595526
99.463638
98.319483
99.796985
98.200760
99.655482
98.777337
99.564846
98.264363
99.989600
98.410619
99.665899
99.141853
99.909898
98.608751
100.000000
98.849000
100.000000
99.680445
100.000000
98.930972
100.000000
98.949223
100.000000
99.683822
100.000000
99.265902
100.000000
99.304794
100.000000
100.000000
100.000000
99.599483
100.000000
100.000000
99.832580
100.000000
100.000000
99.757423
100.000000
99.745350
100.000000
100.000000
100.000000
99.402092
100.000000
99.818056
100.000000
100.000000
100.000000
99.142418
100.000000
98.964384
100.000000
99.572553
100.000000
99.172586
100.000000
98.878183
100.000000
99.673598
100.000000
98.893931
100.000000
98.676664
100.000000
99.505081
100.000000
98.941383
100.000000
98.496015
99.607589
99.110436
100.000000
98.479816
100.000000
98.499966
99.745470
99.157319
100.000000
98.682740
100.000000
98.982070
100.000000
99.281464
99.981523
98.445980
100.000000
98.586405
99.886584
99.236072
100.000000
98.927745
100.000000
100.000000
98.915478
100.000000
100.000000
98.441666
100.000000
98.541272
99.887513
99.135851
100.000000
98.068091
99.746012
98.306332
98.724100
98.127194
99.099442
97.482120
98.839349
97.664927
98.701920
98.344007
99.573176
98.369209
99.900211
98.378963
99.919836
98.928758
99.557074
98.115407
99.904125
98.017784
99.357552
98.742053
99.624137
98.132879
99.998274
98.420948
99.653918
98.811182
99.656151
98.040228
100.000000
98.293412
100.000000
99.666466
100.000000
99.552987
100.000000
99.059756
100.000000
99.403010
100.000000
98.822486
100.000000
98.771866
99.735644
99.064927
99.467898
98.583860
99.935348
99.870667
98.098831
98.207601
98.155267
96.629415
97.679823
96.486453
97.819884
97.006388
98.203817
97.197698
98.750207
97.709604
99.095920
98.494131
99.603776
98.444958
99.382526
97.960916
99.415080
98.832538
99.426864
98.669549
100.000000
99.268843
100.000000
99.708425
100.000000
99.927384
100.000000
100.000000
100.000000
100.000000
100.000000
100.000000
100.000000
99.936054
100.000000
100.000000
100.000000
100.000000
100.000000
99.509750
100.000000
99.457326
100.000000
98.521390
100.000000
98.989337
100.000000
98.575100
99.021592
97.065404
99.462162
97.346749
98.462423
97.277378
97.484418
96.184546
98.779472
98.739134
97.329910
96.139854
96.356199
94.999232
97.008803
95.207058
96.921444
95.958883
95.837288
94.937807
97.173312
96.204946
97.607760
96.738355
96.825583
96.669071
98.177371
97.151366
98.812672
97.412647
97.250130
96.630266
98.604555
96.900875
98.694966
97.301174
97.495515
96.730122
98.019973
96.390330
98.007792
97.532585
98.433710
97.915056
99.675374
98.325751
99.466331
98.164721
98.986721
97.928173
99.886117
97.726900
99.325781
97.945216
99.138918
98.443861
99.963129
98.410018
100.000000
98.973542
98.971364
97.154210
99.784966
98.276279
100.000000
99.087497
99.410981
98.773101
100.000000
100.000000
99.286078
100.000000
100.000000
99.756686
100.000000
97.887786
100.000000
98.960287
100.000000
98.713519
100.000000
97.077188
100.000000
99.085793
100.000000
99.709413
100.000000
99.654717
100.000000
99.568097
99.987423
98.107723
99.197324
96.978813
98.172776
97.374041
99.050808
99.903091
100.000000
100.000000
100.000000
100.000000
100.000000
100.000000
100.000000
100.000000
100.000000
100.000000
100.000000
100.000000
100.000000
100.000000
100.000000
100.000000
100.000000
100.000000
100.000000
100.000000
100.000000
100.000000
100.000000
100.000000
100.000000
100.000000
100.000000
100.000000
100.000000
100.000000
100.000000
100.000000
100.000000
100.000000
100.000000
100.000000
100.000000
100.000000
100.000000
100.000000
100.000000
100.000000
100.000000
98.907602
99.704686
97.629546
97.954197
96.288562
97.718194
95.549831
97.674504
96.665108
98.785429
99.131726
100.000000
100.000000
100.000000
100.000000
100.000000
100.000000
100.000000
100.000000
100.000000
100.000000
100.000000
100.000000
100.000000
100.000000
100.000000
100.000000
100.000000
100.000000
100.000000
100.000000
100.000000
100.000000
100.000000
100.000000
100.000000
100.000000
100.000000
100.000000
100.000000
100.000000
100.000000
100.000000
100.000000
100.000000
100.000000
99.188866
100.000000
100.000000
98.780340
99.773779
98.509479
97.167158
99.559372
98.165477
99.321747
97.814675
98.697185
97.937072
99.356408
98.048226
99.169511
98.223677
98.573839
97.659025
99.506108
98.043507
98.966748
98.216712
98.537603
97.132428
99.411774
98.106811
99.809973
99.223878
100.000000
98.724576
100.000000
98.941929
100.000000
99.283856
100.000000
98.662426
100.000000
98.481209
100.000000
99.525888
100.000000
99.368766
100.000000
99.479472
100.000000
100.000000
100.000000
99.080660
100.000000
98.860711
100.000000
98.825999
99.319183
98.051433
100.000000
97.996141
99.745541
98.679650
99.286319
98.429733
99.885796
99.702505
98.232867
98.649241
98.767244
97.883507
99.359873
98.068593
99.057457
98.076510
99.111968
98.179214
99.879959
98.222456
99.667567
98.653604
99.562055
98.080077
99.789510
98.442068
99.823074
98.788863
99.891977
97.969582
99.775592
98.318697
100.000000
99.310961
100.000000
99.570703
100.000000
99.744314
100.000000
100.000000
100.000000
100.000000
100.000000
100.000000
100.000000
100.000000
100.000000
99.922836
100.000000
99.429053
100.000000
98.720391
98.928692
97.594996
99.126260
97.601337
99.174213
98.584819
99.749134
98.721755
100.000000
98.757179
100.000000
99.203058
99.747817
99.177293
100.000000
100.000000
99.827481
100.000000
100.000000
99.029766
100.000000
99.075337
100.000000
100.000000
100.000000
99.562631
100.000000
99.383366
100.000000
99.972241
100.000000
99.766984
100.000000
99.474206
100.000000
99.777053
100.000000
98.963864
100.000000
99.732673
100.000000
100.000000
100.000000
98.994789
100.000000
99.379766
100.000000
100.000000
100.000000
100.000000
100.000000
100.000000
100.000000
100.000000
100.000000
99.494133
100.000000
99.558937
100.000000
99.887965
100.000000
99.036768
100.000000
98.955097
100.000000
99.724251
100.000000
99.591059
100.000000
100.000000
100.000000
100.000000
100.000000
100.000000
100.000000
100.000000
100.000000
100.000000
100.000000
100.000000
100.000000
100.000000
100.000000
100.000000
100.000000
99.929925
100.000000
99.029957
99.514667
97.580446
97.504271
96.144814
97.460688
96.462300
97.981041
97.692792
99.837624
98.701883
100.000000
100.000000
100.000000
100.000000
100.000000
100.000000
100.000000
100.000000
100.000000
100.000000
100.000000
100.000000
100.000000
100.000000
100.000000
100.000000
100.000000
100.000000
100.000000
99.231555
100.000000
99.697553
100.000000
98.609282
99.489742
97.453208
98.807484
98.097899
100.000000
99.922128
100.000000
100.000000
100.000000
100.000000
100.000000
100.000000
100.000000
100.000000
100.000000
100.000000
100.000000
100.000000
100.000000
100.000000
100.000000
100.000000
100.000000
100.000000
100.000000
100.000000
100.000000
100.000000
100.000000
100.000000
100.000000
99.501271
100.000000
100.000000
100.000000
99.527493
100.000000
98.816349
99.818040
99.347975
100.000000
99.213756
100.000000
99.343297
100.000000
99.792381
100.000000
99.970360
100.000000
99.969440
100.000000
100.000000
100.000000
99.263855
100.000000
99.511683
100.000000
99.118398
99.692844
98.179673
99.287865
97.403413
97.956773
97.261936
98.228845
97.176813
99.397692
98.203103
99.191110
97.351440
97.541191
96.420189
97.827838
98.474810
97.679587
98.772046
99.681597
98.528805
99.987540
98.192148
99.592950
98.714304
99.961254
98.576452
100.000000
99.162534
100.000000
100.000000
100.000000
100.000000
100.000000
99.960028
100.000000
100.000000
100.000000
99.526094
100.000000
99.278581
100.000000
100.000000
100.000000
100.000000
100.000000
100.000000
100.000000
100.000000
100.000000
99.929245
100.000000
98.927932
99.376787
98.224039
98.313889
97.275944
98.318121
97.063351
98.179460
97.523881
98.178214
97.219211
99.089529
97.693031
98.765588
98.323993
98.800394
97.921485
99.117657
97.766739
98.936874
97.771702
98.453844
97.934796
99.114591
99.463781
98.537731
98.692903
98.891784
97.360717
98.275493
96.709783
98.766030
97.658312
98.745541
97.176499
98.929462
97.031672
99.195657
98.094627
99.850477
98.476488
100.000000
98.489138
100.000000
99.267770
100.000000
99.249101
100.000000
98.875399
100.000000
99.270542
100.000000
98.960869
100.000000
98.535359
100.000000
98.908985
99.861255
98.529555
99.915307
97.933786
99.374034
98.295373
99.240514
97.718962
99.223751
97.842213
99.322523
98.385709
99.642742
98.559604
100.000000
98.456864
100.000000
98.826492
99.867109
98.541781
100.000000
98.136844
99.626868
98.113687
98.934542
97.470785
99.046150
99.027110
98.256927
99.489758
99.824294
98.351160
100.000000
98.416179
99.884257
98.864602
100.000000
98.484576
100.000000
98.694768
100.000000
99.887817
100.000000
99.850316
100.000000
99.831803
100.000000
99.932310
100.000000
100.000000
100.000000
100.000000
100.000000
100.000000
100.000000
98.633658
99.308043
96.597504
97.808360
96.681253
97.856810
96.583769
98.714380
97.206798
98.670445
97.819223
98.964374
97.130216
98.942112
97.008657
98.654119
97.944700
98.869217
97.397917
99.137566
96.801382
98.002873
96.641975
98.153271
96.815611
98.991182
96.914027
98.310915
97.124751
98.448189
97.724916
99.330458
99.214380
98.011704
98.676404
98.372657
96.752284
98.537614
97.341795
99.476934
98.687132
100.000000
98.167426
100.000000
98.665575
100.000000
99.317308
100.000000
99.430749
100.000000
99.724618
100.000000
100.000000
100.000000
98.604750
100.000000
99.317741
100.000000
99.785998
100.000000
99.093159
100.000000
100.000000
100.000000
100.000000
100.000000
100.000000
100.000000
100.000000
100.000000
100.000000
100.000000
100.000000
100.000000
100.000000
100.000000
100.000000
100.000000
100.000000
100.000000
100.000000
100.000000
100.000000
100.000000
100.000000
100.000000
100.000000
100.000000
100.000000
100.000000
100.000000
100.000000
100.000000
100.000000
100.000000
100.000000
100.000000
100.000000
100.000000
100.000000
100.000000
100.000000
100.000000
100.000000
100.000000
100.000000
100.000000
100.000000
100.000000
100.000000
100.000000
100.000000
100.000000
100.000000
100.000000
100.000000
100.000000
100.000000
100.000000
100.000000
100.000000
100.000000
100.000000
100.000000
100.000000
100.000000
100.000000
100.000000
100.000000
100.000000
100.000000
100.000000
100.000000
100.000000
100.000000
100.000000
100.000000
100.000000
100.000000
100.000000
99.659695
100.000000
99.750268
99.865749
98.568269
99.612680
98.290766
99.165163
97.972175
97.671211
98.040992
98.977892
98.930372
98.032977
97.836649
97.667474
97.490128
99.280763
97.639729
99.404521
98.211916
98.013669
97.583313
99.875577
98.323495
99.597714
98.400217
98.786838
98.124104
99.600737
97.770870
98.980585
98.269454
98.117759
97.251413
98.266255
96.680891
98.501052
98.258242
97.628600
97.050776
98.793111
97.177604
98.937570
97.495422
97.849922
96.455818
99.357529
97.568598
98.563787
96.852010
97.475908
98.393448
99.610446
97.925221
99.015914
98.264024
95.949856
96.448098
98.345561
96.968187
97.905308
97.416503
97.976585
97.803673
99.092305
98.238410
99.134218
98.896173
97.989473
98.085682
98.964176
99.085256
98.050268
96.754395
96.948085
97.081255
98.758435
97.610723
99.256595
97.857558
98.014606
97.494855
98.808801
97.658993
98.500393
97.437126
95.629624
96.262871
97.832552
96.728184
98.084572
97.373464
98.558244
97.707490
98.688692
97.299061
98.478459
97.503932
96.585887
97.517631
98.331696
97.786047
98.813565
98.502859
97.025447
98.461883
99.489418
98.382615
99.685035
99.486877
98.305279
98.084353
99.099009
98.083959
99.031073
98.267329
97.578052
98.394661
100.000000
98.857627
99.869314
99.031209
98.293369
98.936985
100.000000
99.058662
99.888410
99.164435
97.774261
98.650834
99.640924
98.865652
98.485174
97.788465
97.694756
98.735562
99.698707
99.281373
100.000000
99.890572
99.634376
98.514213
99.833215
98.188969
99.492415
98.412214
98.310216
98.394469
100.000000
100.000000
100.000000
99.442040
99.492370
99.488545
100.000000
99.118339
99.797930
99.023827
97.541602
97.886166
98.977545
97.765069
98.297309
96.998279
95.380569
96.917573
98.463894
97.609147
97.777854
96.358469
95.100123
95.969100
97.752185
96.948030
98.084422
97.686011
96.988275
97.464605
98.740935
97.000627
98.253686
96.708134
96.373441
96.375863
98.565929
97.293247
99.007723
98.608233
95.848926
96.663104
98.487770
98.436202
97.126255
99.239544
