94.878136
100.000000
99.947432
100.000000
99.860356
100.000000
99.475643
99.755977
100.000000
100.000000
100.000000
100.000000
100.000000
100.000000
98.905496
99.595003
99.336014
100.000000
100.000000
100.000000
100.000000
100.000000
99.175386
99.854756
100.000000
100.000000
99.802491
100.000000
98.932199
99.161329
100.000000
99.944013
99.672630
100.000000
100.000000
100.000000
100.000000
100.000000
100.000000
100.000000
100.000000
100.000000
100.000000
100.000000
100.000000
100.000000
100.000000
100.000000
100.000000
100.000000
100.000000
100.000000
100.000000
100.000000
100.000000
100.000000
100.000000
100.000000
100.000000
100.000000
100.000000
100.000000
100.000000
100.000000
100.000000
100.000000
100.000000
100.000000
100.000000
100.000000
100.000000
100.000000
100.000000
100.000000
100.000000
100.000000
100.000000
100.000000
100.000000
100.000000
100.000000
100.000000
100.000000
100.000000
100.000000
100.000000
100.000000
100.000000
100.000000
100.000000
100.000000
100.000000
100.000000
100.000000
100.000000
100.000000
100.000000
100.000000
100.000000
100.000000
100.000000
100.000000
100.000000
100.000000
100.000000
100.000000
100.000000
100.000000
100.000000
100.000000
100.000000
100.000000
100.000000
100.000000
100.000000
100.000000
100.000000
100.000000
100.000000
100.000000
100.000000
100.000000
100.000000
100.000000
100.000000
100.000000
100.000000
100.000000
100.000000
100.000000
100.000000
100.000000
100.000000
100.000000
100.000000
100.000000
100.000000
100.000000
100.000000
100.000000
100.000000
100.000000
100.000000
100.000000
100.000000
100.000000
100.000000
100.000000
100.000000
100.000000
100.000000
100.000000
100.000000
100.000000
100.000000
100.000000
100.000000
100.000000
100.000000
100.000000
100.000000
100.000000
100.000000
100.000000
100.000000
100.000000
100.000000
100.000000
100.000000
100.000000
100.000000
100.000000
100.000000
100.000000
100.000000
100.000000
100.000000
100.000000
100.000000
100.000000
98.829307
99.187917
99.446730
99.909722
99.220792
98.845399
96.959430
98.763892
99.229083
98.921721
98.712316
98.737474
98.151523
99.128204
99.401494
99.913655
99.412064
99.544602
99.194632
99.174076
99.166628
99.754094
98.967596
99.109788
97.975610
98.592627
98.807121
99.791257
98.901836
99.215082
98.504368
99.396618
99.578994
100.000000
99.526507
99.629862
99.296533
99.283732
99.552188
99.753824
99.333847
99.133513
100.000000
100.000000
100.000000
100.000000
99.491725
99.724823
98.710732
99.317388
99.098926
99.411248
98.252544
98.398794
98.488077
98.515285
98.636528
100.000000
100.000000
100.000000
100.000000
99.795056
98.528561
98.184500
95.642241
95.442445
96.318986
98.055454
97.744224
99.444682
99.153985
100.000000
100.000000
100.000000
100.000000
100.000000
100.000000
100.000000
100.000000
100.000000
99.809057
100.000000
99.657841
98.547350
98.925267
96.474835
96.026402
97.244736
95.355366
95.791277
96.685700
97.453802
98.017867
99.295637
99.413742
99.009903
100.000000
100.000000
100.000000
100.000000
100.000000
100.000000
100.000000
100.000000
100.000000
100.000000
99.080393
99.019558
98.191542
98.069752
97.428629
98.139840
96.622219
96.285072
97.532507
98.180293
99.064922
98.021831
97.538472
94.491387
96.852088
97.976116
98.218949
99.286017
97.936778
96.922037
96.247838
97.580892
97.227715
98.394605
98.688335
98.620999
100.000000
100.000000
100.000000
100.000000
100.000000
100.000000
100.000000
98.957644
97.957330
100.000000
100.000000
100.000000
100.000000
100.000000
100.000000
100.000000
100.000000
100.000000
100.000000
100.000000
100.000000
100.000000
100.000000
100.000000
100.000000
100.000000
100.000000
100.000000
100.000000
100.000000
100.000000
100.000000
100.000000
100.000000
100.000000
100.000000
100.000000
100.000000
100.000000
100.000000
100.000000
100.000000
100.000000
100.000000
100.000000
100.000000
100.000000
100.000000
100.000000
100.000000
100.000000
100.000000
100.000000
100.000000
100.000000
100.000000
100.000000
100.000000
100.000000
100.000000
100.000000
100.000000
100.000000
100.000000
100.000000
100.000000
100.000000
100.000000
100.000000
100.000000
100.000000
100.000000
100.000000
100.000000
100.000000
100.000000
100.000000
100.000000
100.000000
100.000000
100.000000
100.000000
100.000000
100.000000
100.000000
100.000000
100.000000
100.000000
100.000000
100.000000
100.000000
100.000000
100.000000
100.000000
100.000000
100.000000
100.000000
100.000000
100.000000
100.000000
100.000000
100.000000
100.000000
100.000000
100.000000
100.000000
100.000000
100.000000
100.000000
100.000000
100.000000
100.000000
100.000000
100.000000
100.000000
100.000000
100.000000
100.000000
100.000000
99.744286
99.242400
100.000000
99.901327
100.000000
99.244810
99.917840
100.000000
100.000000
100.000000
100.000000
100.000000
100.000000
100.000000
100.000000
100.000000
100.000000
100.000000
100.000000
100.000000
100.000000
100.000000
100.000000
100.000000
100.000000
99.736848
99.886319
99.516097
100.000000
99.025558
99.505651
98.654991
100.000000
99.971856
100.000000
100.000000
100.000000
100.000000
100.000000
100.000000
100.000000
100.000000
100.000000
100.000000
100.000000
100.000000
100.000000
100.000000
100.000000
100.000000
100.000000
100.000000
100.000000
99.522197
98.448805
97.223466
99.618186
100.000000
99.985936
100.000000
99.881024
98.738802
100.000000
99.777789
99.601580
99.465475
99.560771
97.996577
98.526696
98.601986
100.000000
99.607879
100.000000
98.138426
97.792572
98.017905
100.000000
98.967587
99.328237
98.925704
99.050471
97.712150
99.247664
96.727957
97.371223
98.562571
98.774801
98.095491
97.741496
96.603164
95.313987
95.760723
97.451731
97.117558
99.901608
99.980161
100.000000
100.000000
100.000000
100.000000
100.000000
100.000000
100.000000
100.000000
100.000000
100.000000
100.000000
100.000000
100.000000
100.000000
100.000000
100.000000
100.000000
100.000000
100.000000
100.000000
100.000000
100.000000
100.000000
100.000000
100.000000
100.000000
100.000000
100.000000
100.000000
100.000000
100.000000
100.000000
100.000000
100.000000
100.000000
100.000000
100.000000
100.000000
100.000000
100.000000
100.000000
100.000000
100.000000
100.000000
100.000000
100.000000
100.000000
100.000000
100.000000
100.000000
100.000000
100.000000
100.000000
100.000000
100.000000
100.000000
100.000000
100.000000
100.000000
100.000000
100.000000
100.000000
100.000000
100.000000
100.000000
100.000000
100.000000
99.816916
100.000000
100.000000
100.000000
100.000000
100.000000
100.000000
100.000000
100.000000
100.000000
98.827097
98.852470
98.264052
99.281054
99.316506
99.715223
99.358088
100.000000
100.000000
100.000000
100.000000
100.000000
100.000000
100.000000
100.000000
100.000000
100.000000
100.000000
100.000000
100.000000
100.000000
100.000000
100.000000
100.000000
100.000000
100.000000
100.000000
100.000000
100.000000
100.000000
100.000000
100.000000
100.000000
100.000000
100.000000
100.000000
100.000000
100.000000
100.000000
100.000000
100.000000
100.000000
100.000000
100.000000
100.000000
100.000000
100.000000
100.000000
100.000000
100.000000
99.490343
99.775148
99.830456
99.572873
98.701874
98.684406
100.000000
100.000000
100.000000
100.000000
100.000000
100.000000
99.822340
99.667060
99.575814
100.000000
100.000000
100.000000
100.000000
100.000000
100.000000
100.000000
100.000000
100.000000
100.000000
100.000000
100.000000
100.000000
100.000000
100.000000
100.000000
100.000000
100.000000
100.000000
100.000000
100.000000
98.924935
98.815288
98.762209
99.407596
98.650738
99.057952
99.498007
98.869283
98.794865
99.514404
98.904934
99.009283
99.585884
98.748325
98.684136
99.409192
98.809594
99.060693
99.769592
99.196247
98.902751
99.660413
99.027685
99.007225
98.756641
98.968493
98.984846
99.555463
98.989546
98.967979
100.000000
99.349540
98.897180
99.407562
98.778366
98.888877
98.329108
98.497877
98.540539
98.954339
98.505789
99.093943
98.909516
99.053545
98.897432
99.649797
99.006662
99.041140
99.179084
98.891117
98.828619
99.286715
98.801122
98.941163
99.306316
99.086619
98.948093
99.574095
99.022130
99.219205
99.471436
98.793494
99.124689
99.793476
99.256257
99.529993
99.881292
99.199716
99.362482
100.000000
99.502127
100.000000
100.000000
99.705683
99.554014
100.000000
99.554109
99.888916
100.000000
99.782870
99.998479
100.000000
99.768152
99.819452
99.922708
99.992090
100.000000
100.000000
99.931742
100.000000
100.000000
100.000000
99.997657
100.000000
100.000000
100.000000
99.493094
100.000000
100.000000
100.000000
100.000000
100.000000
100.000000
100.000000
100.000000
100.000000
100.000000
100.000000
100.000000
99.733328
99.779150
99.969076
99.957758
99.996521
100.000000
99.753325
99.658780
100.000000
99.635182
99.818039
100.000000
99.611687
99.341780
99.951002
99.039326
99.480025
99.861276
99.291687
99.219201
99.845757
99.254033
99.365373
99.957945
99.427788
99.425358
99.949934
99.295751
99.182386
99.514637
99.088381
99.132681
100.000000
99.141988
99.511529
99.074044
99.428524
98.995198
99.912799
98.947612
98.972227
100.000000
99.742395
99.652019
100.000000
99.291918
99.218985
98.667585
99.117222
99.121939
99.258973
98.888696
98.972391
98.686695
98.443056
98.281172
98.832973
98.445008
99.319381
99.491294
99.434140
99.329855
100.000000
99.205927
99.485299
99.632387
99.227166
99.332410
99.819834
99.350899
98.985483
99.567238
98.958506
98.975351
99.574468
99.276013
99.528285
99.436567
99.162063
99.238653
100.000000
99.745359
100.000000
100.000000
100.000000
100.000000
100.000000
100.000000
99.881474
100.000000
100.000000
100.000000
100.000000
99.209837
99.172510
98.589116
99.388259
99.399072
99.167041
98.299359
97.055701
98.353851
97.619365
97.203813
97.868331
97.595783
97.698308
96.970787
97.886488
97.976585
98.305317
98.669253
99.226429
99.592861
99.302457
99.807806
99.939565
100.000000
100.000000
100.000000
100.000000
100.000000
100.000000
100.000000
100.000000
100.000000
100.000000
100.000000
100.000000
100.000000
100.000000
100.000000
100.000000
100.000000
100.000000
100.000000
100.000000
100.000000
100.000000
100.000000
100.000000
100.000000
100.000000
100.000000
100.000000
100.000000
100.000000
100.000000
100.000000
100.000000
100.000000
100.000000
100.000000
100.000000
100.000000
100.000000
100.000000
100.000000
100.000000
100.000000
100.000000
100.000000
100.000000
100.000000
100.000000
100.000000
100.000000
100.000000
100.000000
100.000000
100.000000
100.000000
100.000000
100.000000
100.000000
99.750509
100.000000
99.552131
99.083666
98.835428
98.193572
97.543327
98.043753
97.137732
97.604420
99.556203
98.778356
100.000000
99.650207
99.730835
100.000000
100.000000
100.000000
100.000000
100.000000
100.000000
100.000000
100.000000
100.000000
100.000000
100.000000
100.000000
100.000000
100.000000
100.000000
100.000000
100.000000
100.000000
100.000000
100.000000
100.000000
100.000000
100.000000
100.000000
99.989378
99.108771
100.000000
100.000000
100.000000
100.000000
100.000000
100.000000
100.000000
100.000000
100.000000
100.000000
100.000000
100.000000
100.000000
100.000000
100.000000
100.000000
100.000000
100.000000
100.000000
100.000000
100.000000
100.000000
100.000000
100.000000
100.000000
100.000000
100.000000
100.000000
100.000000
100.000000
100.000000
100.000000
100.000000
100.000000
100.000000
100.000000
100.000000
100.000000
100.000000
100.000000
100.000000
100.000000
100.000000
100.000000
100.000000
100.000000
100.000000
100.000000
100.000000
100.000000
100.000000
100.000000
100.000000
100.000000
100.000000
100.000000
100.000000
100.000000
100.000000
100.000000
100.000000
100.000000
100.000000
100.000000
100.000000
100.000000
100.000000
100.000000
100.000000
100.000000
100.000000
100.000000
100.000000
100.000000
100.000000
100.000000
100.000000
100.000000
100.000000
100.000000
100.000000
100.000000
100.000000
100.000000
100.000000
100.000000
100.000000
100.000000
100.000000
100.000000
100.000000
100.000000
100.000000
100.000000
100.000000
100.000000
100.000000
100.000000
100.000000
100.000000
100.000000
100.000000
100.000000
100.000000
100.000000
100.000000
100.000000
100.000000
99.949585
99.453846
99.853602
99.428036
99.432798
100.000000
100.000000
100.000000
100.000000
100.000000
100.000000
99.701834
100.000000
99.720317
100.000000
99.697320
99.023434
100.000000
100.000000
99.596895
99.739620
99.015461
99.024179
98.468509
99.137831
98.984946
98.859117
99.343842
99.868034
100.000000
100.000000
99.923074
100.000000
100.000000
100.000000
99.991533
99.251868
99.284040
100.000000
100.000000
100.000000
100.000000
100.000000
100.000000
100.000000
100.000000
100.000000
100.000000
100.000000
100.000000
100.000000
100.000000
100.000000
100.000000
100.000000
100.000000
100.000000
100.000000
100.000000
100.000000
100.000000
99.979386
100.000000
100.000000
99.935944
99.534225
99.204807
99.085829
99.688525
98.873626
98.999317
98.834454
99.120325
99.385941
99.498863
100.000000
100.000000
100.000000
100.000000
100.000000
100.000000
100.000000
100.000000
100.000000
100.000000
100.000000
100.000000
100.000000
100.000000
99.779105
100.000000
100.000000
100.000000
99.334688
98.546288
98.071192
99.770108
100.000000
100.000000
100.000000
100.000000
100.000000
100.000000
100.000000
100.000000
100.000000
100.000000
100.000000
100.000000
100.000000
100.000000
100.000000
100.000000
100.000000
100.000000
100.000000
100.000000
100.000000
100.000000
100.000000
99.839517
99.479115
100.000000
98.763995
99.263824
99.144168
99.098638
98.951138
100.000000
100.000000
100.000000
100.000000
100.000000
100.000000
100.000000
100.000000
100.000000
100.000000
100.000000
100.000000
100.000000
100.000000
100.000000
99.610327
100.000000
100.000000
99.905140
99.556454
98.945025
98.012740
98.741054
98.665825
99.996591
99.968063
99.704610
99.117075
99.511640
99.475726
100.000000
100.000000
100.000000
100.000000
100.000000
100.000000
100.000000
100.000000
100.000000
100.000000
100.000000
100.000000
100.000000
100.000000
100.000000
98.617551
100.000000
99.479200
99.368691
98.272061
98.849474
98.343312
99.641047
99.943305
100.000000
99.605344
99.677405
99.070301
99.421180
99.100955
100.000000
99.075749
98.701068
97.215831
98.718803
98.969042
100.000000
98.332680
97.300574
98.414495
99.376138
100.000000
100.000000
98.773190
97.938606
97.151643
97.518003
97.347259
97.840161
97.978592
98.079915
97.136834
96.589266
96.595316
98.263844
96.817272
97.330997
97.109469
99.020770
98.211294
100.000000
100.000000
100.000000
100.000000
100.000000
100.000000
100.000000
100.000000
100.000000
100.000000
100.000000
100.000000
100.000000
100.000000
100.000000
100.000000
100.000000
100.000000
100.000000
99.289602
99.926874
100.000000
100.000000
100.000000
100.000000
100.000000
100.000000
100.000000
100.000000
100.000000
100.000000
100.000000
100.000000
100.000000
100.000000
100.000000
100.000000
100.000000
100.000000
100.000000
100.000000
100.000000
100.000000
100.000000
100.000000
100.000000
100.000000
100.000000
100.000000
100.000000
100.000000
100.000000
100.000000
100.000000
100.000000
100.000000
100.000000
100.000000
100.000000
100.000000
100.000000
100.000000
100.000000
100.000000
100.000000
99.764803
100.000000
99.771364
100.000000
100.000000
100.000000
100.000000
100.000000
99.856761
99.849067
98.544213
98.972034
98.436284
99.232787
98.608791
98.305706
97.301752
99.121853
98.370502
100.000000
100.000000
100.000000
100.000000
100.000000
100.000000
100.000000
100.000000
100.000000
100.000000
100.000000
100.000000
100.000000
100.000000
100.000000
100.000000
100.000000
100.000000
100.000000
100.000000
100.000000
100.000000
100.000000
100.000000
100.000000
100.000000
100.000000
100.000000
100.000000
100.000000
100.000000
100.000000
100.000000
100.000000
100.000000
100.000000
100.000000
100.000000
100.000000
100.000000
99.358361
99.484281
99.740844
99.369414
99.370051
99.247813
97.978061
97.458616
98.872904
98.138673
99.364058
99.738185
99.130137
98.808396
99.434240
98.747999
99.356681
100.000000
99.313206
99.591947
100.000000
100.000000
100.000000
100.000000
100.000000
100.000000
100.000000
100.000000
100.000000
100.000000
100.000000
100.000000
100.000000
100.000000
100.000000
100.000000
100.000000
100.000000
100.000000
100.000000
100.000000
100.000000
100.000000
100.000000
100.000000
100.000000
100.000000
100.000000
100.000000
100.000000
100.000000
100.000000
100.000000
100.000000
100.000000
100.000000
100.000000
100.000000
100.000000
100.000000
100.000000
100.000000
100.000000
100.000000
100.000000
100.000000
100.000000
100.000000
100.000000
100.000000
100.000000
100.000000
100.000000
100.000000
100.000000
100.000000
100.000000
99.662788
100.000000
100.000000
100.000000
100.000000
100.000000
100.000000
100.000000
100.000000
100.000000
100.000000
100.000000
99.736252
100.000000
100.000000
100.000000
100.000000
100.000000
100.000000
100.000000
100.000000
100.000000
100.000000
100.000000
99.937320
100.000000
100.000000
100.000000
99.549063
99.713274
98.261804
99.229067
99.860297
100.000000
100.000000
100.000000
100.000000
100.000000
100.000000
100.000000
100.000000
100.000000
100.000000
100.000000
100.000000
100.000000
100.000000
100.000000
100.000000
100.000000
99.835209
100.000000
100.000000
100.000000
100.000000
100.000000
100.000000
100.000000
99.791049
99.879967
99.753009
100.000000
100.000000
100.000000
100.000000
100.000000
99.818087
100.000000
100.000000
100.000000
100.000000
100.000000
100.000000
100.000000
100.000000
100.000000
99.820668
98.599036
98.535672
98.858771
97.384697
98.224599
96.998437
96.858247
95.096229
97.263209
97.305325
97.430659
97.222505
97.100638
96.252503
97.185469
96.912035
97.095088
96.012742
96.283300
96.409475
96.440540
96.821919
96.884789
96.985264
96.743441
96.578473
96.457569
95.899537
96.948875
96.477504
97.516161
97.074609
97.417964
97.045398
98.580155
97.257200
97.930108
98.318945
98.512334
98.592745
99.680765
97.690110
97.422005
96.961097
98.259589
99.918544
100.000000
98.561226
99.401776
100.000000
99.665295
99.084350
100.000000
99.857375
100.000000
99.868159
99.817512
99.496885
100.000000
100.000000
100.000000
100.000000
100.000000
100.000000
100.000000
100.000000
100.000000
99.289003
99.574206
98.994533
98.628121
98.010843
97.959032
96.004497
97.140345
97.762703
99.440453
98.988558
99.141202
98.642525
98.385748
98.177872
98.687150
97.643939
97.625696
97.346634
97.733256
98.093026
99.096781
98.496053
99.072702
97.724660
98.462579
97.897546
99.207981
97.652871
97.224545
97.168710
97.164685
96.401990
96.877594
95.972263
96.043091
95.559079
95.568712
95.905676
97.600886
97.015196
98.323225
98.133922
99.003380
98.733635
99.738712
99.000283
99.100636
98.042889
98.946043
98.484642
98.827331
97.293033
96.455722
96.952665
97.295437
97.366895
98.420579
97.795550
98.393925
98.801397
99.447429
99.535018
100.000000
100.000000
100.000000
100.000000
100.000000
100.000000
100.000000
100.000000
100.000000
100.000000
100.000000
100.000000
100.000000
100.000000
100.000000
100.000000
100.000000
100.000000
100.000000
100.000000
100.000000
100.000000
100.000000
100.000000
100.000000
100.000000
100.000000
100.000000
100.000000
100.000000
100.000000
100.000000
100.000000
100.000000
100.000000
100.000000
100.000000
100.000000
100.000000
100.000000
100.000000
100.000000
100.000000
100.000000
100.000000
100.000000
100.000000
100.000000
100.000000
100.000000
100.000000
100.000000
100.000000
100.000000
100.000000
100.000000
100.000000
100.000000
100.000000
100.000000
100.000000
100.000000
100.000000
100.000000
100.000000
100.000000
100.000000
100.000000
100.000000
100.000000
100.000000
100.000000
100.000000
100.000000
99.346246
97.614089
96.655251
96.303685
96.391575
94.972848
95.778552
96.972309
98.126562
99.698896
100.000000
100.000000
100.000000
100.000000
100.000000
100.000000
100.000000
99.890518
100.000000
100.000000
98.903852
98.937330
100.000000
99.086790
99.257293
100.000000
98.996163
98.949016
100.000000
98.690487
98.554676
98.131040
97.900009
97.906554
98.400177
96.684244
96.515606
99.081590
98.032305
97.700342
98.509528
97.349964
97.747252
97.090709
98.191310
98.334967
99.176600
99.311354
99.924571
100.000000
100.000000
99.933781
100.000000
99.460543
99.356688
99.262367
99.219588
98.870080
98.942064
98.530726
98.375870
98.454726
98.054157
97.430626
97.568320
97.174086
97.156169
97.071212
96.402648
96.628400
98.202491
97.181729
98.827251
100.000000
100.000000
100.000000
100.000000
100.000000
100.000000
100.000000
100.000000
100.000000
100.000000
100.000000
100.000000
100.000000
99.063988
98.256829
99.718294
98.171652
98.630722
99.712840
99.864281
99.815511
100.000000
99.657634
100.000000
100.000000
100.000000
100.000000
100.000000
100.000000
100.000000
100.000000
100.000000
100.000000
100.000000
100.000000
100.000000
100.000000
100.000000
100.000000
100.000000
100.000000
100.000000
100.000000
100.000000
100.000000
100.000000
100.000000
100.000000
100.000000
100.000000
100.000000
100.000000
100.000000
100.000000
100.000000
100.000000
99.732374
100.000000
99.701649
100.000000
100.000000
100.000000
100.000000
100.000000
100.000000
100.000000
100.000000
100.000000
100.000000
100.000000
100.000000
100.000000
100.000000
100.000000
100.000000
100.000000
100.000000
100.000000
100.000000
100.000000
98.719244
99.224032
97.375834
96.200718
98.586928
98.247894
98.377110
98.786397
97.736624
97.600923
97.388100
97.900793
97.944141
98.038880
97.529167
98.068210
97.764494
98.007128
97.516218
98.659517
97.512583
97.530969
97.893186
97.518807
97.805928
99.424511
98.799323
99.144593
99.735574
98.961262
98.861294
100.000000
99.688255
99.840774
100.000000
99.658195
99.402005
100.000000
100.000000
100.000000
100.000000
100.000000
100.000000
100.000000
100.000000
100.000000
100.000000
100.000000
99.923119
100.000000
99.480954
99.431209
99.843803
99.887177
99.491702
100.000000
98.848426
98.346157
98.457969
99.026109
98.852345
98.803605
98.538615
97.962118
99.607169
99.062239
99.015660
99.759736
99.399340
98.844205
98.259263
98.721840
98.371807
98.882443
98.458150
98.778691
98.765564
99.114857
99.153998
99.459557
98.255448
98.623771
99.130008
98.750256
98.555673
99.056054
98.362991
98.449929
98.790978
98.553412
98.302926
98.920608
98.028165
98.068263
98.601069
97.697730
97.694341
98.891431
97.735789
98.898392
99.154046
98.632723
98.738474
100.000000
98.857997
99.510612
100.000000
100.000000
99.875855
100.000000
99.900205
99.923845
100.000000
99.593664
99.607556
100.000000
99.502461
98.966329
98.808572
98.624514
98.416539
98.618530
97.967936
97.337762
99.320078
98.687886
98.439019
99.426343
98.611412
98.758822
98.358729
98.473780
98.475192
99.539063
98.997350
99.487130
100.000000
99.936345
99.921862
100.000000
99.247883
99.040127
99.420851
98.283667
98.439861
98.599651
98.653213
98.498244
98.921788
98.589310
98.526880
100.000000
99.004380
99.131987
99.374102
99.436619
95.488067
96.529945
95.917649
96.142258
96.916069
96.938345
97.292152
97.518607
97.062350
96.544132
96.217319
95.993185
96.100885
96.814777
96.501013
96.999394
97.593364
97.938777
97.837046
100.000000
99.693228
99.968545
99.188389
100.000000
100.000000
100.000000
100.000000
99.713605
100.000000
100.000000
100.000000
100.000000
100.000000
100.000000
98.080902
100.000000
100.000000
100.000000
100.000000
100.000000
100.000000
100.000000
100.000000
100.000000
100.000000
100.000000
100.000000
100.000000
100.000000
100.000000
100.000000
100.000000
100.000000
100.000000
100.000000
100.000000
100.000000
100.000000
100.000000
100.000000
100.000000
100.000000
100.000000
100.000000
100.000000
100.000000
100.000000
100.000000
100.000000
100.000000
100.000000
100.000000
100.000000
100.000000
100.000000
100.000000
100.000000
100.000000
100.000000
100.000000
100.000000
100.000000
100.000000
100.000000
100.000000
100.000000
100.000000
100.000000
100.000000
100.000000
100.000000
100.000000
100.000000
100.000000
100.000000
100.000000
100.000000
100.000000
100.000000
100.000000
100.000000
100.000000
100.000000
100.000000
100.000000
100.000000
100.000000
100.000000
100.000000
100.000000
100.000000
100.000000
100.000000
100.000000
100.000000
100.000000
100.000000
100.000000
100.000000
100.000000
100.000000
100.000000
100.000000
100.000000
100.000000
100.000000
100.000000
100.000000
100.000000
100.000000
100.000000
100.000000
100.000000
100.000000
100.000000
100.000000
100.000000
100.000000
100.000000
100.000000
99.494080
99.117449
97.798010
98.186476
97.982561
98.683656
98.032149
97.620866
99.451594
99.349901
99.088917
99.104061
98.154452
97.811882
96.784877
98.106376
98.301139
98.142436
98.315140
98.365869
98.557707
99.052101
99.596584
100.000000
100.000000
100.000000
100.000000
100.000000
99.894929
100.000000
99.906139
99.821816
99.501400
99.546317
99.642464
100.000000
99.792971
99.975693
99.692113
99.621977
99.565060
99.970794
99.803876
99.863969
99.772305
99.545495
99.531552
99.741917
99.248612
98.837731
98.411975
97.966602
97.636621
98.171710
97.698114
97.986405
98.197697
97.673490
97.949891
98.730161
98.432267
98.525718
98.259980
98.822985
98.994889
98.987447
98.370094
97.771679
98.924698
98.650498
98.348736
98.566070
98.185852
98.274856
97.763293
98.494988
98.998934
99.437638
99.886707
100.000000
100.000000
100.000000
100.000000
100.000000
99.622293
99.707714
99.921523
99.917739
99.956750
100.000000
99.835290
99.813098
100.000000
99.540686
100.000000
100.000000
99.809780
99.977903
100.000000
100.000000
99.993174
100.000000
100.000000
100.000000
100.000000
99.979698
99.993541
100.000000
99.975038
99.962164
100.000000
99.640198
99.563303
100.000000
99.741654
99.861936
100.000000
99.728506
99.454923
100.000000
99.478049
99.515278
99.357375
99.514564
99.436127
99.714993
99.572359
99.574400
100.000000
99.670008
99.249681
99.745626
99.175969
99.178691
98.358306
98.574115
98.622651
99.021149
98.835171
99.180891
99.138891
99.171909
99.213198
99.739821
99.207669
99.235325
99.216036
98.915793
98.615019
99.330002
99.027684
99.177653
99.301673
99.095521
99.272983
99.820605
99.277835
99.464916
99.511376
99.106189
99.194105
99.839928
99.343265
99.654544
100.000000
99.265817
99.506067
100.000000
99.615494
99.832703
100.000000
99.476251
99.557389
100.000000
99.623081
99.975425
100.000000
99.948366
100.000000
100.000000
99.857259
99.900904
100.000000
100.000000
100.000000
100.000000
100.000000
100.000000
100.000000
100.000000
100.000000
100.000000
100.000000
100.000000
99.813529
100.000000
100.000000
100.000000
100.000000
100.000000
100.000000
100.000000
100.000000
100.000000
100.000000
100.000000
100.000000
99.854018
99.525706
100.000000
99.575873
100.000000
100.000000
99.828188
99.699643
100.000000
99.673474
99.895818
100.000000
99.664118
99.315100
100.000000
99.111685
99.511256
99.915204
99.365409
99.285359
99.848752
99.295739
99.479715
100.000000
99.526748
99.473254
99.997213
99.276785
99.195615
99.617162
99.162872
99.200415
100.000000
99.160916
99.485609
99.203014
99.408958
99.353243
99.937534
99.308802
98.965309
100.000000
99.782745
99.633588
100.000000
99.339992
99.304969
98.705041
99.161597
99.117285
99.291657
99.102445
99.038970
98.725968
98.666961
98.621621
98.848340
98.619505
99.110909
99.522880
99.282024
99.348486
99.798123
99.916642
99.818811
99.524142
98.888934
99.072041
99.787104
99.221923
99.484220
99.612246
99.002891
98.979245
99.849690
99.072219
99.575963
99.671085
99.558775
99.247161
100.000000
99.851905
100.000000
100.000000
100.000000
100.000000
100.000000
100.000000
100.000000
100.000000
99.650943
99.596894
100.000000
99.370839
99.351515
98.961567
99.811233
99.513733
99.635951
98.560859
97.558853
98.377074
97.630527
97.146973
97.840398
97.604502
97.747856
96.996183
97.925659
98.331009
98.386763
98.731127
99.189526
99.344250
99.990021
99.101111
99.617621
99.082986
98.871140
99.092450
99.722619
100.000000
100.000000
100.000000
100.000000
100.000000
100.000000
100.000000
100.000000
100.000000
100.000000
100.000000
100.000000
100.000000
100.000000
100.000000
100.000000
100.000000
100.000000
100.000000
100.000000
100.000000
100.000000
99.980378
99.839446
99.963630
100.000000
99.633414
99.121666
98.967961
99.336512
98.766657
100.000000
97.914202
98.411988
97.449574
98.534470
98.720426
99.069824
98.391208
95.950691
97.449616
96.957639
96.669812
98.070937
96.948136
96.987595
95.362638
96.085740
96.290460
97.977927
98.168186
98.642093
97.624704
98.461600
98.593975
99.808048
99.148902
98.967098
98.159789
98.006713
97.862976
99.284279
98.536757
98.531736
98.366505
97.970157
97.758393
98.314792
97.957977
98.536576
98.956909
99.308411
99.298494
99.729838
98.937311
98.682461
99.108174
98.934783
99.024014
99.473726
98.802084
98.664598
99.059266
99.043976
98.788275
100.000000
99.725143
99.546258
98.988620
97.655923
97.722213
99.431515
99.233462
99.359355
98.861166
98.876803
98.749289
99.218930
99.360027
99.808594
100.000000
100.000000
99.576478
99.475321
98.485047
98.577582
98.737297
99.424902
99.131090
99.097855
98.808693
99.372139
100.000000
100.000000
100.000000
100.000000
100.000000
100.000000
99.833936
98.580865
97.902685
98.263665
97.517889
97.382084
99.334410
100.000000
100.000000
100.000000
100.000000
100.000000
100.000000
100.000000
100.000000
100.000000
100.000000
100.000000
100.000000
100.000000
100.000000
100.000000
100.000000
100.000000
100.000000
100.000000
100.000000
100.000000
100.000000
100.000000
100.000000
100.000000
100.000000
100.000000
100.000000
100.000000
100.000000
100.000000
100.000000
100.000000
100.000000
100.000000
100.000000
100.000000
100.000000
100.000000
100.000000
100.000000
100.000000
100.000000
100.000000
100.000000
99.130670
99.261977
97.782223
97.761453
96.548446
98.165163
96.661544
97.735973
99.260275
100.000000
100.000000
100.000000
100.000000
100.000000
100.000000
100.000000
100.000000
100.000000
100.000000
100.000000
100.000000
100.000000
100.000000
100.000000
100.000000
100.000000
100.000000
100.000000
100.000000
100.000000
100.000000
100.000000
100.000000
100.000000
100.000000
100.000000
100.000000
100.000000
100.000000
100.000000
100.000000
100.000000
100.000000
100.000000
100.000000
100.000000
100.000000
100.000000
99.444864
98.597796
99.523600
99.581279
99.594642
100.000000
99.200869
99.099384
97.410804
99.433573
99.495763
99.668863
99.689950
99.584586
98.965430
99.241897
99.331514
99.960036
99.463581
98.765202
98.558690
97.759392
97.737771
99.128192
99.284666
100.000000
100.000000
100.000000
99.516786
100.000000
99.279445
99.957253
100.000000
99.725094
99.746764
100.000000
99.709553
100.000000
100.000000
100.000000
100.000000
100.000000
100.000000
100.000000
100.000000
99.821474
99.694364
100.000000
99.661309
99.420366
99.075050
98.503742
98.192145
99.818862
98.222085
98.365352
98.495356
98.654168
98.309933
98.733043
98.135991
97.679757
99.167993
98.738241
98.562953
99.314692
98.252070
97.829524
97.964927
98.537519
98.844660
99.062496
98.886797
99.102965
99.346882
98.869975
99.499448
100.000000
100.000000
99.978824
99.908609
99.283084
98.921218
100.000000
100.000000
100.000000
100.000000
99.910719
100.000000
100.000000
100.000000
100.000000
100.000000
100.000000
100.000000
100.000000
100.000000
100.000000
100.000000
100.000000
100.000000
100.000000
99.422393
99.574174
98.986583
97.944321
98.135535
98.906972
98.221499
98.902151
99.751539
99.204859
99.333329
100.000000
99.468728
99.531548
99.519856
99.470387
99.468467
99.987036
99.400994
99.889401
100.000000
100.000000
100.000000
100.000000
100.000000
100.000000
100.000000
100.000000
100.000000
100.000000
100.000000
100.000000
100.000000
100.000000
100.000000
100.000000
100.000000
100.000000
100.000000
99.897158
100.000000
100.000000
100.000000
100.000000
100.000000
99.823643
99.869375
100.000000
100.000000
100.000000
100.000000
100.000000
100.000000
100.000000
100.000000
100.000000
100.000000
100.000000
100.000000
100.000000
100.000000
100.000000
100.000000
99.751331
99.554114
100.000000
99.651234
99.748779
100.000000
100.000000
100.000000
100.000000
100.000000
100.000000
100.000000
100.000000
100.000000
100.000000
100.000000
100.000000
100.000000
100.000000
100.000000
100.000000
100.000000
100.000000
100.000000
100.000000
100.000000
99.693229
99.215402
98.726967
97.243983
96.925127
97.085852
98.182610
98.083692
98.765066
100.000000
99.683923
100.000000
100.000000
100.000000
100.000000
100.000000
100.000000
100.000000
100.000000
100.000000
100.000000
100.000000
100.000000
100.000000
100.000000
100.000000
100.000000
100.000000
100.000000
100.000000
100.000000
100.000000
100.000000
100.000000
98.901781
98.200491
99.131059
97.741149
98.481746
100.000000
100.000000
100.000000
100.000000
100.000000
100.000000
100.000000
100.000000
100.000000
100.000000
100.000000
100.000000
100.000000
100.000000
100.000000
100.000000
100.000000
100.000000
100.000000
100.000000
100.000000
100.000000
100.000000
100.000000
100.000000
100.000000
100.000000
100.000000
100.000000
100.000000
100.000000
100.000000
99.805034
100.000000
100.000000
99.864905
100.000000
99.563863
99.502873
100.000000
99.871419
100.000000
100.000000
100.000000
100.000000
100.000000
100.000000
100.000000
100.000000
100.000000
100.000000
100.000000
99.906292
99.380746
99.674591
98.641489
98.218209
98.472800
97.358524
97.355230
98.126074
97.812560
98.157154
99.322915
97.785723
97.066556
96.665899
96.281217
96.306626
97.379946
97.601313
98.242356
99.324585
98.863884
99.062235
99.456184
98.553735
98.440124
98.454657
98.999574
99.314515
100.000000
100.000000
100.000000
100.000000
100.000000
100.000000
100.000000
100.000000
100.000000
100.000000
99.899272
99.782609
100.000000
100.000000
100.000000
100.000000
100.000000
100.000000
100.000000
100.000000
100.000000
100.000000
100.000000
99.863877
99.983264
98.806258
98.671586
98.390725
98.013169
98.087379
98.777191
97.877549
98.021055
98.663963
98.379292
98.535614
99.330738
98.716637
98.883336
98.984052
98.911228
98.721668
98.966623
98.416279
98.218302
97.992902
98.415011
98.632945
98.834531
98.858402
98.051641
98.674736
97.870201
97.452002
98.156104
97.623998
98.164756
97.071260
97.543087
97.135038
98.230393
97.691497
98.547279
99.370912
100.000000
100.000000
100.000000
100.000000
99.875732
100.000000
99.974831
99.845743
100.000000
100.000000
100.000000
100.000000
99.824573
99.661821
100.000000
99.661028
99.663626
99.789966
99.359421
98.162926
99.273791
98.284984
99.106123
99.307748
98.358902
98.289503
99.126210
98.712555
98.942308
99.682938
99.178087
99.353151
100.000000
99.309285
99.336329
99.710916
99.339137
99.039997
99.634563
98.423247
98.325940
98.330420
98.302607
98.499898
98.834713
98.440369
99.267557
99.566175
99.101598
99.040948
100.000000
99.357931
99.529171
99.210217
99.060910
99.286865
100.000000
100.000000
100.000000
100.000000
100.000000
100.000000
100.000000
100.000000
100.000000
100.000000
100.000000
100.000000
100.000000
100.000000
100.000000
100.000000
99.637989
98.191233
99.508702
97.236569
97.608517
97.891074
97.464043
97.870599
99.281474
98.844851
99.173946
99.109779
98.010904
97.775080
99.039903
98.312408
98.390950
99.064670
98.531001
98.048869
98.462868
97.835251
97.749142
97.924082
97.396648
97.335896
98.742386
97.284145
97.617723
98.076674
98.139054
98.478259
98.856285
98.528012
98.391767
98.497168
97.722108
97.791054
98.950607
98.489983
99.440641
98.625554
99.013079
99.170591
100.000000
99.761801
100.000000
100.000000
100.000000
100.000000
100.000000
100.000000
100.000000
100.000000
99.774741
99.770718
100.000000
100.000000
100.000000
100.000000
100.000000
100.000000
100.000000
100.000000
100.000000
100.000000
100.000000
100.000000
100.000000
100.000000
100.000000
100.000000
100.000000
100.000000
100.000000
100.000000
100.000000
100.000000
100.000000
100.000000
100.000000
100.000000
100.000000
100.000000
100.000000
100.000000
100.000000
100.000000
100.000000
100.000000
100.000000
100.000000
100.000000
100.000000
100.000000
100.000000
100.000000
100.000000
100.000000
100.000000
100.000000
100.000000
100.000000
100.000000
100.000000
100.000000
100.000000
100.000000
100.000000
100.000000
100.000000
100.000000
100.000000
100.000000
100.000000
100.000000
100.000000
100.000000
100.000000
100.000000
100.000000
100.000000
100.000000
100.000000
100.000000
100.000000
100.000000
100.000000
100.000000
100.000000
100.000000
100.000000
100.000000
100.000000
100.000000
100.000000
100.000000
100.000000
100.000000
99.776542
100.000000
99.753835
99.860259
99.370515
99.242511
99.331748
99.096217
98.877121
98.986997
97.029458
98.163884
98.063937
98.322784
97.693163
97.102497
97.934290
98.963911
99.050587
98.919135
98.440358
98.107589
97.246907
99.097087
99.248855
98.886554
98.945524
98.561345
98.400663
99.175048
98.969524
99.089271
98.251412
99.197958
97.665599
98.527649
98.316107
98.433329
98.565990
98.568067
97.324479
98.129121
97.569851
98.635697
98.693848
98.004309
97.305200
97.464909
97.127974
97.886081
97.251161
96.819235
96.830716
98.768942
98.291463
98.446556
98.367624
97.917026
95.586459
97.006273
97.313990
98.300250
97.102705
97.425187
97.693104
98.295611
98.377496
98.762572
98.468872
98.869645
97.315967
98.918436
98.554326
98.539466
98.305896
96.378039
97.556016
98.244615
98.566088
99.164620
98.126954
97.254998
97.785219
98.272990
98.172990
97.915891
98.294200
98.156294
95.427856
97.152577
96.458634
98.005287
97.590029
97.891213
98.446890
98.219991
98.058998
98.128132
97.932433
97.825900
96.221114
97.543260
96.633644
97.770400
96.816240
97.257941
96.994761
98.267320
98.130485
98.248721
98.594336
99.256244
98.038456
98.809453
98.096977
99.239658
98.176727
98.048845
97.252382
98.777349
99.446108
100.000000
99.289970
98.932520
98.591038
99.328021
99.187030
99.992109
99.369475
99.117456
97.604736
98.775373
98.969039
98.659546
98.335620
97.696457
98.703738
99.028002
99.255381
100.000000
100.000000
100.000000
99.246871
99.552849
99.095661
100.000000
98.805062
98.968595
98.268898
98.905266
100.000000
100.000000
99.810181
100.000000
99.907979
100.000000
99.156951
100.000000
98.472796
98.319629
97.938314
97.981290
97.519905
97.671775
97.021683
96.313184
95.395590
96.860353
97.815371
98.085666
96.833588
96.382049
95.244263
96.596945
96.804545
97.524055
97.254566
97.591525
96.935284
98.066299
98.073127
98.124252
97.587249
97.425245
96.361429
97.039026
97.224297
97.665670
97.455218
97.646307
95.701263
97.431855
97.357176
97.686040
97.535993
98.363838
