95.675172
100.000000
100.000000
100.000000
100.000000
100.000000
100.000000
100.000000
100.000000
100.000000
100.000000
100.000000
100.000000
100.000000
99.881103
100.000000
100.000000
100.000000
100.000000
100.000000
100.000000
100.000000
100.000000
100.000000
100.000000
100.000000
100.000000
100.000000
99.816880
100.000000
100.000000
100.000000
100.000000
100.000000
100.000000
100.000000
100.000000
100.000000
100.000000
100.000000
100.000000
100.000000
100.000000
100.000000
100.000000
100.000000
100.000000
100.000000
100.000000
100.000000
100.000000
100.000000
100.000000
100.000000
100.000000
100.000000
100.000000
100.000000
100.000000
100.000000
100.000000
100.000000
100.000000
100.000000
100.000000
100.000000
100.000000
100.000000
100.000000
100.000000
100.000000
100.000000
100.000000
100.000000
100.000000
100.000000
100.000000
100.000000
100.000000
100.000000
100.000000
100.000000
100.000000
100.000000
100.000000
100.000000
100.000000
100.000000
100.000000
100.000000
100.000000
100.000000
100.000000
100.000000
100.000000
100.000000
100.000000
100.000000
100.000000
100.000000
100.000000
100.000000
100.000000
100.000000
100.000000
100.000000
100.000000
100.000000
100.000000
100.000000
100.000000
100.000000
100.000000
100.000000
100.000000
100.000000
100.000000
100.000000
100.000000
100.000000
100.000000
100.000000
100.000000
100.000000
100.000000
100.000000
100.000000
100.000000
100.000000
100.000000
100.000000
100.000000
100.000000
100.000000
100.000000
100.000000
100.000000
100.000000
100.000000
100.000000
100.000000
100.000000
100.000000
100.000000
100.000000
100.000000
100.000000
100.000000
100.000000
100.000000
100.000000
100.000000
100.000000
100.000000
100.000000
100.000000
100.000000
100.000000
100.000000
100.000000
100.000000
100.000000
100.000000
100.000000
100.000000
100.000000
100.000000
100.000000
100.000000
100.000000
100.000000
100.000000
100.000000
100.000000
100.000000
100.000000
100.000000
100.000000
100.000000
100.000000
99.243347
99.530590
99.553732
100.000000
99.330582
99.489881
97.654238
99.698561
99.905090
99.483031
99.552027
99.581219
98.462223
100.000000
100.000000
100.000000
100.000000
100.000000
99.354818
100.000000
100.000000
100.000000
100.000000
99.908374
98.244866
99.774687
99.963974
100.000000
99.853214
100.000000
98.718490
100.000000
100.000000
100.000000
100.000000
100.000000
99.626157
100.000000
100.000000
100.000000
100.000000
100.000000
100.000000
100.000000
100.000000
100.000000
100.000000
100.000000
99.115094
100.000000
99.213887
100.000000
99.261359
99.448634
98.818297
100.000000
100.000000
100.000000
100.000000
100.000000
100.000000
100.000000
99.649245
99.660741
98.100922
97.424777
97.472448
99.212543
99.570311
100.000000
100.000000
100.000000
100.000000
100.000000
100.000000
100.000000
100.000000
100.000000
100.000000
100.000000
100.000000
100.000000
100.000000
100.000000
99.410538
98.769406
98.309344
98.724772
97.877597
97.608919
97.565033
98.693704
99.429745
100.000000
100.000000
100.000000
100.000000
100.000000
100.000000
100.000000
100.000000
100.000000
100.000000
100.000000
100.000000
100.000000
100.000000
100.000000
99.358600
99.326381
98.741542
99.876336
98.589427
98.626826
98.594359
100.000000
100.000000
100.000000
98.409671
95.861545
97.299594
99.501883
99.851775
100.000000
99.077012
97.773474
96.926913
99.228411
98.984081
99.459461
100.000000
100.000000
100.000000
100.000000
100.000000
100.000000
100.000000
100.000000
100.000000
100.000000
99.704907
100.000000
100.000000
100.000000
100.000000
100.000000
100.000000
100.000000
100.000000
100.000000
100.000000
100.000000
100.000000
100.000000
100.000000
100.000000
100.000000
100.000000
100.000000
100.000000
100.000000
100.000000
100.000000
100.000000
100.000000
100.000000
100.000000
100.000000
100.000000
100.000000
100.000000
100.000000
100.000000
100.000000
100.000000
100.000000
100.000000
100.000000
100.000000
100.000000
100.000000
100.000000
100.000000
100.000000
100.000000
100.000000
100.000000
100.000000
100.000000
100.000000
100.000000
100.000000
100.000000
100.000000
100.000000
100.000000
100.000000
100.000000
100.000000
100.000000
100.000000
100.000000
100.000000
100.000000
100.000000
100.000000
100.000000
100.000000
100.000000
100.000000
100.000000
100.000000
100.000000
100.000000
100.000000
100.000000
100.000000
100.000000
100.000000
100.000000
100.000000
100.000000
100.000000
100.000000
100.000000
100.000000
100.000000
100.000000
100.000000
100.000000
100.000000
100.000000
100.000000
100.000000
100.000000
100.000000
100.000000
100.000000
100.000000
100.000000
100.000000
100.000000
100.000000
100.000000
100.000000
100.000000
100.000000
100.000000
100.000000
100.000000
100.000000
100.000000
99.727221
100.000000
100.000000
100.000000
100.000000
100.000000
100.000000
100.000000
100.000000
100.000000
100.000000
100.000000
100.000000
100.000000
100.000000
100.000000
100.000000
100.000000
100.000000
100.000000
100.000000
100.000000
100.000000
100.000000
100.000000
100.000000
100.000000
100.000000
100.000000
100.000000
98.850425
100.000000
100.000000
100.000000
100.000000
100.000000
100.000000
100.000000
100.000000
100.000000
100.000000
100.000000
100.000000
100.000000
100.000000
100.000000
100.000000
100.000000
100.000000
100.000000
100.000000
100.000000
100.000000
99.839098
97.752913
100.000000
100.000000
100.000000
100.000000
100.000000
99.377675
100.000000
100.000000
100.000000
100.000000
100.000000
98.620592
99.339572
99.538809
100.000000
100.000000
100.000000
98.893314
99.500380
99.948280
100.000000
100.000000
100.000000
98.912554
99.486913
98.881594
99.663234
98.673428
98.661940
98.841834
98.856286
98.118708
98.307881
98.176250
97.288002
96.098663
98.597754
99.040452
100.000000
100.000000
100.000000
100.000000
100.000000
100.000000
100.000000
100.000000
100.000000
100.000000
100.000000
100.000000
100.000000
100.000000
100.000000
100.000000
100.000000
100.000000
100.000000
100.000000
100.000000
100.000000
100.000000
100.000000
100.000000
100.000000
100.000000
100.000000
100.000000
100.000000
100.000000
100.000000
100.000000
100.000000
100.000000
100.000000
100.000000
100.000000
100.000000
100.000000
100.000000
100.000000
100.000000
100.000000
100.000000
100.000000
100.000000
100.000000
100.000000
100.000000
100.000000
100.000000
100.000000
100.000000
100.000000
100.000000
100.000000
100.000000
100.000000
100.000000
100.000000
100.000000
100.000000
100.000000
100.000000
100.000000
100.000000
100.000000
100.000000
100.000000
100.000000
100.000000
100.000000
100.000000
100.000000
100.000000
100.000000
100.000000
100.000000
100.000000
99.891526
98.687184
100.000000
100.000000
100.000000
100.000000
100.000000
100.000000
100.000000
100.000000
100.000000
100.000000
100.000000
100.000000
100.000000
100.000000
100.000000
100.000000
100.000000
100.000000
100.000000
100.000000
100.000000
100.000000
100.000000
100.000000
100.000000
100.000000
100.000000
100.000000
100.000000
100.000000
100.000000
100.000000
100.000000
100.000000
100.000000
100.000000
100.000000
100.000000
100.000000
100.000000
100.000000
100.000000
100.000000
100.000000
100.000000
100.000000
100.000000
99.962543
100.000000
100.000000
100.000000
99.289426
99.076432
100.000000
100.000000
100.000000
100.000000
100.000000
100.000000
100.000000
100.000000
100.000000
100.000000
100.000000
100.000000
100.000000
100.000000
100.000000
100.000000
100.000000
100.000000
100.000000
100.000000
100.000000
100.000000
100.000000
100.000000
100.000000
100.000000
100.000000
100.000000
100.000000
100.000000
99.443709
99.712546
99.649395
100.000000
99.729727
99.914380
100.000000
99.960305
100.000000
100.000000
100.000000
99.958489
100.000000
99.644530
99.608950
100.000000
99.957168
100.000000
100.000000
100.000000
99.811134
100.000000
99.480206
99.878298
99.743756
100.000000
99.751279
100.000000
99.897790
99.968143
100.000000
99.917814
99.530992
99.766513
99.408347
99.512843
98.553413
99.472625
99.487419
99.610859
99.448687
99.444830
99.266004
99.416459
99.472626
99.999898
99.789156
99.759777
99.515063
99.490893
99.396519
100.000000
99.424213
99.717935
99.717864
99.658611
99.326485
100.000000
99.360294
99.770115
99.887171
99.693545
99.549472
100.000000
99.874049
100.000000
100.000000
99.895077
99.856810
100.000000
100.000000
100.000000
100.000000
100.000000
100.000000
100.000000
100.000000
100.000000
100.000000
100.000000
100.000000
100.000000
100.000000
100.000000
100.000000
100.000000
100.000000
100.000000
100.000000
100.000000
100.000000
100.000000
100.000000
100.000000
100.000000
100.000000
100.000000
100.000000
100.000000
100.000000
100.000000
100.000000
100.000000
100.000000
100.000000
100.000000
100.000000
100.000000
100.000000
100.000000
100.000000
100.000000
100.000000
100.000000
100.000000
100.000000
100.000000
100.000000
100.000000
100.000000
100.000000
100.000000
99.877168
100.000000
99.710013
100.000000
100.000000
99.989591
99.707519
100.000000
99.949271
100.000000
100.000000
100.000000
100.000000
100.000000
99.938197
99.937717
100.000000
99.872371
99.874341
100.000000
100.000000
100.000000
99.560703
99.757551
99.604145
100.000000
99.670114
99.449225
100.000000
100.000000
100.000000
100.000000
99.994753
99.922686
99.183758
99.992154
99.939578
100.000000
99.773802
99.413191
99.247832
99.145346
99.215391
99.479509
99.236248
99.654067
99.816391
99.767719
100.000000
100.000000
100.000000
100.000000
99.802045
99.751017
99.642188
100.000000
99.639122
99.805296
99.750609
99.827932
99.998463
100.000000
99.847928
100.000000
99.778767
99.771854
99.913484
100.000000
100.000000
100.000000
100.000000
100.000000
100.000000
100.000000
100.000000
100.000000
100.000000
100.000000
100.000000
100.000000
100.000000
100.000000
99.278987
100.000000
99.907231
100.000000
99.395535
98.079841
98.754031
98.602970
98.286561
98.587939
98.348887
98.432318
97.804086
98.966765
99.389046
99.404942
99.439813
99.905897
100.000000
100.000000
100.000000
100.000000
100.000000
100.000000
100.000000
100.000000
100.000000
100.000000
100.000000
100.000000
100.000000
100.000000
100.000000
100.000000
100.000000
100.000000
100.000000
100.000000
100.000000
100.000000
100.000000
100.000000
100.000000
100.000000
100.000000
100.000000
100.000000
100.000000
100.000000
100.000000
100.000000
100.000000
100.000000
100.000000
100.000000
100.000000
100.000000
100.000000
100.000000
100.000000
100.000000
100.000000
100.000000
100.000000
100.000000
100.000000
100.000000
100.000000
100.000000
100.000000
100.000000
100.000000
100.000000
100.000000
100.000000
100.000000
100.000000
100.000000
100.000000
100.000000
100.000000
100.000000
100.000000
99.759638
99.322264
98.591242
98.197089
98.448953
98.285031
98.521029
99.769113
99.130002
100.000000
100.000000
100.000000
100.000000
100.000000
100.000000
100.000000
100.000000
100.000000
100.000000
100.000000
100.000000
100.000000
100.000000
100.000000
100.000000
100.000000
100.000000
100.000000
100.000000
100.000000
100.000000
100.000000
100.000000
100.000000
100.000000
100.000000
100.000000
100.000000
100.000000
100.000000
100.000000
100.000000
100.000000
100.000000
100.000000
100.000000
100.000000
100.000000
100.000000
100.000000
100.000000
100.000000
100.000000
100.000000
100.000000
100.000000
100.000000
100.000000
100.000000
100.000000
100.000000
100.000000
100.000000
100.000000
100.000000
100.000000
100.000000
100.000000
100.000000
100.000000
100.000000
100.000000
100.000000
100.000000
100.000000
100.000000
100.000000
100.000000
100.000000
100.000000
100.000000
100.000000
100.000000
100.000000
100.000000
100.000000
100.000000
100.000000
100.000000
100.000000
100.000000
100.000000
100.000000
100.000000
100.000000
100.000000
100.000000
100.000000
100.000000
100.000000
100.000000
100.000000
100.000000
100.000000
100.000000
100.000000
100.000000
100.000000
100.000000
100.000000
100.000000
100.000000
100.000000
100.000000
100.000000
100.000000
100.000000
100.000000
100.000000
100.000000
100.000000
100.000000
100.000000
100.000000
100.000000
100.000000
100.000000
100.000000
100.000000
100.000000
100.000000
100.000000
100.000000
100.000000
100.000000
100.000000
100.000000
100.000000
100.000000
100.000000
100.000000
100.000000
100.000000
100.000000
100.000000
100.000000
100.000000
100.000000
100.000000
100.000000
100.000000
100.000000
100.000000
100.000000
100.000000
100.000000
100.000000
100.000000
100.000000
100.000000
100.000000
100.000000
99.599453
100.000000
100.000000
100.000000
100.000000
99.363718
99.572687
98.741005
99.480213
99.147501
99.469399
99.473913
100.000000
100.000000
100.000000
100.000000
100.000000
100.000000
100.000000
100.000000
100.000000
100.000000
100.000000
100.000000
100.000000
100.000000
100.000000
100.000000
100.000000
100.000000
100.000000
100.000000
100.000000
100.000000
100.000000
100.000000
100.000000
100.000000
100.000000
100.000000
100.000000
100.000000
100.000000
100.000000
100.000000
100.000000
100.000000
100.000000
100.000000
100.000000
99.588397
99.493143
100.000000
99.460481
99.804542
99.141825
99.720556
99.744373
100.000000
100.000000
100.000000
100.000000
100.000000
100.000000
100.000000
100.000000
100.000000
100.000000
100.000000
100.000000
100.000000
100.000000
100.000000
100.000000
100.000000
100.000000
100.000000
100.000000
100.000000
98.947387
100.000000
100.000000
100.000000
100.000000
100.000000
100.000000
100.000000
100.000000
100.000000
100.000000
100.000000
100.000000
100.000000
100.000000
100.000000
100.000000
100.000000
100.000000
100.000000
100.000000
100.000000
100.000000
100.000000
100.000000
100.000000
100.000000
100.000000
99.798776
100.000000
99.578678
100.000000
99.864223
100.000000
100.000000
100.000000
100.000000
100.000000
100.000000
100.000000
100.000000
100.000000
100.000000
100.000000
100.000000
100.000000
100.000000
100.000000
100.000000
100.000000
100.000000
100.000000
100.000000
99.964311
98.289469
99.987215
99.830173
100.000000
100.000000
100.000000
99.290462
99.955575
100.000000
100.000000
100.000000
100.000000
100.000000
100.000000
100.000000
100.000000
100.000000
100.000000
100.000000
100.000000
100.000000
100.000000
100.000000
100.000000
99.318887
100.000000
100.000000
100.000000
99.110824
99.284058
98.806398
100.000000
100.000000
100.000000
100.000000
100.000000
99.314811
100.000000
100.000000
100.000000
99.454843
98.706743
97.604215
99.506033
100.000000
100.000000
99.799823
97.286048
98.630176
99.885862
100.000000
100.000000
100.000000
99.562833
97.564538
98.870444
98.872544
99.388760
98.542168
98.172829
97.667563
97.652707
97.744707
98.734615
97.766812
97.683853
97.659342
100.000000
100.000000
100.000000
100.000000
100.000000
100.000000
100.000000
100.000000
100.000000
100.000000
100.000000
100.000000
100.000000
100.000000
100.000000
100.000000
100.000000
100.000000
100.000000
100.000000
100.000000
100.000000
100.000000
100.000000
100.000000
100.000000
100.000000
100.000000
100.000000
100.000000
100.000000
100.000000
100.000000
100.000000
100.000000
100.000000
100.000000
100.000000
100.000000
100.000000
100.000000
100.000000
100.000000
100.000000
100.000000
100.000000
100.000000
100.000000
100.000000
100.000000
100.000000
100.000000
100.000000
100.000000
100.000000
100.000000
100.000000
100.000000
100.000000
100.000000
100.000000
100.000000
100.000000
100.000000
100.000000
100.000000
100.000000
100.000000
100.000000
100.000000
100.000000
100.000000
100.000000
100.000000
100.000000
100.000000
100.000000
98.784566
99.827753
98.881370
100.000000
99.379957
99.163346
97.669595
99.888669
99.307736
100.000000
100.000000
100.000000
100.000000
100.000000
100.000000
100.000000
100.000000
100.000000
100.000000
100.000000
100.000000
100.000000
100.000000
100.000000
100.000000
100.000000
100.000000
100.000000
100.000000
100.000000
100.000000
100.000000
100.000000
100.000000
100.000000
100.000000
100.000000
100.000000
100.000000
100.000000
100.000000
100.000000
100.000000
100.000000
100.000000
100.000000
100.000000
100.000000
100.000000
100.000000
100.000000
100.000000
100.000000
100.000000
99.757693
99.122182
98.748482
99.796732
99.346112
100.000000
100.000000
100.000000
100.000000
100.000000
100.000000
100.000000
100.000000
100.000000
100.000000
100.000000
100.000000
100.000000
100.000000
100.000000
100.000000
100.000000
100.000000
100.000000
100.000000
100.000000
100.000000
100.000000
100.000000
100.000000
100.000000
100.000000
100.000000
100.000000
100.000000
100.000000
100.000000
100.000000
100.000000
100.000000
100.000000
100.000000
100.000000
100.000000
100.000000
100.000000
100.000000
100.000000
100.000000
100.000000
100.000000
100.000000
100.000000
100.000000
100.000000
100.000000
100.000000
100.000000
100.000000
100.000000
100.000000
100.000000
100.000000
100.000000
100.000000
100.000000
100.000000
100.000000
100.000000
100.000000
100.000000
100.000000
99.913985
100.000000
100.000000
100.000000
100.000000
100.000000
100.000000
100.000000
100.000000
100.000000
100.000000
100.000000
100.000000
100.000000
100.000000
100.000000
100.000000
100.000000
100.000000
100.000000
100.000000
100.000000
100.000000
100.000000
100.000000
100.000000
100.000000
100.000000
100.000000
100.000000
99.004601
99.858596
100.000000
100.000000
100.000000
100.000000
100.000000
100.000000
100.000000
100.000000
100.000000
100.000000
100.000000
100.000000
100.000000
100.000000
100.000000
100.000000
100.000000
100.000000
100.000000
100.000000
100.000000
100.000000
100.000000
100.000000
100.000000
100.000000
100.000000
100.000000
100.000000
100.000000
100.000000
100.000000
100.000000
100.000000
100.000000
100.000000
100.000000
100.000000
100.000000
100.000000
100.000000
100.000000
100.000000
100.000000
100.000000
99.000908
99.155341
99.287854
98.647790
99.946919
98.451868
97.874820
96.710887
98.536452
98.554229
98.597711
98.150267
97.999980
97.095625
97.618848
97.340663
97.382308
96.966726
97.182079
96.683757
97.175383
97.228580
97.886055
97.424618
97.535537
97.212198
97.260444
97.136005
97.690778
97.232240
97.714089
97.480322
97.811658
97.867546
98.915342
98.468439
98.849396
98.473433
98.771459
99.013438
100.000000
98.154158
97.982282
97.098055
99.020189
100.000000
100.000000
99.326176
99.747486
100.000000
100.000000
99.911584
100.000000
99.913981
100.000000
100.000000
100.000000
100.000000
100.000000
100.000000
100.000000
100.000000
100.000000
100.000000
100.000000
100.000000
100.000000
99.647814
100.000000
99.409363
99.464015
98.495907
98.361546
96.212991
98.353419
98.615798
100.000000
99.649285
99.803086
99.008829
99.153194
98.925184
99.448205
98.366560
98.553082
97.976582
99.008994
99.029120
99.878267
99.345909
99.587638
98.261008
99.128128
99.133143
99.659924
98.669392
98.332942
97.396041
97.664169
97.280256
98.255515
97.051266
97.059261
96.318423
97.080598
97.435775
98.509670
98.341552
98.768059
98.626116
99.429268
99.149138
100.000000
99.741094
99.747637
98.402423
99.741482
99.277048
99.720833
98.636117
97.129180
97.587084
98.306780
98.317285
99.700062
98.577070
99.330713
99.532002
100.000000
100.000000
100.000000
100.000000
100.000000
100.000000
100.000000
100.000000
100.000000
100.000000
100.000000
100.000000
100.000000
100.000000
100.000000
100.000000
100.000000
100.000000
100.000000
100.000000
100.000000
100.000000
100.000000
100.000000
100.000000
100.000000
100.000000
100.000000
100.000000
100.000000
100.000000
100.000000
100.000000
100.000000
100.000000
100.000000
100.000000
100.000000
100.000000
100.000000
100.000000
100.000000
100.000000
100.000000
100.000000
100.000000
100.000000
100.000000
100.000000
100.000000
100.000000
100.000000
100.000000
100.000000
100.000000
100.000000
100.000000
100.000000
100.000000
100.000000
100.000000
100.000000
100.000000
100.000000
100.000000
100.000000
100.000000
100.000000
100.000000
100.000000
100.000000
100.000000
100.000000
100.000000
100.000000
100.000000
100.000000
98.510957
97.655034
97.340573
97.562280
96.570118
97.897869
97.639767
99.226885
100.000000
100.000000
100.000000
100.000000
100.000000
100.000000
100.000000
100.000000
100.000000
100.000000
100.000000
100.000000
99.875377
100.000000
99.661175
99.966532
100.000000
100.000000
100.000000
100.000000
100.000000
99.358439
98.875353
99.015335
98.894953
99.024494
98.252905
97.028119
99.543674
99.374031
99.124419
99.489152
98.431714
97.979407
97.853903
98.968771
99.532992
100.000000
100.000000
100.000000
100.000000
100.000000
100.000000
100.000000
100.000000
100.000000
99.836619
99.727400
99.379405
99.753874
99.309380
99.164648
98.996253
98.633864
97.970144
98.463020
97.415184
98.004372
97.635903
97.573566
97.592572
99.003028
97.899034
99.399668
100.000000
100.000000
100.000000
100.000000
100.000000
100.000000
100.000000
100.000000
100.000000
100.000000
100.000000
100.000000
100.000000
100.000000
99.322763
100.000000
99.258477
99.657068
100.000000
100.000000
100.000000
100.000000
100.000000
100.000000
100.000000
100.000000
100.000000
100.000000
100.000000
100.000000
100.000000
100.000000
100.000000
100.000000
100.000000
100.000000
100.000000
100.000000
100.000000
100.000000
100.000000
100.000000
100.000000
100.000000
100.000000
100.000000
100.000000
100.000000
100.000000
100.000000
100.000000
100.000000
100.000000
100.000000
100.000000
100.000000
100.000000
100.000000
100.000000
100.000000
100.000000
100.000000
100.000000
100.000000
100.000000
100.000000
100.000000
100.000000
100.000000
100.000000
100.000000
100.000000
100.000000
100.000000
100.000000
100.000000
100.000000
100.000000
100.000000
100.000000
99.669225
100.000000
99.056411
97.050080
99.249126
99.317787
99.458518
100.000000
98.868149
98.906231
98.389812
98.922009
98.926079
98.946722
98.440388
98.602251
98.495742
98.614311
98.439523
99.194188
98.731935
98.387230
98.326859
97.973010
98.325247
99.833964
99.279642
99.911404
99.900314
99.772931
99.805001
100.000000
100.000000
100.000000
100.000000
100.000000
100.000000
100.000000
100.000000
100.000000
100.000000
100.000000
100.000000
100.000000
100.000000
100.000000
100.000000
100.000000
100.000000
100.000000
100.000000
100.000000
100.000000
100.000000
99.920053
100.000000
99.798319
99.367002
99.082993
100.000000
99.922339
100.000000
99.808309
98.981768
99.997819
99.881041
99.805755
100.000000
99.920253
100.000000
98.598680
99.872535
99.503676
99.755291
99.008176
99.228357
99.218330
99.847260
99.872793
99.886882
99.372716
99.314456
99.301187
99.490722
98.976649
99.824294
99.099571
99.468906
99.199287
99.347815
98.855928
99.758241
98.617928
98.996890
99.188339
99.007025
99.080083
99.726579
99.001081
99.377826
99.531504
99.234726
99.674843
100.000000
100.000000
100.000000
100.000000
100.000000
100.000000
100.000000
100.000000
100.000000
100.000000
100.000000
100.000000
100.000000
100.000000
100.000000
99.537480
100.000000
99.672589
99.634444
99.161213
98.499481
99.713130
99.495935
99.240766
99.853261
99.047035
99.188845
98.654357
99.290177
99.500451
100.000000
99.966022
100.000000
100.000000
100.000000
100.000000
100.000000
100.000000
99.685451
99.587871
99.038819
98.953247
99.409645
99.049913
99.309395
99.509723
99.802840
99.899021
100.000000
99.915436
100.000000
100.000000
100.000000
96.710323
97.521759
97.018046
97.368530
97.583587
97.947043
98.193843
98.625964
98.018734
97.455646
97.012906
97.355624
97.396999
98.138929
97.864144
98.277872
98.295618
99.141453
98.935036
100.000000
100.000000
100.000000
100.000000
100.000000
100.000000
100.000000
100.000000
100.000000
100.000000
100.000000
100.000000
100.000000
100.000000
100.000000
98.857556
100.000000
100.000000
100.000000
100.000000
100.000000
100.000000
100.000000
100.000000
100.000000
100.000000
100.000000
100.000000
100.000000
100.000000
100.000000
100.000000
100.000000
100.000000
100.000000
100.000000
100.000000
100.000000
100.000000
100.000000
100.000000
100.000000
100.000000
100.000000
100.000000
100.000000
100.000000
100.000000
100.000000
100.000000
100.000000
100.000000
100.000000
100.000000
100.000000
100.000000
100.000000
100.000000
100.000000
100.000000
100.000000
100.000000
100.000000
100.000000
100.000000
100.000000
100.000000
100.000000
100.000000
100.000000
100.000000
100.000000
100.000000
100.000000
100.000000
100.000000
100.000000
100.000000
100.000000
100.000000
100.000000
100.000000
100.000000
100.000000
100.000000
100.000000
100.000000
100.000000
100.000000
100.000000
100.000000
100.000000
100.000000
100.000000
100.000000
100.000000
100.000000
100.000000
100.000000
100.000000
100.000000
100.000000
100.000000
100.000000
100.000000
100.000000
100.000000
100.000000
100.000000
100.000000
100.000000
100.000000
100.000000
100.000000
100.000000
100.000000
100.000000
100.000000
100.000000
100.000000
100.000000
100.000000
100.000000
99.216896
99.761752
99.362291
99.980771
99.550646
98.949904
100.000000
100.000000
100.000000
100.000000
99.429194
99.160623
97.941767
98.685723
98.934404
99.098276
99.065480
99.303321
99.142038
100.000000
100.000000
100.000000
100.000000
100.000000
100.000000
100.000000
100.000000
100.000000
100.000000
100.000000
99.655978
100.000000
100.000000
100.000000
100.000000
100.000000
100.000000
100.000000
100.000000
100.000000
100.000000
100.000000
100.000000
100.000000
100.000000
100.000000
99.977185
99.538321
99.038961
98.698699
98.642731
98.804690
98.618110
98.889249
98.714462
98.552761
98.640986
99.415553
99.105751
99.279128
98.976681
99.575042
99.625937
99.788862
99.231534
98.359991
99.287378
99.226573
99.106030
99.451543
99.004918
99.138104
98.579665
99.344956
99.821207
100.000000
100.000000
100.000000
100.000000
100.000000
100.000000
100.000000
100.000000
100.000000
100.000000
100.000000
100.000000
100.000000
100.000000
100.000000
100.000000
100.000000
100.000000
100.000000
100.000000
100.000000
100.000000
100.000000
100.000000
100.000000
100.000000
100.000000
100.000000
100.000000
100.000000
100.000000
100.000000
100.000000
100.000000
99.968022
99.749826
100.000000
100.000000
100.000000
100.000000
100.000000
100.000000
100.000000
99.895114
100.000000
100.000000
99.958269
99.800762
100.000000
100.000000
100.000000
100.000000
100.000000
99.586378
100.000000
99.258416
99.378287
98.896334
99.781688
99.772402
99.876957
99.468454
99.505951
99.328449
99.448730
99.715790
99.794075
99.746965
99.625746
99.545267
99.467853
99.415441
99.902944
99.538695
99.661606
99.499951
99.390284
99.326482
100.000000
99.386467
99.763293
99.798200
99.720094
99.815157
100.000000
99.888437
100.000000
100.000000
99.916194
100.000000
100.000000
100.000000
100.000000
100.000000
100.000000
100.000000
100.000000
100.000000
100.000000
100.000000
100.000000
100.000000
100.000000
100.000000
100.000000
100.000000
100.000000
100.000000
100.000000
100.000000
100.000000
100.000000
100.000000
100.000000
100.000000
100.000000
100.000000
100.000000
100.000000
100.000000
100.000000
100.000000
100.000000
100.000000
100.000000
100.000000
100.000000
100.000000
100.000000
100.000000
100.000000
100.000000
100.000000
100.000000
100.000000
100.000000
100.000000
100.000000
100.000000
100.000000
100.000000
100.000000
100.000000
99.987690
100.000000
99.759217
100.000000
100.000000
100.000000
100.000000
100.000000
100.000000
100.000000
100.000000
100.000000
100.000000
100.000000
100.000000
100.000000
100.000000
99.900212
100.000000
100.000000
100.000000
100.000000
99.845250
100.000000
99.750529
100.000000
100.000000
99.747528
100.000000
100.000000
100.000000
100.000000
99.979915
99.928685
99.212628
99.793125
99.663293
99.909206
99.576405
99.439055
99.267639
99.300300
99.222294
99.671469
99.218566
99.660279
99.833844
99.755356
99.899702
100.000000
100.000000
100.000000
99.938795
99.968835
99.582790
100.000000
99.681837
99.828153
99.917261
99.673554
99.801185
100.000000
99.637622
100.000000
99.812613
99.806948
99.955787
100.000000
100.000000
100.000000
100.000000
100.000000
100.000000
100.000000
100.000000
100.000000
100.000000
100.000000
100.000000
100.000000
100.000000
100.000000
99.244837
100.000000
100.000000
100.000000
99.889238
98.141587
98.899467
98.677715
98.340557
98.626650
98.411771
98.798806
97.882873
98.974722
99.204887
99.469812
99.461281
99.922874
100.000000
100.000000
99.795561
100.000000
100.000000
99.865109
99.570196
100.000000
100.000000
100.000000
100.000000
100.000000
100.000000
100.000000
100.000000
100.000000
100.000000
100.000000
100.000000
100.000000
100.000000
100.000000
100.000000
100.000000
100.000000
100.000000
100.000000
100.000000
100.000000
100.000000
100.000000
100.000000
100.000000
100.000000
100.000000
100.000000
99.366709
100.000000
99.762809
100.000000
99.565362
99.360337
98.050529
99.131804
99.252090
99.612972
99.269945
96.562113
97.835200
97.961617
97.728862
99.015766
98.133109
98.082105
96.292619
97.883138
98.122489
98.894583
99.207134
99.030204
98.070454
99.686398
99.801767
100.000000
100.000000
100.000000
98.412103
99.327001
99.195609
100.000000
99.781765
99.625675
98.763235
99.140485
98.964230
99.107797
99.105719
99.566931
99.278690
99.971518
99.925880
100.000000
99.381387
99.711699
99.376262
100.000000
99.938334
100.000000
99.325059
99.170691
99.589765
99.736054
99.751732
100.000000
100.000000
100.000000
99.297948
98.464324
98.564727
100.000000
100.000000
100.000000
99.295257
99.591894
99.491634
99.872964
100.000000
100.000000
100.000000
100.000000
100.000000
100.000000
99.286633
99.454368
99.511423
100.000000
99.940156
100.000000
99.927206
100.000000
100.000000
100.000000
100.000000
100.000000
100.000000
100.000000
100.000000
99.292411
98.668122
99.292889
98.511017
98.151195
99.572775
100.000000
100.000000
100.000000
100.000000
100.000000
100.000000
100.000000
100.000000
100.000000
100.000000
100.000000
100.000000
100.000000
100.000000
100.000000
100.000000
100.000000
100.000000
100.000000
100.000000
100.000000
100.000000
100.000000
100.000000
100.000000
100.000000
100.000000
100.000000
100.000000
100.000000
100.000000
100.000000
100.000000
100.000000
100.000000
100.000000
100.000000
100.000000
100.000000
100.000000
100.000000
100.000000
100.000000
100.000000
100.000000
99.796296
99.695980
98.141054
98.212065
97.352662
99.129236
97.435856
98.178459
99.366908
100.000000
100.000000
100.000000
100.000000
100.000000
100.000000
100.000000
100.000000
100.000000
100.000000
100.000000
100.000000
100.000000
100.000000
100.000000
100.000000
100.000000
100.000000
100.000000
100.000000
100.000000
100.000000
100.000000
100.000000
100.000000
100.000000
100.000000
100.000000
100.000000
100.000000
100.000000
100.000000
100.000000
100.000000
100.000000
100.000000
100.000000
100.000000
100.000000
100.000000
99.482437
99.711643
100.000000
100.000000
100.000000
100.000000
100.000000
98.169207
100.000000
99.865855
100.000000
100.000000
100.000000
99.382223
100.000000
99.660890
100.000000
99.944924
99.769874
99.085731
99.258477
99.342401
100.000000
100.000000
100.000000
100.000000
100.000000
100.000000
100.000000
100.000000
100.000000
100.000000
100.000000
100.000000
100.000000
100.000000
100.000000
100.000000
100.000000
100.000000
100.000000
100.000000
100.000000
100.000000
100.000000
100.000000
100.000000
100.000000
99.818168
99.292509
99.742936
99.434510
100.000000
99.537028
99.590535
98.816004
99.682252
99.662022
100.000000
99.283770
98.658352
99.811135
99.756666
99.747968
100.000000
99.657201
99.367719
98.728931
99.678999
99.391330
99.983793
99.924424
100.000000
100.000000
100.000000
100.000000
100.000000
100.000000
100.000000
100.000000
100.000000
100.000000
100.000000
100.000000
100.000000
100.000000
100.000000
100.000000
100.000000
100.000000
100.000000
100.000000
100.000000
100.000000
100.000000
100.000000
100.000000
100.000000
100.000000
100.000000
100.000000
100.000000
100.000000
99.746061
99.181390
99.034815
99.820986
99.555042
100.000000
100.000000
100.000000
100.000000
100.000000
100.000000
100.000000
100.000000
100.000000
100.000000
100.000000
100.000000
100.000000
100.000000
100.000000
100.000000
100.000000
100.000000
100.000000
100.000000
100.000000
100.000000
100.000000
100.000000
100.000000
100.000000
100.000000
100.000000
100.000000
100.000000
100.000000
100.000000
100.000000
100.000000
100.000000
100.000000
100.000000
100.000000
100.000000
100.000000
100.000000
100.000000
100.000000
100.000000
100.000000
100.000000
100.000000
100.000000
100.000000
100.000000
100.000000
100.000000
100.000000
100.000000
100.000000
100.000000
100.000000
100.000000
100.000000
100.000000
100.000000
100.000000
100.000000
100.000000
100.000000
100.000000
100.000000
100.000000
100.000000
100.000000
100.000000
100.000000
100.000000
100.000000
100.000000
100.000000
100.000000
100.000000
100.000000
100.000000
100.000000
100.000000
100.000000
100.000000
99.772854
98.136158
98.318175
98.462513
99.580626
99.038066
99.728384
100.000000
100.000000
100.000000
100.000000
100.000000
100.000000
100.000000
100.000000
100.000000
100.000000
100.000000
100.000000
100.000000
100.000000
100.000000
100.000000
100.000000
100.000000
100.000000
100.000000
100.000000
100.000000
100.000000
100.000000
100.000000
99.667172
98.916024
99.538275
98.981903
99.253026
100.000000
100.000000
100.000000
100.000000
100.000000
100.000000
100.000000
100.000000
100.000000
100.000000
100.000000
100.000000
100.000000
100.000000
100.000000
100.000000
100.000000
100.000000
100.000000
100.000000
100.000000
100.000000
100.000000
100.000000
100.000000
100.000000
100.000000
100.000000
100.000000
100.000000
100.000000
100.000000
100.000000
100.000000
100.000000
100.000000
100.000000
100.000000
100.000000
100.000000
100.000000
100.000000
100.000000
100.000000
100.000000
100.000000
100.000000
100.000000
100.000000
100.000000
100.000000
100.000000
100.000000
100.000000
100.000000
99.421428
99.227423
99.537122
98.501660
98.196260
98.596246
98.505663
98.994145
100.000000
99.275173
98.199535
97.347856
97.205316
97.596316
98.600906
98.886195
98.779636
100.000000
99.841091
99.992029
100.000000
99.388825
99.586052
99.437295
100.000000
100.000000
100.000000
100.000000
100.000000
100.000000
100.000000
100.000000
100.000000
100.000000
100.000000
100.000000
100.000000
100.000000
100.000000
100.000000
100.000000
100.000000
100.000000
100.000000
100.000000
100.000000
100.000000
100.000000
100.000000
100.000000
100.000000
99.716508
99.400051
99.084817
98.578620
98.611779
99.206912
98.529894
98.777400
99.094651
99.031527
99.332039
100.000000
99.482305
99.595956
99.586781
99.628636
99.467023
100.000000
99.128655
99.347653
98.820176
99.268344
99.466046
99.953142
99.712500
98.824069
99.240000
99.109152
98.826321
99.526396
98.611167
98.768122
98.032210
98.733219
98.751873
99.586128
99.080765
99.620266
100.000000
100.000000
100.000000
100.000000
100.000000
100.000000
100.000000
100.000000
100.000000
100.000000
100.000000
100.000000
100.000000
100.000000
100.000000
100.000000
100.000000
100.000000
100.000000
100.000000
99.283270
100.000000
99.388240
99.715999
99.509748
98.829197
98.833494
99.869568
99.228316
99.688704
100.000000
99.896566
100.000000
100.000000
99.989562
99.780743
100.000000
99.958899
99.667652
100.000000
99.239166
99.096820
98.768872
98.818876
98.896091
99.603953
99.301261
99.710550
100.000000
100.000000
100.000000
100.000000
100.000000
100.000000
99.950044
99.993318
100.000000
100.000000
100.000000
100.000000
100.000000
100.000000
100.000000
100.000000
100.000000
100.000000
100.000000
100.000000
100.000000
100.000000
100.000000
100.000000
100.000000
100.000000
99.081845
99.793706
98.447735
98.433548
98.310070
98.546539
98.776162
100.000000
99.878842
99.864678
99.538193
98.832773
98.287750
99.753777
99.204386
99.227360
99.477688
99.330493
98.958106
99.294980
98.427987
98.384978
98.636665
98.720440
98.684392
99.190577
98.575081
98.609889
98.388782
99.133223
99.441968
100.000000
99.501796
98.938760
99.188727
99.126567
98.882156
99.854790
99.539234
100.000000
99.585397
100.000000
100.000000
100.000000
100.000000
100.000000
100.000000
100.000000
100.000000
100.000000
100.000000
100.000000
100.000000
100.000000
100.000000
100.000000
100.000000
100.000000
100.000000
100.000000
100.000000
100.000000
100.000000
100.000000
100.000000
100.000000
100.000000
100.000000
100.000000
100.000000
100.000000
100.000000
100.000000
100.000000
100.000000
100.000000
100.000000
100.000000
100.000000
100.000000
100.000000
100.000000
100.000000
100.000000
100.000000
100.000000
100.000000
100.000000
100.000000
100.000000
100.000000
100.000000
100.000000
100.000000
100.000000
100.000000
100.000000
100.000000
100.000000
100.000000
100.000000
100.000000
100.000000
100.000000
100.000000
100.000000
100.000000
100.000000
100.000000
100.000000
100.000000
100.000000
100.000000
100.000000
100.000000
100.000000
100.000000
100.000000
100.000000
100.000000
100.000000
100.000000
100.000000
100.000000
100.000000
100.000000
100.000000
100.000000
100.000000
100.000000
100.000000
100.000000
100.000000
100.000000
100.000000
100.000000
100.000000
100.000000
100.000000
100.000000
100.000000
100.000000
99.811383
99.890514
99.853527
99.952201
99.492283
99.604400
97.705000
98.810001
98.740083
99.160260
98.385068
97.546419
98.232680
99.057608
99.213205
99.576699
99.060928
98.745264
97.821601
99.135327
99.325960
99.463394
99.313646
99.236101
98.791767
99.942001
99.781154
99.975890
99.189648
99.743855
98.095278
98.624166
98.597238
98.936502
98.856504
99.189371
97.581446
98.663722
98.214938
98.931455
99.025632
98.702357
97.687237
98.002497
98.194067
98.592355
98.006896
97.636143
97.301965
99.264974
98.555905
99.015206
98.626898
98.876641
95.917003
98.189352
98.134676
99.027104
98.176187
98.184319
98.202422
98.609493
98.858844
99.707599
99.436804
99.820330
98.026799
99.216356
98.843111
99.610137
98.663460
97.005249
97.677477
98.528605
98.888761
99.453670
99.141528
98.371942
98.147250
98.852816
98.544492
98.847362
98.586538
98.534410
95.849847
97.513001
97.491029
98.834426
98.204359
98.734092
98.908934
98.748667
98.837264
98.660082
98.519882
98.251755
96.599994
97.718742
97.293805
97.805240
97.907860
97.902464
97.195588
99.108939
99.072205
98.912510
98.833634
99.256243
98.337222
99.261801
99.139920
99.209850
98.723307
98.616284
97.252310
99.762956
100.000000
100.000000
100.000000
99.798695
98.550155
100.000000
100.000000
100.000000
100.000000
100.000000
97.789033
99.758548
99.963841
99.516062
99.423970
98.037470
98.989965
99.677441
99.686622
100.000000
100.000000
100.000000
99.606416
100.000000
99.587600
100.000000
99.334376
99.401870
98.680779
100.000000
100.000000
100.000000
100.000000
100.000000
99.906010
100.000000
99.855323
100.000000
100.000000
99.792997
97.890862
98.725332
97.902941
98.836839
98.069679
97.480257
95.722436
97.637084
97.863587
98.364808
97.139872
96.722224
95.494749
97.936233
98.231622
98.167114
97.887772
97.621077
97.234505
98.428218
98.416401
98.143753
98.174472
98.090797
96.365972
97.605829
97.514928
98.389253
97.983125
98.484934
95.665017
98.501603
98.337707
98.485716
98.158495
99.201766
