94.554721
99.699982
99.132280
99.524832
97.999490
98.122913
98.014572
98.648266
99.014464
98.529389
99.723854
100.000000
100.000000
99.015109
98.013211
97.910583
98.656693
100.000000
100.000000
100.000000
99.748169
99.743902
98.538655
99.223506
99.792716
99.194985
98.417114
98.615685
97.531684
98.428536
99.770441
98.868704
98.591998
99.587885
100.000000
100.000000
100.000000
100.000000
100.000000
100.000000
100.000000
100.000000
100.000000
100.000000
100.000000
100.000000
100.000000
100.000000
100.000000
100.000000
100.000000
100.000000
100.000000
100.000000
100.000000
100.000000
100.000000
100.000000
100.000000
100.000000
100.000000
100.000000
100.000000
100.000000
100.000000
100.000000
100.000000
98.912625
98.222089
99.360049
98.972472
98.975908
100.000000
99.831143
100.000000
100.000000
100.000000
100.000000
100.000000
99.493686
99.324100
99.686813
99.698267
99.859686
100.000000
100.000000
100.000000
100.000000
100.000000
100.000000
100.000000
100.000000
100.000000
100.000000
100.000000
100.000000
100.000000
100.000000
100.000000
100.000000
100.000000
100.000000
100.000000
100.000000
100.000000
100.000000
100.000000
100.000000
100.000000
100.000000
100.000000
100.000000
100.000000
100.000000
100.000000
100.000000
100.000000
100.000000
100.000000
100.000000
100.000000
100.000000
100.000000
100.000000
100.000000
100.000000
100.000000
100.000000
100.000000
100.000000
100.000000
100.000000
100.000000
100.000000
100.000000
100.000000
100.000000
100.000000
100.000000
100.000000
100.000000
100.000000
100.000000
100.000000
100.000000
100.000000
100.000000
100.000000
100.000000
100.000000
100.000000
100.000000
100.000000
100.000000
100.000000
100.000000
100.000000
100.000000
100.000000
100.000000
100.000000
100.000000
100.000000
100.000000
99.677739
100.000000
99.124825
99.620255
100.000000
99.137892
99.601497
100.000000
100.000000
100.000000
100.000000
100.000000
100.000000
100.000000
100.000000
100.000000
98.093330
97.935858
97.828619
98.575739
97.602098
97.116722
95.771275
97.160682
97.880021
97.866494
97.164616
97.273707
97.436025
97.653993
98.099271
99.071821
98.567861
98.717546
98.743485
98.314314
98.248830
98.931730
98.397380
98.137989
97.471170
97.469659
97.992219
98.880223
98.014005
98.340946
97.986863
98.395906
98.570446
99.255757
98.594885
99.012364
98.988407
98.067240
97.865862
98.601569
97.800342
97.449704
100.000000
99.231362
98.732277
99.401841
98.509556
98.780755
97.713841
97.460399
97.273249
98.466342
97.341487
97.152327
97.767409
97.798930
97.006958
100.000000
100.000000
100.000000
100.000000
97.189621
95.847626
96.880255
94.705195
94.430029
94.790605
96.090441
96.160986
98.201280
96.924346
97.404591
99.626460
99.746887
99.726602
100.000000
99.874363
99.840443
99.698511
98.806035
98.467162
99.648454
96.885852
96.574656
98.341784
94.999382
94.513093
95.226107
93.489514
93.443222
95.931964
96.358914
96.439662
97.814811
98.239978
97.431670
99.126240
99.315871
99.017876
100.000000
100.000000
100.000000
100.000000
99.223310
98.702167
100.000000
97.481860
96.926096
97.381267
94.552144
93.946622
96.730406
95.075082
95.290030
95.881389
96.472734
96.727002
97.201672
95.413699
93.927420
96.260592
95.165412
95.261294
96.512622
95.013733
93.564619
94.015737
95.488491
94.998088
96.215300
97.208087
97.231242
98.914721
98.981788
99.437996
100.000000
100.000000
100.000000
99.500846
97.404335
97.011547
99.041859
99.252691
99.430111
100.000000
100.000000
100.000000
100.000000
100.000000
100.000000
100.000000
100.000000
100.000000
100.000000
100.000000
100.000000
100.000000
100.000000
100.000000
100.000000
100.000000
100.000000
100.000000
100.000000
100.000000
100.000000
100.000000
100.000000
100.000000
100.000000
100.000000
100.000000
100.000000
100.000000
100.000000
100.000000
100.000000
100.000000
100.000000
100.000000
100.000000
100.000000
100.000000
100.000000
100.000000
100.000000
100.000000
100.000000
100.000000
100.000000
100.000000
100.000000
100.000000
100.000000
100.000000
100.000000
100.000000
100.000000
100.000000
100.000000
100.000000
100.000000
100.000000
100.000000
100.000000
100.000000
100.000000
100.000000
100.000000
100.000000
100.000000
100.000000
100.000000
100.000000
100.000000
100.000000
100.000000
100.000000
100.000000
100.000000
100.000000
100.000000
99.380284
99.203748
99.344478
100.000000
99.856885
100.000000
100.000000
100.000000
100.000000
100.000000
100.000000
100.000000
100.000000
100.000000
100.000000
100.000000
100.000000
100.000000
100.000000
100.000000
100.000000
100.000000
100.000000
100.000000
100.000000
100.000000
100.000000
100.000000
99.834815
99.734432
98.972650
98.620921
98.565643
99.906344
99.030014
99.804388
100.000000
100.000000
100.000000
100.000000
100.000000
100.000000
100.000000
100.000000
100.000000
100.000000
99.778502
99.900848
99.751674
100.000000
100.000000
100.000000
99.760622
98.972103
98.917236
98.021660
97.618438
98.317067
97.277054
97.816806
97.621741
98.594305
98.891950
100.000000
99.246913
98.187297
99.258799
99.887169
100.000000
100.000000
100.000000
100.000000
100.000000
100.000000
100.000000
100.000000
100.000000
99.956168
100.000000
99.969942
99.313588
100.000000
99.025608
98.229406
96.752525
98.786466
99.418728
99.956196
99.888917
99.951194
98.451585
98.969729
98.722396
99.127191
97.960932
98.475405
97.769147
98.064827
97.998714
99.525177
99.211993
99.065054
97.713966
97.350417
98.042852
99.001095
98.898400
98.784678
98.177466
97.572875
97.604070
98.190848
97.121104
96.779118
97.763673
96.768129
96.140133
96.595242
96.664427
96.036459
94.836194
97.201995
97.179246
99.834354
98.135590
98.387337
100.000000
100.000000
100.000000
100.000000
100.000000
100.000000
100.000000
100.000000
100.000000
100.000000
100.000000
100.000000
100.000000
100.000000
100.000000
100.000000
100.000000
100.000000
100.000000
100.000000
100.000000
100.000000
100.000000
100.000000
100.000000
100.000000
100.000000
100.000000
100.000000
100.000000
100.000000
100.000000
100.000000
100.000000
100.000000
100.000000
100.000000
100.000000
100.000000
100.000000
100.000000
100.000000
100.000000
100.000000
100.000000
100.000000
100.000000
100.000000
100.000000
100.000000
100.000000
100.000000
100.000000
100.000000
100.000000
100.000000
100.000000
100.000000
100.000000
100.000000
100.000000
99.943629
99.547155
100.000000
100.000000
99.936761
99.120095
99.802392
100.000000
100.000000
100.000000
100.000000
100.000000
99.665830
98.955849
99.312916
98.338014
98.251946
97.319727
97.828270
97.946914
98.751132
99.106314
99.049957
99.606711
100.000000
100.000000
100.000000
100.000000
100.000000
100.000000
100.000000
100.000000
100.000000
100.000000
100.000000
100.000000
100.000000
100.000000
100.000000
100.000000
100.000000
100.000000
100.000000
100.000000
100.000000
100.000000
100.000000
100.000000
100.000000
100.000000
100.000000
100.000000
100.000000
100.000000
100.000000
100.000000
100.000000
100.000000
100.000000
100.000000
99.836972
99.950685
100.000000
98.917661
98.462423
98.124658
98.117272
98.155955
97.738380
96.903323
97.234641
99.878053
99.317777
99.129040
99.809876
98.876379
98.978252
98.635859
98.850466
99.062894
99.371294
100.000000
100.000000
100.000000
100.000000
100.000000
100.000000
100.000000
100.000000
100.000000
100.000000
100.000000
100.000000
100.000000
100.000000
100.000000
100.000000
100.000000
100.000000
100.000000
100.000000
98.318749
97.690083
97.464509
98.007837
97.214539
97.795428
98.675086
97.562542
97.510284
98.253456
97.572177
97.760879
98.714348
97.430675
97.217152
98.059841
97.375584
97.845605
98.941602
98.139496
97.913556
98.327189
97.567888
97.498440
97.528824
97.832156
97.818164
98.206525
97.876078
97.701364
99.587776
98.247923
97.780734
98.148214
97.508635
97.472506
97.160477
97.441846
97.476646
97.730963
97.768156
97.869331
98.114712
97.874977
97.998791
98.654718
98.088217
98.083938
98.406855
97.758177
97.790481
98.359439
97.942402
98.172598
98.827828
98.029262
97.931603
98.632403
97.953936
98.420610
98.815092
97.956249
97.937091
98.765592
98.159949
98.449202
99.261025
98.392440
98.604008
99.224036
98.802692
98.984194
99.797693
98.861570
98.683157
99.423878
98.850100
99.096883
99.987276
99.043760
99.151532
99.644877
98.899378
98.900226
99.325267
98.990717
99.121787
99.734940
99.419155
99.882636
100.000000
99.904169
99.556026
100.000000
99.370798
99.204412
99.218749
99.621811
99.575756
99.577159
99.764961
99.742188
99.908950
99.139575
99.243122
99.662274
99.442158
99.449903
99.525356
99.152815
99.193331
99.455255
99.179527
99.327652
99.505057
98.842429
98.723153
99.076962
98.651049
99.040038
99.586296
98.752299
98.364876
98.966550
98.038390
98.603581
99.183978
98.419223
98.325778
98.999935
98.335191
98.414399
99.311640
98.551846
98.526576
99.096929
98.275388
98.262762
99.009462
98.254191
98.208572
98.998084
98.238815
99.129749
98.621661
98.870891
99.019316
98.949138
99.325574
98.761431
99.277342
98.139209
98.359715
98.577097
98.039841
98.365583
97.093826
98.478127
97.821635
98.438025
97.651792
98.218897
98.115092
97.955080
97.795673
98.431734
97.955418
98.484211
99.026854
98.582232
98.532633
99.232632
99.038938
98.982970
99.077282
98.376533
98.536387
98.847084
98.618239
98.780959
98.993017
98.354154
98.375821
98.757892
98.437409
98.665210
99.006649
98.616259
98.649513
99.176099
99.236131
99.596623
100.000000
100.000000
99.935890
100.000000
99.540812
99.287312
99.525083
99.116330
99.303740
99.770853
98.512158
98.526944
97.796758
98.820395
98.755395
98.613699
97.452062
96.672123
97.862372
96.638098
96.205367
96.499046
96.485035
96.537687
96.034563
96.799429
97.256127
97.307973
97.754984
98.173909
99.052785
98.487327
98.898366
99.183745
99.292159
99.869418
100.000000
99.687857
100.000000
100.000000
100.000000
100.000000
100.000000
100.000000
100.000000
100.000000
100.000000
100.000000
100.000000
100.000000
100.000000
100.000000
100.000000
100.000000
100.000000
100.000000
100.000000
100.000000
100.000000
100.000000
100.000000
100.000000
100.000000
100.000000
100.000000
100.000000
100.000000
100.000000
100.000000
100.000000
100.000000
100.000000
100.000000
100.000000
100.000000
100.000000
100.000000
100.000000
100.000000
100.000000
100.000000
100.000000
100.000000
100.000000
100.000000
100.000000
100.000000
100.000000
100.000000
100.000000
100.000000
99.978368
99.504259
99.481802
99.195050
98.683134
98.331721
96.788351
95.962664
96.427883
95.981296
96.641558
99.036932
97.527745
98.600641
98.722885
98.727053
100.000000
100.000000
100.000000
100.000000
100.000000
100.000000
100.000000
100.000000
100.000000
100.000000
100.000000
100.000000
100.000000
100.000000
100.000000
100.000000
100.000000
100.000000
100.000000
100.000000
100.000000
99.736226
100.000000
99.077986
98.954653
98.332485
99.307287
99.832830
100.000000
100.000000
100.000000
100.000000
100.000000
100.000000
100.000000
100.000000
100.000000
100.000000
100.000000
100.000000
100.000000
100.000000
100.000000
100.000000
100.000000
100.000000
100.000000
100.000000
100.000000
100.000000
100.000000
100.000000
100.000000
100.000000
100.000000
100.000000
100.000000
100.000000
100.000000
100.000000
100.000000
100.000000
100.000000
100.000000
100.000000
100.000000
100.000000
100.000000
100.000000
100.000000
100.000000
100.000000
100.000000
100.000000
100.000000
100.000000
100.000000
100.000000
100.000000
100.000000
100.000000
100.000000
100.000000
100.000000
100.000000
100.000000
100.000000
100.000000
100.000000
100.000000
99.727142
100.000000
100.000000
100.000000
100.000000
100.000000
100.000000
99.823729
100.000000
100.000000
99.701596
99.918077
100.000000
100.000000
100.000000
100.000000
100.000000
100.000000
100.000000
100.000000
100.000000
100.000000
100.000000
100.000000
100.000000
100.000000
99.976726
99.674329
100.000000
99.496401
100.000000
100.000000
100.000000
100.000000
100.000000
100.000000
100.000000
100.000000
100.000000
100.000000
100.000000
100.000000
100.000000
100.000000
99.258613
98.868809
99.253874
98.719062
98.841079
99.363192
99.133349
99.305220
99.897433
99.543820
99.245210
98.758112
99.239480
98.856793
99.058134
99.280119
98.345013
100.000000
99.463980
98.991219
98.780850
98.010136
97.958949
97.376418
98.187085
98.158792
97.962073
98.500448
99.136251
99.592502
99.585085
99.355930
99.843402
100.000000
100.000000
99.544950
98.423415
98.368379
99.554900
99.863876
100.000000
100.000000
100.000000
100.000000
100.000000
100.000000
100.000000
100.000000
100.000000
100.000000
100.000000
100.000000
99.862824
100.000000
99.673714
99.737136
100.000000
100.000000
99.945005
100.000000
99.802312
99.337247
99.790985
99.366705
99.509703
99.196712
98.321493
98.258085
98.733806
98.246248
98.665844
98.376547
98.693137
98.400227
98.811935
100.000000
100.000000
100.000000
100.000000
100.000000
100.000000
100.000000
100.000000
100.000000
100.000000
100.000000
100.000000
100.000000
100.000000
99.672251
100.000000
100.000000
100.000000
98.734669
98.511080
97.906160
98.576487
99.144571
100.000000
100.000000
100.000000
100.000000
100.000000
100.000000
100.000000
100.000000
100.000000
100.000000
100.000000
100.000000
100.000000
100.000000
100.000000
100.000000
100.000000
100.000000
100.000000
99.618086
99.562113
100.000000
98.755761
98.159665
99.484632
97.670501
98.774924
98.834117
98.043733
97.658497
99.541554
99.557633
99.786612
99.941816
100.000000
99.708921
100.000000
100.000000
99.937953
100.000000
99.481208
99.079047
100.000000
99.917024
99.302653
99.004889
99.241779
98.656434
99.244153
97.774162
97.252432
97.612428
96.419666
96.307228
98.882940
98.606354
98.225201
98.603189
98.556346
98.489414
98.934686
98.553798
98.545162
99.749088
100.000000
100.000000
100.000000
100.000000
100.000000
99.622033
99.609620
99.931335
100.000000
99.883497
99.358553
98.088844
99.262019
98.652867
98.262892
97.317146
97.544609
97.727095
98.432613
98.847700
99.384131
98.610383
98.399245
98.308293
98.098718
98.119686
98.868168
97.819528
97.182361
96.286280
98.378280
98.870184
99.487655
98.184945
96.287376
97.349624
98.309390
98.167763
99.145860
98.579288
98.046930
96.291119
95.992809
96.505724
97.914325
96.848194
97.732778
96.895674
96.062066
96.108122
97.708398
95.647145
95.269309
97.177152
97.727055
97.069670
99.249402
99.982183
100.000000
100.000000
100.000000
100.000000
100.000000
100.000000
100.000000
100.000000
100.000000
100.000000
100.000000
100.000000
100.000000
99.756407
100.000000
99.568922
100.000000
98.695702
99.271040
100.000000
100.000000
100.000000
100.000000
100.000000
100.000000
100.000000
99.814433
100.000000
100.000000
100.000000
100.000000
100.000000
100.000000
100.000000
100.000000
100.000000
100.000000
100.000000
100.000000
100.000000
100.000000
100.000000
100.000000
100.000000
100.000000
100.000000
100.000000
100.000000
100.000000
100.000000
100.000000
100.000000
100.000000
100.000000
100.000000
100.000000
100.000000
99.443779
100.000000
99.562280
99.453598
100.000000
97.727465
98.300908
99.239377
98.269795
98.715826
100.000000
99.015973
99.069115
99.866463
98.658064
98.361164
97.733554
97.309371
96.873699
97.859439
96.980686
96.595159
96.251440
97.709965
96.575995
99.346587
98.328053
98.646733
99.620102
100.000000
100.000000
100.000000
100.000000
100.000000
100.000000
100.000000
100.000000
100.000000
100.000000
100.000000
100.000000
100.000000
100.000000
100.000000
100.000000
100.000000
100.000000
100.000000
100.000000
100.000000
100.000000
100.000000
100.000000
100.000000
99.717153
100.000000
99.861872
100.000000
100.000000
100.000000
99.988610
100.000000
98.907953
99.949346
99.045520
98.200209
98.114794
98.326009
97.849212
97.976793
97.971921
96.708326
96.211031
97.199163
96.926274
98.126988
98.794688
97.951826
97.595778
98.362381
97.713897
98.448289
99.758276
98.804284
98.662663
99.778708
99.273020
99.922295
100.000000
100.000000
99.761334
100.000000
100.000000
99.875620
100.000000
99.317149
98.697773
99.773199
99.778210
100.000000
100.000000
100.000000
100.000000
100.000000
100.000000
100.000000
100.000000
100.000000
100.000000
100.000000
100.000000
100.000000
100.000000
100.000000
100.000000
100.000000
100.000000
100.000000
100.000000
100.000000
100.000000
100.000000
100.000000
100.000000
99.987511
100.000000
100.000000
100.000000
100.000000
100.000000
100.000000
100.000000
100.000000
100.000000
100.000000
100.000000
99.992462
100.000000
100.000000
100.000000
100.000000
99.836519
98.639650
100.000000
100.000000
100.000000
100.000000
100.000000
99.815837
100.000000
100.000000
100.000000
99.911852
99.816959
99.763761
100.000000
100.000000
100.000000
100.000000
100.000000
100.000000
99.964870
99.865900
100.000000
100.000000
100.000000
98.836311
98.770162
98.169041
99.508645
98.635592
99.287482
97.963844
98.711856
98.322790
100.000000
98.838814
99.131960
99.723103
100.000000
100.000000
100.000000
100.000000
100.000000
100.000000
100.000000
100.000000
100.000000
100.000000
100.000000
100.000000
100.000000
99.170171
100.000000
99.082499
98.782565
99.469115
99.362318
99.333239
100.000000
98.708952
98.750807
99.156902
99.706856
99.851308
100.000000
99.423489
99.489927
99.495716
99.594537
99.791952
100.000000
99.609945
99.735086
99.603986
99.677696
99.715017
99.733539
98.591146
97.556947
98.387737
97.903576
97.369614
98.103856
96.835342
95.347122
94.561379
95.781092
95.870206
96.528442
96.692668
96.546828
95.642117
95.960467
95.470779
96.249137
95.097578
96.085756
95.870243
95.247565
95.481173
96.365118
95.850313
95.987001
96.223790
95.641590
95.311169
96.056657
95.493951
96.004785
96.582979
96.275273
96.091439
97.219717
96.575681
97.028729
97.757607
97.469211
97.582886
98.712315
96.533360
95.854048
96.348790
97.321694
99.318053
99.749007
97.919800
98.536889
99.438441
98.687611
98.021098
99.629317
98.571603
99.179983
98.873040
99.821421
99.773725
100.000000
100.000000
99.799017
100.000000
100.000000
99.819380
99.841539
99.518101
99.359892
98.621056
98.731990
98.452544
97.711354
97.561902
97.331024
95.193217
96.945419
96.856283
98.579553
98.202929
98.277114
97.902373
98.238843
98.014477
97.881319
97.554561
96.698664
97.329482
97.001906
96.797696
97.871441
97.567206
97.792018
96.609928
97.365370
97.264031
97.799641
96.771246
96.569310
96.006244
95.449422
95.491805
96.306645
95.005427
94.936768
95.216288
95.070003
95.314196
96.695501
96.249193
96.924061
97.554558
97.752372
97.445448
98.553987
97.539636
97.698626
97.166760
97.479904
97.449792
97.712543
96.507145
95.332991
96.671310
96.696945
96.774940
97.886361
97.232477
96.749724
98.184533
97.234267
97.395000
98.710451
100.000000
100.000000
100.000000
100.000000
100.000000
100.000000
100.000000
100.000000
100.000000
100.000000
100.000000
100.000000
100.000000
100.000000
100.000000
100.000000
100.000000
100.000000
100.000000
100.000000
100.000000
100.000000
100.000000
100.000000
100.000000
100.000000
100.000000
99.701281
100.000000
100.000000
100.000000
100.000000
100.000000
100.000000
100.000000
100.000000
99.955383
100.000000
100.000000
100.000000
100.000000
100.000000
100.000000
100.000000
100.000000
100.000000
100.000000
100.000000
100.000000
100.000000
100.000000
100.000000
100.000000
100.000000
100.000000
100.000000
100.000000
100.000000
100.000000
100.000000
100.000000
100.000000
100.000000
100.000000
100.000000
100.000000
100.000000
100.000000
100.000000
99.440642
100.000000
100.000000
99.489705
99.478400
97.637079
95.994758
95.278787
95.821913
94.358633
95.252809
96.599520
97.124860
98.657118
100.000000
99.836961
100.000000
100.000000
99.004863
99.102531
100.000000
98.556694
99.478971
99.459795
97.439392
97.265140
98.357162
96.773765
97.557616
99.036921
97.546410
97.610663
98.667945
96.777217
96.905542
96.520258
95.931324
95.969314
96.874217
94.618670
94.630273
98.486285
96.478606
96.012723
96.506009
95.895823
95.791956
95.405013
96.386709
97.019256
97.527748
98.216856
98.859136
100.000000
99.305254
99.075696
99.162620
98.368451
98.493073
98.583412
98.052521
97.728951
98.008940
97.701128
97.669055
98.148029
97.179321
96.556610
96.628824
95.868901
95.875839
96.423144
95.336028
95.620364
96.694264
96.204247
97.637491
99.993575
99.352459
100.000000
100.000000
100.000000
100.000000
100.000000
100.000000
100.000000
100.000000
100.000000
99.783928
100.000000
98.230686
97.508055
98.390023
97.384111
97.218606
98.325568
98.499256
98.479980
98.434195
98.346417
98.750071
100.000000
100.000000
100.000000
100.000000
100.000000
100.000000
100.000000
100.000000
100.000000
100.000000
100.000000
100.000000
100.000000
100.000000
100.000000
100.000000
100.000000
99.641849
100.000000
100.000000
100.000000
100.000000
100.000000
100.000000
100.000000
99.708411
99.623050
100.000000
99.807015
99.730587
100.000000
99.059753
98.823597
99.320268
98.821028
98.985023
100.000000
99.223523
99.724617
100.000000
100.000000
100.000000
100.000000
100.000000
100.000000
100.000000
100.000000
100.000000
100.000000
100.000000
100.000000
100.000000
100.000000
99.912272
98.703140
98.468611
97.407874
97.224368
95.999229
94.483336
98.317959
97.012628
97.025840
97.699814
96.984475
96.769484
96.107765
96.822682
96.880244
96.970337
96.443223
96.792268
97.097662
96.947185
96.817491
97.650833
96.864519
96.976515
97.284661
96.537990
96.632821
98.005322
97.911057
98.165494
99.396287
97.949867
97.949276
99.476608
98.858993
99.015289
100.000000
99.016893
98.635060
99.436826
98.953706
99.050154
100.000000
99.115392
99.064395
99.650600
99.162890
99.338626
100.000000
99.271932
99.025420
99.731264
98.688441
98.648867
98.678705
98.265672
98.195607
98.963958
97.681702
97.551190
97.631874
98.397698
98.307015
98.776600
98.094268
97.534250
99.383136
98.563777
98.419253
99.253820
98.411698
98.225323
97.562475
98.152789
98.244566
98.505010
97.982791
98.592388
98.519189
98.190036
97.972175
99.046265
97.391037
98.460156
98.651632
98.219591
97.737674
98.612151
97.435765
98.014143
98.559893
97.731529
97.367255
98.058212
97.151199
97.345266
98.339918
96.871252
96.606312
97.445408
96.781963
97.083038
98.666407
97.442096
97.571884
98.709587
98.194244
98.550600
100.000000
98.799547
98.569322
99.278527
98.471795
98.651018
99.078676
98.157457
98.210934
98.727483
97.745324
97.556389
97.351819
97.191311
97.277141
97.168521
96.280035
96.306834
98.829413
97.808189
97.488362
97.999546
97.101789
97.523743
97.192506
97.300108
97.647381
98.134751
98.371864
98.919433
99.553970
98.771066
98.758372
99.120967
98.541763
98.390476
98.491973
97.620211
97.447019
98.077241
97.449879
97.996010
98.541348
98.105824
97.971356
99.321372
98.331105
98.883311
98.723874
97.874471
94.182887
95.627390
94.855634
95.417555
96.546053
96.071810
95.906453
96.413300
95.731414
95.467267
95.524725
94.822464
94.995189
95.440518
95.353425
95.996750
96.970646
97.165364
96.663959
99.438934
98.043466
98.475556
98.015569
99.242491
98.796733
99.749385
99.204357
98.759573
100.000000
100.000000
100.000000
100.000000
99.758076
98.451150
97.380797
99.200796
99.536538
100.000000
100.000000
100.000000
100.000000
100.000000
100.000000
100.000000
99.375252
100.000000
100.000000
100.000000
100.000000
100.000000
100.000000
100.000000
100.000000
100.000000
100.000000
100.000000
100.000000
100.000000
100.000000
100.000000
100.000000
100.000000
100.000000
100.000000
100.000000
100.000000
100.000000
100.000000
100.000000
100.000000
100.000000
100.000000
100.000000
100.000000
100.000000
100.000000
100.000000
100.000000
100.000000
100.000000
100.000000
100.000000
100.000000
100.000000
100.000000
100.000000
100.000000
100.000000
100.000000
100.000000
100.000000
100.000000
100.000000
100.000000
100.000000
100.000000
100.000000
100.000000
100.000000
100.000000
100.000000
100.000000
100.000000
100.000000
100.000000
100.000000
100.000000
100.000000
100.000000
100.000000
100.000000
100.000000
100.000000
100.000000
100.000000
100.000000
100.000000
100.000000
100.000000
100.000000
100.000000
100.000000
100.000000
100.000000
100.000000
100.000000
100.000000
100.000000
100.000000
100.000000
100.000000
100.000000
100.000000
100.000000
100.000000
100.000000
100.000000
100.000000
99.324856
98.880123
97.796310
97.426282
96.351684
96.311705
96.101887
96.822547
96.348132
96.308685
98.464475
97.891139
97.694968
97.496714
96.561743
96.154942
95.052217
96.286335
96.639305
96.427248
96.734875
96.822690
97.367187
97.601676
98.120627
99.119225
99.279754
99.347882
99.191697
98.683810
98.584728
98.893658
98.592984
98.509124
98.671226
98.460066
98.527673
99.003297
98.682027
98.852883
98.957149
98.580273
98.556334
98.931914
98.766200
99.023184
99.118001
98.537002
98.738609
98.776771
98.256745
97.857985
97.610150
96.840421
96.503283
97.004210
96.505371
97.127772
97.289639
96.758920
96.686627
97.637183
97.249378
97.428008
97.299797
97.695442
97.841267
97.922870
97.131985
96.476183
98.596680
97.764765
97.369782
97.636848
97.287012
97.401088
97.148905
97.612781
98.095392
98.868303
99.083788
99.369004
99.860313
99.709138
99.447591
99.474973
98.961056
99.000248
99.488334
99.188258
99.248895
99.457915
99.101773
99.299716
99.626366
98.982993
99.422572
100.000000
98.530399
98.830417
99.519330
98.997228
99.140919
99.514651
99.228601
99.414077
99.616468
99.021653
98.958393
99.592392
98.982480
99.027420
99.652848
98.633288
98.480661
99.158422
98.584969
98.878071
99.800860
98.860119
98.594086
99.000192
98.250867
98.409241
98.540230
98.503326
98.450491
98.912965
98.605744
98.862103
99.875110
98.678114
98.187748
98.625929
97.926527
97.933205
97.351183
98.171728
98.304878
98.120821
98.127590
98.205276
98.153015
98.236986
98.378105
98.682350
98.410387
98.459639
98.680913
98.150838
98.342274
98.717656
98.334152
98.470755
98.862820
98.394289
98.213260
98.606405
98.291139
98.536658
99.089656
98.446079
98.338865
98.843328
98.537117
98.771229
99.377391
98.496130
98.642670
99.307772
98.944704
99.123996
100.000000
98.977985
98.751931
99.459642
98.918480
99.162312
100.000000
99.412560
99.513560
100.000000
99.268705
99.282013
99.348406
98.985455
99.208739
99.787180
99.569040
99.950994
100.000000
99.949045
99.621392
100.000000
99.427585
99.200306
99.263222
99.510438
99.623763
99.652251
99.838528
99.891344
99.906254
99.549646
99.277390
99.748758
99.485851
99.465203
99.593762
99.439564
99.232828
99.527663
99.244723
99.340101
99.570210
99.005374
98.863469
99.391003
98.716801
99.126874
99.585970
98.865646
98.461948
98.948052
98.132775
98.627093
99.269781
98.523255
98.369515
99.045370
98.453843
98.552727
99.397260
98.649613
98.584567
99.191260
98.473795
98.353357
99.095170
98.374287
98.314971
99.127331
99.013962
99.323047
98.769030
99.030521
99.245425
99.057901
99.484780
98.900128
99.325342
98.803710
98.280991
98.618945
98.441584
98.387543
97.208007
98.513236
98.546881
98.517558
98.383228
98.235962
98.159911
97.923378
97.845000
98.449142
97.975311
98.472686
99.034822
98.547875
98.614071
99.218700
99.089621
99.005011
99.095634
98.365225
98.446051
98.818453
98.712755
98.757881
99.025855
98.464034
98.478846
98.812656
98.481789
98.801321
99.047132
98.675385
98.657915
99.219920
99.235125
99.600225
100.000000
100.000000
99.940743
100.000000
99.524555
99.321959
99.526599
99.103357
99.233055
99.796522
98.540644
98.450676
97.846261
98.847576
98.788697
98.657249
97.569920
96.662515
97.822075
96.638818
96.230089
96.889711
96.488099
96.576817
96.016945
96.799415
97.267077
97.320283
97.759192
98.276024
98.666827
99.126525
98.075857
98.695736
98.441855
98.266843
98.528907
98.580067
99.012455
100.000000
99.404282
99.618444
100.000000
99.679772
99.605900
100.000000
100.000000
100.000000
100.000000
100.000000
100.000000
100.000000
100.000000
100.000000
100.000000
100.000000
100.000000
100.000000
99.410959
99.156160
99.440065
99.711019
98.837389
100.000000
98.312318
97.910553
98.544228
97.491203
96.892726
99.184553
96.542460
97.160993
96.733314
96.806789
96.905838
97.332562
96.366805
95.199591
96.725371
94.255485
94.809933
96.354209
95.757683
95.741712
94.560840
95.281973
95.537701
96.716685
97.118911
97.127928
97.056257
97.239658
97.365703
98.321207
97.995647
97.760903
97.058906
96.605909
96.626813
97.910782
97.516600
97.512017
97.653527
96.287658
95.899516
96.181346
96.558703
97.337482
98.044984
98.253312
98.247334
98.841478
97.445365
97.507051
98.293419
98.294755
98.421050
98.743359
97.605425
97.503686
98.598934
97.936390
97.851684
99.436930
98.947675
98.771960
98.360786
96.508408
96.568702
98.324017
98.293166
98.485356
98.131345
97.658720
97.410848
98.388945
98.237774
99.142015
100.000000
99.802110
98.815902
98.687442
97.360746
97.617463
98.118418
98.126460
97.666506
97.489593
97.307536
98.208804
100.000000
99.847663
99.718860
100.000000
99.881460
99.553635
99.165754
97.643869
97.109807
97.353219
96.652499
96.457826
98.876425
99.089028
100.000000
100.000000
100.000000
100.000000
100.000000
100.000000
100.000000
100.000000
100.000000
100.000000
100.000000
100.000000
100.000000
100.000000
100.000000
100.000000
100.000000
100.000000
100.000000
100.000000
100.000000
100.000000
100.000000
100.000000
100.000000
100.000000
100.000000
100.000000
100.000000
100.000000
100.000000
100.000000
100.000000
100.000000
100.000000
100.000000
100.000000
100.000000
100.000000
100.000000
99.686178
100.000000
100.000000
99.473299
98.579296
98.391911
97.268273
96.873965
96.419414
97.265720
96.727896
97.212976
98.762362
99.405753
100.000000
100.000000
100.000000
100.000000
100.000000
100.000000
100.000000
100.000000
100.000000
100.000000
100.000000
100.000000
100.000000
100.000000
100.000000
100.000000
100.000000
100.000000
100.000000
100.000000
100.000000
100.000000
100.000000
100.000000
100.000000
100.000000
100.000000
100.000000
100.000000
100.000000
100.000000
100.000000
100.000000
100.000000
100.000000
99.242891
99.013524
99.952429
98.435416
98.235666
98.888608
98.357228
97.997824
98.244100
97.701528
97.358539
95.859415
98.340340
98.521031
98.328905
98.743166
98.680701
98.099453
98.665445
98.576607
99.208895
98.727691
98.046570
97.969642
97.244596
97.224679
98.745079
98.551174
99.236317
100.000000
98.641216
98.313535
99.153373
98.485896
98.793522
99.668106
98.448552
98.338288
98.847474
98.558899
98.783498
100.000000
98.962247
98.684560
100.000000
99.528720
99.730203
100.000000
98.576710
98.230123
99.195760
97.853208
98.066548
98.156321
97.216900
97.326069
98.292866
96.904416
96.911629
97.340380
96.899639
96.971466
97.147373
96.288033
96.138059
98.675896
97.337937
97.006881
97.642306
96.432190
96.225820
96.516624
97.409399
97.666261
97.898872
97.892375
98.046266
98.574363
97.788526
97.959695
98.872052
98.350056
98.727498
99.323059
97.800656
97.932793
99.219640
99.202861
99.710891
100.000000
99.003769
99.206086
99.910622
99.576033
100.000000
100.000000
99.587081
99.488422
100.000000
99.918351
100.000000
100.000000
99.237951
98.826634
99.450034
98.053050
98.252862
98.287037
96.361864
96.002119
96.880526
96.542834
97.257902
98.759995
97.671086
97.387913
98.546910
97.764705
97.694740
98.155196
97.657746
97.813415
98.797601
97.970878
98.546203
100.000000
98.889853
98.440969
99.039327
98.805611
98.830248
98.688634
98.384446
98.291010
99.361818
99.063085
99.250022
100.000000
99.590374
99.382960
100.000000
99.081070
98.949850
99.142537
98.325856
98.503209
99.738301
99.037806
99.176214
99.700885
98.732362
98.655701
99.769526
99.429789
99.294315
100.000000
99.298552
99.684071
100.000000
99.568182
99.754295
100.000000
98.555921
98.715434
99.254502
98.071405
98.074195
99.093021
97.876791
97.641628
98.565218
97.759214
97.840815
99.439352
98.161019
98.211462
99.208952
98.520554
98.149764
99.146517
98.536391
98.289809
99.310259
98.880902
100.000000
100.000000
100.000000
100.000000
100.000000
99.876806
99.462704
98.678700
98.816049
98.779418
98.064639
97.038225
96.780251
95.967606
95.185495
95.310249
96.350780
96.112915
97.146088
99.322794
98.508095
99.284900
100.000000
100.000000
100.000000
100.000000
100.000000
100.000000
100.000000
100.000000
100.000000
100.000000
99.568339
99.600680
100.000000
99.877684
100.000000
100.000000
99.699684
98.992392
99.844558
98.858491
98.778223
99.263426
97.400215
97.012248
97.510552
96.621704
97.333166
99.432895
98.987347
99.869587
100.000000
100.000000
100.000000
100.000000
100.000000
100.000000
100.000000
100.000000
100.000000
100.000000
100.000000
100.000000
100.000000
100.000000
100.000000
100.000000
100.000000
100.000000
100.000000
100.000000
100.000000
100.000000
100.000000
100.000000
100.000000
99.966449
99.694545
99.729657
98.994074
98.543724
99.058514
98.749845
98.987584
99.517027
98.716348
98.764603
99.520829
99.014036
99.290842
100.000000
99.301077
99.137556
100.000000
99.845622
99.750175
100.000000
98.988666
98.982581
99.544989
98.556372
98.200383
98.854540
97.326622
96.672035
96.995032
95.644598
95.776711
96.819175
96.099870
96.494360
97.544052
96.398380
95.635844
95.200991
94.446969
94.539151
96.164344
95.953530
96.919609
98.724182
97.685182
97.667187
97.707104
96.937754
97.244485
97.168553
97.359163
97.681693
98.594529
98.695562
99.804842
100.000000
99.944892
99.989716
100.000000
99.560655
99.284893
99.641666
98.701412
98.443811
99.207634
99.258699
99.704273
100.000000
99.549293
100.000000
100.000000
100.000000
100.000000
100.000000
99.673224
99.145269
98.882711
97.963232
97.648846
97.759115
96.845080
96.833907
97.586516
96.970523
96.755520
97.858078
97.075961
97.218332
98.007623
97.441616
97.802793
98.062599
97.610995
97.408494
98.085684
97.170601
97.274190
97.057219
96.964431
97.603367
97.753145
98.568202
97.489342
98.129784
96.797866
96.216812
97.060236
95.865670
96.227169
95.984533
96.228868
96.427988
96.939172
96.961107
97.499955
98.726434
98.361962
98.387629
99.360518
99.008652
98.999797
99.850562
99.099605
98.926599
99.543663
98.619915
98.892724
99.494033
98.634457
98.422807
99.377735
98.132820
98.281953
98.967745
98.005221
97.435982
97.984141
97.385873
97.870110
98.478027
97.039744
97.047833
97.761152
97.442621
98.520445
98.980369
98.128662
98.240266
98.840487
99.029245
99.059524
99.213768
98.601807
98.342368
98.011902
98.190765
98.009444
97.777835
96.877720
97.755623
97.551990
98.194453
98.810954
99.291850
97.946980
98.147950
98.800897
97.920334
98.389921
98.169024
98.351964
98.217099
98.811493
99.107785
99.653076
100.000000
100.000000
100.000000
100.000000
100.000000
100.000000
100.000000
100.000000
100.000000
100.000000
100.000000
100.000000
100.000000
99.096230
97.631774
98.300783
96.507885
96.480538
96.999591
96.374190
96.867900
98.286834
97.742335
97.929988
98.280263
96.905755
96.710677
97.619696
97.367834
97.300176
98.222951
97.163710
96.762403
97.376857
96.076028
96.027210
97.335361
96.319617
96.068920
97.197072
95.941922
96.095217
96.961201
96.496449
96.681473
97.086306
97.258734
97.157827
98.244472
97.050270
96.239885
97.284135
97.372401
97.672951
97.697287
97.310100
97.800638
98.588026
98.101404
98.748817
100.000000
99.928995
99.880597
100.000000
99.859486
99.252490
99.495378
97.467172
97.199737
99.138855
98.772150
98.666817
100.000000
99.033535
99.645380
100.000000
100.000000
100.000000
100.000000
100.000000
100.000000
100.000000
100.000000
100.000000
100.000000
100.000000
100.000000
100.000000
100.000000
100.000000
100.000000
100.000000
100.000000
100.000000
100.000000
100.000000
100.000000
100.000000
100.000000
100.000000
100.000000
100.000000
100.000000
100.000000
100.000000
100.000000
100.000000
100.000000
100.000000
100.000000
100.000000
100.000000
100.000000
100.000000
100.000000
100.000000
100.000000
100.000000
100.000000
100.000000
100.000000
100.000000
100.000000
100.000000
100.000000
100.000000
100.000000
100.000000
100.000000
100.000000
100.000000
100.000000
100.000000
100.000000
100.000000
100.000000
100.000000
100.000000
100.000000
100.000000
100.000000
100.000000
100.000000
100.000000
100.000000
100.000000
100.000000
100.000000
100.000000
100.000000
100.000000
100.000000
99.109234
99.590382
98.718746
98.841574
98.976068
98.586289
98.390690
98.427641
97.890942
98.067175
96.565713
97.413632
97.239257
97.597211
97.104223
96.244415
97.571082
97.793861
98.000406
98.329229
97.820927
97.466741
96.805195
98.230160
98.335928
98.580452
98.535542
97.872824
98.065346
98.534582
98.093944
98.725822
97.587002
98.956123
97.486693
97.976170
97.287677
98.179781
97.496441
98.479329
97.118762
97.568770
96.913745
98.025317
97.577090
97.234403
97.065234
96.606459
96.557101
97.043258
96.341948
95.788468
96.523682
97.817974
97.145436
97.761173
97.360210
96.981731
95.209813
96.018296
96.354300
97.120111
96.304504
96.129529
97.202677
97.816143
97.785417
98.053828
97.803138
98.178721
96.690655
97.814654
97.860212
97.788378
97.392334
95.942609
97.310871
97.525808
97.693565
98.499174
98.029966
96.273499
97.303531
97.501147
97.489096
97.168317
97.532997
97.575871
94.941331
96.328381
95.430766
97.279371
97.301891
98.052775
98.111978
97.212124
97.240973
97.451219
96.463544
96.271407
96.013723
96.658378
96.051501
96.583143
96.786530
96.870462
96.334393
96.948810
96.423683
97.085909
97.076413
98.086199
97.511448
97.926236
97.294789
97.759445
97.129291
97.229094
96.570057
98.002288
98.642437
99.417359
98.116082
97.837429
97.908979
99.293250
99.153943
99.653078
98.727169
98.504726
97.410130
98.789148
98.862239
97.237323
98.216576
96.824279
97.988381
98.209720
98.011092
98.987635
99.647388
99.634278
98.346597
99.103027
98.757339
98.575259
98.412133
98.526413
97.573825
98.848934
99.596120
100.000000
99.417913
99.988149
99.331898
99.436476
97.819016
100.000000
97.714012
98.118364
97.478343
97.880300
97.507636
97.803826
96.107721
95.566728
95.501381
95.374446
96.558668
97.108227
95.426287
95.029582
95.456238
95.300384
95.722524
96.499984
96.243008
96.548659
96.414258
97.086658
96.879355
96.624725
96.118454
96.190198
95.815359
95.920831
96.220119
97.009998
96.416712
96.973161
94.861292
96.880359
96.519335
97.086132
96.846820
97.202281
