95.863150
100.000000
100.000000
100.000000
100.000000
100.000000
100.000000
100.000000
100.000000
100.000000
100.000000
100.000000
100.000000
100.000000
100.000000
100.000000
100.000000
100.000000
100.000000
100.000000
100.000000
100.000000
100.000000
100.000000
100.000000
100.000000
100.000000
100.000000
99.884854
100.000000
100.000000
100.000000
100.000000
100.000000
100.000000
100.000000
100.000000
100.000000
100.000000
100.000000
100.000000
100.000000
100.000000
100.000000
100.000000
100.000000
100.000000
100.000000
100.000000
100.000000
100.000000
100.000000
100.000000
100.000000
100.000000
100.000000
100.000000
100.000000
100.000000
100.000000
100.000000
100.000000
100.000000
100.000000
100.000000
100.000000
100.000000
100.000000
100.000000
100.000000
100.000000
100.000000
100.000000
100.000000
100.000000
100.000000
100.000000
100.000000
100.000000
100.000000
100.000000
100.000000
100.000000
100.000000
100.000000
100.000000
100.000000
100.000000
100.000000
100.000000
100.000000
100.000000
100.000000
100.000000
100.000000
100.000000
100.000000
100.000000
100.000000
100.000000
100.000000
100.000000
100.000000
100.000000
100.000000
100.000000
100.000000
100.000000
100.000000
100.000000
100.000000
100.000000
100.000000
100.000000
100.000000
100.000000
100.000000
100.000000
100.000000
100.000000
100.000000
100.000000
100.000000
100.000000
100.000000
100.000000
100.000000
100.000000
100.000000
100.000000
100.000000
100.000000
100.000000
100.000000
100.000000
100.000000
100.000000
100.000000
100.000000
100.000000
100.000000
100.000000
100.000000
100.000000
100.000000
100.000000
100.000000
100.000000
100.000000
100.000000
100.000000
100.000000
100.000000
100.000000
100.000000
100.000000
100.000000
100.000000
100.000000
100.000000
100.000000
100.000000
100.000000
100.000000
100.000000
100.000000
100.000000
100.000000
100.000000
100.000000
100.000000
100.000000
100.000000
100.000000
100.000000
100.000000
100.000000
100.000000
100.000000
100.000000
99.292113
100.000000
99.845667
100.000000
99.867449
99.808347
97.637714
99.708308
99.908738
99.493346
99.508736
99.614703
98.449917
100.000000
100.000000
100.000000
100.000000
100.000000
99.370446
100.000000
100.000000
100.000000
99.735129
99.569944
98.213401
100.000000
100.000000
100.000000
100.000000
100.000000
98.733888
100.000000
100.000000
100.000000
100.000000
100.000000
99.637635
100.000000
100.000000
100.000000
100.000000
100.000000
100.000000
100.000000
100.000000
100.000000
100.000000
100.000000
99.141889
99.773993
99.535809
100.000000
99.511809
99.839056
99.156805
100.000000
100.000000
100.000000
100.000000
100.000000
100.000000
100.000000
100.000000
99.614983
98.067692
97.399017
97.468252
99.662760
100.000000
100.000000
100.000000
100.000000
100.000000
100.000000
100.000000
100.000000
100.000000
100.000000
100.000000
100.000000
100.000000
100.000000
100.000000
100.000000
99.588077
98.842930
98.259730
99.122728
97.929187
98.132597
97.842352
99.126906
99.906595
100.000000
100.000000
100.000000
100.000000
100.000000
100.000000
100.000000
100.000000
100.000000
100.000000
100.000000
100.000000
100.000000
100.000000
100.000000
99.114509
99.955759
98.724269
100.000000
98.645940
99.019021
98.631631
100.000000
100.000000
100.000000
98.905182
96.226491
97.471921
99.502305
99.892204
100.000000
99.149671
98.135756
97.300740
99.709410
99.466529
100.000000
100.000000
100.000000
100.000000
100.000000
100.000000
100.000000
100.000000
100.000000
100.000000
100.000000
99.713820
100.000000
100.000000
100.000000
100.000000
100.000000
100.000000
100.000000
100.000000
100.000000
100.000000
100.000000
100.000000
100.000000
100.000000
100.000000
100.000000
100.000000
100.000000
100.000000
100.000000
100.000000
100.000000
100.000000
100.000000
100.000000
100.000000
100.000000
100.000000
100.000000
100.000000
100.000000
100.000000
100.000000
100.000000
100.000000
100.000000
100.000000
100.000000
100.000000
100.000000
100.000000
100.000000
100.000000
100.000000
100.000000
100.000000
100.000000
100.000000
100.000000
100.000000
100.000000
100.000000
100.000000
100.000000
100.000000
100.000000
100.000000
100.000000
100.000000
100.000000
100.000000
100.000000
100.000000
100.000000
100.000000
100.000000
100.000000
100.000000
100.000000
100.000000
100.000000
100.000000
100.000000
100.000000
100.000000
100.000000
100.000000
100.000000
100.000000
100.000000
100.000000
100.000000
100.000000
100.000000
100.000000
100.000000
100.000000
100.000000
100.000000
100.000000
100.000000
100.000000
100.000000
100.000000
100.000000
100.000000
100.000000
100.000000
100.000000
100.000000
100.000000
100.000000
100.000000
100.000000
100.000000
100.000000
100.000000
100.000000
100.000000
100.000000
100.000000
99.714031
100.000000
100.000000
100.000000
100.000000
100.000000
100.000000
100.000000
100.000000
100.000000
100.000000
100.000000
100.000000
100.000000
100.000000
100.000000
100.000000
100.000000
100.000000
100.000000
100.000000
100.000000
100.000000
100.000000
100.000000
100.000000
100.000000
100.000000
100.000000
100.000000
98.824818
100.000000
100.000000
100.000000
100.000000
100.000000
100.000000
100.000000
100.000000
100.000000
100.000000
100.000000
100.000000
100.000000
100.000000
100.000000
100.000000
100.000000
100.000000
100.000000
100.000000
100.000000
100.000000
99.938382
97.797445
100.000000
100.000000
100.000000
100.000000
100.000000
99.584863
100.000000
100.000000
100.000000
100.000000
100.000000
98.724121
99.791083
99.961963
100.000000
100.000000
100.000000
98.874414
99.421699
99.954047
100.000000
100.000000
100.000000
99.129723
99.962953
99.332835
100.000000
98.158060
98.665105
98.804759
99.204688
99.012291
98.843119
97.617591
97.205534
96.298075
99.083310
99.672806
100.000000
100.000000
100.000000
100.000000
100.000000
100.000000
100.000000
100.000000
100.000000
100.000000
100.000000
100.000000
100.000000
100.000000
100.000000
100.000000
100.000000
100.000000
100.000000
100.000000
100.000000
100.000000
100.000000
100.000000
100.000000
100.000000
100.000000
100.000000
100.000000
100.000000
100.000000
100.000000
100.000000
100.000000
100.000000
100.000000
100.000000
100.000000
100.000000
100.000000
100.000000
100.000000
100.000000
100.000000
100.000000
100.000000
100.000000
100.000000
100.000000
100.000000
100.000000
100.000000
100.000000
100.000000
100.000000
100.000000
100.000000
100.000000
100.000000
100.000000
100.000000
100.000000
100.000000
100.000000
100.000000
100.000000
100.000000
100.000000
100.000000
100.000000
100.000000
100.000000
100.000000
100.000000
100.000000
100.000000
100.000000
100.000000
100.000000
100.000000
100.000000
98.677265
100.000000
100.000000
100.000000
100.000000
100.000000
100.000000
100.000000
100.000000
100.000000
100.000000
100.000000
100.000000
100.000000
100.000000
100.000000
100.000000
100.000000
100.000000
100.000000
100.000000
100.000000
100.000000
100.000000
100.000000
100.000000
100.000000
100.000000
100.000000
100.000000
100.000000
100.000000
100.000000
100.000000
100.000000
100.000000
100.000000
100.000000
100.000000
100.000000
100.000000
100.000000
100.000000
100.000000
100.000000
100.000000
100.000000
100.000000
100.000000
100.000000
100.000000
100.000000
99.703222
99.424541
100.000000
100.000000
100.000000
100.000000
100.000000
100.000000
100.000000
100.000000
100.000000
100.000000
100.000000
100.000000
100.000000
100.000000
100.000000
100.000000
100.000000
100.000000
100.000000
100.000000
100.000000
100.000000
100.000000
100.000000
100.000000
100.000000
100.000000
100.000000
100.000000
100.000000
99.646811
100.000000
99.749701
100.000000
99.890743
100.000000
100.000000
100.000000
100.000000
100.000000
99.965778
100.000000
100.000000
99.959088
99.874579
100.000000
100.000000
100.000000
100.000000
100.000000
100.000000
100.000000
100.000000
99.841191
99.535137
99.814300
99.989983
100.000000
100.000000
99.755379
100.000000
99.979838
99.584304
100.000000
99.530698
99.842456
98.866231
99.823217
99.807448
99.940259
99.705599
99.724969
99.443368
99.675744
99.731725
100.000000
99.843770
99.887741
99.657290
99.743668
99.720796
100.000000
99.583190
99.681587
99.625444
99.687464
99.583295
100.000000
99.589434
100.000000
99.886452
99.706647
99.834654
100.000000
99.908323
100.000000
100.000000
99.964197
100.000000
100.000000
100.000000
100.000000
100.000000
100.000000
100.000000
100.000000
100.000000
100.000000
100.000000
100.000000
100.000000
100.000000
100.000000
100.000000
100.000000
100.000000
100.000000
100.000000
100.000000
100.000000
100.000000
100.000000
100.000000
100.000000
100.000000
100.000000
100.000000
100.000000
100.000000
100.000000
100.000000
100.000000
100.000000
100.000000
100.000000
100.000000
100.000000
100.000000
100.000000
100.000000
100.000000
100.000000
100.000000
100.000000
100.000000
100.000000
100.000000
100.000000
100.000000
100.000000
100.000000
100.000000
100.000000
100.000000
100.000000
100.000000
100.000000
100.000000
99.965309
100.000000
99.966118
100.000000
100.000000
100.000000
100.000000
100.000000
100.000000
100.000000
100.000000
100.000000
100.000000
100.000000
100.000000
100.000000
99.782053
100.000000
100.000000
100.000000
100.000000
99.663623
100.000000
100.000000
100.000000
100.000000
100.000000
100.000000
99.190230
100.000000
99.717030
100.000000
99.821221
99.659536
99.353612
99.586060
99.482332
99.932100
99.510957
99.688923
99.940277
99.788609
99.916982
100.000000
100.000000
100.000000
99.817874
99.892985
99.820601
100.000000
99.842280
100.000000
99.875015
99.858790
100.000000
100.000000
99.902281
100.000000
99.922999
100.000000
100.000000
100.000000
100.000000
100.000000
100.000000
100.000000
100.000000
100.000000
100.000000
100.000000
100.000000
100.000000
100.000000
100.000000
100.000000
100.000000
99.544126
100.000000
100.000000
100.000000
99.639376
98.127647
98.929915
98.675275
98.351795
98.932116
98.679705
98.832767
98.078012
99.046667
99.485795
99.715737
99.669383
100.000000
100.000000
100.000000
100.000000
100.000000
100.000000
100.000000
100.000000
100.000000
100.000000
100.000000
100.000000
100.000000
100.000000
100.000000
100.000000
100.000000
100.000000
100.000000
100.000000
100.000000
100.000000
100.000000
100.000000
100.000000
100.000000
100.000000
100.000000
100.000000
100.000000
100.000000
100.000000
100.000000
100.000000
100.000000
100.000000
100.000000
100.000000
100.000000
100.000000
100.000000
100.000000
100.000000
100.000000
100.000000
100.000000
100.000000
100.000000
100.000000
100.000000
100.000000
100.000000
100.000000
100.000000
100.000000
100.000000
100.000000
100.000000
100.000000
100.000000
100.000000
100.000000
100.000000
100.000000
100.000000
100.000000
99.920445
99.316304
98.864361
98.194053
98.805122
98.315075
98.858214
99.869767
99.498834
100.000000
100.000000
100.000000
100.000000
100.000000
100.000000
100.000000
100.000000
100.000000
100.000000
100.000000
100.000000
100.000000
100.000000
100.000000
100.000000
100.000000
100.000000
100.000000
100.000000
100.000000
100.000000
100.000000
100.000000
100.000000
100.000000
100.000000
100.000000
100.000000
100.000000
100.000000
100.000000
100.000000
100.000000
100.000000
100.000000
100.000000
100.000000
100.000000
100.000000
100.000000
100.000000
100.000000
100.000000
100.000000
100.000000
100.000000
100.000000
100.000000
100.000000
100.000000
100.000000
100.000000
100.000000
100.000000
100.000000
100.000000
100.000000
100.000000
100.000000
100.000000
100.000000
100.000000
100.000000
100.000000
100.000000
100.000000
100.000000
100.000000
100.000000
100.000000
100.000000
100.000000
100.000000
100.000000
100.000000
100.000000
100.000000
100.000000
100.000000
100.000000
100.000000
100.000000
100.000000
100.000000
100.000000
100.000000
100.000000
100.000000
100.000000
100.000000
100.000000
100.000000
100.000000
100.000000
100.000000
100.000000
100.000000
100.000000
100.000000
100.000000
100.000000
100.000000
100.000000
100.000000
100.000000
100.000000
100.000000
100.000000
100.000000
100.000000
100.000000
100.000000
100.000000
100.000000
100.000000
100.000000
100.000000
100.000000
100.000000
100.000000
100.000000
100.000000
100.000000
100.000000
100.000000
100.000000
100.000000
100.000000
100.000000
100.000000
100.000000
100.000000
100.000000
100.000000
100.000000
100.000000
100.000000
100.000000
100.000000
100.000000
100.000000
100.000000
100.000000
100.000000
100.000000
100.000000
100.000000
100.000000
100.000000
100.000000
100.000000
100.000000
99.758687
100.000000
100.000000
100.000000
100.000000
99.707388
99.464464
99.113254
99.739006
99.655639
99.727399
99.858559
100.000000
100.000000
100.000000
100.000000
100.000000
100.000000
100.000000
100.000000
99.824616
99.822254
100.000000
100.000000
100.000000
100.000000
100.000000
100.000000
100.000000
100.000000
100.000000
100.000000
100.000000
100.000000
100.000000
100.000000
100.000000
100.000000
100.000000
100.000000
100.000000
100.000000
100.000000
100.000000
100.000000
100.000000
100.000000
100.000000
100.000000
100.000000
99.810888
99.759648
100.000000
99.554953
99.650540
99.377787
99.999547
99.999632
100.000000
100.000000
100.000000
100.000000
100.000000
100.000000
100.000000
100.000000
100.000000
100.000000
100.000000
100.000000
100.000000
100.000000
100.000000
100.000000
100.000000
100.000000
100.000000
100.000000
100.000000
99.123497
100.000000
100.000000
100.000000
100.000000
100.000000
100.000000
100.000000
100.000000
100.000000
100.000000
100.000000
100.000000
100.000000
100.000000
100.000000
100.000000
100.000000
100.000000
100.000000
100.000000
100.000000
100.000000
100.000000
100.000000
100.000000
100.000000
100.000000
100.000000
100.000000
99.577927
99.583794
99.453194
100.000000
100.000000
100.000000
100.000000
100.000000
100.000000
100.000000
100.000000
100.000000
100.000000
100.000000
100.000000
100.000000
100.000000
100.000000
100.000000
100.000000
100.000000
100.000000
100.000000
99.896803
98.261774
100.000000
99.341750
100.000000
100.000000
100.000000
99.249365
100.000000
100.000000
100.000000
100.000000
100.000000
100.000000
100.000000
100.000000
100.000000
100.000000
100.000000
100.000000
100.000000
100.000000
100.000000
100.000000
100.000000
99.296075
100.000000
100.000000
100.000000
99.127252
99.727102
98.803612
100.000000
100.000000
100.000000
100.000000
100.000000
99.516115
100.000000
99.759040
100.000000
99.691213
99.517106
97.874079
99.868226
100.000000
100.000000
99.837267
98.037872
98.630176
100.000000
100.000000
100.000000
100.000000
99.537717
97.566817
98.385410
98.447818
99.501538
99.388917
98.957396
97.680842
97.645208
97.188207
99.280331
97.917454
98.370506
97.702122
100.000000
100.000000
100.000000
100.000000
100.000000
100.000000
100.000000
100.000000
100.000000
100.000000
100.000000
100.000000
100.000000
100.000000
100.000000
100.000000
100.000000
100.000000
100.000000
100.000000
100.000000
100.000000
100.000000
100.000000
100.000000
100.000000
100.000000
100.000000
100.000000
100.000000
100.000000
100.000000
100.000000
100.000000
100.000000
100.000000
100.000000
100.000000
100.000000
100.000000
100.000000
100.000000
100.000000
100.000000
100.000000
100.000000
100.000000
100.000000
100.000000
100.000000
100.000000
100.000000
100.000000
100.000000
100.000000
100.000000
100.000000
100.000000
100.000000
100.000000
100.000000
100.000000
100.000000
100.000000
100.000000
100.000000
100.000000
100.000000
100.000000
100.000000
100.000000
100.000000
100.000000
100.000000
100.000000
100.000000
100.000000
99.066207
100.000000
99.613649
99.960956
99.740807
99.520807
97.522237
100.000000
99.291722
100.000000
100.000000
100.000000
100.000000
100.000000
100.000000
100.000000
100.000000
100.000000
100.000000
100.000000
100.000000
100.000000
100.000000
100.000000
100.000000
100.000000
100.000000
100.000000
100.000000
100.000000
100.000000
100.000000
100.000000
100.000000
100.000000
100.000000
100.000000
100.000000
100.000000
100.000000
100.000000
100.000000
100.000000
100.000000
100.000000
100.000000
100.000000
100.000000
100.000000
100.000000
100.000000
100.000000
100.000000
100.000000
99.730736
99.458284
98.766936
100.000000
99.401924
100.000000
100.000000
100.000000
100.000000
100.000000
100.000000
100.000000
100.000000
100.000000
100.000000
100.000000
100.000000
100.000000
100.000000
100.000000
100.000000
100.000000
100.000000
100.000000
100.000000
100.000000
100.000000
100.000000
100.000000
100.000000
100.000000
100.000000
100.000000
100.000000
100.000000
100.000000
100.000000
100.000000
100.000000
100.000000
100.000000
100.000000
100.000000
100.000000
100.000000
100.000000
100.000000
100.000000
100.000000
100.000000
100.000000
100.000000
100.000000
100.000000
100.000000
100.000000
100.000000
100.000000
100.000000
100.000000
100.000000
100.000000
100.000000
100.000000
100.000000
100.000000
100.000000
100.000000
100.000000
100.000000
100.000000
100.000000
99.964590
100.000000
100.000000
100.000000
100.000000
100.000000
100.000000
100.000000
100.000000
100.000000
100.000000
100.000000
100.000000
100.000000
100.000000
100.000000
100.000000
100.000000
100.000000
100.000000
100.000000
100.000000
100.000000
100.000000
100.000000
100.000000
100.000000
100.000000
100.000000
100.000000
99.270440
100.000000
100.000000
100.000000
100.000000
100.000000
100.000000
100.000000
100.000000
100.000000
100.000000
100.000000
100.000000
100.000000
100.000000
100.000000
100.000000
100.000000
100.000000
100.000000
100.000000
100.000000
100.000000
100.000000
100.000000
100.000000
100.000000
100.000000
100.000000
100.000000
100.000000
100.000000
100.000000
100.000000
100.000000
100.000000
100.000000
100.000000
100.000000
100.000000
100.000000
100.000000
100.000000
100.000000
100.000000
100.000000
100.000000
99.109625
99.270322
99.671552
99.015490
99.881141
98.443926
97.938758
96.919423
98.826772
98.817420
98.587795
98.475320
98.018302
97.154095
97.631589
97.343187
97.426633
97.232816
97.458935
96.680075
97.437372
97.263978
97.859882
97.655525
97.764506
97.205912
97.226988
97.132827
97.989438
97.273276
97.983065
97.609733
98.040307
98.180475
98.868044
98.383093
98.957077
98.598451
99.054802
99.295276
100.000000
98.731083
97.890306
97.061344
98.969581
100.000000
100.000000
99.708260
100.000000
100.000000
100.000000
99.928381
100.000000
100.000000
100.000000
100.000000
100.000000
100.000000
100.000000
100.000000
100.000000
100.000000
100.000000
100.000000
100.000000
100.000000
100.000000
99.793272
100.000000
99.726988
99.854783
98.881265
98.717948
96.415179
98.407571
98.908473
100.000000
99.961561
100.000000
98.969158
99.477075
99.350726
99.870463
98.857230
98.858179
98.152279
99.340618
99.476361
100.000000
99.740005
99.927640
98.259491
99.439845
99.074233
100.000000
99.109562
98.763623
97.610845
97.744863
97.281242
98.227169
97.119264
97.475728
96.546653
97.522990
97.836765
98.915833
98.615259
99.079766
98.794467
99.669088
99.594445
100.000000
99.687493
99.816336
98.602269
99.823567
99.235366
99.716273
98.617504
97.121147
97.590039
98.722413
98.745358
100.000000
98.639744
99.335030
99.513536
100.000000
100.000000
100.000000
100.000000
100.000000
100.000000
100.000000
100.000000
100.000000
100.000000
100.000000
100.000000
100.000000
100.000000
100.000000
100.000000
100.000000
100.000000
100.000000
100.000000
100.000000
100.000000
100.000000
100.000000
100.000000
100.000000
100.000000
100.000000
100.000000
100.000000
100.000000
100.000000
100.000000
100.000000
100.000000
100.000000
100.000000
100.000000
100.000000
100.000000
100.000000
100.000000
100.000000
100.000000
100.000000
100.000000
100.000000
100.000000
100.000000
100.000000
100.000000
100.000000
100.000000
100.000000
100.000000
100.000000
100.000000
100.000000
100.000000
100.000000
100.000000
100.000000
100.000000
100.000000
100.000000
100.000000
100.000000
100.000000
100.000000
100.000000
100.000000
100.000000
100.000000
100.000000
100.000000
100.000000
100.000000
98.491787
97.660863
97.791548
98.039789
97.062476
97.494400
97.883327
98.914507
100.000000
100.000000
100.000000
100.000000
100.000000
100.000000
100.000000
100.000000
100.000000
100.000000
100.000000
99.961768
99.848973
100.000000
100.000000
100.000000
100.000000
100.000000
100.000000
100.000000
99.940750
99.949176
99.179339
99.764544
99.396912
100.000000
98.606023
97.708841
99.560260
99.026127
98.797604
99.500822
98.842082
98.866374
97.869413
99.390385
99.587647
100.000000
100.000000
100.000000
100.000000
100.000000
100.000000
100.000000
100.000000
100.000000
100.000000
99.819860
99.351135
99.833049
99.620816
99.540311
99.015846
98.893629
98.337380
98.487453
97.739393
97.837488
97.866124
97.364001
97.553390
98.639992
98.321396
100.000000
100.000000
100.000000
100.000000
100.000000
100.000000
100.000000
100.000000
100.000000
100.000000
100.000000
100.000000
100.000000
100.000000
100.000000
99.879077
100.000000
99.802356
100.000000
100.000000
100.000000
100.000000
100.000000
100.000000
100.000000
100.000000
100.000000
100.000000
100.000000
100.000000
100.000000
100.000000
100.000000
100.000000
100.000000
100.000000
100.000000
100.000000
100.000000
100.000000
100.000000
100.000000
100.000000
100.000000
100.000000
100.000000
100.000000
100.000000
100.000000
100.000000
100.000000
100.000000
100.000000
100.000000
100.000000
100.000000
100.000000
100.000000
100.000000
100.000000
100.000000
100.000000
100.000000
100.000000
100.000000
100.000000
100.000000
100.000000
100.000000
100.000000
100.000000
100.000000
100.000000
100.000000
100.000000
100.000000
100.000000
100.000000
100.000000
100.000000
100.000000
100.000000
100.000000
99.081420
97.115368
99.249126
99.285365
99.471062
100.000000
99.213627
99.173580
98.370648
98.979047
98.973252
99.415770
98.452164
98.607275
98.480299
98.549958
98.437009
99.603247
98.791081
98.772889
98.510628
98.075114
98.369666
99.863337
99.528557
99.917560
100.000000
99.784985
100.000000
100.000000
100.000000
100.000000
100.000000
100.000000
100.000000
100.000000
100.000000
100.000000
100.000000
100.000000
100.000000
100.000000
100.000000
100.000000
100.000000
100.000000
100.000000
100.000000
100.000000
100.000000
100.000000
100.000000
100.000000
100.000000
99.824350
99.519757
99.410072
100.000000
99.928939
100.000000
100.000000
98.690403
100.000000
99.921191
99.824326
100.000000
99.945213
100.000000
98.821800
99.975638
99.844559
100.000000
99.718689
99.647029
99.420338
99.936440
99.927529
100.000000
99.477859
99.660167
99.478484
99.541620
99.315562
100.000000
99.129088
99.562764
99.400649
99.726155
99.184203
100.000000
98.974810
98.985244
99.172265
99.054778
99.086235
100.000000
99.086031
99.411390
99.685865
99.561015
100.000000
100.000000
100.000000
100.000000
100.000000
100.000000
100.000000
100.000000
100.000000
100.000000
100.000000
100.000000
100.000000
100.000000
100.000000
100.000000
99.482184
100.000000
99.685819
100.000000
99.175328
98.442956
99.843267
99.536255
99.283075
100.000000
99.091196
99.552747
98.945826
99.682345
99.867196
100.000000
100.000000
100.000000
100.000000
100.000000
100.000000
100.000000
100.000000
99.903590
99.588720
99.344700
99.252529
99.807010
99.122339
99.720891
99.696548
99.807842
99.944358
100.000000
100.000000
100.000000
100.000000
100.000000
97.114924
97.915642
97.331997
97.525262
97.874412
98.135587
98.313366
98.688079
98.285963
97.822591
97.214927
97.421730
97.431779
98.676992
97.826684
98.339709
98.438388
99.236587
99.227972
100.000000
100.000000
100.000000
100.000000
100.000000
100.000000
100.000000
100.000000
100.000000
100.000000
100.000000
100.000000
100.000000
100.000000
100.000000
98.927106
100.000000
100.000000
100.000000
100.000000
100.000000
100.000000
100.000000
100.000000
100.000000
100.000000
100.000000
100.000000
100.000000
100.000000
100.000000
100.000000
100.000000
100.000000
100.000000
100.000000
100.000000
100.000000
100.000000
100.000000
100.000000
100.000000
100.000000
100.000000
100.000000
100.000000
100.000000
100.000000
100.000000
100.000000
100.000000
100.000000
100.000000
100.000000
100.000000
100.000000
100.000000
100.000000
100.000000
100.000000
100.000000
100.000000
100.000000
100.000000
100.000000
100.000000
100.000000
100.000000
100.000000
100.000000
100.000000
100.000000
100.000000
100.000000
100.000000
100.000000
100.000000
100.000000
100.000000
100.000000
100.000000
100.000000
100.000000
100.000000
100.000000
100.000000
100.000000
100.000000
100.000000
100.000000
100.000000
100.000000
100.000000
100.000000
100.000000
100.000000
100.000000
100.000000
100.000000
100.000000
100.000000
100.000000
100.000000
100.000000
100.000000
100.000000
100.000000
100.000000
100.000000
100.000000
100.000000
100.000000
100.000000
100.000000
100.000000
100.000000
100.000000
100.000000
100.000000
100.000000
100.000000
100.000000
100.000000
99.400405
99.847535
99.339736
100.000000
99.630915
99.136015
100.000000
100.000000
100.000000
100.000000
99.425554
99.485499
97.923700
98.957236
98.696504
99.393932
98.862216
99.328962
99.248964
100.000000
100.000000
100.000000
100.000000
100.000000
100.000000
100.000000
100.000000
100.000000
100.000000
100.000000
99.733016
100.000000
100.000000
100.000000
100.000000
100.000000
100.000000
100.000000
100.000000
100.000000
100.000000
100.000000
100.000000
100.000000
100.000000
100.000000
100.000000
99.662399
98.927580
98.942209
98.627099
99.098556
98.695441
99.116225
98.834806
98.805822
98.895083
99.649615
99.291399
99.507874
99.129862
99.722879
99.835980
99.782203
99.232675
98.510446
99.365784
99.407203
99.148335
99.660234
99.036216
99.222687
98.816695
99.686374
100.000000
100.000000
100.000000
100.000000
100.000000
100.000000
100.000000
100.000000
100.000000
100.000000
100.000000
100.000000
100.000000
100.000000
100.000000
100.000000
100.000000
100.000000
100.000000
100.000000
100.000000
100.000000
100.000000
100.000000
100.000000
100.000000
100.000000
100.000000
100.000000
100.000000
100.000000
100.000000
100.000000
100.000000
100.000000
99.973793
99.914990
100.000000
100.000000
100.000000
100.000000
100.000000
100.000000
100.000000
99.881193
100.000000
100.000000
100.000000
100.000000
100.000000
100.000000
100.000000
100.000000
100.000000
99.867040
100.000000
99.826475
99.720056
99.158834
99.846011
99.834170
99.660004
99.682993
99.700497
99.352972
99.708674
99.761654
100.000000
99.832150
99.859169
99.669991
99.746673
99.727327
100.000000
99.590942
99.674138
99.662616
99.686982
99.572931
100.000000
99.845406
99.999869
99.926115
99.556730
99.798902
100.000000
99.875764
100.000000
100.000000
100.000000
100.000000
100.000000
100.000000
100.000000
100.000000
100.000000
100.000000
100.000000
100.000000
100.000000
100.000000
100.000000
100.000000
100.000000
100.000000
100.000000
100.000000
100.000000
100.000000
100.000000
100.000000
100.000000
100.000000
100.000000
100.000000
100.000000
100.000000
100.000000
100.000000
100.000000
100.000000
100.000000
100.000000
100.000000
100.000000
100.000000
100.000000
100.000000
100.000000
100.000000
100.000000
100.000000
100.000000
100.000000
100.000000
100.000000
100.000000
100.000000
100.000000
100.000000
100.000000
100.000000
100.000000
100.000000
100.000000
100.000000
100.000000
100.000000
100.000000
100.000000
100.000000
100.000000
100.000000
100.000000
100.000000
100.000000
100.000000
100.000000
100.000000
100.000000
100.000000
100.000000
100.000000
100.000000
100.000000
100.000000
100.000000
100.000000
100.000000
100.000000
100.000000
99.737225
100.000000
100.000000
100.000000
100.000000
100.000000
100.000000
99.218786
100.000000
99.969373
100.000000
99.804791
99.672658
99.380683
99.615881
99.477810
99.928610
99.522766
99.911422
99.974127
100.000000
100.000000
100.000000
100.000000
100.000000
100.000000
100.000000
99.870964
100.000000
99.920077
100.000000
99.922151
99.960194
100.000000
100.000000
99.980099
100.000000
99.991039
100.000000
100.000000
100.000000
100.000000
100.000000
100.000000
100.000000
100.000000
100.000000
100.000000
100.000000
100.000000
100.000000
100.000000
100.000000
100.000000
100.000000
99.573735
100.000000
100.000000
100.000000
99.798591
98.463083
98.899467
98.678328
98.347193
98.896481
98.658188
98.820502
98.123031
99.082280
99.509349
99.749873
99.759752
100.000000
100.000000
100.000000
100.000000
100.000000
100.000000
99.970704
99.745676
100.000000
100.000000
100.000000
100.000000
100.000000
100.000000
100.000000
100.000000
100.000000
100.000000
100.000000
100.000000
100.000000
100.000000
100.000000
100.000000
100.000000
100.000000
100.000000
100.000000
100.000000
100.000000
100.000000
100.000000
100.000000
100.000000
100.000000
100.000000
100.000000
99.476996
100.000000
99.751996
100.000000
99.609991
99.827408
98.308013
99.557475
99.788108
100.000000
99.781774
96.883106
97.823758
97.988214
98.188414
99.020964
98.627325
98.485562
96.268104
98.374617
98.509638
99.259211
99.503084
99.504841
98.244064
99.411998
99.503660
100.000000
100.000000
100.000000
98.555483
99.364883
99.243755
100.000000
100.000000
100.000000
98.902887
99.193822
99.047446
99.814446
99.158187
99.587842
99.523750
100.000000
100.000000
100.000000
99.723662
99.766066
99.495298
100.000000
100.000000
100.000000
99.536548
99.405487
99.478869
99.868208
99.664166
100.000000
100.000000
100.000000
99.281917
98.788086
98.876365
100.000000
99.836316
100.000000
99.387426
99.872823
99.776346
99.905870
100.000000
100.000000
100.000000
100.000000
100.000000
100.000000
99.923857
99.754017
99.543943
100.000000
99.945288
100.000000
99.605441
100.000000
100.000000
100.000000
100.000000
100.000000
100.000000
100.000000
100.000000
99.495557
98.925959
99.321420
98.526095
98.078977
99.644864
100.000000
100.000000
100.000000
100.000000
100.000000
100.000000
100.000000
100.000000
100.000000
100.000000
100.000000
100.000000
100.000000
100.000000
100.000000
100.000000
100.000000
100.000000
100.000000
100.000000
100.000000
100.000000
100.000000
100.000000
100.000000
100.000000
100.000000
100.000000
100.000000
100.000000
100.000000
100.000000
100.000000
100.000000
100.000000
100.000000
100.000000
100.000000
100.000000
100.000000
100.000000
100.000000
100.000000
100.000000
100.000000
100.000000
99.646033
98.137805
98.198300
97.737960
98.669628
97.818319
98.515829
99.386654
100.000000
100.000000
100.000000
100.000000
100.000000
100.000000
100.000000
100.000000
100.000000
100.000000
100.000000
100.000000
100.000000
100.000000
100.000000
100.000000
100.000000
100.000000
100.000000
100.000000
100.000000
100.000000
100.000000
100.000000
100.000000
100.000000
100.000000
100.000000
100.000000
100.000000
100.000000
100.000000
100.000000
100.000000
100.000000
100.000000
100.000000
100.000000
100.000000
100.000000
99.482870
99.864087
100.000000
100.000000
100.000000
100.000000
99.989780
98.204459
100.000000
100.000000
100.000000
100.000000
100.000000
99.342127
100.000000
99.986122
100.000000
99.979822
99.747622
99.090700
99.241755
99.610706
100.000000
100.000000
100.000000
100.000000
100.000000
100.000000
100.000000
100.000000
100.000000
100.000000
100.000000
100.000000
100.000000
100.000000
100.000000
100.000000
100.000000
100.000000
100.000000
100.000000
100.000000
100.000000
100.000000
100.000000
100.000000
100.000000
100.000000
99.538287
99.976854
99.776629
100.000000
99.914183
99.695178
99.092706
99.974784
100.000000
100.000000
99.606981
98.625975
99.809877
99.981599
99.809628
100.000000
99.689798
99.736248
98.992984
100.000000
99.921313
100.000000
100.000000
100.000000
100.000000
100.000000
100.000000
100.000000
100.000000
100.000000
100.000000
100.000000
100.000000
100.000000
100.000000
100.000000
100.000000
100.000000
100.000000
100.000000
100.000000
100.000000
100.000000
100.000000
100.000000
100.000000
100.000000
100.000000
100.000000
100.000000
100.000000
100.000000
100.000000
100.000000
99.749211
99.522907
99.490498
100.000000
99.604204
100.000000
100.000000
100.000000
100.000000
100.000000
100.000000
100.000000
100.000000
100.000000
100.000000
100.000000
100.000000
100.000000
100.000000
100.000000
100.000000
100.000000
100.000000
100.000000
100.000000
100.000000
100.000000
100.000000
100.000000
100.000000
100.000000
100.000000
100.000000
100.000000
100.000000
100.000000
100.000000
100.000000
100.000000
100.000000
100.000000
100.000000
100.000000
100.000000
100.000000
100.000000
100.000000
100.000000
100.000000
100.000000
100.000000
100.000000
100.000000
100.000000
100.000000
100.000000
100.000000
100.000000
100.000000
100.000000
100.000000
100.000000
100.000000
100.000000
100.000000
100.000000
100.000000
100.000000
100.000000
100.000000
100.000000
100.000000
100.000000
100.000000
100.000000
100.000000
100.000000
100.000000
100.000000
100.000000
100.000000
100.000000
100.000000
100.000000
100.000000
100.000000
100.000000
100.000000
100.000000
100.000000
98.370113
98.411895
98.569405
99.932725
99.439197
100.000000
100.000000
100.000000
100.000000
100.000000
100.000000
100.000000
100.000000
100.000000
100.000000
100.000000
100.000000
100.000000
100.000000
100.000000
100.000000
100.000000
100.000000
100.000000
100.000000
100.000000
100.000000
100.000000
100.000000
100.000000
100.000000
99.990860
99.345910
99.894153
99.038758
99.664939
100.000000
100.000000
100.000000
100.000000
100.000000
100.000000
100.000000
100.000000
100.000000
100.000000
100.000000
100.000000
100.000000
100.000000
100.000000
100.000000
100.000000
100.000000
100.000000
100.000000
100.000000
100.000000
100.000000
100.000000
100.000000
100.000000
100.000000
100.000000
100.000000
100.000000
100.000000
100.000000
100.000000
100.000000
100.000000
100.000000
100.000000
100.000000
100.000000
100.000000
100.000000
100.000000
100.000000
100.000000
100.000000
100.000000
100.000000
100.000000
100.000000
100.000000
100.000000
100.000000
100.000000
100.000000
100.000000
99.711503
99.276851
99.544218
98.464095
98.413307
98.594996
98.855154
99.315183
100.000000
99.316762
98.658058
97.575061
97.653002
97.650234
98.956048
98.984159
99.024511
100.000000
100.000000
100.000000
100.000000
99.728999
99.835561
99.677795
100.000000
100.000000
100.000000
100.000000
100.000000
100.000000
100.000000
100.000000
100.000000
100.000000
100.000000
100.000000
100.000000
100.000000
100.000000
100.000000
100.000000
100.000000
100.000000
100.000000
100.000000
100.000000
100.000000
100.000000
100.000000
100.000000
100.000000
99.750791
99.638258
99.057257
98.764919
98.862765
99.559408
98.802654
99.045306
99.243239
99.321503
99.583645
100.000000
99.769947
99.896937
99.580512
99.949849
99.784645
100.000000
99.179115
99.369092
98.970963
99.629264
99.840607
99.963428
100.000000
98.843168
99.240000
99.138100
98.817310
99.531184
99.051635
99.185478
98.278168
99.091056
98.818338
99.623155
99.125803
99.588586
100.000000
100.000000
100.000000
100.000000
100.000000
100.000000
100.000000
100.000000
100.000000
100.000000
100.000000
100.000000
100.000000
100.000000
100.000000
100.000000
100.000000
100.000000
100.000000
100.000000
99.321660
100.000000
99.493040
99.825750
99.704892
99.154396
99.183273
99.907040
99.737566
99.951099
100.000000
99.888203
100.000000
100.000000
100.000000
100.000000
100.000000
100.000000
99.739111
100.000000
99.257854
99.055229
98.743528
99.140900
99.197615
99.627397
99.573141
99.496969
100.000000
100.000000
100.000000
100.000000
100.000000
100.000000
99.953718
100.000000
100.000000
100.000000
100.000000
100.000000
100.000000
100.000000
100.000000
100.000000
100.000000
100.000000
100.000000
100.000000
100.000000
100.000000
100.000000
100.000000
100.000000
100.000000
99.720366
100.000000
98.479690
98.435505
98.278053
98.522182
99.020413
100.000000
100.000000
100.000000
99.524021
98.919875
98.645150
100.000000
99.302337
99.515034
99.630686
99.641966
99.268401
99.676170
98.777090
98.686573
98.679572
98.699120
98.653258
99.597129
98.615513
98.968302
98.604283
99.543257
99.753872
100.000000
99.871221
99.162515
99.378774
99.204385
99.266575
100.000000
99.865802
100.000000
99.869407
100.000000
100.000000
100.000000
100.000000
100.000000
100.000000
100.000000
100.000000
100.000000
100.000000
100.000000
100.000000
100.000000
100.000000
100.000000
100.000000
100.000000
100.000000
100.000000
100.000000
100.000000
100.000000
100.000000
100.000000
100.000000
100.000000
100.000000
100.000000
100.000000
100.000000
100.000000
100.000000
100.000000
100.000000
100.000000
100.000000
100.000000
100.000000
100.000000
100.000000
100.000000
100.000000
100.000000
100.000000
100.000000
100.000000
100.000000
100.000000
100.000000
100.000000
100.000000
100.000000
100.000000
100.000000
100.000000
100.000000
100.000000
100.000000
100.000000
100.000000
100.000000
100.000000
100.000000
100.000000
100.000000
100.000000
100.000000
100.000000
100.000000
100.000000
100.000000
100.000000
100.000000
100.000000
100.000000
100.000000
100.000000
100.000000
100.000000
100.000000
100.000000
100.000000
100.000000
100.000000
100.000000
100.000000
100.000000
100.000000
100.000000
100.000000
100.000000
100.000000
100.000000
100.000000
100.000000
100.000000
100.000000
100.000000
100.000000
100.000000
100.000000
99.783065
100.000000
100.000000
100.000000
99.696631
99.578930
97.687031
99.065114
98.937034
98.955267
98.646029
97.570708
98.243597
99.040897
99.197692
99.535046
99.280266
99.127373
97.821264
99.166959
99.277245
99.750640
99.530487
99.492912
98.905281
100.000000
99.570660
100.000000
99.451719
99.915650
98.242325
98.904465
98.328399
99.211336
98.915320
99.457376
97.747340
98.979455
98.458616
99.205157
99.009531
98.973372
97.885386
98.325255
98.263166
98.926020
98.132558
98.012042
97.508223
99.482673
98.932107
98.993231
98.905196
98.596674
96.067869
98.182045
98.450624
98.966151
98.459911
98.455968
97.991614
98.976341
99.064048
99.679125
99.166031
99.578282
97.998059
99.554505
99.179822
99.616203
98.951155
96.866155
97.800700
98.889365
99.209068
99.660372
99.080511
98.387912
98.459343
99.124206
99.295061
98.592902
98.809006
98.696430
95.881311
97.152395
96.873052
98.586997
98.014245
98.635720
98.929082
98.527192
98.591909
98.916103
98.804364
98.214406
96.802763
97.953514
97.662461
98.405463
98.199900
98.458580
97.354841
98.910744
98.803422
99.578878
99.220405
99.744717
98.395907
99.046780
98.865185
99.820711
98.773960
99.322388
97.611760
99.791059
99.844995
100.000000
99.936513
99.522067
98.731255
100.000000
100.000000
100.000000
100.000000
100.000000
98.062630
99.743401
99.930838
99.815528
99.361976
98.395360
99.221218
100.000000
100.000000
100.000000
100.000000
100.000000
99.899899
100.000000
99.997755
100.000000
99.674362
99.765429
98.646415
100.000000
100.000000
100.000000
100.000000
100.000000
100.000000
100.000000
99.839739
100.000000
99.344704
99.516371
97.932382
98.936300
98.644156
98.846070
98.134642
97.533659
95.784567
97.264005
98.192574
98.372560
97.572173
97.447083
95.491310
97.545190
97.160662
98.554410
97.628628
97.918436
97.211806
98.945588
99.088618
98.521585
98.168137
97.439351
96.553440
97.329271
97.830676
98.379173
98.237691
98.866203
95.713799
98.118865
97.662961
98.514500
97.918439
99.216530
