92.310701
98.960495
99.710632
98.776662
99.052562
98.695984
99.801095
99.439332
100.000000
99.364094
100.000000
100.000000
100.000000
99.944126
99.701291
98.060267
100.000000
100.000000
100.000000
100.000000
100.000000
99.334718
100.000000
100.000000
100.000000
100.000000
100.000000
98.921073
100.000000
99.546206
100.000000
99.986811
100.000000
98.549400
100.000000
100.000000
100.000000
100.000000
100.000000
100.000000
100.000000
100.000000
100.000000
100.000000
100.000000
100.000000
100.000000
100.000000
100.000000
100.000000
100.000000
100.000000
100.000000
100.000000
100.000000
100.000000
100.000000
100.000000
100.000000
100.000000
100.000000
100.000000
100.000000
100.000000
100.000000
100.000000
100.000000
98.660895
100.000000
98.455707
100.000000
98.985100
100.000000
99.318722
100.000000
99.782682
100.000000
100.000000
100.000000
99.013286
100.000000
98.696311
100.000000
99.669617
100.000000
100.000000
100.000000
100.000000
100.000000
100.000000
100.000000
100.000000
100.000000
100.000000
100.000000
100.000000
100.000000
100.000000
100.000000
100.000000
100.000000
100.000000
100.000000
100.000000
100.000000
100.000000
100.000000
100.000000
100.000000
100.000000
100.000000
100.000000
100.000000
100.000000
100.000000
100.000000
100.000000
100.000000
100.000000
100.000000
100.000000
100.000000
100.000000
100.000000
100.000000
100.000000
100.000000
100.000000
100.000000
100.000000
100.000000
100.000000
100.000000
100.000000
100.000000
100.000000
100.000000
100.000000
100.000000
100.000000
100.000000
100.000000
100.000000
100.000000
100.000000
100.000000
100.000000
100.000000
100.000000
100.000000
100.000000
100.000000
100.000000
100.000000
100.000000
100.000000
100.000000
100.000000
100.000000
100.000000
100.000000
100.000000
100.000000
100.000000
100.000000
99.593602
100.000000
99.871763
100.000000
99.302075
100.000000
100.000000
100.000000
100.000000
100.000000
100.000000
100.000000
100.000000
100.000000
100.000000
98.416652
98.123328
99.090012
97.697731
98.733387
98.282359
98.563107
97.696490
99.806651
98.219961
99.579748
98.327646
98.583803
99.084348
100.000000
99.122002
100.000000
99.306244
99.260244
99.124202
100.000000
98.795224
100.000000
98.368569
98.336345
98.683152
100.000000
98.275092
99.920905
98.301813
98.566819
98.838109
100.000000
98.562336
100.000000
99.042411
99.389701
98.420300
100.000000
98.189865
99.846003
97.794132
100.000000
98.377613
99.785444
97.571705
99.607590
97.986040
98.711959
97.350472
99.221721
96.873702
99.017146
96.786642
99.006681
95.363257
100.000000
100.000000
100.000000
100.000000
100.000000
96.618585
98.806705
92.588083
96.425724
93.746603
97.510677
95.136926
98.504889
95.967791
99.397229
97.522895
99.466700
98.747716
100.000000
99.259990
100.000000
99.250761
99.752370
97.444791
100.000000
96.767269
98.682549
97.249733
97.936584
93.697628
96.835204
92.840957
95.617707
93.483782
96.544652
94.496657
98.618419
96.174886
99.123636
97.596199
99.414668
99.358064
100.000000
100.000000
100.000000
100.000000
100.000000
99.548028
100.000000
99.036237
100.000000
97.831653
98.075248
94.526815
97.848473
93.088837
96.127016
95.260020
97.251371
96.439086
98.758301
98.457422
95.267781
94.416934
94.259217
93.761078
97.865561
95.074269
97.091628
94.831536
95.703137
95.114585
97.792828
95.227879
98.830168
97.542791
99.245978
98.914977
100.000000
100.000000
100.000000
100.000000
99.625863
95.292362
98.916146
96.801529
100.000000
100.000000
100.000000
100.000000
100.000000
100.000000
100.000000
100.000000
100.000000
100.000000
100.000000
100.000000
100.000000
100.000000
100.000000
100.000000
100.000000
100.000000
100.000000
100.000000
100.000000
100.000000
100.000000
100.000000
100.000000
100.000000
100.000000
100.000000
100.000000
100.000000
100.000000
100.000000
100.000000
100.000000
100.000000
100.000000
100.000000
100.000000
100.000000
100.000000
100.000000
100.000000
100.000000
100.000000
100.000000
100.000000
100.000000
100.000000
100.000000
100.000000
100.000000
100.000000
100.000000
100.000000
100.000000
100.000000
100.000000
100.000000
100.000000
100.000000
100.000000
100.000000
100.000000
100.000000
100.000000
100.000000
100.000000
100.000000
100.000000
100.000000
100.000000
100.000000
100.000000
100.000000
100.000000
100.000000
100.000000
100.000000
100.000000
100.000000
100.000000
98.057881
100.000000
98.530137
100.000000
100.000000
100.000000
100.000000
100.000000
100.000000
100.000000
100.000000
100.000000
100.000000
100.000000
100.000000
100.000000
100.000000
100.000000
100.000000
100.000000
100.000000
100.000000
100.000000
100.000000
99.966518
100.000000
100.000000
100.000000
99.509989
99.140839
97.228158
100.000000
98.150373
100.000000
99.660315
100.000000
100.000000
100.000000
100.000000
100.000000
100.000000
100.000000
100.000000
100.000000
99.693624
100.000000
100.000000
100.000000
100.000000
100.000000
100.000000
100.000000
99.470716
99.802725
97.873959
99.275831
96.913717
99.380383
98.019183
98.429552
98.913985
100.000000
99.422232
100.000000
98.710109
99.728193
99.549580
100.000000
100.000000
100.000000
100.000000
100.000000
100.000000
100.000000
100.000000
100.000000
100.000000
100.000000
100.000000
100.000000
100.000000
100.000000
98.708789
97.400494
98.095867
100.000000
99.710040
100.000000
100.000000
98.925483
99.490419
100.000000
98.211639
99.482802
98.302698
98.337082
97.364742
99.241432
98.160234
100.000000
98.349641
97.835439
97.033687
99.875042
98.354766
100.000000
98.940768
98.003183
97.400410
98.556862
96.596585
98.565922
96.918624
97.797311
96.234308
97.676437
95.187269
97.595323
95.016329
95.535148
95.649510
99.097724
97.951673
99.307898
99.238712
100.000000
100.000000
100.000000
100.000000
100.000000
100.000000
100.000000
100.000000
100.000000
100.000000
100.000000
100.000000
100.000000
100.000000
100.000000
99.959528
100.000000
100.000000
100.000000
100.000000
100.000000
100.000000
100.000000
100.000000
100.000000
100.000000
100.000000
100.000000
100.000000
100.000000
100.000000
100.000000
100.000000
100.000000
100.000000
100.000000
100.000000
100.000000
100.000000
100.000000
100.000000
100.000000
100.000000
100.000000
100.000000
100.000000
100.000000
100.000000
100.000000
100.000000
100.000000
100.000000
100.000000
100.000000
100.000000
100.000000
100.000000
100.000000
100.000000
100.000000
100.000000
99.566905
100.000000
99.700645
100.000000
99.848190
100.000000
99.407086
100.000000
100.000000
100.000000
100.000000
100.000000
99.458530
100.000000
98.635977
99.335836
98.812952
98.871063
97.734590
100.000000
98.097396
99.700849
99.763456
100.000000
100.000000
100.000000
100.000000
100.000000
100.000000
100.000000
100.000000
100.000000
100.000000
100.000000
100.000000
100.000000
100.000000
100.000000
100.000000
100.000000
100.000000
100.000000
100.000000
100.000000
100.000000
100.000000
100.000000
100.000000
100.000000
100.000000
100.000000
100.000000
100.000000
100.000000
100.000000
100.000000
100.000000
100.000000
100.000000
100.000000
100.000000
100.000000
99.511405
100.000000
99.108491
99.615928
99.219776
99.793394
99.384749
97.939122
98.943126
99.748190
98.840857
100.000000
99.428505
100.000000
99.610490
100.000000
99.086399
100.000000
99.699299
100.000000
100.000000
100.000000
100.000000
100.000000
100.000000
100.000000
100.000000
100.000000
100.000000
100.000000
100.000000
100.000000
100.000000
100.000000
100.000000
100.000000
100.000000
100.000000
100.000000
98.678525
97.852451
99.176425
97.910556
99.043655
98.304057
99.284389
98.177965
99.539508
98.369451
99.524384
98.634260
99.432753
98.229647
99.601822
98.295893
99.561001
98.662386
99.660132
98.286495
100.000000
97.966239
99.138945
98.770606
99.269810
98.298282
99.606346
99.638250
98.840305
99.685371
100.000000
98.374773
99.347522
97.533922
99.330095
98.499748
99.414053
97.524237
99.205399
97.839139
98.908587
97.950657
98.982279
97.446241
99.094107
97.395797
99.020459
98.028307
98.902382
97.756089
98.990907
97.783967
98.837970
97.980588
98.874831
97.870410
99.161178
97.972028
99.084149
98.231683
99.050231
97.975850
99.286881
98.142308
99.368417
98.453198
99.419829
98.278764
99.847531
98.075691
99.934021
99.014642
99.968327
98.648068
100.000000
98.324998
100.000000
98.987492
100.000000
98.675709
100.000000
98.655134
99.983655
99.297804
100.000000
98.923773
100.000000
100.000000
99.690111
100.000000
100.000000
99.630098
100.000000
99.582401
100.000000
99.644632
100.000000
99.037466
100.000000
99.445689
100.000000
99.624180
100.000000
98.644308
100.000000
98.950868
100.000000
99.194562
100.000000
98.574333
100.000000
98.718032
100.000000
99.069649
100.000000
98.401562
100.000000
98.698625
99.866963
99.132307
100.000000
98.305280
99.909776
97.918017
99.582977
98.525551
99.732948
97.809900
99.796561
97.792669
99.698396
98.591113
99.706930
97.999240
100.000000
98.227173
99.920057
98.597478
99.565022
97.705940
99.991456
97.923908
99.157288
98.588496
99.592400
98.155997
99.928540
100.000000
98.771666
99.523123
100.000000
98.174851
100.000000
98.038129
99.886816
98.696113
99.745664
97.811458
99.171014
97.545448
98.551695
97.584206
98.719926
97.263759
98.458076
97.194468
98.216016
97.832433
99.034369
97.995628
99.280868
98.216255
99.448050
98.341169
98.975826
97.845901
99.316686
97.740411
99.250199
98.184385
99.240619
97.892818
99.453210
97.765664
99.626173
98.475396
99.130980
97.411047
99.764791
97.905134
99.638597
98.694994
100.000000
98.530869
100.000000
98.724438
100.000000
98.613574
99.860915
98.171641
100.000000
98.483106
99.532651
98.253839
99.207517
97.741374
99.780107
99.073680
97.858474
98.002257
97.882609
96.279187
97.500575
95.880027
97.001805
96.672780
97.970462
96.837419
98.586789
96.770816
98.076293
98.013366
99.241628
97.984206
99.429451
98.076403
98.895172
99.027202
100.000000
99.132449
100.000000
100.000000
100.000000
100.000000
100.000000
100.000000
100.000000
100.000000
100.000000
100.000000
100.000000
100.000000
100.000000
100.000000
100.000000
100.000000
100.000000
100.000000
100.000000
100.000000
100.000000
100.000000
100.000000
100.000000
100.000000
100.000000
100.000000
100.000000
100.000000
100.000000
100.000000
100.000000
100.000000
100.000000
100.000000
100.000000
100.000000
100.000000
100.000000
100.000000
100.000000
100.000000
100.000000
100.000000
100.000000
100.000000
100.000000
100.000000
100.000000
100.000000
100.000000
99.337620
100.000000
98.720193
98.952786
97.458257
98.010201
97.619771
98.477377
96.522786
96.953145
95.731808
97.055717
96.488309
98.721922
98.109680
100.000000
98.512596
100.000000
100.000000
100.000000
100.000000
100.000000
100.000000
100.000000
100.000000
100.000000
100.000000
100.000000
100.000000
100.000000
100.000000
100.000000
100.000000
100.000000
100.000000
100.000000
100.000000
100.000000
99.838404
100.000000
99.861176
100.000000
99.630246
99.966859
99.460037
100.000000
100.000000
100.000000
100.000000
100.000000
100.000000
100.000000
100.000000
100.000000
100.000000
100.000000
100.000000
100.000000
100.000000
100.000000
100.000000
100.000000
100.000000
100.000000
100.000000
100.000000
100.000000
100.000000
100.000000
100.000000
100.000000
100.000000
100.000000
100.000000
100.000000
100.000000
100.000000
100.000000
100.000000
100.000000
100.000000
100.000000
100.000000
100.000000
100.000000
100.000000
100.000000
100.000000
100.000000
100.000000
100.000000
100.000000
100.000000
100.000000
100.000000
100.000000
100.000000
100.000000
100.000000
100.000000
100.000000
100.000000
100.000000
100.000000
100.000000
100.000000
100.000000
100.000000
100.000000
100.000000
100.000000
100.000000
100.000000
100.000000
100.000000
100.000000
100.000000
100.000000
99.668006
100.000000
100.000000
100.000000
100.000000
100.000000
100.000000
100.000000
100.000000
100.000000
100.000000
100.000000
100.000000
100.000000
100.000000
100.000000
100.000000
100.000000
99.516069
100.000000
100.000000
100.000000
100.000000
100.000000
100.000000
100.000000
100.000000
100.000000
100.000000
100.000000
100.000000
100.000000
100.000000
100.000000
99.782845
100.000000
99.379569
100.000000
99.376127
100.000000
99.674144
100.000000
99.847080
100.000000
100.000000
100.000000
99.865244
100.000000
100.000000
99.593590
99.719500
100.000000
99.385458
99.893764
98.555521
99.030651
98.530952
99.409566
98.706763
99.108071
98.091563
99.161066
99.053926
99.985967
99.325992
99.829612
98.852138
100.000000
99.612425
99.857696
98.324587
99.174810
98.818273
100.000000
100.000000
100.000000
100.000000
100.000000
100.000000
100.000000
100.000000
100.000000
100.000000
100.000000
100.000000
100.000000
100.000000
100.000000
100.000000
100.000000
100.000000
100.000000
100.000000
100.000000
99.789970
100.000000
99.450178
100.000000
99.738055
99.966268
98.494357
99.503073
98.531941
99.417193
98.771962
99.312341
98.388988
99.297185
99.222118
100.000000
100.000000
100.000000
100.000000
100.000000
100.000000
100.000000
100.000000
100.000000
100.000000
100.000000
100.000000
100.000000
99.694620
100.000000
99.650125
100.000000
98.871163
100.000000
98.862389
97.811342
96.850770
100.000000
98.747763
100.000000
99.548700
100.000000
98.804260
100.000000
99.301957
100.000000
100.000000
100.000000
100.000000
100.000000
100.000000
100.000000
100.000000
100.000000
100.000000
100.000000
98.685516
99.810600
98.680647
100.000000
98.793766
100.000000
97.741164
98.676516
97.294929
99.182677
97.489450
99.268055
98.427923
100.000000
100.000000
99.996628
100.000000
100.000000
100.000000
100.000000
100.000000
100.000000
98.156947
100.000000
98.896755
100.000000
99.714930
100.000000
98.973688
100.000000
98.839615
99.181916
97.900559
98.585723
96.318077
99.861652
97.080245
100.000000
99.255133
99.245755
98.411163
99.853069
97.551573
99.283714
98.340355
100.000000
100.000000
100.000000
100.000000
100.000000
99.869647
100.000000
99.106790
100.000000
99.444843
100.000000
99.041343
98.727893
98.166400
100.000000
97.769315
99.066795
97.813222
98.555942
98.410647
100.000000
98.868985
99.963336
99.619493
99.080235
97.536738
99.881750
97.405284
98.460864
96.674599
97.420083
96.954890
100.000000
99.654224
97.119614
97.482140
96.651871
96.454950
99.707209
97.534488
99.435662
97.495594
96.434917
96.015808
97.856119
96.591115
98.237139
96.689390
96.366359
94.260494
97.101637
94.144478
96.317763
96.089429
96.535225
97.224264
99.317563
98.699327
100.000000
99.611606
100.000000
100.000000
100.000000
100.000000
100.000000
100.000000
100.000000
100.000000
100.000000
100.000000
100.000000
100.000000
100.000000
98.362628
100.000000
98.230967
100.000000
99.576619
100.000000
99.476792
100.000000
99.688529
100.000000
99.626342
100.000000
99.588796
100.000000
100.000000
100.000000
100.000000
100.000000
100.000000
100.000000
100.000000
100.000000
100.000000
100.000000
100.000000
100.000000
100.000000
100.000000
100.000000
100.000000
100.000000
100.000000
100.000000
100.000000
100.000000
100.000000
100.000000
100.000000
100.000000
100.000000
100.000000
100.000000
99.554339
100.000000
98.272359
100.000000
99.027369
100.000000
97.772059
100.000000
97.924394
99.356827
98.986495
100.000000
99.285183
100.000000
99.612541
100.000000
99.175818
98.667928
97.660633
98.913866
97.394326
98.840444
97.418041
97.131695
97.306476
99.579711
97.688703
100.000000
99.443621
100.000000
100.000000
100.000000
100.000000
100.000000
100.000000
100.000000
100.000000
100.000000
100.000000
100.000000
100.000000
100.000000
100.000000
100.000000
100.000000
100.000000
100.000000
100.000000
100.000000
100.000000
100.000000
100.000000
100.000000
100.000000
100.000000
100.000000
100.000000
100.000000
100.000000
100.000000
100.000000
100.000000
99.353855
100.000000
99.406485
99.707415
98.371262
99.815941
98.224005
99.366691
98.313553
98.902465
97.349760
98.466388
97.192299
98.953156
98.361019
99.336189
98.468964
99.708901
98.450345
99.924353
98.976987
99.960353
98.807528
100.000000
99.505489
100.000000
100.000000
100.000000
100.000000
100.000000
100.000000
100.000000
100.000000
100.000000
99.770914
100.000000
100.000000
100.000000
100.000000
100.000000
100.000000
100.000000
100.000000
100.000000
100.000000
100.000000
100.000000
100.000000
100.000000
100.000000
100.000000
100.000000
100.000000
100.000000
100.000000
100.000000
100.000000
100.000000
100.000000
100.000000
100.000000
100.000000
100.000000
100.000000
99.757474
100.000000
100.000000
100.000000
100.000000
100.000000
100.000000
100.000000
100.000000
100.000000
100.000000
100.000000
99.847536
100.000000
99.291669
100.000000
99.812791
99.880663
98.501895
100.000000
99.696193
100.000000
100.000000
100.000000
98.632604
100.000000
100.000000
100.000000
99.955276
100.000000
100.000000
100.000000
100.000000
100.000000
100.000000
100.000000
99.110923
100.000000
98.630149
100.000000
98.962175
100.000000
98.251531
100.000000
98.047610
100.000000
98.740206
98.754263
96.686178
100.000000
98.225529
100.000000
99.240016
99.898380
99.161745
100.000000
99.639909
100.000000
99.914429
100.000000
98.979144
100.000000
99.895596
100.000000
100.000000
100.000000
98.725530
100.000000
98.834577
100.000000
99.090994
99.992626
98.540335
100.000000
98.937395
100.000000
98.713125
99.689688
98.720927
100.000000
99.334273
100.000000
99.746514
100.000000
98.602474
100.000000
99.798433
100.000000
99.968166
100.000000
99.265347
100.000000
100.000000
98.765669
98.958297
98.327922
95.093691
98.115149
95.195407
96.969037
96.550809
97.242970
95.623653
97.606347
95.499050
97.181626
95.888218
96.304403
95.032883
97.059928
94.596760
96.678901
95.576933
96.270977
94.847069
96.808585
94.784043
96.900245
95.812280
96.632387
94.986497
97.270109
94.956491
96.661483
95.997902
96.846852
95.630200
98.193999
96.155114
98.349910
97.116144
97.974915
96.724037
99.371149
97.517418
97.588025
95.981668
96.245664
94.737314
100.000000
97.240684
99.980189
98.952220
99.905887
98.015015
100.000000
98.089510
100.000000
99.057264
99.989652
98.897471
100.000000
100.000000
100.000000
100.000000
100.000000
99.910811
100.000000
99.368518
100.000000
99.594124
100.000000
98.024349
99.125066
96.991301
97.620478
95.934815
96.020968
94.608783
98.254116
96.348626
98.719273
97.651579
98.084128
96.226501
98.765636
96.110616
97.351905
96.661321
97.221963
95.737912
99.018549
96.388790
98.101817
97.185947
97.424654
95.914855
98.762611
95.694016
97.924578
95.940711
96.820145
94.922914
97.117544
94.301250
96.027204
95.082034
95.715352
93.909740
97.585247
95.876520
97.577768
97.116176
98.086264
97.308352
99.489746
97.582597
98.940689
98.175882
98.128566
97.329961
99.470582
98.418293
96.772044
97.047993
97.206005
94.628700
98.684983
95.524582
97.550651
96.992906
99.531336
96.804201
100.000000
97.757700
100.000000
99.599477
100.000000
99.612864
100.000000
100.000000
100.000000
100.000000
100.000000
100.000000
100.000000
100.000000
100.000000
100.000000
100.000000
100.000000
100.000000
100.000000
100.000000
100.000000
100.000000
100.000000
100.000000
100.000000
100.000000
100.000000
100.000000
100.000000
100.000000
100.000000
100.000000
100.000000
99.870044
100.000000
100.000000
100.000000
100.000000
100.000000
100.000000
100.000000
100.000000
100.000000
100.000000
100.000000
100.000000
100.000000
100.000000
100.000000
100.000000
100.000000
100.000000
100.000000
100.000000
100.000000
100.000000
100.000000
100.000000
100.000000
100.000000
100.000000
100.000000
100.000000
100.000000
100.000000
100.000000
100.000000
100.000000
100.000000
100.000000
98.471071
100.000000
100.000000
100.000000
97.908846
98.286066
94.225406
95.297514
92.886252
94.250229
94.300094
96.490977
96.462372
99.486543
98.553269
100.000000
99.867794
100.000000
98.615596
100.000000
98.630072
99.788583
98.667214
99.302969
97.337411
99.588001
97.560070
98.668188
97.691163
99.595634
97.784595
100.000000
97.764665
99.011534
96.988968
97.907092
96.862644
98.637637
97.675996
96.204622
96.588890
98.045848
96.386241
97.650747
95.958415
97.507617
96.404887
98.690637
96.932386
98.940589
97.795331
99.327887
98.640491
100.000000
98.990534
100.000000
98.018841
98.995158
98.476866
99.219927
97.789960
99.049266
97.259208
98.769502
97.528250
98.647103
96.749382
97.955169
95.838406
97.072587
96.006275
97.331538
95.479969
97.847273
95.840513
97.354289
97.894763
100.000000
99.031849
100.000000
99.318060
100.000000
100.000000
100.000000
100.000000
100.000000
100.000000
100.000000
100.000000
100.000000
98.347937
100.000000
97.199090
99.220953
98.226013
100.000000
99.337035
100.000000
100.000000
98.901049
100.000000
100.000000
99.867861
100.000000
100.000000
100.000000
100.000000
100.000000
100.000000
100.000000
100.000000
100.000000
100.000000
100.000000
100.000000
100.000000
100.000000
100.000000
99.804402
100.000000
99.506488
100.000000
99.610940
100.000000
99.654725
100.000000
99.553905
100.000000
99.497788
100.000000
100.000000
100.000000
99.199047
100.000000
98.390079
100.000000
98.787799
100.000000
98.818712
100.000000
99.608800
100.000000
100.000000
100.000000
100.000000
100.000000
100.000000
100.000000
100.000000
100.000000
100.000000
100.000000
100.000000
100.000000
100.000000
100.000000
98.481275
99.927540
99.367695
97.033913
97.171375
98.132357
96.787720
98.760306
97.249639
98.069955
97.405485
98.407737
96.851308
98.358891
96.347798
97.709604
96.648215
97.514715
96.055300
97.647622
95.680452
97.492015
96.141043
97.325022
95.825811
97.989615
96.705713
98.955418
98.004766
98.955853
97.507896
99.541863
97.876761
99.414009
98.574246
100.000000
98.359077
100.000000
98.789116
100.000000
99.150463
100.000000
99.048860
100.000000
98.951864
100.000000
99.494614
100.000000
99.091292
100.000000
98.547666
99.942985
98.994511
99.616624
98.072831
99.863244
97.588803
98.980526
98.144172
99.170946
98.036277
99.961672
99.977910
98.038420
99.018400
98.967002
97.730936
99.721906
97.667017
99.687725
98.231103
98.993104
97.520440
99.174026
97.181266
98.374892
97.384962
98.427861
97.233627
98.891014
97.013504
98.310115
97.293547
98.518416
97.293147
98.856226
96.705748
98.561781
97.392506
98.499183
97.330945
98.674478
96.983646
98.248864
97.158429
98.362597
96.831724
98.219791
96.687270
98.325161
97.191518
98.766950
97.484915
99.392707
97.923256
99.553780
98.462269
100.000000
98.548092
100.000000
98.747686
100.000000
98.989178
99.817964
98.510558
100.000000
98.360543
100.000000
98.510501
99.206349
98.114248
99.556170
99.133614
97.481666
98.103017
98.469916
97.259366
98.549213
97.018598
98.546467
97.527806
98.787951
97.581477
99.558237
97.896041
99.364879
98.668333
99.910048
98.066935
99.839622
98.008322
99.103590
98.119282
99.163878
97.332119
99.141568
96.954204
98.455392
97.361656
99.067136
97.606953
100.000000
97.889416
99.156466
98.355898
99.546570
98.009470
96.026047
95.147679
96.102993
96.024307
96.841136
97.032531
97.981896
96.669488
97.339011
96.107631
96.208136
95.850954
96.819720
95.774111
97.211816
96.949029
97.600543
97.058611
99.447455
97.821737
100.000000
98.994718
99.767215
98.904815
100.000000
100.000000
100.000000
100.000000
100.000000
100.000000
100.000000
100.000000
100.000000
99.554166
98.674290
97.955566
100.000000
100.000000
100.000000
100.000000
100.000000
99.501376
100.000000
97.955379
100.000000
99.712908
100.000000
100.000000
100.000000
100.000000
100.000000
100.000000
100.000000
100.000000
100.000000
100.000000
100.000000
100.000000
100.000000
100.000000
100.000000
100.000000
100.000000
100.000000
100.000000
100.000000
100.000000
100.000000
100.000000
100.000000
100.000000
100.000000
100.000000
100.000000
100.000000
100.000000
100.000000
100.000000
100.000000
100.000000
100.000000
100.000000
100.000000
100.000000
100.000000
100.000000
100.000000
100.000000
100.000000
100.000000
100.000000
100.000000
100.000000
100.000000
100.000000
100.000000
100.000000
100.000000
100.000000
100.000000
100.000000
100.000000
100.000000
100.000000
100.000000
100.000000
100.000000
100.000000
100.000000
100.000000
100.000000
100.000000
100.000000
100.000000
100.000000
100.000000
100.000000
100.000000
100.000000
100.000000
100.000000
100.000000
100.000000
100.000000
100.000000
100.000000
100.000000
100.000000
100.000000
100.000000
100.000000
100.000000
100.000000
100.000000
100.000000
100.000000
100.000000
100.000000
100.000000
99.716918
100.000000
98.895942
98.804028
98.048950
99.162646
99.394470
98.388810
98.448552
99.162152
98.737164
99.520661
98.321101
98.558313
97.673343
98.217368
97.670175
98.470755
97.350329
98.254863
97.661160
98.718887
98.469449
99.733057
99.068919
100.000000
99.771017
100.000000
99.404281
100.000000
98.906601
99.859638
99.158989
99.387871
99.161340
100.000000
99.021423
100.000000
99.314442
99.782887
99.282327
100.000000
99.039535
100.000000
99.645946
99.871540
99.414076
100.000000
98.995330
99.680364
98.500450
98.755121
98.003796
98.626663
97.378814
98.315171
97.790439
98.466944
97.982014
98.909655
97.956169
99.178404
98.512428
98.829205
98.677581
99.484100
99.207742
98.345162
98.520662
99.182104
98.281040
98.748977
97.626568
98.536642
98.034781
98.918216
98.526214
99.620148
99.189046
100.000000
99.564108
100.000000
99.706758
100.000000
99.047408
99.643690
99.018645
99.728893
99.351752
99.971651
98.974354
99.740283
99.032927
99.846603
99.265993
100.000000
99.283071
99.901737
99.189899
99.854615
98.829169
100.000000
98.836798
99.892750
99.096739
99.952749
98.564992
100.000000
98.946507
100.000000
99.092219
99.894684
98.749410
99.988466
98.342630
99.591661
99.124842
100.000000
99.024028
100.000000
98.272624
99.502942
98.994367
99.753564
98.574201
99.973396
100.000000
99.205934
99.982065
100.000000
98.491800
99.467273
98.159700
99.407691
98.715537
99.510377
97.583473
99.368877
98.005175
99.003970
98.172082
99.111818
97.602265
99.271693
97.615864
99.180044
98.158107
99.007434
97.908413
99.160151
97.888028
98.939992
98.109782
99.030527
98.110875
99.335697
98.129641
99.157823
98.381104
99.217433
98.149777
99.471005
98.304221
99.502644
98.748642
99.624567
98.395086
100.000000
98.328916
100.000000
99.209504
100.000000
98.807581
100.000000
98.472294
100.000000
99.186711
100.000000
99.120750
100.000000
98.834640
100.000000
99.527825
100.000000
99.044097
100.000000
100.000000
99.840154
100.000000
100.000000
99.670192
100.000000
99.615880
100.000000
99.732255
100.000000
99.418120
100.000000
99.494824
100.000000
99.649474
100.000000
99.005582
100.000000
99.028238
100.000000
99.185423
100.000000
99.041876
100.000000
98.870006
100.000000
99.217347
100.000000
98.773077
100.000000
98.744543
99.940125
99.188476
100.000000
98.732798
99.945421
98.452164
99.633222
98.653196
99.766989
98.309978
99.824439
98.435483
99.766833
98.694841
99.873265
98.580839
100.000000
98.779044
99.931386
98.705231
99.654416
98.246836
100.000000
98.720698
99.995611
98.754758
99.623243
98.879827
100.000000
100.000000
98.890758
99.553659
100.000000
98.318544
100.000000
98.549722
99.854923
98.762931
99.774702
97.909888
99.254703
97.672575
98.588271
97.650539
98.780134
97.295455
98.449590
97.295547
98.254046
97.915096
99.084163
98.048400
99.307656
98.246344
99.499587
98.367026
99.004688
97.851251
99.307350
97.885820
99.209854
98.301780
99.307034
97.930385
99.458083
97.852474
99.666614
98.624107
99.335272
97.559409
99.825898
98.017658
99.643042
98.810047
100.000000
98.535547
100.000000
99.082979
100.000000
98.737699
99.908683
98.111007
100.000000
98.536942
99.552776
98.331800
99.199126
97.892867
99.777850
99.679391
97.904221
98.077077
97.872345
96.451909
97.528481
95.801685
97.016641
96.768206
98.005210
96.927397
98.592647
97.041970
98.328004
98.344174
99.464604
98.054036
99.232494
97.802082
99.283916
98.486480
99.352783
98.482750
100.000000
98.896602
100.000000
99.244877
100.000000
99.778883
100.000000
99.376416
100.000000
99.988187
100.000000
99.793435
100.000000
99.969163
100.000000
100.000000
100.000000
100.000000
100.000000
99.439074
100.000000
99.355725
99.932050
97.755390
100.000000
98.846871
99.673443
98.362134
99.012113
96.469206
99.093352
96.495386
97.721508
96.417219
97.481905
96.214023
98.898561
98.863769
96.635197
95.736439
96.052577
92.961673
95.501477
93.535019
95.760074
94.609495
95.114670
93.224386
95.598142
94.581891
96.614450
95.356587
95.888904
94.987888
96.421771
95.599628
97.402002
95.752664
95.999460
95.144733
96.932989
95.379502
97.309449
95.938750
96.351678
94.939019
96.443576
94.904779
96.465973
96.482636
97.599573
96.993884
98.505715
97.123073
98.356033
97.030402
98.369906
97.557628
99.549891
97.447432
98.527174
97.711702
99.101831
98.245636
99.660734
98.206302
99.856397
98.558912
98.882961
96.754798
99.450328
97.632170
100.000000
98.979562
99.132639
98.301951
99.962919
99.984665
99.151001
100.000000
100.000000
99.404140
100.000000
97.478817
99.719467
98.415387
99.770066
98.544106
99.820208
97.274216
99.304783
98.841520
100.000000
99.574010
100.000000
99.509928
100.000000
98.994770
99.528375
97.763765
98.496610
96.461265
98.039966
96.719844
98.648410
99.685950
100.000000
100.000000
100.000000
100.000000
100.000000
100.000000
100.000000
100.000000
100.000000
100.000000
100.000000
100.000000
100.000000
100.000000
100.000000
100.000000
100.000000
100.000000
100.000000
100.000000
100.000000
100.000000
100.000000
100.000000
100.000000
100.000000
100.000000
100.000000
100.000000
100.000000
100.000000
100.000000
100.000000
100.000000
100.000000
100.000000
100.000000
100.000000
100.000000
100.000000
100.000000
99.967609
100.000000
98.896265
98.820458
97.092166
97.550286
95.910033
96.696288
95.223995
96.695155
96.067248
98.448571
99.005842
100.000000
100.000000
100.000000
100.000000
100.000000
100.000000
100.000000
100.000000
100.000000
100.000000
100.000000
100.000000
100.000000
100.000000
100.000000
100.000000
100.000000
100.000000
100.000000
100.000000
100.000000
100.000000
100.000000
100.000000
100.000000
100.000000
100.000000
100.000000
100.000000
100.000000
100.000000
100.000000
100.000000
100.000000
100.000000
98.540866
100.000000
99.539784
98.098515
99.308263
97.939020
96.745371
98.645251
97.315405
98.444867
96.983807
98.231138
97.389726
98.715402
97.234845
98.439335
97.603191
98.114379
97.055403
98.998203
97.406834
98.241602
97.590044
98.084728
96.683197
98.685211
97.583164
99.138479
99.018578
100.000000
98.201271
100.000000
98.371976
99.654561
99.101317
99.978454
98.477510
100.000000
98.380781
99.731457
99.278502
100.000000
99.179592
100.000000
99.490526
100.000000
100.000000
100.000000
98.816865
100.000000
98.598303
99.715218
98.135642
99.013274
97.348998
99.542233
97.466069
98.935330
97.762344
98.646233
97.966924
99.507283
98.947099
97.449498
98.234903
98.687459
97.214505
99.296262
97.347970
98.219958
97.327467
99.095328
98.006298
99.506969
97.514493
98.860261
98.004873
99.535008
97.802241
99.510513
97.722626
99.000177
98.498846
99.585431
97.421678
99.558759
97.439508
99.148775
98.965914
100.000000
99.107767
100.000000
99.009076
99.959778
99.871279
100.000000
99.633782
100.000000
99.271771
100.000000
99.713359
100.000000
99.136980
100.000000
98.372411
99.334842
97.751303
98.366818
96.619981
98.053919
96.778438
97.985405
97.547769
99.147771
97.715672
99.457685
98.030175
99.495035
98.154661
99.201803
98.289846
99.619490
99.869432
98.957086
99.789953
99.964643
98.224168
100.000000
98.556722
100.000000
99.296017
100.000000
98.900466
100.000000
98.635735
100.000000
98.938066
100.000000
98.970094
100.000000
98.687632
100.000000
98.677471
99.864821
98.258276
100.000000
99.115533
100.000000
99.188530
100.000000
98.086926
99.944406
98.714556
100.000000
99.685893
100.000000
99.776678
100.000000
100.000000
100.000000
99.990983
100.000000
98.663792
100.000000
98.870842
99.981820
98.873094
100.000000
98.154649
99.943340
98.314989
99.553928
98.605308
100.000000
98.626847
100.000000
99.388459
100.000000
99.390084
100.000000
99.456054
100.000000
100.000000
100.000000
100.000000
100.000000
100.000000
100.000000
100.000000
100.000000
100.000000
100.000000
99.278898
100.000000
97.941807
98.545131
96.539478
96.846796
95.507949
96.464915
95.531318
96.997466
96.740462
99.134578
98.119707
100.000000
100.000000
100.000000
100.000000
100.000000
100.000000
100.000000
99.965674
100.000000
100.000000
100.000000
99.798576
100.000000
99.970716
100.000000
100.000000
100.000000
99.611251
100.000000
98.919670
100.000000
99.066433
100.000000
98.039337
99.291831
96.858957
97.956942
97.695737
100.000000
99.472732
100.000000
99.997696
100.000000
100.000000
100.000000
100.000000
100.000000
100.000000
100.000000
100.000000
100.000000
100.000000
100.000000
100.000000
100.000000
100.000000
100.000000
100.000000
100.000000
100.000000
100.000000
100.000000
100.000000
99.750321
100.000000
99.168656
100.000000
99.520308
100.000000
98.932159
99.546790
98.413270
99.462831
98.697251
99.891307
98.587753
99.768476
98.595559
99.768130
99.086578
100.000000
99.399884
100.000000
99.468294
100.000000
99.386130
100.000000
98.838094
100.000000
99.038454
99.727272
98.309552
99.086590
97.673049
98.652275
96.609873
97.195897
96.481884
97.582693
96.401500
98.536501
97.655294
98.555764
96.754834
96.924019
95.420556
97.031324
97.788597
97.398398
98.489531
99.299397
97.900543
99.249655
97.657564
98.834649
97.951862
99.756886
98.194135
99.673967
98.392225
100.000000
99.672478
100.000000
99.513013
100.000000
99.459552
100.000000
99.238554
100.000000
98.853690
100.000000
98.910007
100.000000
99.602841
100.000000
99.404930
100.000000
99.848623
100.000000
100.000000
100.000000
99.498417
99.754357
98.201631
98.649037
97.562979
97.952011
96.421316
97.628578
96.571626
97.533262
96.726187
97.780876
96.978937
98.829689
97.560229
98.568758
97.575253
98.379762
97.198992
98.492890
96.985129
98.124839
96.990008
97.905763
96.944800
98.283502
98.556632
97.695013
98.092356
99.042982
97.119169
98.063666
96.486548
97.876985
96.942574
98.163763
96.583925
98.744896
96.853312
98.418527
98.035523
99.605120
98.229608
100.000000
98.285550
99.975510
99.206201
100.000000
98.818065
100.000000
98.612095
99.763017
99.077392
100.000000
98.561997
100.000000
98.280295
99.729545
98.766309
99.663171
98.090109
99.524786
97.444585
99.081730
98.043536
99.115327
97.297022
98.794748
97.479028
98.882774
98.125232
99.402743
98.170882
100.000000
98.054462
99.183903
98.579121
99.490776
98.052913
99.838019
97.570507
98.834370
97.890991
98.789794
97.046460
99.144380
98.323053
97.520738
99.189939
99.924422
97.946904
100.000000
98.159038
98.934301
98.691189
100.000000
98.098515
99.416195
98.310486
99.938663
99.353233
100.000000
99.441817
100.000000
99.604052
100.000000
99.826347
100.000000
99.646501
100.000000
99.780402
100.000000
100.000000
100.000000
98.247126
98.906478
96.029177
97.065141
96.185582
97.730908
96.240642
98.405330
96.897720
98.215883
97.444054
98.570267
96.470108
98.472496
96.598889
98.167498
97.128889
98.632154
97.073281
98.636564
96.261896
97.350313
96.277538
97.999871
96.170634
98.499144
95.854136
97.128555
96.606016
98.293698
97.148730
98.839039
98.803947
96.981873
98.334754
98.144869
96.061165
97.878896
96.409475
98.280699
97.999747
99.464374
97.422350
99.296670
97.410021
99.033756
98.674694
100.000000
98.473602
100.000000
98.321739
100.000000
98.823217
100.000000
97.553466
100.000000
98.078713
99.712744
98.646114
100.000000
98.008781
100.000000
100.000000
100.000000
100.000000
100.000000
100.000000
100.000000
100.000000
100.000000
100.000000
100.000000
100.000000
100.000000
100.000000
100.000000
100.000000
100.000000
100.000000
100.000000
99.171382
100.000000
99.299190
100.000000
99.728606
100.000000
100.000000
100.000000
100.000000
100.000000
100.000000
100.000000
100.000000
100.000000
100.000000
100.000000
100.000000
100.000000
100.000000
100.000000
100.000000
100.000000
100.000000
100.000000
100.000000
100.000000
100.000000
100.000000
98.741861
100.000000
99.782532
100.000000
100.000000
100.000000
100.000000
100.000000
100.000000
100.000000
100.000000
100.000000
100.000000
100.000000
100.000000
100.000000
100.000000
100.000000
100.000000
100.000000
100.000000
100.000000
100.000000
100.000000
100.000000
100.000000
100.000000
100.000000
100.000000
100.000000
100.000000
100.000000
99.011994
99.724455
99.002868
99.429406
97.936122
99.364118
97.901565
98.934274
97.550688
97.431049
97.068710
98.397871
98.217861
96.949750
97.285609
97.191845
97.018335
98.488048
97.681257
98.600266
97.716587
97.778577
97.060626
99.214788
97.492559
99.396235
98.289885
98.729539
97.820198
99.515579
97.438144
98.829476
97.968256
98.126313
96.998291
98.010814
96.470256
98.240244
97.767527
97.556932
96.365966
98.380543
96.250987
98.503534
97.353155
97.582049
95.336907
98.919157
96.985836
97.806535
96.264622
97.108065
98.111812
99.096362
97.749232
98.866079
97.663685
95.636148
95.538732
98.179556
96.100685
97.310740
96.956937
97.529131
97.199615
98.715981
97.682138
98.677568
98.292744
97.779462
97.776054
98.837032
99.033398
98.079530
97.232214
97.584036
96.547880
98.858615
97.027680
98.590443
96.738820
98.606079
96.792297
98.259236
96.278491
97.987669
96.284722
95.919887
96.114606
97.661505
96.042282
97.903114
97.139131
98.378807
97.393060
98.511826
97.048059
98.237377
97.223039
96.483232
96.446828
98.211669
97.022429
98.607844
97.957873
97.030632
97.625909
99.184105
97.611678
99.396960
99.043247
98.154808
97.133984
99.392022
97.187132
98.375276
98.278663
97.493860
97.324846
100.000000
98.232469
99.309221
98.120993
98.538008
98.065075
99.697639
97.944389
99.400689
98.423497
97.981593
97.976729
99.127651
97.371193
97.798119
97.515391
97.440019
97.935531
99.368665
98.799200
100.000000
99.501180
99.710373
97.354125
98.879038
97.044384
98.183715
97.358318
98.384553
97.779582
100.000000
99.543608
100.000000
98.764028
99.221674
98.586990
100.000000
98.132656
98.814822
98.133332
97.198037
96.839622
98.240472
96.974210
97.607143
96.242247
95.188911
95.491235
98.046112
97.110208
96.786903
95.290237
94.832785
95.131076
97.341451
96.757614
97.684331
97.468723
97.083121
96.437899
98.674011
95.416679
98.382748
96.620354
96.423729
95.133127
98.347101
97.237872
98.571390
97.886330
95.853442
96.377609
97.456037
97.403434
95.994893
98.694189
