95.170154
100.000000
100.000000
100.000000
100.000000
100.000000
99.955627
100.000000
100.000000
100.000000
100.000000
100.000000
100.000000
100.000000
99.261907
100.000000
99.592385
100.000000
100.000000
100.000000
100.000000
100.000000
99.586719
100.000000
100.000000
100.000000
100.000000
100.000000
99.006681
99.264249
100.000000
100.000000
100.000000
100.000000
100.000000
100.000000
100.000000
100.000000
100.000000
100.000000
100.000000
100.000000
100.000000
100.000000
100.000000
100.000000
100.000000
100.000000
100.000000
100.000000
100.000000
100.000000
100.000000
100.000000
100.000000
100.000000
100.000000
100.000000
100.000000
100.000000
100.000000
100.000000
100.000000
100.000000
100.000000
100.000000
100.000000
100.000000
100.000000
100.000000
100.000000
100.000000
100.000000
100.000000
100.000000
100.000000
100.000000
100.000000
100.000000
100.000000
100.000000
100.000000
100.000000
100.000000
100.000000
100.000000
100.000000
100.000000
100.000000
100.000000
100.000000
100.000000
100.000000
100.000000
100.000000
100.000000
100.000000
100.000000
100.000000
100.000000
100.000000
100.000000
100.000000
100.000000
100.000000
100.000000
100.000000
100.000000
100.000000
100.000000
100.000000
100.000000
100.000000
100.000000
100.000000
100.000000
100.000000
100.000000
100.000000
100.000000
100.000000
100.000000
100.000000
100.000000
100.000000
100.000000
100.000000
100.000000
100.000000
100.000000
100.000000
100.000000
100.000000
100.000000
100.000000
100.000000
100.000000
100.000000
100.000000
100.000000
100.000000
100.000000
100.000000
100.000000
100.000000
100.000000
100.000000
100.000000
100.000000
100.000000
100.000000
100.000000
100.000000
100.000000
100.000000
100.000000
100.000000
100.000000
100.000000
100.000000
100.000000
100.000000
100.000000
100.000000
100.000000
100.000000
100.000000
100.000000
100.000000
100.000000
100.000000
100.000000
100.000000
100.000000
100.000000
100.000000
100.000000
100.000000
100.000000
100.000000
98.892594
99.190099
99.465795
99.962512
99.251125
99.131893
96.962894
99.068222
99.447209
98.912287
98.982176
98.989206
98.151294
99.332292
99.687857
100.000000
99.708297
99.748007
99.160087
99.600868
99.617387
100.000000
99.514844
99.287789
98.017863
99.132950
99.324463
100.000000
99.159997
99.442522
98.501530
99.682768
99.844847
100.000000
99.800130
100.000000
99.427910
99.908672
99.807152
100.000000
99.665921
99.576205
100.000000
100.000000
99.912803
100.000000
99.592838
99.791356
98.899803
99.693420
99.516197
100.000000
99.174396
98.454552
98.876783
99.664019
99.732693
100.000000
100.000000
100.000000
100.000000
99.804437
98.562316
98.699448
96.926532
96.806091
96.690795
98.201872
98.363105
100.000000
99.766104
100.000000
100.000000
100.000000
100.000000
100.000000
100.000000
100.000000
100.000000
100.000000
99.838248
100.000000
99.673596
99.730405
99.172930
97.253995
96.840147
98.250805
96.194368
97.219475
97.315535
98.087145
98.747473
100.000000
100.000000
99.724832
100.000000
100.000000
100.000000
100.000000
100.000000
100.000000
100.000000
100.000000
100.000000
100.000000
100.000000
99.793013
98.852636
98.845142
97.449769
98.785687
97.304912
97.058598
97.904204
98.740422
99.773626
99.393575
97.624951
95.028685
97.267104
98.559895
98.913646
100.000000
98.051933
96.986270
96.552638
98.319617
97.943570
98.473665
99.662381
99.888993
100.000000
100.000000
100.000000
100.000000
100.000000
100.000000
100.000000
100.000000
98.640175
100.000000
100.000000
100.000000
100.000000
100.000000
100.000000
100.000000
100.000000
100.000000
100.000000
100.000000
100.000000
100.000000
100.000000
100.000000
100.000000
100.000000
100.000000
100.000000
100.000000
100.000000
100.000000
100.000000
100.000000
100.000000
100.000000
100.000000
100.000000
100.000000
100.000000
100.000000
100.000000
100.000000
100.000000
100.000000
100.000000
100.000000
100.000000
100.000000
100.000000
100.000000
100.000000
100.000000
100.000000
100.000000
100.000000
100.000000
100.000000
100.000000
100.000000
100.000000
100.000000
100.000000
100.000000
100.000000
100.000000
100.000000
100.000000
100.000000
100.000000
100.000000
100.000000
100.000000
100.000000
100.000000
100.000000
100.000000
100.000000
100.000000
100.000000
100.000000
100.000000
100.000000
100.000000
100.000000
100.000000
100.000000
100.000000
100.000000
100.000000
100.000000
99.995638
100.000000
100.000000
100.000000
100.000000
100.000000
100.000000
100.000000
100.000000
100.000000
100.000000
100.000000
100.000000
100.000000
100.000000
100.000000
100.000000
100.000000
100.000000
100.000000
100.000000
100.000000
100.000000
100.000000
100.000000
100.000000
100.000000
100.000000
100.000000
100.000000
99.231220
99.331053
99.573135
100.000000
100.000000
100.000000
100.000000
100.000000
100.000000
100.000000
100.000000
100.000000
100.000000
100.000000
100.000000
100.000000
100.000000
100.000000
100.000000
100.000000
100.000000
100.000000
100.000000
100.000000
99.750980
100.000000
100.000000
100.000000
98.995859
99.515476
98.662008
100.000000
100.000000
100.000000
100.000000
100.000000
100.000000
100.000000
100.000000
100.000000
100.000000
100.000000
100.000000
100.000000
100.000000
100.000000
100.000000
100.000000
100.000000
100.000000
100.000000
100.000000
100.000000
98.702537
97.298933
99.354304
100.000000
100.000000
100.000000
100.000000
99.185715
100.000000
99.461382
100.000000
99.110946
100.000000
98.439425
99.696387
99.173566
100.000000
99.539713
99.719247
98.734017
98.475721
98.996735
100.000000
99.908168
99.830264
98.689278
99.010686
98.557984
99.132561
97.674080
98.152105
98.600446
97.892685
97.674554
97.838029
97.709230
96.580099
95.768076
98.499577
98.543084
100.000000
99.386513
100.000000
100.000000
100.000000
100.000000
100.000000
100.000000
100.000000
100.000000
100.000000
100.000000
100.000000
100.000000
100.000000
100.000000
100.000000
100.000000
100.000000
100.000000
100.000000
100.000000
100.000000
100.000000
100.000000
100.000000
100.000000
100.000000
100.000000
100.000000
100.000000
100.000000
100.000000
100.000000
100.000000
100.000000
100.000000
100.000000
100.000000
100.000000
100.000000
100.000000
100.000000
100.000000
100.000000
100.000000
100.000000
100.000000
100.000000
100.000000
100.000000
100.000000
100.000000
100.000000
100.000000
100.000000
100.000000
100.000000
100.000000
100.000000
100.000000
100.000000
100.000000
100.000000
100.000000
100.000000
100.000000
100.000000
100.000000
99.990932
100.000000
100.000000
100.000000
100.000000
100.000000
100.000000
100.000000
100.000000
100.000000
99.547078
99.458077
97.996174
99.276288
99.326624
99.968427
100.000000
100.000000
100.000000
100.000000
100.000000
100.000000
100.000000
100.000000
100.000000
100.000000
100.000000
100.000000
100.000000
100.000000
100.000000
100.000000
100.000000
100.000000
100.000000
100.000000
100.000000
100.000000
100.000000
100.000000
100.000000
100.000000
100.000000
100.000000
100.000000
100.000000
100.000000
100.000000
100.000000
100.000000
100.000000
100.000000
100.000000
100.000000
100.000000
100.000000
100.000000
100.000000
100.000000
100.000000
99.475042
100.000000
99.524201
99.920699
98.747413
98.665142
100.000000
100.000000
100.000000
100.000000
100.000000
100.000000
99.844770
100.000000
100.000000
100.000000
100.000000
100.000000
100.000000
100.000000
100.000000
100.000000
100.000000
100.000000
100.000000
100.000000
100.000000
100.000000
100.000000
100.000000
100.000000
100.000000
100.000000
100.000000
100.000000
100.000000
99.435545
99.394553
99.261390
99.852179
99.127683
99.522897
99.960770
99.382546
99.302981
99.905091
99.418404
99.404235
99.976007
99.253641
99.136380
99.841959
99.319229
99.541566
100.000000
99.645332
99.396662
100.000000
99.088617
99.492008
99.132668
99.396187
98.989642
99.624416
99.055504
99.313714
100.000000
99.528221
99.117089
99.371402
99.055931
98.882430
98.304265
98.847629
98.830895
98.933300
98.752186
99.085807
98.919508
99.008015
99.125943
99.394408
99.152580
99.214070
99.145441
98.924765
99.084237
99.305073
99.232712
99.357841
99.287161
99.117301
99.034038
99.813716
99.063333
99.465553
99.596371
99.391307
99.441362
100.000000
99.576809
99.637047
100.000000
99.264573
99.461245
100.000000
99.902293
100.000000
100.000000
100.000000
99.694283
100.000000
99.669984
100.000000
100.000000
100.000000
100.000000
100.000000
100.000000
100.000000
100.000000
100.000000
100.000000
100.000000
100.000000
100.000000
100.000000
100.000000
100.000000
100.000000
100.000000
100.000000
99.818731
100.000000
100.000000
100.000000
100.000000
100.000000
100.000000
100.000000
100.000000
100.000000
100.000000
100.000000
100.000000
100.000000
99.972470
100.000000
100.000000
100.000000
99.990344
99.746623
99.852269
100.000000
99.879794
100.000000
100.000000
99.941883
99.589271
99.973891
99.578758
99.714133
99.885537
99.365832
99.315909
100.000000
99.327100
99.686610
100.000000
99.807663
99.741937
100.000000
99.624453
99.609200
99.941012
99.589819
99.591774
100.000000
99.578111
99.561945
99.307449
99.756988
99.594495
99.962542
99.382679
99.214491
99.972538
99.663487
99.620769
100.000000
99.516843
99.491153
98.678252
99.453890
99.410954
99.886513
99.294320
99.184847
99.060676
99.018602
98.865602
98.873948
98.691770
99.112175
99.516029
99.657854
99.759416
99.830192
99.833491
99.613142
99.494537
99.170234
99.037455
99.513351
99.386485
99.740654
99.585415
99.529508
99.446243
100.000000
99.416773
99.812784
99.735628
99.603416
99.386267
100.000000
99.782526
100.000000
100.000000
100.000000
100.000000
100.000000
100.000000
99.849099
100.000000
100.000000
100.000000
100.000000
99.600278
99.555526
98.592843
99.501118
99.493277
99.566479
99.120282
97.475274
98.754031
98.316402
97.961830
98.208323
98.000629
98.055412
97.302764
98.329320
98.746152
98.762387
99.097875
99.520273
99.791058
99.453085
99.933104
100.000000
100.000000
100.000000
100.000000
100.000000
100.000000
100.000000
100.000000
100.000000
100.000000
100.000000
100.000000
100.000000
100.000000
100.000000
100.000000
100.000000
100.000000
100.000000
100.000000
100.000000
100.000000
100.000000
100.000000
100.000000
100.000000
100.000000
100.000000
100.000000
100.000000
100.000000
100.000000
100.000000
100.000000
100.000000
100.000000
100.000000
100.000000
100.000000
100.000000
100.000000
100.000000
100.000000
100.000000
100.000000
100.000000
100.000000
100.000000
100.000000
100.000000
100.000000
100.000000
100.000000
100.000000
100.000000
100.000000
100.000000
100.000000
100.000000
100.000000
100.000000
99.721196
99.268121
99.190145
98.520664
97.872344
98.087122
97.719211
97.952542
99.630355
98.753951
100.000000
100.000000
100.000000
100.000000
100.000000
100.000000
100.000000
100.000000
100.000000
100.000000
100.000000
100.000000
100.000000
100.000000
100.000000
100.000000
100.000000
100.000000
100.000000
100.000000
100.000000
100.000000
100.000000
100.000000
100.000000
100.000000
100.000000
100.000000
99.376510
100.000000
100.000000
100.000000
100.000000
100.000000
100.000000
100.000000
100.000000
100.000000
100.000000
100.000000
100.000000
100.000000
100.000000
100.000000
100.000000
100.000000
100.000000
100.000000
100.000000
100.000000
100.000000
100.000000
100.000000
100.000000
100.000000
100.000000
100.000000
100.000000
100.000000
100.000000
100.000000
100.000000
100.000000
100.000000
100.000000
100.000000
100.000000
100.000000
100.000000
100.000000
100.000000
100.000000
100.000000
100.000000
100.000000
100.000000
100.000000
100.000000
100.000000
100.000000
100.000000
100.000000
100.000000
100.000000
100.000000
100.000000
100.000000
100.000000
100.000000
100.000000
100.000000
100.000000
100.000000
100.000000
100.000000
100.000000
100.000000
100.000000
100.000000
100.000000
100.000000
100.000000
100.000000
100.000000
100.000000
100.000000
100.000000
100.000000
100.000000
100.000000
100.000000
100.000000
100.000000
100.000000
100.000000
100.000000
100.000000
100.000000
100.000000
100.000000
100.000000
100.000000
100.000000
100.000000
100.000000
100.000000
100.000000
100.000000
100.000000
100.000000
100.000000
100.000000
100.000000
100.000000
100.000000
100.000000
100.000000
100.000000
99.781575
100.000000
99.912951
99.926742
100.000000
100.000000
100.000000
100.000000
100.000000
100.000000
99.983818
100.000000
100.000000
100.000000
100.000000
99.349866
100.000000
100.000000
100.000000
100.000000
99.376761
99.312333
98.738155
99.202869
99.149145
99.207969
99.425255
100.000000
100.000000
100.000000
100.000000
100.000000
100.000000
100.000000
100.000000
99.570168
99.103896
100.000000
100.000000
100.000000
100.000000
100.000000
100.000000
100.000000
100.000000
100.000000
100.000000
100.000000
100.000000
100.000000
100.000000
100.000000
100.000000
100.000000
100.000000
100.000000
100.000000
100.000000
100.000000
100.000000
100.000000
100.000000
100.000000
100.000000
99.721085
99.242385
98.978572
99.673648
98.911138
99.023712
98.863965
99.384288
99.388333
99.825469
100.000000
100.000000
100.000000
100.000000
100.000000
100.000000
100.000000
100.000000
100.000000
100.000000
100.000000
100.000000
100.000000
100.000000
100.000000
100.000000
100.000000
100.000000
99.429327
99.607125
98.262922
100.000000
100.000000
100.000000
100.000000
100.000000
100.000000
100.000000
100.000000
100.000000
100.000000
100.000000
100.000000
100.000000
100.000000
100.000000
100.000000
100.000000
100.000000
100.000000
100.000000
100.000000
99.814191
99.848856
100.000000
100.000000
100.000000
100.000000
99.398344
99.304296
99.339910
99.100097
98.929124
100.000000
100.000000
100.000000
100.000000
100.000000
100.000000
100.000000
100.000000
100.000000
100.000000
100.000000
100.000000
100.000000
100.000000
100.000000
99.979754
100.000000
100.000000
100.000000
100.000000
99.906962
97.942016
98.251890
97.612297
100.000000
99.558354
100.000000
99.019055
100.000000
99.941710
100.000000
100.000000
100.000000
100.000000
100.000000
100.000000
100.000000
100.000000
100.000000
100.000000
100.000000
100.000000
100.000000
100.000000
100.000000
98.843482
100.000000
99.518569
99.793651
98.230059
99.253350
98.538165
99.981415
99.584686
100.000000
99.375050
99.749856
99.310996
99.534113
99.112694
100.000000
99.032950
98.685910
97.234836
99.125385
99.471249
100.000000
98.918097
97.287777
98.092854
99.426916
100.000000
100.000000
99.517161
98.602347
97.065622
97.395225
97.439572
98.287213
98.941404
98.932744
97.181211
96.530324
96.588860
98.771207
96.774798
97.704658
97.698297
99.134496
98.912899
100.000000
100.000000
100.000000
100.000000
100.000000
100.000000
100.000000
100.000000
100.000000
100.000000
100.000000
100.000000
100.000000
100.000000
100.000000
100.000000
100.000000
100.000000
100.000000
100.000000
100.000000
100.000000
100.000000
100.000000
100.000000
100.000000
100.000000
100.000000
100.000000
100.000000
100.000000
100.000000
100.000000
100.000000
100.000000
100.000000
100.000000
100.000000
100.000000
100.000000
100.000000
100.000000
100.000000
100.000000
100.000000
100.000000
100.000000
100.000000
100.000000
100.000000
100.000000
100.000000
100.000000
100.000000
100.000000
100.000000
100.000000
100.000000
100.000000
100.000000
100.000000
100.000000
100.000000
100.000000
100.000000
100.000000
100.000000
99.810916
99.792254
100.000000
100.000000
100.000000
100.000000
100.000000
100.000000
98.777963
99.393738
98.871542
99.619010
99.316611
99.519916
97.276678
99.158633
97.867493
100.000000
99.304022
100.000000
100.000000
100.000000
100.000000
100.000000
100.000000
100.000000
100.000000
100.000000
100.000000
100.000000
100.000000
100.000000
100.000000
100.000000
100.000000
100.000000
100.000000
100.000000
100.000000
100.000000
100.000000
100.000000
100.000000
100.000000
100.000000
100.000000
100.000000
100.000000
100.000000
100.000000
100.000000
100.000000
100.000000
100.000000
100.000000
100.000000
100.000000
100.000000
99.527272
100.000000
99.708707
100.000000
99.526810
98.490624
97.995919
99.390704
98.277160
99.757727
99.987057
99.616835
99.411705
100.000000
99.283202
100.000000
100.000000
99.743436
100.000000
100.000000
100.000000
100.000000
100.000000
100.000000
100.000000
100.000000
100.000000
100.000000
100.000000
100.000000
100.000000
100.000000
100.000000
100.000000
100.000000
100.000000
100.000000
100.000000
100.000000
100.000000
100.000000
100.000000
100.000000
100.000000
100.000000
100.000000
100.000000
100.000000
100.000000
100.000000
100.000000
100.000000
100.000000
100.000000
100.000000
100.000000
100.000000
100.000000
100.000000
100.000000
100.000000
100.000000
100.000000
100.000000
100.000000
100.000000
100.000000
100.000000
100.000000
100.000000
100.000000
100.000000
100.000000
100.000000
100.000000
100.000000
99.534029
100.000000
100.000000
100.000000
100.000000
100.000000
100.000000
100.000000
100.000000
100.000000
100.000000
100.000000
100.000000
100.000000
100.000000
100.000000
100.000000
100.000000
100.000000
100.000000
100.000000
100.000000
100.000000
100.000000
100.000000
100.000000
100.000000
100.000000
100.000000
100.000000
98.577473
99.792243
100.000000
100.000000
100.000000
100.000000
100.000000
100.000000
100.000000
100.000000
100.000000
100.000000
100.000000
100.000000
100.000000
100.000000
100.000000
100.000000
100.000000
100.000000
100.000000
100.000000
100.000000
100.000000
100.000000
100.000000
100.000000
100.000000
99.898838
100.000000
100.000000
100.000000
100.000000
100.000000
100.000000
100.000000
100.000000
100.000000
100.000000
100.000000
100.000000
100.000000
100.000000
100.000000
100.000000
100.000000
100.000000
98.323784
98.760677
98.885110
98.285789
99.145511
97.935037
97.580993
95.943089
97.789871
97.707503
97.902294
97.701116
97.645218
96.777587
96.949007
96.961427
97.006771
96.584216
96.792449
96.426880
96.782830
96.924506
97.533573
97.094969
97.195678
96.996474
96.840735
96.398684
97.317903
96.886271
97.277206
97.301690
97.834801
97.419556
98.567090
97.850747
98.487252
98.347633
98.723969
98.719380
100.000000
97.747103
97.154872
96.957185
98.647562
100.000000
100.000000
98.942929
99.182628
100.000000
100.000000
99.866203
100.000000
99.861440
99.465600
99.822673
100.000000
100.000000
100.000000
100.000000
100.000000
100.000000
100.000000
100.000000
100.000000
100.000000
100.000000
99.645432
99.582779
98.989615
98.578764
98.353020
98.267841
96.034499
97.540941
97.515448
100.000000
99.081392
99.491147
98.809648
98.839748
98.621294
99.069831
97.944729
98.093511
97.623579
98.560219
98.264491
99.577305
99.029636
99.241153
98.073652
98.567051
98.313138
99.234239
97.910283
97.622376
97.177398
97.163386
96.793808
97.407209
96.591010
96.661944
96.107566
96.728670
96.993309
98.111582
97.866568
98.411615
98.339688
98.807237
98.788088
99.711113
99.323225
99.480342
98.061986
98.963831
98.469376
99.315725
97.724968
96.448024
97.197634
97.721068
97.835618
98.913470
97.944307
98.486614
99.034261
99.625335
100.000000
100.000000
100.000000
100.000000
100.000000
100.000000
100.000000
100.000000
100.000000
100.000000
100.000000
100.000000
100.000000
100.000000
100.000000
100.000000
100.000000
100.000000
100.000000
100.000000
100.000000
100.000000
100.000000
100.000000
100.000000
100.000000
100.000000
100.000000
100.000000
100.000000
100.000000
100.000000
100.000000
100.000000
100.000000
100.000000
100.000000
100.000000
100.000000
100.000000
100.000000
100.000000
100.000000
100.000000
100.000000
100.000000
100.000000
100.000000
100.000000
100.000000
100.000000
100.000000
100.000000
100.000000
100.000000
100.000000
100.000000
100.000000
100.000000
100.000000
100.000000
100.000000
100.000000
100.000000
100.000000
100.000000
100.000000
100.000000
100.000000
100.000000
100.000000
100.000000
100.000000
100.000000
100.000000
99.631694
97.939661
97.624978
96.403640
97.007740
96.066046
96.961406
97.561866
98.371234
99.877374
100.000000
100.000000
100.000000
100.000000
100.000000
100.000000
100.000000
100.000000
100.000000
100.000000
99.412008
99.287176
100.000000
98.988144
99.263062
100.000000
99.712784
99.779244
100.000000
99.088424
98.481223
98.115581
98.399640
98.264287
98.365728
97.039639
96.534375
99.081590
98.414634
98.129530
98.464174
97.757465
97.734982
97.479511
98.857165
99.446881
99.755390
100.000000
100.000000
100.000000
100.000000
100.000000
100.000000
99.879336
99.734256
99.254648
98.824213
98.503793
98.911486
98.752891
98.816792
98.779470
98.540836
97.962217
98.414997
97.421461
97.413796
97.651473
96.883382
97.063117
98.204320
98.020962
99.514982
100.000000
100.000000
100.000000
100.000000
100.000000
100.000000
100.000000
100.000000
100.000000
100.000000
100.000000
100.000000
100.000000
99.499239
98.679373
99.740090
98.599857
99.449046
99.782835
100.000000
99.964597
100.000000
99.840268
100.000000
100.000000
100.000000
100.000000
100.000000
100.000000
100.000000
100.000000
100.000000
100.000000
100.000000
100.000000
100.000000
100.000000
100.000000
100.000000
100.000000
100.000000
100.000000
100.000000
100.000000
100.000000
100.000000
100.000000
100.000000
100.000000
100.000000
100.000000
100.000000
100.000000
100.000000
100.000000
100.000000
100.000000
100.000000
100.000000
99.895780
100.000000
100.000000
100.000000
100.000000
100.000000
100.000000
100.000000
100.000000
100.000000
100.000000
100.000000
100.000000
100.000000
100.000000
100.000000
100.000000
100.000000
100.000000
100.000000
100.000000
99.172132
99.680766
97.991908
96.705225
98.866711
98.403938
98.594487
99.879188
98.307452
98.166370
97.808948
98.009077
98.081807
98.526251
98.322933
98.502505
98.039901
97.665703
97.968425
99.147727
98.019806
97.987705
98.091001
97.511239
97.830935
99.464179
98.792201
99.504321
99.767407
98.998290
99.378019
100.000000
99.710501
99.934466
100.000000
100.000000
100.000000
100.000000
100.000000
100.000000
100.000000
100.000000
100.000000
100.000000
100.000000
100.000000
100.000000
100.000000
99.979486
100.000000
99.830555
100.000000
99.861459
99.987706
99.099826
100.000000
98.977671
98.839108
98.782913
100.000000
99.956880
100.000000
99.438148
98.978971
99.821969
99.115134
99.004928
100.000000
99.573779
99.359574
98.568821
99.181651
99.157279
99.339840
98.979412
99.270659
99.202017
99.537040
99.525185
99.926151
99.016010
99.241136
99.135489
99.165341
98.904211
99.471413
98.771740
98.871062
99.013225
98.654870
98.399395
99.304422
98.115146
98.590315
98.793050
98.596558
98.226155
99.346779
98.190027
98.547622
99.317433
98.766752
99.149629
100.000000
99.591247
100.000000
100.000000
100.000000
99.567910
100.000000
99.729340
100.000000
100.000000
100.000000
100.000000
100.000000
99.620537
99.122630
99.159605
99.591718
99.299690
98.663567
98.091296
97.802757
99.298560
98.693478
98.425087
99.411170
98.984917
99.403688
98.347747
99.198209
99.184854
99.899752
99.709689
99.872904
100.000000
99.736538
99.655055
100.000000
99.472075
99.275704
99.233576
98.848984
98.818271
99.367479
98.709336
98.968674
99.303335
99.020536
99.362962
100.000000
99.399056
99.566888
99.648420
99.642991
95.944647
96.995824
96.590231
96.725554
97.260161
97.615847
97.620226
97.890556
97.427080
96.932622
96.784263
96.512811
96.548027
97.639382
96.996344
97.723636
98.079952
98.563174
98.225965
100.000000
100.000000
100.000000
99.800739
100.000000
100.000000
100.000000
100.000000
100.000000
100.000000
100.000000
100.000000
100.000000
100.000000
100.000000
98.483815
100.000000
100.000000
100.000000
100.000000
100.000000
100.000000
100.000000
100.000000
100.000000
100.000000
100.000000
100.000000
100.000000
100.000000
100.000000
100.000000
100.000000
100.000000
100.000000
100.000000
100.000000
100.000000
100.000000
100.000000
100.000000
100.000000
100.000000
100.000000
100.000000
100.000000
100.000000
100.000000
100.000000
100.000000
100.000000
100.000000
100.000000
100.000000
100.000000
100.000000
100.000000
100.000000
100.000000
100.000000
100.000000
100.000000
100.000000
100.000000
100.000000
100.000000
100.000000
100.000000
100.000000
100.000000
100.000000
100.000000
100.000000
100.000000
100.000000
100.000000
100.000000
100.000000
100.000000
100.000000
100.000000
100.000000
100.000000
100.000000
100.000000
100.000000
100.000000
100.000000
100.000000
100.000000
100.000000
100.000000
100.000000
100.000000
100.000000
100.000000
100.000000
100.000000
100.000000
100.000000
100.000000
100.000000
100.000000
100.000000
100.000000
100.000000
100.000000
100.000000
100.000000
100.000000
100.000000
100.000000
100.000000
100.000000
100.000000
100.000000
100.000000
100.000000
100.000000
100.000000
100.000000
100.000000
100.000000
98.562710
98.833617
98.402638
99.424410
98.636544
98.370982
99.794055
99.682820
99.656421
99.753862
98.796907
98.528001
97.124001
98.539124
98.638275
98.508087
98.728850
98.768320
98.912990
99.696451
100.000000
100.000000
100.000000
100.000000
100.000000
100.000000
100.000000
100.000000
100.000000
100.000000
99.659883
99.848644
99.951475
100.000000
100.000000
100.000000
99.985928
99.914521
99.876977
100.000000
100.000000
100.000000
99.944084
99.824117
99.740592
100.000000
99.329359
98.926010
98.611016
98.258595
97.997187
98.486576
98.014639
98.313205
98.361427
97.984570
98.294667
99.069008
98.715779
98.925199
98.704619
99.244118
99.324522
99.321664
98.644560
98.071325
99.066171
98.907860
98.630015
98.866176
98.493687
98.564968
97.948107
98.812231
99.256762
99.737315
100.000000
100.000000
100.000000
100.000000
100.000000
100.000000
99.798434
99.901466
100.000000
100.000000
100.000000
100.000000
100.000000
100.000000
100.000000
99.800346
100.000000
100.000000
100.000000
100.000000
100.000000
100.000000
100.000000
100.000000
100.000000
100.000000
100.000000
100.000000
100.000000
100.000000
99.721970
100.000000
100.000000
99.806344
99.772528
100.000000
99.650377
99.870285
100.000000
100.000000
99.925620
100.000000
99.439267
99.543824
99.371532
99.723394
99.655429
99.704246
99.532511
99.626597
100.000000
99.652022
99.282771
99.722828
99.467572
99.550892
98.632053
99.229850
99.012564
99.634514
98.969119
99.280390
99.344491
99.438018
99.694606
99.778323
99.281012
99.124313
99.414576
99.499378
99.407645
99.656300
99.081505
99.273611
99.484064
99.610302
99.557139
99.872326
99.321814
99.539535
99.673707
99.438305
99.466439
99.869373
99.633000
99.613893
100.000000
99.651071
99.817904
100.000000
100.000000
100.000000
100.000000
100.000000
99.653506
100.000000
100.000000
100.000000
100.000000
100.000000
100.000000
100.000000
100.000000
100.000000
100.000000
100.000000
100.000000
100.000000
100.000000
100.000000
100.000000
100.000000
100.000000
100.000000
100.000000
100.000000
100.000000
100.000000
100.000000
100.000000
100.000000
100.000000
100.000000
100.000000
100.000000
100.000000
100.000000
100.000000
100.000000
100.000000
100.000000
100.000000
100.000000
100.000000
100.000000
99.791067
99.762608
100.000000
100.000000
100.000000
100.000000
99.915869
99.681662
100.000000
99.509953
99.811539
100.000000
99.727779
99.379463
100.000000
99.377324
99.750761
100.000000
99.857270
99.779020
100.000000
99.709064
99.587655
99.816864
99.778900
99.796149
100.000000
99.799360
99.593488
99.390373
99.491150
99.634646
99.969211
99.874896
99.221380
100.000000
99.795245
99.663535
100.000000
99.600270
99.536887
98.714340
99.713005
99.707363
99.622651
99.233355
99.110724
99.087828
99.045451
98.938756
99.181505
98.973506
99.224285
99.689778
99.530221
99.670844
100.000000
100.000000
100.000000
99.858268
99.306488
99.080959
100.000000
99.184572
99.584807
99.905555
99.689489
99.541637
100.000000
99.383744
99.684194
99.841553
99.332258
99.381113
100.000000
99.816985
100.000000
100.000000
100.000000
100.000000
100.000000
100.000000
100.000000
100.000000
100.000000
100.000000
100.000000
99.288178
99.389596
98.979602
99.825813
99.786130
99.598346
98.845948
97.522921
98.570666
98.017287
97.890513
98.225175
97.985914
98.087109
97.302409
98.336731
98.725338
98.805398
99.075590
99.532843
99.607597
100.000000
99.355222
99.616743
99.348729
99.173768
99.067526
99.930217
100.000000
100.000000
100.000000
100.000000
100.000000
100.000000
100.000000
100.000000
100.000000
100.000000
100.000000
100.000000
100.000000
100.000000
100.000000
100.000000
100.000000
100.000000
100.000000
100.000000
100.000000
100.000000
100.000000
100.000000
100.000000
100.000000
100.000000
100.000000
99.178810
99.240476
99.293741
100.000000
99.011794
99.005939
97.717537
98.661352
98.242278
99.133491
98.362783
96.231670
97.664358
97.413073
97.362318
98.519607
97.142607
97.156795
95.941690
97.411296
97.574896
97.929299
98.232869
98.116454
97.660939
98.909672
99.358012
99.828871
100.000000
99.270614
97.988187
98.455660
98.378256
99.309957
99.325297
99.237587
98.408171
98.358982
98.218458
98.712441
98.372404
98.911786
99.156324
99.667723
99.577226
100.000000
99.003724
99.010638
99.249837
99.625209
99.577215
99.793954
99.220680
98.822308
99.369612
99.355355
99.083052
100.000000
100.000000
99.939572
99.003739
97.979015
98.487496
99.723010
99.743233
99.696648
99.062691
98.951886
99.078301
99.259414
99.598306
99.862148
100.000000
100.000000
99.925530
99.858014
98.884551
99.086311
99.246081
99.686257
99.292880
99.572721
98.875428
99.657653
100.000000
100.000000
100.000000
100.000000
100.000000
100.000000
99.983052
98.823625
98.262236
98.620957
97.900257
97.728242
99.455087
100.000000
100.000000
100.000000
100.000000
100.000000
100.000000
100.000000
100.000000
100.000000
100.000000
100.000000
100.000000
100.000000
100.000000
100.000000
100.000000
100.000000
100.000000
100.000000
100.000000
100.000000
100.000000
100.000000
100.000000
100.000000
100.000000
100.000000
100.000000
100.000000
100.000000
100.000000
100.000000
100.000000
100.000000
100.000000
100.000000
100.000000
100.000000
100.000000
100.000000
100.000000
100.000000
100.000000
100.000000
100.000000
99.375668
99.586133
97.787216
98.151172
96.919182
98.644114
96.671444
97.420798
99.239638
100.000000
100.000000
100.000000
100.000000
100.000000
100.000000
100.000000
100.000000
100.000000
100.000000
100.000000
100.000000
100.000000
100.000000
100.000000
100.000000
100.000000
100.000000
100.000000
100.000000
100.000000
100.000000
100.000000
100.000000
100.000000
100.000000
100.000000
100.000000
100.000000
100.000000
100.000000
100.000000
100.000000
100.000000
100.000000
100.000000
100.000000
100.000000
100.000000
99.988241
98.918174
99.713865
99.900984
99.925812
100.000000
99.570452
99.173659
97.787770
99.782624
99.743196
100.000000
100.000000
99.921875
99.193491
99.497073
99.322071
99.954514
99.502539
99.286962
98.545150
98.457698
98.540617
99.860585
99.754874
100.000000
100.000000
100.000000
99.937160
100.000000
99.978114
100.000000
100.000000
99.814696
99.831781
100.000000
99.719556
100.000000
100.000000
100.000000
100.000000
100.000000
100.000000
100.000000
100.000000
100.000000
100.000000
100.000000
99.779075
99.201344
99.294847
99.229259
99.017031
99.889481
98.626117
98.731116
98.504157
98.654943
99.100568
99.283063
98.560527
97.634526
99.476505
99.288964
99.022580
99.739294
98.758330
98.798285
98.392090
99.125615
99.368019
99.580118
99.422367
99.608893
99.863641
99.755723
100.000000
100.000000
100.000000
100.000000
100.000000
99.379460
99.454402
100.000000
100.000000
100.000000
100.000000
100.000000
100.000000
100.000000
100.000000
100.000000
100.000000
100.000000
100.000000
100.000000
100.000000
100.000000
100.000000
100.000000
100.000000
100.000000
99.956998
100.000000
99.554326
98.770003
98.585589
99.411994
98.695064
99.350997
100.000000
99.646878
99.800905
100.000000
99.930031
99.865384
99.819290
99.854946
99.996002
100.000000
100.000000
100.000000
100.000000
100.000000
100.000000
100.000000
100.000000
100.000000
100.000000
100.000000
100.000000
100.000000
100.000000
100.000000
100.000000
100.000000
100.000000
100.000000
100.000000
100.000000
100.000000
100.000000
100.000000
100.000000
100.000000
100.000000
100.000000
100.000000
100.000000
100.000000
100.000000
100.000000
100.000000
100.000000
100.000000
100.000000
100.000000
100.000000
100.000000
100.000000
100.000000
100.000000
100.000000
100.000000
100.000000
100.000000
100.000000
100.000000
100.000000
100.000000
100.000000
100.000000
100.000000
100.000000
100.000000
100.000000
100.000000
100.000000
100.000000
100.000000
100.000000
100.000000
100.000000
100.000000
100.000000
100.000000
100.000000
100.000000
100.000000
100.000000
100.000000
99.844763
99.657212
99.262130
97.579747
97.458275
97.566234
98.701392
98.188805
99.265135
100.000000
99.750305
100.000000
100.000000
100.000000
100.000000
100.000000
100.000000
100.000000
100.000000
100.000000
100.000000
100.000000
100.000000
100.000000
100.000000
100.000000
100.000000
100.000000
100.000000
100.000000
100.000000
100.000000
100.000000
100.000000
99.272514
98.452482
99.128030
98.075113
98.806665
100.000000
100.000000
100.000000
100.000000
100.000000
100.000000
100.000000
100.000000
100.000000
100.000000
100.000000
100.000000
100.000000
100.000000
100.000000
100.000000
100.000000
100.000000
100.000000
100.000000
100.000000
100.000000
100.000000
100.000000
100.000000
100.000000
100.000000
100.000000
100.000000
100.000000
100.000000
100.000000
100.000000
100.000000
100.000000
100.000000
100.000000
99.935997
100.000000
100.000000
100.000000
100.000000
100.000000
100.000000
100.000000
100.000000
100.000000
100.000000
100.000000
100.000000
100.000000
100.000000
100.000000
99.626059
99.689286
98.921679
98.461011
98.781799
97.653727
97.645559
98.115876
98.069812
98.475827
99.601899
98.488660
97.781525
96.943541
96.659707
96.710467
97.836089
98.150331
98.458237
99.620836
99.267534
99.182394
99.515712
98.936109
98.898400
98.870223
99.426063
99.695951
100.000000
100.000000
100.000000
100.000000
100.000000
100.000000
100.000000
100.000000
100.000000
100.000000
100.000000
100.000000
100.000000
100.000000
100.000000
100.000000
100.000000
100.000000
100.000000
100.000000
100.000000
100.000000
100.000000
100.000000
100.000000
99.089341
99.063721
98.619414
98.156077
98.140443
99.173235
98.160439
98.461819
98.884085
99.050908
98.951344
99.744473
99.118734
99.229269
99.253751
98.960143
98.700171
99.361322
98.856197
98.645913
98.538297
98.887730
99.305056
99.622634
99.712844
98.760773
98.877587
98.305077
97.942817
98.684576
97.792924
98.352575
97.699011
98.254463
97.861965
99.177106
98.293384
99.214202
99.869839
100.000000
100.000000
100.000000
100.000000
100.000000
100.000000
100.000000
100.000000
100.000000
100.000000
100.000000
100.000000
100.000000
100.000000
100.000000
99.985022
99.670053
99.787021
99.406676
98.560294
99.644170
98.669862
99.404571
99.301893
98.688265
98.415856
99.570266
98.801472
99.151576
100.000000
99.691053
99.802314
100.000000
99.686492
99.438182
99.879826
99.362778
99.078612
99.619073
98.826610
98.714609
98.359996
98.337163
98.116684
99.213739
99.113601
99.283464
99.762586
99.439303
99.463842
100.000000
99.438873
99.570673
99.446993
99.526326
99.794230
100.000000
100.000000
100.000000
100.000000
100.000000
100.000000
100.000000
100.000000
100.000000
100.000000
100.000000
100.000000
100.000000
100.000000
100.000000
100.000000
99.975948
98.601735
99.492557
97.711235
97.739317
98.112483
97.862956
98.388998
99.963169
99.229513
99.553003
99.364016
98.448043
97.829218
99.063529
98.378450
98.813062
99.300238
98.936336
98.503878
98.902452
97.895741
97.803490
98.164108
97.812420
97.783247
98.785959
97.660713
98.055557
98.112845
98.585746
98.952004
99.725700
98.973045
98.664492
99.018253
98.314329
98.342801
99.412149
98.943007
99.540990
98.992514
99.088475
99.565559
100.000000
100.000000
100.000000
100.000000
100.000000
100.000000
100.000000
100.000000
100.000000
100.000000
99.885372
99.845070
100.000000
100.000000
100.000000
100.000000
100.000000
100.000000
100.000000
100.000000
100.000000
100.000000
100.000000
100.000000
100.000000
100.000000
100.000000
100.000000
100.000000
100.000000
100.000000
100.000000
100.000000
100.000000
100.000000
100.000000
100.000000
100.000000
100.000000
100.000000
100.000000
100.000000
100.000000
100.000000
100.000000
100.000000
100.000000
100.000000
100.000000
100.000000
100.000000
100.000000
100.000000
100.000000
100.000000
100.000000
100.000000
100.000000
100.000000
100.000000
100.000000
100.000000
100.000000
100.000000
100.000000
100.000000
100.000000
100.000000
100.000000
100.000000
100.000000
100.000000
100.000000
100.000000
100.000000
100.000000
100.000000
100.000000
100.000000
100.000000
100.000000
100.000000
100.000000
100.000000
100.000000
100.000000
100.000000
100.000000
100.000000
100.000000
100.000000
100.000000
100.000000
100.000000
100.000000
100.000000
100.000000
100.000000
100.000000
99.608139
99.524664
99.573002
99.466656
99.145894
99.119036
97.310681
98.769133
98.603907
98.601046
97.700517
97.119348
97.784359
98.734604
98.781601
99.004301
98.922715
98.368602
97.302489
99.084462
98.670605
99.198232
98.893818
98.902327
98.539556
99.878449
99.451231
99.546885
98.883813
99.488263
97.974510
98.573379
98.286452
98.439024
98.650317
99.230346
97.618548
98.512995
97.664888
98.898815
98.269862
98.694561
97.504498
97.904397
97.408030
98.251203
97.300595
97.250034
97.056553
99.120514
97.883097
98.732545
98.303486
98.025002
95.754505
97.490943
97.790622
98.388643
97.484883
97.768433
97.832220
98.617808
98.784419
99.048326
98.872659
99.163028
97.512044
98.852335
98.524854
98.968168
98.309385
96.681058
97.596817
98.243943
98.508956
99.383391
98.521069
97.679849
98.051204
98.554675
98.419898
98.196684
98.215554
98.478166
95.571828
97.163055
96.779675
98.214066
97.875009
98.156348
98.624893
98.447711
98.270636
98.386547
97.935547
97.875036
96.449980
97.331146
96.615804
98.065978
97.277710
97.908718
97.153006
98.594467
98.484098
98.691350
98.877871
99.560053
98.166734
98.769437
98.476047
99.485282
98.428757
98.331452
97.409297
98.844366
99.364507
100.000000
99.579516
99.266896
98.435577
99.593239
99.526924
100.000000
99.677897
99.392485
97.770439
99.460488
99.268479
99.155447
98.618672
97.994135
98.767471
99.702165
99.674912
100.000000
100.000000
100.000000
99.177220
99.916770
99.484180
99.742138
99.225515
98.583863
98.187770
99.605107
100.000000
100.000000
100.000000
100.000000
99.488267
100.000000
99.830551
100.000000
99.279168
99.095347
97.645050
98.345646
97.793193
98.058869
97.715444
97.155188
95.716021
97.646291
97.912727
98.103851
96.123959
95.668903
95.478342
97.250205
97.475742
97.553530
97.866599
97.567783
96.955011
98.131074
97.841145
98.139967
97.826097
97.735817
96.362392
97.683232
97.324176
98.424304
98.023085
98.189609
95.649988
98.025640
97.941662
98.460342
98.225536
98.827810
