94.413499
100.000000
100.000000
100.000000
100.000000
100.000000
100.000000
100.000000
100.000000
100.000000
100.000000
100.000000
100.000000
100.000000
100.000000
99.223789
100.000000
100.000000
100.000000
100.000000
100.000000
100.000000
100.000000
100.000000
100.000000
100.000000
100.000000
99.808107
100.000000
100.000000
100.000000
100.000000
100.000000
100.000000
100.000000
100.000000
100.000000
100.000000
100.000000
100.000000
100.000000
100.000000
100.000000
100.000000
100.000000
100.000000
100.000000
100.000000
100.000000
100.000000
100.000000
100.000000
100.000000
100.000000
100.000000
100.000000
100.000000
100.000000
100.000000
100.000000
100.000000
100.000000
100.000000
100.000000
100.000000
100.000000
100.000000
100.000000
100.000000
99.794975
100.000000
100.000000
100.000000
100.000000
100.000000
100.000000
100.000000
100.000000
100.000000
100.000000
100.000000
100.000000
100.000000
100.000000
100.000000
100.000000
100.000000
100.000000
100.000000
100.000000
100.000000
100.000000
100.000000
100.000000
100.000000
100.000000
100.000000
100.000000
100.000000
100.000000
100.000000
100.000000
100.000000
100.000000
100.000000
100.000000
100.000000
100.000000
100.000000
100.000000
100.000000
100.000000
100.000000
100.000000
100.000000
100.000000
100.000000
100.000000
100.000000
100.000000
100.000000
100.000000
100.000000
100.000000
100.000000
100.000000
100.000000
100.000000
100.000000
100.000000
100.000000
100.000000
100.000000
100.000000
100.000000
100.000000
100.000000
100.000000
100.000000
100.000000
100.000000
100.000000
100.000000
100.000000
100.000000
100.000000
100.000000
100.000000
100.000000
100.000000
100.000000
100.000000
100.000000
100.000000
100.000000
100.000000
100.000000
100.000000
100.000000
100.000000
100.000000
100.000000
100.000000
100.000000
100.000000
100.000000
100.000000
100.000000
100.000000
100.000000
100.000000
100.000000
100.000000
100.000000
100.000000
100.000000
100.000000
100.000000
100.000000
100.000000
99.025367
99.179277
99.964155
99.196764
100.000000
99.239299
98.581151
98.799837
100.000000
99.099451
99.957311
99.111234
98.682179
99.493860
100.000000
99.979585
100.000000
100.000000
99.521741
99.508071
100.000000
99.960550
100.000000
99.773144
98.627364
99.254731
100.000000
99.774729
100.000000
99.768197
98.900370
99.294763
100.000000
99.942140
100.000000
100.000000
99.688310
99.636279
100.000000
99.270912
100.000000
100.000000
100.000000
99.382494
100.000000
99.039972
100.000000
99.385406
99.440015
98.502473
100.000000
98.071404
100.000000
98.325436
99.736167
99.085274
100.000000
100.000000
100.000000
100.000000
100.000000
98.776779
100.000000
96.080869
99.140718
96.472458
98.515942
97.542953
100.000000
98.966518
100.000000
100.000000
100.000000
100.000000
100.000000
100.000000
100.000000
100.000000
100.000000
99.925651
100.000000
99.960245
100.000000
100.000000
99.484424
96.964603
99.497444
96.469643
98.787830
96.769581
97.969878
97.374419
100.000000
99.494861
100.000000
100.000000
100.000000
100.000000
100.000000
100.000000
100.000000
100.000000
100.000000
100.000000
100.000000
100.000000
100.000000
100.000000
99.075413
97.930381
100.000000
96.975020
99.344469
98.384920
98.910056
99.120331
100.000000
100.000000
98.312658
96.549106
96.319513
97.140886
100.000000
98.212983
99.665994
97.900856
97.465099
97.551569
100.000000
98.249133
100.000000
99.910912
100.000000
100.000000
100.000000
100.000000
100.000000
100.000000
100.000000
97.823882
100.000000
98.661112
100.000000
100.000000
100.000000
100.000000
100.000000
100.000000
100.000000
100.000000
100.000000
100.000000
100.000000
100.000000
100.000000
100.000000
100.000000
100.000000
100.000000
100.000000
100.000000
100.000000
100.000000
100.000000
100.000000
100.000000
100.000000
100.000000
100.000000
100.000000
100.000000
100.000000
100.000000
100.000000
100.000000
100.000000
100.000000
100.000000
100.000000
100.000000
100.000000
100.000000
100.000000
100.000000
100.000000
100.000000
100.000000
100.000000
100.000000
100.000000
100.000000
100.000000
100.000000
100.000000
100.000000
100.000000
100.000000
100.000000
100.000000
100.000000
100.000000
100.000000
100.000000
100.000000
100.000000
100.000000
100.000000
100.000000
100.000000
100.000000
100.000000
100.000000
100.000000
100.000000
100.000000
100.000000
100.000000
100.000000
100.000000
100.000000
100.000000
100.000000
100.000000
99.002012
100.000000
99.507437
100.000000
100.000000
100.000000
100.000000
100.000000
100.000000
100.000000
100.000000
100.000000
100.000000
100.000000
100.000000
100.000000
100.000000
100.000000
100.000000
100.000000
100.000000
100.000000
100.000000
100.000000
100.000000
100.000000
100.000000
100.000000
100.000000
99.706189
98.543104
100.000000
99.653662
100.000000
100.000000
100.000000
100.000000
100.000000
100.000000
100.000000
100.000000
100.000000
100.000000
100.000000
100.000000
100.000000
100.000000
100.000000
100.000000
100.000000
100.000000
100.000000
100.000000
100.000000
98.956190
100.000000
99.012895
100.000000
99.493870
99.018289
99.872184
100.000000
100.000000
100.000000
100.000000
100.000000
100.000000
100.000000
100.000000
100.000000
100.000000
100.000000
100.000000
100.000000
100.000000
100.000000
100.000000
100.000000
100.000000
100.000000
100.000000
100.000000
100.000000
97.885016
98.984707
100.000000
100.000000
100.000000
100.000000
99.271161
99.647057
100.000000
99.939498
100.000000
99.753591
98.240186
97.586460
100.000000
99.057326
100.000000
100.000000
98.480449
97.290690
100.000000
99.197780
100.000000
99.809336
98.743420
97.525047
100.000000
97.312589
99.524351
97.497209
98.444426
96.838683
99.343515
95.881122
98.598103
95.797643
96.358575
96.510927
100.000000
98.935210
100.000000
100.000000
100.000000
100.000000
100.000000
100.000000
100.000000
100.000000
100.000000
100.000000
100.000000
100.000000
100.000000
100.000000
100.000000
100.000000
100.000000
100.000000
100.000000
100.000000
100.000000
100.000000
100.000000
100.000000
100.000000
100.000000
100.000000
100.000000
100.000000
100.000000
100.000000
100.000000
100.000000
100.000000
100.000000
100.000000
100.000000
100.000000
100.000000
100.000000
100.000000
100.000000
100.000000
100.000000
100.000000
100.000000
100.000000
100.000000
100.000000
100.000000
100.000000
100.000000
100.000000
100.000000
100.000000
100.000000
100.000000
100.000000
100.000000
100.000000
100.000000
100.000000
100.000000
100.000000
100.000000
100.000000
100.000000
100.000000
100.000000
100.000000
100.000000
100.000000
100.000000
100.000000
100.000000
100.000000
100.000000
100.000000
100.000000
100.000000
99.388968
99.274591
100.000000
100.000000
100.000000
100.000000
100.000000
100.000000
100.000000
100.000000
100.000000
100.000000
100.000000
100.000000
100.000000
100.000000
100.000000
100.000000
100.000000
100.000000
100.000000
100.000000
100.000000
100.000000
100.000000
100.000000
100.000000
100.000000
100.000000
100.000000
100.000000
100.000000
100.000000
100.000000
100.000000
100.000000
100.000000
100.000000
100.000000
100.000000
100.000000
100.000000
100.000000
100.000000
100.000000
100.000000
100.000000
100.000000
100.000000
99.935529
100.000000
100.000000
99.195090
100.000000
100.000000
99.823523
100.000000
99.948590
100.000000
100.000000
100.000000
100.000000
100.000000
100.000000
100.000000
100.000000
100.000000
100.000000
100.000000
100.000000
100.000000
100.000000
100.000000
100.000000
100.000000
100.000000
100.000000
100.000000
100.000000
100.000000
100.000000
100.000000
100.000000
100.000000
99.785960
99.296611
100.000000
99.071724
100.000000
99.584495
100.000000
99.323860
100.000000
99.205962
100.000000
99.751532
100.000000
99.223871
100.000000
99.238272
100.000000
100.000000
100.000000
99.620823
100.000000
99.290588
100.000000
99.888254
100.000000
99.455696
100.000000
100.000000
99.910922
100.000000
100.000000
99.093984
100.000000
98.646855
100.000000
99.400488
99.948392
98.778116
100.000000
98.558861
99.758545
98.958207
99.582953
98.556642
100.000000
98.510945
99.785982
99.167682
99.640971
98.598375
100.000000
98.388279
99.505003
98.940682
99.672153
98.828346
100.000000
98.698841
100.000000
99.203857
99.827472
98.862791
100.000000
98.895111
100.000000
99.589852
100.000000
99.215787
100.000000
99.260674
100.000000
100.000000
100.000000
99.352892
100.000000
99.366100
100.000000
99.830391
100.000000
99.817129
100.000000
99.666392
100.000000
100.000000
100.000000
99.803546
100.000000
100.000000
100.000000
100.000000
100.000000
100.000000
100.000000
99.964489
100.000000
100.000000
100.000000
99.911436
100.000000
99.793882
100.000000
100.000000
100.000000
99.649212
100.000000
99.347383
100.000000
100.000000
100.000000
99.644206
100.000000
99.326689
100.000000
100.000000
100.000000
99.486866
100.000000
99.309956
100.000000
99.984431
100.000000
99.579476
100.000000
99.057454
100.000000
99.638584
100.000000
99.222232
100.000000
99.135622
100.000000
99.684318
100.000000
99.376705
100.000000
99.439080
100.000000
99.718619
100.000000
99.199612
100.000000
99.239870
100.000000
99.774740
100.000000
99.294318
100.000000
100.000000
99.155928
100.000000
100.000000
98.982926
100.000000
99.116488
100.000000
99.280077
100.000000
98.693173
100.000000
98.434623
99.519337
98.633661
99.439096
98.137074
99.531294
97.935247
99.409709
98.765450
99.869820
98.782828
100.000000
98.731915
100.000000
99.234845
99.807615
98.667123
100.000000
98.410652
99.899989
99.138014
99.894536
98.578405
100.000000
98.784761
100.000000
99.258608
99.996564
98.782951
100.000000
99.411775
100.000000
100.000000
100.000000
100.000000
100.000000
100.000000
100.000000
100.000000
100.000000
99.379133
100.000000
99.747995
100.000000
99.691933
100.000000
99.286004
100.000000
100.000000
99.188760
98.882452
98.573627
97.228109
99.062302
97.405399
98.852089
97.860972
98.875572
97.976474
99.494876
98.322869
99.779052
98.979132
99.990136
99.097268
100.000000
99.052177
100.000000
100.000000
100.000000
100.000000
100.000000
100.000000
100.000000
100.000000
100.000000
100.000000
100.000000
100.000000
100.000000
100.000000
100.000000
100.000000
100.000000
100.000000
100.000000
100.000000
100.000000
100.000000
100.000000
100.000000
100.000000
100.000000
100.000000
100.000000
100.000000
100.000000
100.000000
100.000000
100.000000
100.000000
100.000000
100.000000
100.000000
100.000000
100.000000
100.000000
100.000000
100.000000
100.000000
100.000000
100.000000
100.000000
100.000000
100.000000
100.000000
100.000000
100.000000
100.000000
100.000000
100.000000
100.000000
100.000000
100.000000
99.287091
100.000000
98.519908
99.773422
98.925115
99.467844
97.585997
98.581993
96.846927
98.176857
97.527143
99.600405
99.136297
100.000000
99.166891
100.000000
100.000000
100.000000
100.000000
100.000000
100.000000
100.000000
100.000000
100.000000
100.000000
100.000000
100.000000
100.000000
100.000000
100.000000
100.000000
100.000000
100.000000
100.000000
100.000000
100.000000
100.000000
100.000000
100.000000
100.000000
100.000000
100.000000
100.000000
100.000000
100.000000
100.000000
100.000000
100.000000
100.000000
100.000000
100.000000
100.000000
100.000000
100.000000
100.000000
100.000000
100.000000
100.000000
100.000000
100.000000
100.000000
100.000000
100.000000
100.000000
100.000000
100.000000
100.000000
100.000000
100.000000
100.000000
100.000000
100.000000
100.000000
100.000000
100.000000
100.000000
100.000000
100.000000
100.000000
100.000000
100.000000
100.000000
100.000000
100.000000
100.000000
100.000000
100.000000
100.000000
100.000000
100.000000
100.000000
100.000000
100.000000
100.000000
100.000000
100.000000
100.000000
100.000000
100.000000
100.000000
100.000000
100.000000
100.000000
100.000000
100.000000
100.000000
100.000000
100.000000
100.000000
100.000000
100.000000
100.000000
100.000000
100.000000
100.000000
100.000000
100.000000
100.000000
100.000000
100.000000
100.000000
100.000000
100.000000
100.000000
100.000000
100.000000
100.000000
100.000000
100.000000
100.000000
100.000000
100.000000
100.000000
100.000000
100.000000
100.000000
100.000000
100.000000
100.000000
100.000000
100.000000
100.000000
100.000000
100.000000
100.000000
100.000000
100.000000
100.000000
100.000000
100.000000
99.927315
100.000000
99.933525
100.000000
100.000000
100.000000
100.000000
100.000000
100.000000
100.000000
100.000000
100.000000
100.000000
100.000000
100.000000
100.000000
100.000000
100.000000
99.931172
100.000000
99.099215
100.000000
99.188324
99.959761
99.076072
100.000000
98.606690
99.911735
99.971873
100.000000
99.638247
100.000000
99.245946
100.000000
100.000000
100.000000
98.748480
100.000000
99.501044
100.000000
100.000000
100.000000
100.000000
100.000000
100.000000
100.000000
100.000000
100.000000
100.000000
100.000000
100.000000
100.000000
100.000000
100.000000
100.000000
100.000000
100.000000
100.000000
100.000000
100.000000
100.000000
100.000000
99.815561
100.000000
100.000000
100.000000
98.862134
100.000000
98.656884
99.582862
99.272804
99.856157
99.169223
100.000000
100.000000
100.000000
100.000000
100.000000
100.000000
100.000000
100.000000
100.000000
100.000000
100.000000
100.000000
100.000000
100.000000
100.000000
100.000000
100.000000
100.000000
100.000000
100.000000
100.000000
98.721150
98.481084
96.891084
100.000000
99.924184
100.000000
100.000000
100.000000
99.307899
100.000000
100.000000
100.000000
100.000000
100.000000
100.000000
100.000000
100.000000
100.000000
100.000000
100.000000
100.000000
100.000000
99.832892
100.000000
99.691124
100.000000
99.276408
100.000000
98.688094
100.000000
98.695847
99.627088
98.087352
100.000000
99.173263
100.000000
100.000000
100.000000
100.000000
100.000000
100.000000
100.000000
100.000000
100.000000
99.057894
100.000000
100.000000
100.000000
100.000000
100.000000
99.883884
100.000000
99.860661
100.000000
98.913150
98.465884
97.335062
100.000000
99.110532
100.000000
100.000000
99.299386
99.593682
100.000000
98.989553
100.000000
100.000000
100.000000
100.000000
100.000000
100.000000
100.000000
100.000000
100.000000
99.623026
100.000000
100.000000
100.000000
100.000000
98.994331
99.404027
100.000000
99.553917
100.000000
99.666922
98.817636
99.488033
100.000000
100.000000
100.000000
100.000000
99.155933
99.217064
100.000000
99.203043
100.000000
98.951487
97.764584
97.911079
100.000000
100.000000
99.095807
97.869477
97.511997
97.381424
100.000000
99.411738
100.000000
98.449228
97.188383
96.321619
99.732855
96.871877
99.624703
97.476143
97.302511
95.156279
99.293758
95.525847
98.253412
97.508923
97.629150
97.968194
100.000000
99.543319
100.000000
100.000000
100.000000
100.000000
100.000000
100.000000
100.000000
100.000000
100.000000
100.000000
100.000000
100.000000
100.000000
100.000000
100.000000
99.633607
100.000000
100.000000
100.000000
100.000000
100.000000
100.000000
100.000000
100.000000
100.000000
100.000000
100.000000
100.000000
100.000000
100.000000
100.000000
100.000000
100.000000
100.000000
100.000000
100.000000
100.000000
100.000000
100.000000
100.000000
100.000000
100.000000
100.000000
100.000000
100.000000
100.000000
100.000000
100.000000
100.000000
100.000000
100.000000
100.000000
100.000000
100.000000
100.000000
100.000000
100.000000
100.000000
100.000000
99.550261
100.000000
99.934929
100.000000
98.929016
100.000000
100.000000
100.000000
100.000000
100.000000
100.000000
100.000000
100.000000
100.000000
100.000000
99.179340
98.995549
100.000000
99.319734
100.000000
99.820856
98.095519
98.981878
100.000000
100.000000
100.000000
100.000000
100.000000
100.000000
100.000000
100.000000
100.000000
100.000000
100.000000
100.000000
100.000000
100.000000
100.000000
100.000000
100.000000
100.000000
100.000000
100.000000
100.000000
100.000000
100.000000
100.000000
100.000000
100.000000
100.000000
100.000000
100.000000
100.000000
100.000000
100.000000
100.000000
100.000000
100.000000
100.000000
100.000000
100.000000
100.000000
100.000000
100.000000
99.330793
100.000000
99.291177
100.000000
99.252959
99.770341
98.182272
99.834786
97.923623
100.000000
99.296047
100.000000
99.184195
100.000000
99.051477
100.000000
99.825115
100.000000
99.488328
100.000000
99.934809
100.000000
100.000000
100.000000
100.000000
100.000000
100.000000
100.000000
100.000000
100.000000
100.000000
100.000000
100.000000
100.000000
100.000000
100.000000
100.000000
100.000000
100.000000
100.000000
100.000000
100.000000
100.000000
100.000000
100.000000
100.000000
100.000000
100.000000
100.000000
100.000000
100.000000
100.000000
100.000000
100.000000
100.000000
100.000000
100.000000
100.000000
100.000000
100.000000
100.000000
100.000000
100.000000
100.000000
100.000000
100.000000
100.000000
100.000000
100.000000
100.000000
100.000000
100.000000
100.000000
100.000000
100.000000
100.000000
100.000000
100.000000
100.000000
100.000000
100.000000
100.000000
100.000000
100.000000
100.000000
100.000000
100.000000
100.000000
100.000000
100.000000
100.000000
100.000000
100.000000
100.000000
100.000000
100.000000
100.000000
100.000000
100.000000
100.000000
100.000000
100.000000
99.455575
100.000000
99.256516
100.000000
100.000000
99.057359
98.457297
100.000000
99.623738
100.000000
100.000000
100.000000
100.000000
100.000000
100.000000
100.000000
100.000000
100.000000
100.000000
100.000000
100.000000
100.000000
100.000000
100.000000
100.000000
100.000000
100.000000
100.000000
100.000000
100.000000
99.875036
100.000000
100.000000
100.000000
100.000000
100.000000
100.000000
100.000000
100.000000
100.000000
100.000000
100.000000
100.000000
100.000000
100.000000
100.000000
100.000000
100.000000
100.000000
100.000000
100.000000
100.000000
99.377915
98.800620
97.076185
99.389147
97.231256
98.804579
97.765869
97.578526
97.112514
98.764752
97.025771
98.387311
96.856617
97.068078
96.160853
98.015864
95.796788
97.579868
96.310473
96.835580
95.876120
97.870178
95.994600
97.909109
96.706995
97.335273
96.288936
98.028669
96.170669
98.137118
96.847097
97.536186
96.782462
99.097207
97.227661
99.339266
97.908439
98.339272
97.537027
100.000000
97.951797
99.561877
97.108471
96.762771
96.248870
100.000000
98.392358
100.000000
99.752340
100.000000
98.908219
100.000000
99.387683
100.000000
100.000000
100.000000
100.000000
100.000000
100.000000
100.000000
100.000000
100.000000
100.000000
100.000000
100.000000
100.000000
100.000000
100.000000
99.184308
100.000000
98.492068
99.044050
98.321358
96.682943
96.570745
99.738140
98.491619
100.000000
99.048581
99.104160
98.374701
100.000000
97.830163
99.455614
98.346842
98.076625
98.008112
100.000000
98.191264
100.000000
98.860202
98.073479
97.796649
100.000000
97.344870
99.019857
97.775490
97.518468
96.514533
98.626762
96.346334
97.981854
96.712101
96.514564
96.174978
98.818935
97.268301
98.948012
98.385225
98.666558
98.385654
100.000000
98.790500
100.000000
99.492326
98.696575
98.354652
100.000000
99.777095
98.297634
97.771050
97.284316
96.757112
99.400310
97.321779
99.098689
98.267885
99.957561
98.627547
100.000000
100.000000
100.000000
100.000000
100.000000
100.000000
100.000000
100.000000
100.000000
100.000000
100.000000
100.000000
100.000000
100.000000
100.000000
100.000000
100.000000
100.000000
100.000000
100.000000
100.000000
100.000000
100.000000
100.000000
100.000000
100.000000
100.000000
100.000000
100.000000
100.000000
100.000000
100.000000
100.000000
100.000000
100.000000
100.000000
100.000000
100.000000
100.000000
100.000000
100.000000
100.000000
100.000000
100.000000
100.000000
100.000000
100.000000
100.000000
100.000000
100.000000
100.000000
100.000000
100.000000
100.000000
100.000000
100.000000
100.000000
100.000000
100.000000
100.000000
100.000000
100.000000
100.000000
100.000000
100.000000
100.000000
100.000000
100.000000
100.000000
100.000000
100.000000
99.650387
100.000000
100.000000
100.000000
98.933595
98.651437
95.767751
97.304331
94.139427
95.671455
95.776146
97.441520
98.020284
100.000000
99.767772
100.000000
100.000000
100.000000
100.000000
100.000000
100.000000
100.000000
100.000000
100.000000
99.229470
100.000000
99.307330
100.000000
99.344323
100.000000
99.148497
100.000000
99.293210
100.000000
98.988793
98.991660
98.251160
99.926938
99.565409
97.768213
97.690032
98.776626
97.393260
99.504916
97.190165
98.974512
97.926343
99.416013
98.134752
100.000000
98.951022
100.000000
99.861984
100.000000
99.551354
100.000000
99.139699
100.000000
99.285568
100.000000
98.748433
99.982806
98.189916
99.679297
98.562924
99.300333
97.650850
99.436700
96.906645
98.211289
96.902932
98.130506
96.644929
99.193778
97.156059
98.944124
98.469146
100.000000
100.000000
100.000000
100.000000
100.000000
100.000000
100.000000
100.000000
100.000000
100.000000
100.000000
100.000000
100.000000
99.394636
100.000000
98.521069
100.000000
99.681575
100.000000
100.000000
100.000000
100.000000
100.000000
100.000000
100.000000
100.000000
100.000000
100.000000
100.000000
100.000000
100.000000
100.000000
100.000000
100.000000
100.000000
100.000000
100.000000
100.000000
100.000000
100.000000
100.000000
100.000000
100.000000
100.000000
100.000000
100.000000
100.000000
100.000000
100.000000
100.000000
100.000000
100.000000
100.000000
100.000000
100.000000
100.000000
100.000000
99.561722
100.000000
100.000000
100.000000
100.000000
100.000000
100.000000
100.000000
100.000000
100.000000
100.000000
100.000000
100.000000
100.000000
100.000000
100.000000
100.000000
100.000000
100.000000
100.000000
100.000000
100.000000
99.986622
100.000000
100.000000
98.181841
98.003256
98.656329
97.735844
100.000000
98.350620
99.914990
98.369305
99.093658
97.862734
100.000000
97.620686
98.932206
97.494993
98.311175
97.079192
99.361370
96.874387
98.705725
97.510743
98.085022
96.910831
99.664212
97.962151
100.000000
98.865819
99.620236
98.459125
100.000000
98.962003
100.000000
99.532800
100.000000
99.265398
100.000000
99.528899
100.000000
100.000000
100.000000
99.739025
100.000000
100.000000
100.000000
100.000000
100.000000
99.763856
100.000000
99.604150
100.000000
99.646998
100.000000
98.485271
100.000000
98.549351
100.000000
99.159535
99.968881
98.813281
100.000000
100.000000
99.277740
99.824621
99.743862
98.288301
100.000000
98.612056
100.000000
99.240252
99.818782
98.443270
100.000000
98.164333
100.000000
98.480401
99.288647
98.174619
100.000000
97.928849
99.757140
98.485768
99.315213
97.950695
100.000000
97.908943
99.475755
98.376918
99.258764
98.053370
99.958345
97.782981
99.778401
98.184607
99.126111
97.569020
99.857936
97.567513
99.555411
98.256003
99.430488
98.224442
100.000000
98.773556
100.000000
99.592215
100.000000
99.337125
100.000000
99.441540
100.000000
99.977561
100.000000
99.254919
100.000000
99.451671
100.000000
99.823659
100.000000
99.213755
100.000000
100.000000
98.833609
99.370325
99.262508
98.001319
99.944147
97.944829
99.831205
98.554199
99.664390
98.437266
100.000000
98.830263
100.000000
99.246962
100.000000
98.576863
100.000000
98.532577
100.000000
98.727397
99.552733
97.894719
99.977936
97.642426
99.759025
98.352640
99.497048
98.513707
100.000000
98.882396
100.000000
99.385669
100.000000
99.561741
98.307018
96.743743
98.032842
97.201805
97.903719
97.686464
99.252347
97.479148
98.795573
97.432810
97.212086
96.702328
98.737948
96.853085
98.867685
98.287572
98.551845
98.204812
100.000000
98.562949
100.000000
100.000000
100.000000
100.000000
100.000000
100.000000
100.000000
100.000000
100.000000
100.000000
100.000000
100.000000
100.000000
100.000000
99.448115
100.000000
100.000000
100.000000
100.000000
100.000000
100.000000
100.000000
100.000000
100.000000
100.000000
100.000000
100.000000
100.000000
100.000000
100.000000
100.000000
100.000000
100.000000
100.000000
100.000000
100.000000
100.000000
100.000000
100.000000
100.000000
100.000000
100.000000
100.000000
100.000000
100.000000
100.000000
100.000000
100.000000
100.000000
100.000000
100.000000
100.000000
100.000000
100.000000
100.000000
100.000000
100.000000
100.000000
100.000000
100.000000
100.000000
100.000000
100.000000
100.000000
100.000000
100.000000
100.000000
100.000000
100.000000
100.000000
100.000000
100.000000
100.000000
100.000000
100.000000
100.000000
100.000000
100.000000
100.000000
100.000000
100.000000
100.000000
100.000000
100.000000
100.000000
100.000000
100.000000
100.000000
100.000000
100.000000
100.000000
100.000000
100.000000
100.000000
100.000000
100.000000
100.000000
100.000000
100.000000
100.000000
100.000000
100.000000
100.000000
100.000000
100.000000
100.000000
100.000000
100.000000
100.000000
100.000000
100.000000
100.000000
100.000000
100.000000
100.000000
100.000000
100.000000
100.000000
100.000000
100.000000
100.000000
100.000000
99.745710
99.029845
100.000000
100.000000
99.418299
99.554049
99.946326
99.240675
100.000000
98.931926
100.000000
98.901814
99.044845
98.207885
99.656479
98.437786
99.523443
98.655977
99.436660
98.960296
100.000000
99.609596
100.000000
100.000000
100.000000
99.628227
100.000000
99.435143
100.000000
100.000000
99.910447
99.440317
100.000000
99.760801
100.000000
100.000000
100.000000
99.603147
100.000000
99.726154
100.000000
100.000000
100.000000
99.628455
100.000000
99.452852
100.000000
99.485624
99.292845
98.330313
99.887937
98.086188
99.823934
98.873264
99.037089
98.476618
100.000000
98.485161
100.000000
99.442656
99.404513
99.055152
100.000000
100.000000
99.246110
99.049516
99.427786
98.621516
99.773861
98.453665
99.617263
98.874220
99.307055
98.826790
100.000000
99.605039
100.000000
100.000000
100.000000
99.934465
100.000000
99.530241
100.000000
99.591725
100.000000
100.000000
100.000000
99.667452
100.000000
99.719509
100.000000
99.729449
100.000000
100.000000
100.000000
100.000000
100.000000
99.373641
100.000000
99.316675
100.000000
99.595179
100.000000
99.516227
100.000000
99.369124
100.000000
99.615362
100.000000
99.106434
100.000000
99.214311
100.000000
99.651614
100.000000
99.383873
100.000000
99.388930
100.000000
99.709435
100.000000
99.305610
100.000000
100.000000
99.807538
100.000000
100.000000
99.016037
100.000000
98.582622
99.961331
99.157710
99.830653
98.850409
100.000000
98.381553
99.760396
98.718277
99.461883
98.542926
99.996977
98.372844
99.951045
98.926440
99.511306
98.694677
99.891986
98.331876
99.768644
98.822265
99.556743
98.874753
100.000000
98.623178
99.950002
99.039288
99.719557
98.702772
100.000000
98.714183
100.000000
99.397600
100.000000
99.114347
100.000000
99.216835
100.000000
99.956151
100.000000
99.518165
100.000000
99.339144
100.000000
100.000000
100.000000
99.808958
100.000000
99.686633
100.000000
100.000000
100.000000
100.000000
100.000000
100.000000
100.000000
100.000000
100.000000
100.000000
100.000000
100.000000
100.000000
100.000000
100.000000
100.000000
100.000000
99.851400
100.000000
100.000000
100.000000
99.655822
100.000000
99.442985
100.000000
100.000000
100.000000
99.699000
100.000000
99.352496
100.000000
99.993313
100.000000
99.594892
100.000000
99.379044
100.000000
99.982648
100.000000
99.578257
100.000000
99.076236
100.000000
99.669528
100.000000
99.259009
100.000000
99.172415
100.000000
99.691291
100.000000
99.425036
100.000000
99.486002
100.000000
99.711601
100.000000
99.226768
100.000000
99.335925
100.000000
99.882913
100.000000
99.414520
100.000000
100.000000
99.849972
100.000000
100.000000
99.120150
100.000000
99.201998
100.000000
99.368570
100.000000
98.817363
100.000000
98.509102
99.565574
98.749107
99.463383
98.210867
99.546481
98.051557
99.505797
98.840780
99.874629
98.844325
100.000000
98.879402
100.000000
99.323314
99.895120
98.776173
100.000000
98.490983
99.968781
99.218483
99.991976
98.760453
100.000000
98.893930
100.000000
99.412274
100.000000
98.918637
100.000000
99.425516
100.000000
100.000000
100.000000
100.000000
100.000000
100.000000
100.000000
100.000000
100.000000
99.428856
100.000000
100.000000
100.000000
99.785596
100.000000
99.448990
100.000000
100.000000
99.226533
98.890084
98.593495
97.328818
99.051343
97.426582
98.828521
98.211198
98.908966
97.904371
99.839147
98.365885
99.802206
99.368496
100.000000
99.187794
100.000000
98.887289
100.000000
99.313648
100.000000
99.317433
100.000000
99.929730
100.000000
100.000000
100.000000
100.000000
100.000000
100.000000
100.000000
100.000000
100.000000
100.000000
100.000000
100.000000
100.000000
100.000000
100.000000
100.000000
100.000000
100.000000
100.000000
100.000000
100.000000
99.646617
100.000000
100.000000
100.000000
99.873952
99.293475
98.455072
100.000000
98.915982
99.851770
98.661249
98.217939
98.050380
99.898811
99.863821
98.548431
96.805544
96.904479
96.503558
98.521586
97.049246
98.531157
97.467835
96.437172
96.604810
98.635515
97.690403
99.269373
98.239075
97.567669
98.169156
99.581330
98.567848
100.000000
98.593085
97.962123
97.828391
99.762459
98.152818
99.897273
98.364077
98.252189
97.646337
99.190097
97.519161
99.248255
98.427538
98.999208
98.793401
100.000000
98.645902
100.000000
98.831636
99.249070
98.705153
100.000000
98.519839
100.000000
98.640457
99.340431
98.834741
100.000000
99.040912
100.000000
99.274885
99.131308
97.936961
100.000000
98.818616
100.000000
99.609898
99.641681
99.056541
100.000000
100.000000
99.730425
100.000000
100.000000
99.959488
100.000000
99.210108
100.000000
99.596093
100.000000
99.482094
100.000000
98.303626
100.000000
99.570486
100.000000
100.000000
100.000000
100.000000
100.000000
100.000000
100.000000
98.456104
99.729068
97.428561
98.810832
97.329114
99.298550
100.000000
100.000000
100.000000
100.000000
100.000000
100.000000
100.000000
100.000000
100.000000
100.000000
100.000000
100.000000
100.000000
100.000000
100.000000
100.000000
100.000000
100.000000
100.000000
100.000000
100.000000
100.000000
100.000000
100.000000
100.000000
100.000000
100.000000
100.000000
100.000000
100.000000
100.000000
100.000000
100.000000
100.000000
100.000000
100.000000
100.000000
100.000000
100.000000
100.000000
100.000000
100.000000
100.000000
100.000000
99.180237
100.000000
98.029592
98.171788
96.660173
98.422669
96.063851
97.922626
97.256885
99.060288
99.647147
100.000000
100.000000
100.000000
100.000000
100.000000
100.000000
100.000000
100.000000
100.000000
100.000000
100.000000
100.000000
100.000000
100.000000
100.000000
100.000000
100.000000
100.000000
100.000000
100.000000
100.000000
100.000000
100.000000
100.000000
100.000000
100.000000
100.000000
100.000000
100.000000
100.000000
100.000000
100.000000
100.000000
100.000000
100.000000
100.000000
100.000000
100.000000
99.474470
99.651338
99.244724
98.788481
100.000000
98.614825
100.000000
98.719859
99.508510
99.010765
100.000000
98.845294
100.000000
99.086572
99.460243
98.938003
100.000000
98.499366
99.760714
98.573041
98.887695
98.075837
99.867543
98.561853
100.000000
99.900963
100.000000
99.585806
100.000000
99.420832
100.000000
99.866202
100.000000
99.721844
100.000000
99.350569
100.000000
100.000000
100.000000
100.000000
100.000000
100.000000
100.000000
100.000000
100.000000
100.000000
100.000000
99.640616
100.000000
99.446033
99.806192
98.955508
100.000000
99.243252
100.000000
99.669198
99.789762
99.293464
100.000000
100.000000
99.404374
99.251507
99.313881
98.574430
100.000000
99.114293
100.000000
99.206808
99.948037
98.982110
100.000000
99.323055
100.000000
99.767474
100.000000
98.936510
100.000000
99.322679
100.000000
99.693847
100.000000
98.872925
100.000000
99.286009
100.000000
100.000000
100.000000
100.000000
100.000000
100.000000
100.000000
100.000000
100.000000
100.000000
100.000000
100.000000
100.000000
100.000000
100.000000
100.000000
100.000000
100.000000
100.000000
99.787660
99.884825
98.479450
100.000000
98.519530
99.939013
99.348846
100.000000
99.483651
100.000000
99.604834
100.000000
100.000000
100.000000
99.959621
100.000000
100.000000
100.000000
100.000000
100.000000
100.000000
100.000000
99.934193
100.000000
100.000000
100.000000
100.000000
100.000000
100.000000
100.000000
100.000000
100.000000
100.000000
100.000000
100.000000
100.000000
100.000000
100.000000
100.000000
100.000000
100.000000
100.000000
100.000000
100.000000
100.000000
100.000000
100.000000
100.000000
100.000000
100.000000
100.000000
100.000000
100.000000
100.000000
100.000000
100.000000
100.000000
100.000000
100.000000
100.000000
100.000000
100.000000
100.000000
100.000000
100.000000
100.000000
100.000000
100.000000
100.000000
100.000000
100.000000
100.000000
100.000000
100.000000
100.000000
100.000000
100.000000
100.000000
100.000000
100.000000
100.000000
100.000000
100.000000
100.000000
100.000000
100.000000
100.000000
100.000000
99.937125
100.000000
98.745164
98.321049
97.346391
98.918838
97.551764
98.962377
98.938775
100.000000
99.785786
100.000000
100.000000
100.000000
100.000000
100.000000
100.000000
100.000000
100.000000
100.000000
100.000000
100.000000
100.000000
100.000000
100.000000
100.000000
100.000000
100.000000
100.000000
100.000000
100.000000
100.000000
100.000000
100.000000
99.267780
100.000000
98.221618
99.999587
99.146575
100.000000
100.000000
100.000000
100.000000
100.000000
100.000000
100.000000
100.000000
100.000000
100.000000
100.000000
100.000000
100.000000
100.000000
100.000000
100.000000
100.000000
100.000000
100.000000
100.000000
100.000000
100.000000
100.000000
100.000000
100.000000
100.000000
100.000000
100.000000
100.000000
100.000000
100.000000
100.000000
100.000000
99.706319
100.000000
100.000000
100.000000
99.753347
100.000000
100.000000
100.000000
100.000000
100.000000
100.000000
100.000000
100.000000
100.000000
100.000000
100.000000
99.953251
100.000000
100.000000
100.000000
99.737721
99.991988
98.790537
99.965022
98.146622
99.034305
97.950168
98.551712
97.990073
100.000000
98.865396
99.910756
98.307414
97.894913
96.871855
98.585583
98.847036
98.401659
99.393729
99.955133
98.882733
100.000000
99.043668
100.000000
99.226736
100.000000
99.131516
100.000000
99.963900
100.000000
100.000000
100.000000
100.000000
100.000000
100.000000
100.000000
100.000000
100.000000
100.000000
100.000000
99.937742
100.000000
100.000000
100.000000
100.000000
100.000000
100.000000
100.000000
100.000000
100.000000
100.000000
100.000000
99.513968
99.997061
98.895153
99.011367
97.788514
99.407344
98.080833
98.903001
98.256068
98.880663
98.419068
100.000000
98.861866
99.933256
99.030363
99.567650
98.728673
100.000000
98.425942
99.556881
98.413444
98.990866
98.034319
100.000000
100.000000
98.890396
99.150048
99.395437
97.686182
99.661846
97.322041
99.352147
97.979638
98.964424
97.559714
99.667271
97.758317
99.907026
98.603763
100.000000
98.966165
100.000000
99.142376
100.000000
99.629938
100.000000
99.494242
100.000000
99.469939
100.000000
99.575110
100.000000
99.373797
100.000000
99.255211
100.000000
99.430043
100.000000
98.870554
100.000000
98.343986
99.991928
98.743917
99.615156
98.193438
99.798015
98.308211
99.836081
98.735978
99.918176
98.828756
100.000000
99.063977
100.000000
99.213741
100.000000
98.815769
100.000000
98.169212
99.699087
98.622618
99.273096
97.971546
100.000000
99.670869
98.688341
99.950913
100.000000
98.858125
100.000000
99.059155
100.000000
99.462885
100.000000
98.996847
100.000000
99.380067
100.000000
100.000000
100.000000
100.000000
100.000000
100.000000
100.000000
100.000000
100.000000
100.000000
100.000000
100.000000
100.000000
100.000000
100.000000
99.221597
100.000000
97.381649
99.201031
97.414704
98.240045
97.147091
99.397765
98.083092
99.777640
98.482028
99.383652
97.627686
99.626489
97.631659
99.800630
98.489831
99.325756
98.081601
99.843321
97.558609
99.255760
97.738874
98.607135
97.520920
99.729193
97.723592
99.208681
98.210312
99.001304
98.323532
100.000000
100.000000
98.785905
99.471342
99.077837
97.456400
99.969020
98.223879
100.000000
99.498733
100.000000
98.583451
100.000000
99.457220
100.000000
100.000000
100.000000
100.000000
100.000000
100.000000
100.000000
100.000000
100.000000
99.342375
100.000000
99.817164
100.000000
100.000000
100.000000
99.951746
100.000000
100.000000
100.000000
100.000000
100.000000
100.000000
100.000000
100.000000
100.000000
100.000000
100.000000
100.000000
100.000000
100.000000
100.000000
100.000000
100.000000
100.000000
100.000000
100.000000
100.000000
100.000000
100.000000
100.000000
100.000000
100.000000
100.000000
100.000000
100.000000
100.000000
100.000000
100.000000
100.000000
100.000000
100.000000
100.000000
100.000000
100.000000
100.000000
100.000000
100.000000
100.000000
100.000000
100.000000
100.000000
100.000000
100.000000
100.000000
100.000000
100.000000
100.000000
100.000000
100.000000
100.000000
100.000000
100.000000
100.000000
100.000000
100.000000
100.000000
100.000000
100.000000
100.000000
100.000000
100.000000
100.000000
100.000000
100.000000
100.000000
100.000000
100.000000
100.000000
100.000000
100.000000
100.000000
100.000000
100.000000
100.000000
100.000000
100.000000
100.000000
100.000000
99.933349
99.355110
100.000000
99.510010
99.951123
99.142098
97.954228
98.499933
99.531754
99.383587
98.783967
97.880034
97.878773
98.399967
99.556348
98.638856
99.523632
98.481892
97.857900
98.433229
99.931341
98.786693
100.000000
99.166675
98.699198
98.717039
99.990265
98.499581
99.569103
98.782769
98.260887
97.734108
98.661823
97.340641
98.878991
98.318203
97.779769
97.719147
99.191046
97.944267
99.410343
98.239992
98.102812
97.309602
99.649988
98.310692
99.112698
97.813845
97.715899
99.018953
100.000000
98.598179
99.611281
98.522523
96.196711
97.246484
99.408899
98.011070
98.931234
97.970342
98.335499
98.614733
99.809817
98.985562
99.958658
99.575696
98.467851
99.422553
99.627852
99.733520
98.712302
97.439501
97.596391
97.875670
99.534650
98.795342
99.672059
98.482308
98.739644
97.886917
99.328777
97.996691
99.330919
97.851995
96.125510
96.516037
98.765278
97.159852
98.609960
98.441517
98.947769
97.719386
99.346360
97.801401
99.250513
98.508135
97.063096
97.629865
99.003448
97.666574
98.925015
98.741646
97.500774
98.447752
99.940529
98.266410
99.696335
99.444786
98.497985
98.476446
100.000000
98.872334
99.907912
98.997481
97.973363
98.788023
100.000000
100.000000
100.000000
99.515169
98.999374
99.354676
100.000000
99.710492
100.000000
99.514734
97.987667
99.067039
100.000000
99.189834
98.971534
97.950943
97.779830
99.376192
100.000000
99.652424
100.000000
100.000000
100.000000
98.941395
100.000000
99.065589
99.941708
99.223804
98.732807
99.162571
100.000000
100.000000
100.000000
100.000000
99.679361
100.000000
100.000000
99.497312
100.000000
99.780582
97.718461
98.170896
99.414624
98.459828
98.759623
97.689726
95.554587
97.021241
98.962264
98.210429
98.057818
97.116375
95.221252
96.742131
98.043353
97.509844
98.425057
98.240206
97.130616
98.127239
99.163654
97.785941
98.619278
97.845473
96.769830
96.560510
98.924311
97.767060
98.879650
98.640419
96.072096
97.111346
98.800902
98.796436
97.393136
99.311785
