94.864774
100.000000
100.000000
100.000000
100.000000
100.000000
100.000000
100.000000
100.000000
100.000000
100.000000
100.000000
100.000000
100.000000
100.000000
99.616364
100.000000
100.000000
100.000000
100.000000
100.000000
100.000000
100.000000
100.000000
100.000000
100.000000
100.000000
99.939181
100.000000
100.000000
100.000000
100.000000
100.000000
100.000000
100.000000
100.000000
100.000000
100.000000
100.000000
100.000000
100.000000
100.000000
100.000000
100.000000
100.000000
100.000000
100.000000
100.000000
100.000000
100.000000
100.000000
100.000000
100.000000
100.000000
100.000000
100.000000
100.000000
100.000000
100.000000
100.000000
100.000000
100.000000
100.000000
100.000000
100.000000
100.000000
100.000000
100.000000
100.000000
100.000000
100.000000
100.000000
100.000000
100.000000
100.000000
100.000000
100.000000
100.000000
100.000000
100.000000
100.000000
100.000000
100.000000
100.000000
100.000000
100.000000
100.000000
100.000000
100.000000
100.000000
100.000000
100.000000
100.000000
100.000000
100.000000
100.000000
100.000000
100.000000
100.000000
100.000000
100.000000
100.000000
100.000000
100.000000
100.000000
100.000000
100.000000
100.000000
100.000000
100.000000
100.000000
100.000000
100.000000
100.000000
100.000000
100.000000
100.000000
100.000000
100.000000
100.000000
100.000000
100.000000
100.000000
100.000000
100.000000
100.000000
100.000000
100.000000
100.000000
100.000000
100.000000
100.000000
100.000000
100.000000
100.000000
100.000000
100.000000
100.000000
100.000000
100.000000
100.000000
100.000000
100.000000
100.000000
100.000000
100.000000
100.000000
100.000000
100.000000
100.000000
100.000000
100.000000
100.000000
100.000000
100.000000
100.000000
100.000000
100.000000
100.000000
100.000000
100.000000
100.000000
100.000000
100.000000
100.000000
100.000000
100.000000
100.000000
100.000000
100.000000
100.000000
100.000000
100.000000
100.000000
100.000000
100.000000
100.000000
100.000000
100.000000
100.000000
99.262211
99.642541
100.000000
99.745055
100.000000
99.661934
98.681395
99.201008
100.000000
99.529228
100.000000
99.489181
98.824793
99.685692
100.000000
99.997304
100.000000
100.000000
99.464583
99.740630
100.000000
99.980973
100.000000
99.767879
98.505545
99.633268
100.000000
99.776063
100.000000
99.852294
98.823074
99.816637
100.000000
100.000000
100.000000
100.000000
99.651045
99.583976
100.000000
100.000000
100.000000
100.000000
100.000000
99.929162
100.000000
99.289868
100.000000
99.530479
99.365087
98.831826
100.000000
98.267231
100.000000
99.519669
100.000000
100.000000
100.000000
100.000000
100.000000
100.000000
100.000000
99.230545
100.000000
97.262193
99.550050
97.218100
98.430679
98.207845
100.000000
99.578409
100.000000
100.000000
100.000000
100.000000
100.000000
100.000000
100.000000
100.000000
100.000000
100.000000
100.000000
100.000000
100.000000
100.000000
99.614332
97.563099
99.831602
97.065885
99.165164
97.234262
98.112456
98.131496
100.000000
99.839946
100.000000
100.000000
100.000000
100.000000
100.000000
100.000000
100.000000
100.000000
100.000000
100.000000
100.000000
100.000000
100.000000
100.000000
99.344645
98.464811
100.000000
97.686980
99.863338
98.992114
99.048491
99.924281
100.000000
100.000000
98.826299
96.793375
96.573919
97.945324
100.000000
98.948041
100.000000
98.319249
97.558845
98.145462
100.000000
98.916451
100.000000
100.000000
100.000000
100.000000
100.000000
100.000000
100.000000
100.000000
100.000000
98.438568
100.000000
99.527514
100.000000
100.000000
100.000000
100.000000
100.000000
100.000000
100.000000
100.000000
100.000000
100.000000
100.000000
100.000000
100.000000
100.000000
100.000000
100.000000
100.000000
100.000000
100.000000
100.000000
100.000000
100.000000
100.000000
100.000000
100.000000
100.000000
100.000000
100.000000
100.000000
100.000000
100.000000
100.000000
100.000000
100.000000
100.000000
100.000000
100.000000
100.000000
100.000000
100.000000
100.000000
100.000000
100.000000
100.000000
100.000000
100.000000
100.000000
100.000000
100.000000
100.000000
100.000000
100.000000
100.000000
100.000000
100.000000
100.000000
100.000000
100.000000
100.000000
100.000000
100.000000
100.000000
100.000000
100.000000
100.000000
100.000000
100.000000
100.000000
100.000000
100.000000
100.000000
100.000000
100.000000
100.000000
100.000000
100.000000
100.000000
100.000000
100.000000
100.000000
100.000000
100.000000
100.000000
100.000000
100.000000
100.000000
100.000000
100.000000
100.000000
100.000000
100.000000
100.000000
100.000000
100.000000
100.000000
100.000000
100.000000
100.000000
100.000000
100.000000
100.000000
100.000000
100.000000
100.000000
100.000000
100.000000
100.000000
100.000000
100.000000
100.000000
99.607595
98.646982
100.000000
99.655447
100.000000
100.000000
100.000000
100.000000
100.000000
100.000000
100.000000
100.000000
100.000000
100.000000
100.000000
100.000000
100.000000
100.000000
100.000000
100.000000
100.000000
100.000000
100.000000
100.000000
100.000000
99.105375
100.000000
99.735929
100.000000
100.000000
99.053440
100.000000
100.000000
100.000000
100.000000
100.000000
100.000000
100.000000
100.000000
100.000000
100.000000
100.000000
100.000000
100.000000
100.000000
100.000000
100.000000
100.000000
100.000000
100.000000
100.000000
100.000000
100.000000
100.000000
97.803722
99.981567
100.000000
100.000000
100.000000
100.000000
99.173657
100.000000
100.000000
99.811239
100.000000
100.000000
98.207492
98.371539
100.000000
100.000000
100.000000
100.000000
98.720927
97.694692
100.000000
99.477953
100.000000
100.000000
98.749511
97.917513
100.000000
97.931981
99.868401
97.902620
98.627402
97.413144
99.464675
96.273442
99.026455
96.471782
96.487286
97.052103
100.000000
99.666254
100.000000
100.000000
100.000000
100.000000
100.000000
100.000000
100.000000
100.000000
100.000000
100.000000
100.000000
100.000000
100.000000
100.000000
100.000000
100.000000
100.000000
100.000000
100.000000
100.000000
100.000000
100.000000
100.000000
100.000000
100.000000
100.000000
100.000000
100.000000
100.000000
100.000000
100.000000
100.000000
100.000000
100.000000
100.000000
100.000000
100.000000
100.000000
100.000000
100.000000
100.000000
100.000000
100.000000
100.000000
100.000000
100.000000
100.000000
100.000000
100.000000
100.000000
100.000000
100.000000
100.000000
100.000000
100.000000
100.000000
100.000000
100.000000
100.000000
100.000000
100.000000
100.000000
100.000000
100.000000
100.000000
100.000000
100.000000
100.000000
100.000000
100.000000
100.000000
100.000000
100.000000
100.000000
100.000000
100.000000
100.000000
100.000000
100.000000
100.000000
99.187494
99.501951
100.000000
99.768102
100.000000
100.000000
100.000000
100.000000
100.000000
100.000000
100.000000
100.000000
100.000000
100.000000
100.000000
100.000000
100.000000
100.000000
100.000000
100.000000
100.000000
100.000000
100.000000
100.000000
100.000000
100.000000
100.000000
100.000000
100.000000
100.000000
100.000000
100.000000
100.000000
100.000000
100.000000
100.000000
100.000000
100.000000
100.000000
100.000000
100.000000
100.000000
100.000000
100.000000
100.000000
100.000000
100.000000
100.000000
100.000000
100.000000
100.000000
100.000000
99.475125
100.000000
100.000000
100.000000
100.000000
100.000000
100.000000
100.000000
100.000000
100.000000
100.000000
100.000000
100.000000
100.000000
100.000000
100.000000
100.000000
100.000000
100.000000
100.000000
100.000000
100.000000
100.000000
100.000000
100.000000
100.000000
100.000000
100.000000
100.000000
100.000000
100.000000
100.000000
99.948104
99.300104
100.000000
99.363324
100.000000
99.856773
100.000000
99.418547
100.000000
99.504525
100.000000
99.683431
100.000000
99.301256
100.000000
99.492905
100.000000
99.908456
100.000000
99.689379
100.000000
99.454390
100.000000
99.781478
100.000000
99.362396
100.000000
100.000000
99.745478
100.000000
100.000000
99.310132
100.000000
98.928153
100.000000
99.369559
100.000000
99.072647
100.000000
98.901034
99.970534
99.283615
99.730035
98.750732
100.000000
98.835723
100.000000
99.295853
99.755299
98.840589
100.000000
98.631221
99.830130
99.169380
99.841467
98.831644
100.000000
98.850341
100.000000
99.438446
99.996312
98.909806
100.000000
99.040721
100.000000
99.506236
100.000000
99.233601
100.000000
99.431610
100.000000
99.973547
100.000000
99.448370
100.000000
99.509520
100.000000
100.000000
100.000000
99.772318
100.000000
99.955262
100.000000
100.000000
100.000000
100.000000
100.000000
100.000000
100.000000
100.000000
100.000000
100.000000
100.000000
100.000000
100.000000
100.000000
100.000000
100.000000
100.000000
100.000000
100.000000
100.000000
100.000000
99.773346
100.000000
99.619067
100.000000
100.000000
100.000000
99.732099
100.000000
99.421685
100.000000
100.000000
100.000000
99.542491
100.000000
99.447100
100.000000
100.000000
100.000000
99.633455
100.000000
99.361240
100.000000
99.508599
100.000000
99.322234
100.000000
99.375433
100.000000
99.564150
100.000000
99.336347
100.000000
99.663618
100.000000
99.598881
100.000000
99.263800
100.000000
99.346252
100.000000
100.000000
100.000000
99.330718
100.000000
100.000000
99.471475
100.000000
100.000000
99.063783
100.000000
99.351443
100.000000
99.531711
100.000000
98.839492
100.000000
98.791772
99.842902
98.608566
99.318983
98.233296
99.506767
98.141481
99.425825
98.699725
99.861751
98.860446
100.000000
98.975008
100.000000
99.516797
99.869506
98.750397
100.000000
98.729622
100.000000
99.171369
99.999634
98.810575
100.000000
99.130097
100.000000
99.539584
100.000000
98.979903
100.000000
99.508225
100.000000
100.000000
100.000000
100.000000
100.000000
100.000000
100.000000
100.000000
100.000000
99.632199
100.000000
100.000000
100.000000
100.000000
100.000000
99.529832
100.000000
100.000000
99.341866
99.035157
98.627162
97.541424
98.900074
97.322556
98.729777
98.007313
98.761086
97.974849
99.724521
98.317874
100.000000
99.111662
99.971609
99.209231
100.000000
99.408120
100.000000
100.000000
100.000000
100.000000
100.000000
100.000000
100.000000
100.000000
100.000000
100.000000
100.000000
100.000000
100.000000
100.000000
100.000000
100.000000
100.000000
100.000000
100.000000
100.000000
100.000000
100.000000
100.000000
100.000000
100.000000
100.000000
100.000000
100.000000
100.000000
100.000000
100.000000
100.000000
100.000000
100.000000
100.000000
100.000000
100.000000
100.000000
100.000000
100.000000
100.000000
100.000000
100.000000
100.000000
100.000000
100.000000
100.000000
100.000000
100.000000
100.000000
100.000000
100.000000
100.000000
100.000000
100.000000
100.000000
100.000000
99.446736
100.000000
98.759002
99.660119
98.801882
99.390513
97.754666
98.873709
96.902345
98.238986
97.955902
99.731695
99.343113
100.000000
99.352332
100.000000
100.000000
100.000000
100.000000
100.000000
100.000000
100.000000
100.000000
100.000000
100.000000
100.000000
100.000000
100.000000
100.000000
100.000000
100.000000
100.000000
100.000000
100.000000
100.000000
100.000000
100.000000
100.000000
100.000000
100.000000
100.000000
100.000000
100.000000
100.000000
100.000000
100.000000
100.000000
100.000000
100.000000
100.000000
100.000000
100.000000
100.000000
100.000000
100.000000
100.000000
100.000000
100.000000
100.000000
100.000000
100.000000
100.000000
100.000000
100.000000
100.000000
100.000000
100.000000
100.000000
100.000000
100.000000
100.000000
100.000000
100.000000
100.000000
100.000000
100.000000
100.000000
100.000000
100.000000
100.000000
100.000000
100.000000
100.000000
100.000000
100.000000
100.000000
100.000000
100.000000
100.000000
100.000000
100.000000
100.000000
100.000000
100.000000
100.000000
100.000000
100.000000
100.000000
100.000000
100.000000
100.000000
100.000000
100.000000
100.000000
100.000000
100.000000
100.000000
100.000000
100.000000
100.000000
100.000000
100.000000
100.000000
100.000000
100.000000
100.000000
100.000000
100.000000
100.000000
100.000000
100.000000
100.000000
100.000000
100.000000
100.000000
100.000000
100.000000
100.000000
100.000000
100.000000
100.000000
100.000000
100.000000
100.000000
100.000000
100.000000
100.000000
100.000000
100.000000
100.000000
100.000000
100.000000
100.000000
100.000000
100.000000
100.000000
100.000000
100.000000
100.000000
100.000000
100.000000
100.000000
99.809458
100.000000
100.000000
100.000000
100.000000
100.000000
100.000000
100.000000
100.000000
100.000000
100.000000
100.000000
100.000000
100.000000
100.000000
100.000000
99.838584
100.000000
99.312796
100.000000
99.439219
100.000000
99.275855
100.000000
98.878195
100.000000
99.780796
100.000000
99.710945
100.000000
99.536230
100.000000
100.000000
100.000000
98.855665
100.000000
99.743000
100.000000
100.000000
100.000000
100.000000
100.000000
100.000000
100.000000
100.000000
100.000000
100.000000
100.000000
100.000000
100.000000
100.000000
100.000000
100.000000
100.000000
100.000000
100.000000
100.000000
100.000000
100.000000
100.000000
99.850960
100.000000
100.000000
100.000000
99.131122
100.000000
98.906674
99.918542
99.280136
99.847631
99.406839
100.000000
100.000000
100.000000
100.000000
100.000000
100.000000
100.000000
100.000000
100.000000
100.000000
100.000000
100.000000
100.000000
100.000000
100.000000
100.000000
100.000000
100.000000
100.000000
100.000000
100.000000
99.478295
98.696392
97.070351
100.000000
100.000000
100.000000
100.000000
100.000000
99.345492
100.000000
100.000000
100.000000
100.000000
100.000000
100.000000
100.000000
100.000000
100.000000
100.000000
100.000000
100.000000
100.000000
99.970760
100.000000
100.000000
100.000000
99.427853
100.000000
99.024826
100.000000
98.712737
99.544268
98.322400
100.000000
99.647505
100.000000
100.000000
100.000000
100.000000
100.000000
100.000000
100.000000
100.000000
100.000000
99.257241
100.000000
100.000000
100.000000
100.000000
100.000000
100.000000
100.000000
100.000000
100.000000
98.965953
98.543193
97.601589
100.000000
98.906124
100.000000
100.000000
99.476002
99.971522
100.000000
100.000000
100.000000
100.000000
100.000000
100.000000
100.000000
100.000000
100.000000
100.000000
100.000000
99.995815
100.000000
100.000000
100.000000
100.000000
98.933500
99.820224
100.000000
100.000000
100.000000
100.000000
98.808805
100.000000
100.000000
100.000000
100.000000
100.000000
99.255835
98.864973
100.000000
99.963368
100.000000
99.735673
97.437848
98.458183
100.000000
100.000000
99.765904
97.748350
97.519371
98.325611
100.000000
99.543693
100.000000
98.976396
97.295232
96.644188
99.866091
97.675887
100.000000
98.406505
97.130717
95.643971
98.966866
96.074819
99.107253
98.155382
97.572054
98.233148
100.000000
99.968519
100.000000
100.000000
100.000000
100.000000
100.000000
100.000000
100.000000
100.000000
100.000000
100.000000
100.000000
100.000000
100.000000
100.000000
100.000000
99.878536
100.000000
100.000000
100.000000
100.000000
100.000000
100.000000
100.000000
100.000000
100.000000
100.000000
100.000000
100.000000
100.000000
100.000000
100.000000
100.000000
100.000000
100.000000
100.000000
100.000000
100.000000
100.000000
100.000000
100.000000
100.000000
100.000000
100.000000
100.000000
100.000000
100.000000
100.000000
100.000000
100.000000
100.000000
100.000000
100.000000
100.000000
100.000000
100.000000
100.000000
100.000000
100.000000
100.000000
100.000000
100.000000
100.000000
100.000000
99.453554
100.000000
100.000000
100.000000
100.000000
100.000000
100.000000
100.000000
100.000000
100.000000
100.000000
99.181794
99.336789
100.000000
99.812542
100.000000
99.852397
97.994118
99.151602
100.000000
100.000000
100.000000
100.000000
100.000000
100.000000
100.000000
100.000000
100.000000
100.000000
100.000000
100.000000
100.000000
100.000000
100.000000
100.000000
100.000000
100.000000
100.000000
100.000000
100.000000
100.000000
100.000000
100.000000
100.000000
100.000000
100.000000
100.000000
100.000000
100.000000
100.000000
100.000000
100.000000
100.000000
100.000000
100.000000
100.000000
100.000000
100.000000
100.000000
100.000000
99.631955
100.000000
99.512103
100.000000
99.777738
99.902022
98.507109
100.000000
98.531700
100.000000
99.622039
100.000000
99.441922
100.000000
99.341062
100.000000
99.913443
100.000000
99.721520
100.000000
100.000000
100.000000
100.000000
100.000000
100.000000
100.000000
100.000000
100.000000
100.000000
100.000000
100.000000
100.000000
100.000000
100.000000
100.000000
100.000000
100.000000
100.000000
100.000000
100.000000
100.000000
100.000000
100.000000
100.000000
100.000000
100.000000
100.000000
100.000000
100.000000
100.000000
100.000000
100.000000
100.000000
100.000000
100.000000
100.000000
100.000000
100.000000
100.000000
100.000000
100.000000
100.000000
100.000000
100.000000
100.000000
100.000000
100.000000
100.000000
100.000000
100.000000
100.000000
100.000000
100.000000
100.000000
100.000000
100.000000
100.000000
100.000000
100.000000
100.000000
100.000000
100.000000
100.000000
100.000000
100.000000
100.000000
100.000000
100.000000
100.000000
100.000000
100.000000
100.000000
100.000000
100.000000
100.000000
100.000000
100.000000
100.000000
100.000000
100.000000
100.000000
100.000000
99.816921
100.000000
99.709339
100.000000
100.000000
99.062013
98.706621
100.000000
100.000000
100.000000
100.000000
100.000000
100.000000
100.000000
100.000000
100.000000
100.000000
100.000000
100.000000
100.000000
100.000000
100.000000
100.000000
100.000000
100.000000
100.000000
100.000000
100.000000
100.000000
100.000000
100.000000
100.000000
100.000000
100.000000
100.000000
100.000000
100.000000
100.000000
100.000000
100.000000
100.000000
100.000000
100.000000
100.000000
100.000000
100.000000
100.000000
100.000000
100.000000
100.000000
100.000000
100.000000
99.596310
98.953579
97.576090
99.620251
97.582206
99.384431
98.019477
97.849159
97.359264
98.842040
97.419436
98.439401
97.114225
97.063994
96.490489
98.453426
96.336740
97.807920
96.601652
97.026825
96.067475
98.397474
96.543152
98.114541
96.956021
97.487590
96.531634
98.565523
96.401110
98.407739
97.219216
97.676571
96.905086
99.463566
97.541521
99.326733
98.320767
98.603193
97.834546
100.000000
98.357348
99.626522
97.032284
96.889432
96.728734
100.000000
98.750958
100.000000
99.684655
100.000000
99.085455
100.000000
99.854235
100.000000
100.000000
100.000000
100.000000
100.000000
100.000000
100.000000
100.000000
100.000000
100.000000
100.000000
100.000000
100.000000
100.000000
100.000000
99.522679
100.000000
98.922313
99.577128
98.079612
96.579146
96.883673
99.815669
98.737505
100.000000
99.570897
98.921943
98.569212
100.000000
98.556963
99.547272
98.714562
98.113907
98.206481
100.000000
98.549995
100.000000
99.431184
98.258799
97.733519
100.000000
97.866085
99.499624
97.729906
97.742772
96.544350
99.051068
96.681886
98.415533
96.829158
96.654471
96.100381
99.272423
97.550872
99.293604
98.218796
98.789775
98.323380
100.000000
98.936364
100.000000
99.170682
98.902941
98.673032
100.000000
100.000000
98.647832
97.796947
97.152465
96.975075
99.490494
97.430011
99.625114
98.868626
99.730749
98.331237
100.000000
100.000000
100.000000
100.000000
100.000000
100.000000
100.000000
100.000000
100.000000
100.000000
100.000000
100.000000
100.000000
100.000000
100.000000
100.000000
100.000000
100.000000
100.000000
100.000000
100.000000
100.000000
100.000000
100.000000
100.000000
100.000000
100.000000
100.000000
100.000000
100.000000
100.000000
100.000000
100.000000
100.000000
100.000000
100.000000
100.000000
100.000000
100.000000
100.000000
100.000000
100.000000
100.000000
100.000000
100.000000
100.000000
100.000000
100.000000
100.000000
100.000000
100.000000
100.000000
100.000000
100.000000
100.000000
100.000000
100.000000
100.000000
100.000000
100.000000
100.000000
100.000000
100.000000
100.000000
100.000000
100.000000
100.000000
100.000000
100.000000
100.000000
100.000000
99.818241
100.000000
100.000000
100.000000
99.363049
98.973836
96.252105
98.011345
94.860714
96.657470
96.125392
97.848882
98.206978
100.000000
100.000000
100.000000
100.000000
100.000000
100.000000
100.000000
100.000000
100.000000
100.000000
100.000000
99.646828
100.000000
99.614761
100.000000
99.794450
100.000000
99.657352
100.000000
99.602236
100.000000
99.506722
99.395020
98.560824
100.000000
100.000000
98.027816
98.219400
98.997991
97.789348
99.551482
97.206447
99.375831
97.986920
99.410830
98.178714
100.000000
99.072230
100.000000
100.000000
100.000000
99.798424
100.000000
99.114609
100.000000
99.452046
100.000000
98.761723
100.000000
98.190312
100.000000
98.678828
99.279390
97.968538
99.405712
96.804111
98.487079
96.981597
97.953723
96.682453
99.276125
97.246758
99.102681
98.865980
100.000000
100.000000
100.000000
100.000000
100.000000
100.000000
100.000000
100.000000
100.000000
100.000000
100.000000
100.000000
100.000000
99.379538
100.000000
98.947267
100.000000
99.815256
100.000000
100.000000
100.000000
100.000000
100.000000
100.000000
100.000000
100.000000
100.000000
100.000000
100.000000
100.000000
100.000000
100.000000
100.000000
100.000000
100.000000
100.000000
100.000000
100.000000
100.000000
100.000000
100.000000
100.000000
100.000000
100.000000
100.000000
100.000000
100.000000
100.000000
100.000000
100.000000
100.000000
100.000000
100.000000
100.000000
100.000000
100.000000
100.000000
99.592387
100.000000
100.000000
100.000000
100.000000
100.000000
100.000000
100.000000
100.000000
100.000000
100.000000
100.000000
100.000000
100.000000
100.000000
100.000000
100.000000
100.000000
100.000000
100.000000
100.000000
100.000000
100.000000
100.000000
100.000000
98.375306
98.294866
98.855913
97.894400
100.000000
98.714925
99.998338
98.658187
99.168108
97.935656
100.000000
97.663259
99.086341
97.760878
98.262720
97.207176
99.417102
96.935124
99.248761
97.476045
98.165906
97.119025
99.777910
98.039932
100.000000
99.253312
99.756169
98.746937
100.000000
99.277586
100.000000
99.861697
100.000000
99.478813
100.000000
99.674052
100.000000
100.000000
100.000000
99.881518
100.000000
100.000000
100.000000
100.000000
100.000000
99.972546
100.000000
99.818769
100.000000
100.000000
100.000000
98.833926
100.000000
98.897815
100.000000
99.626093
99.951458
99.170022
100.000000
100.000000
99.471958
99.796341
99.661166
98.498196
100.000000
98.814220
100.000000
99.291543
99.736967
98.552553
100.000000
98.126891
100.000000
98.798965
99.383474
98.250629
100.000000
98.088197
100.000000
98.739511
99.421096
98.176583
100.000000
98.020094
100.000000
98.660240
99.324687
98.117875
100.000000
97.871023
100.000000
98.351783
99.115792
97.760397
100.000000
97.729061
100.000000
98.441276
99.545277
98.278916
100.000000
98.871328
100.000000
99.648526
100.000000
99.435366
100.000000
99.778698
100.000000
100.000000
100.000000
99.336887
100.000000
99.591798
100.000000
100.000000
100.000000
99.368004
100.000000
100.000000
99.047043
99.635640
99.550701
98.184597
100.000000
97.969427
100.000000
98.896677
99.921654
98.619424
100.000000
98.773879
100.000000
99.524025
100.000000
98.721740
100.000000
98.789620
100.000000
98.926849
99.670890
97.969710
100.000000
97.932477
99.698658
98.398396
99.641506
98.530932
100.000000
99.059167
100.000000
99.431952
100.000000
99.883631
98.315362
96.940635
97.914465
97.332085
97.861473
97.890855
99.112442
97.753475
98.645616
97.352239
96.984360
96.992938
98.287978
97.042752
98.528194
98.019406
98.426695
98.384093
100.000000
99.094973
100.000000
100.000000
100.000000
99.980593
100.000000
100.000000
100.000000
100.000000
100.000000
100.000000
100.000000
100.000000
100.000000
100.000000
99.389689
100.000000
100.000000
100.000000
100.000000
100.000000
100.000000
100.000000
100.000000
100.000000
100.000000
100.000000
100.000000
100.000000
100.000000
100.000000
100.000000
100.000000
100.000000
100.000000
100.000000
100.000000
100.000000
100.000000
100.000000
100.000000
100.000000
100.000000
100.000000
100.000000
100.000000
100.000000
100.000000
100.000000
100.000000
100.000000
100.000000
100.000000
100.000000
100.000000
100.000000
100.000000
100.000000
100.000000
100.000000
100.000000
100.000000
100.000000
100.000000
100.000000
100.000000
100.000000
100.000000
100.000000
100.000000
100.000000
100.000000
100.000000
100.000000
100.000000
100.000000
100.000000
100.000000
100.000000
100.000000
100.000000
100.000000
100.000000
100.000000
100.000000
100.000000
100.000000
100.000000
100.000000
100.000000
100.000000
100.000000
100.000000
100.000000
100.000000
100.000000
100.000000
100.000000
100.000000
100.000000
100.000000
100.000000
100.000000
100.000000
100.000000
100.000000
100.000000
100.000000
100.000000
100.000000
100.000000
100.000000
100.000000
100.000000
100.000000
100.000000
100.000000
100.000000
100.000000
100.000000
100.000000
100.000000
100.000000
99.759521
99.316808
100.000000
100.000000
99.725263
99.498677
99.813198
99.487343
100.000000
99.168938
100.000000
98.898732
99.006700
98.516544
99.742168
98.539549
99.590919
98.738406
99.448031
99.152890
100.000000
99.990090
100.000000
100.000000
100.000000
99.822605
100.000000
99.843914
100.000000
100.000000
100.000000
99.632138
100.000000
100.000000
100.000000
100.000000
100.000000
99.836406
100.000000
99.996129
100.000000
100.000000
100.000000
100.000000
100.000000
99.721290
100.000000
99.973428
99.413288
98.708321
100.000000
98.442857
99.652714
99.260777
99.223239
98.618100
100.000000
98.747621
100.000000
99.817041
99.584441
99.359645
100.000000
100.000000
99.629184
99.207455
99.555023
98.891177
100.000000
98.191725
99.863423
99.080698
99.438260
98.810791
100.000000
99.461374
100.000000
100.000000
100.000000
100.000000
100.000000
99.410532
100.000000
99.853401
100.000000
99.706891
100.000000
99.428658
100.000000
99.986449
100.000000
99.805959
100.000000
99.676677
100.000000
100.000000
100.000000
99.529741
100.000000
99.663753
100.000000
99.952926
100.000000
99.511992
100.000000
99.372771
100.000000
99.857343
100.000000
99.369909
100.000000
99.244297
100.000000
99.928043
100.000000
99.576037
100.000000
99.201320
100.000000
99.557269
100.000000
99.363675
100.000000
100.000000
100.000000
100.000000
100.000000
99.201489
100.000000
98.738641
100.000000
99.591291
100.000000
98.928410
100.000000
98.773396
99.836245
99.041340
99.698286
98.715216
100.000000
98.684235
99.931946
99.260160
99.706466
98.829385
100.000000
98.538483
99.661137
99.133665
99.720555
98.959238
100.000000
98.920944
99.971700
99.372702
99.895189
98.823829
100.000000
99.043776
100.000000
99.456139
100.000000
99.237354
100.000000
99.407520
100.000000
99.985197
100.000000
99.630218
100.000000
99.612412
100.000000
100.000000
100.000000
99.962346
100.000000
99.968786
100.000000
100.000000
100.000000
100.000000
100.000000
100.000000
100.000000
100.000000
100.000000
100.000000
100.000000
100.000000
100.000000
100.000000
100.000000
100.000000
100.000000
100.000000
100.000000
100.000000
100.000000
99.807772
100.000000
99.707710
100.000000
100.000000
100.000000
99.865726
100.000000
99.584310
100.000000
100.000000
100.000000
99.688585
100.000000
99.496420
100.000000
100.000000
100.000000
99.765824
100.000000
99.460618
100.000000
99.650292
100.000000
99.442283
100.000000
99.504205
100.000000
99.667017
100.000000
99.454260
100.000000
99.716650
100.000000
99.759564
100.000000
99.400978
100.000000
99.566112
100.000000
100.000000
100.000000
99.540404
100.000000
100.000000
99.522832
100.000000
100.000000
99.378668
100.000000
99.497455
100.000000
99.656091
100.000000
99.143820
100.000000
98.917886
99.873167
98.653618
99.351183
98.328459
99.760968
98.214624
99.434087
98.983581
99.922162
98.923096
100.000000
98.995936
100.000000
99.518811
99.889225
98.840662
100.000000
98.736105
100.000000
99.175755
100.000000
98.850497
100.000000
99.209327
100.000000
99.594343
100.000000
99.232815
100.000000
99.768685
100.000000
100.000000
100.000000
100.000000
100.000000
100.000000
100.000000
100.000000
100.000000
99.754053
100.000000
100.000000
100.000000
100.000000
100.000000
99.613686
100.000000
100.000000
99.441734
99.164487
98.684418
97.676868
98.899493
97.288345
99.031241
98.046992
98.878230
98.086678
99.840992
98.696067
100.000000
99.366542
100.000000
99.345496
100.000000
99.106558
100.000000
99.950238
100.000000
99.421092
100.000000
99.870667
100.000000
100.000000
100.000000
100.000000
100.000000
100.000000
100.000000
100.000000
100.000000
100.000000
100.000000
100.000000
100.000000
100.000000
100.000000
100.000000
100.000000
100.000000
100.000000
100.000000
100.000000
100.000000
100.000000
100.000000
100.000000
100.000000
99.516200
99.032319
100.000000
99.274337
100.000000
99.361506
98.421853
98.543424
100.000000
100.000000
98.930214
97.144849
97.286783
96.931038
99.042385
97.512511
98.990224
97.921888
96.781229
97.326429
98.916533
97.900724
99.351715
98.593189
97.944084
98.376877
99.854314
99.024943
100.000000
99.109389
98.203453
98.332073
100.000000
98.671968
100.000000
98.901786
98.532500
98.004437
99.659477
98.029291
99.710050
98.955597
99.180253
98.965632
100.000000
99.155175
100.000000
99.267072
99.409161
98.967980
100.000000
98.596188
100.000000
98.928434
99.489319
99.105605
100.000000
99.107705
100.000000
99.643302
99.272489
98.580072
100.000000
98.920726
100.000000
99.604027
99.561689
99.361778
100.000000
100.000000
99.970912
100.000000
100.000000
100.000000
100.000000
98.891197
100.000000
99.910278
100.000000
99.794494
100.000000
98.902920
100.000000
99.855819
100.000000
100.000000
100.000000
100.000000
100.000000
99.819284
100.000000
98.503835
100.000000
97.752204
99.256759
97.683617
99.363458
100.000000
100.000000
100.000000
100.000000
100.000000
100.000000
100.000000
100.000000
100.000000
100.000000
100.000000
100.000000
100.000000
100.000000
100.000000
100.000000
100.000000
100.000000
100.000000
100.000000
100.000000
100.000000
100.000000
100.000000
100.000000
100.000000
100.000000
100.000000
100.000000
100.000000
100.000000
100.000000
100.000000
100.000000
100.000000
100.000000
100.000000
100.000000
100.000000
100.000000
100.000000
100.000000
100.000000
100.000000
99.501352
100.000000
98.106677
98.107553
96.782856
99.009212
96.266484
98.587714
97.302867
99.134872
100.000000
100.000000
100.000000
100.000000
100.000000
100.000000
100.000000
100.000000
100.000000
100.000000
100.000000
100.000000
100.000000
100.000000
100.000000
100.000000
100.000000
100.000000
100.000000
100.000000
100.000000
100.000000
100.000000
100.000000
100.000000
100.000000
100.000000
100.000000
100.000000
100.000000
100.000000
100.000000
100.000000
100.000000
100.000000
100.000000
100.000000
100.000000
100.000000
99.754686
100.000000
99.349803
98.932644
100.000000
99.120372
100.000000
98.846679
99.560818
99.184829
100.000000
99.025870
100.000000
99.461216
99.520761
98.892298
100.000000
98.690096
99.941012
98.731893
99.191692
98.293757
100.000000
98.819755
100.000000
99.989001
100.000000
99.703884
100.000000
99.726918
100.000000
99.971680
100.000000
99.809736
100.000000
99.746586
100.000000
100.000000
100.000000
100.000000
100.000000
100.000000
100.000000
100.000000
100.000000
100.000000
100.000000
100.000000
100.000000
99.681769
99.923188
99.385514
100.000000
99.274694
100.000000
99.861237
99.660550
99.251903
100.000000
100.000000
99.336981
99.293558
99.631661
98.964023
100.000000
99.206373
100.000000
99.563530
100.000000
99.255416
100.000000
99.388063
100.000000
99.883512
100.000000
99.188780
100.000000
99.413459
100.000000
99.887723
100.000000
99.114244
100.000000
99.439132
100.000000
100.000000
100.000000
100.000000
100.000000
100.000000
100.000000
100.000000
100.000000
100.000000
100.000000
100.000000
100.000000
100.000000
100.000000
100.000000
100.000000
100.000000
100.000000
100.000000
99.971219
98.798540
100.000000
98.975262
100.000000
99.647334
100.000000
99.726778
100.000000
99.896597
100.000000
100.000000
100.000000
100.000000
100.000000
100.000000
100.000000
100.000000
100.000000
100.000000
100.000000
100.000000
100.000000
100.000000
100.000000
100.000000
100.000000
100.000000
100.000000
100.000000
100.000000
100.000000
100.000000
100.000000
100.000000
100.000000
100.000000
100.000000
100.000000
100.000000
100.000000
100.000000
100.000000
100.000000
100.000000
100.000000
100.000000
100.000000
100.000000
100.000000
100.000000
100.000000
100.000000
100.000000
100.000000
100.000000
100.000000
100.000000
100.000000
100.000000
100.000000
100.000000
100.000000
100.000000
100.000000
100.000000
100.000000
100.000000
100.000000
100.000000
100.000000
100.000000
100.000000
100.000000
100.000000
100.000000
100.000000
100.000000
100.000000
100.000000
100.000000
100.000000
100.000000
100.000000
100.000000
100.000000
100.000000
100.000000
100.000000
98.903313
98.465696
97.640524
98.856122
97.862771
99.371928
98.966726
100.000000
99.895771
100.000000
100.000000
100.000000
100.000000
100.000000
100.000000
100.000000
100.000000
100.000000
100.000000
100.000000
100.000000
100.000000
100.000000
100.000000
100.000000
100.000000
100.000000
100.000000
100.000000
100.000000
100.000000
100.000000
99.294693
100.000000
98.321133
99.991819
99.200543
100.000000
100.000000
100.000000
100.000000
100.000000
100.000000
100.000000
100.000000
100.000000
100.000000
100.000000
100.000000
100.000000
100.000000
100.000000
100.000000
100.000000
100.000000
100.000000
100.000000
100.000000
100.000000
100.000000
100.000000
100.000000
100.000000
100.000000
100.000000
100.000000
100.000000
100.000000
100.000000
100.000000
99.870659
100.000000
100.000000
100.000000
100.000000
100.000000
100.000000
100.000000
100.000000
100.000000
100.000000
100.000000
100.000000
100.000000
100.000000
100.000000
100.000000
100.000000
100.000000
100.000000
100.000000
100.000000
99.216168
100.000000
98.439314
99.081095
98.419465
98.940030
98.263438
100.000000
98.973173
100.000000
98.464182
98.388274
97.434316
98.934025
99.186298
98.790438
99.709421
100.000000
99.253409
100.000000
99.003799
100.000000
99.576430
100.000000
99.560356
100.000000
100.000000
100.000000
100.000000
100.000000
100.000000
100.000000
100.000000
100.000000
100.000000
100.000000
100.000000
100.000000
100.000000
100.000000
100.000000
100.000000
100.000000
100.000000
100.000000
100.000000
100.000000
100.000000
100.000000
100.000000
99.509811
100.000000
99.214055
99.266850
98.203618
99.413299
98.212336
98.930278
98.579121
99.018858
98.779907
100.000000
99.147463
100.000000
99.300791
99.644637
99.045123
100.000000
98.624084
99.889839
98.693863
99.281142
98.586348
100.000000
100.000000
99.325343
99.251716
99.226173
97.818008
100.000000
97.650549
99.488296
98.506463
99.283467
97.724904
100.000000
97.860948
100.000000
98.888189
100.000000
98.987875
100.000000
99.146497
100.000000
100.000000
100.000000
99.600785
100.000000
99.507342
100.000000
100.000000
100.000000
99.566005
100.000000
99.325378
100.000000
99.737586
100.000000
99.046882
100.000000
98.439483
100.000000
99.069703
99.797814
98.332404
100.000000
98.390736
100.000000
99.069167
100.000000
99.081523
100.000000
99.006359
100.000000
99.528627
100.000000
99.037646
100.000000
98.660509
100.000000
98.980485
99.565360
98.334674
100.000000
100.000000
99.167643
100.000000
100.000000
99.162451
100.000000
99.105575
100.000000
99.799926
100.000000
99.255195
100.000000
99.606470
100.000000
100.000000
100.000000
100.000000
100.000000
100.000000
100.000000
100.000000
100.000000
100.000000
100.000000
100.000000
100.000000
100.000000
100.000000
99.351482
100.000000
97.639987
99.160512
97.434406
98.471679
97.288701
99.849510
98.186227
99.914566
98.714240
99.525885
97.790821
99.978112
97.841866
99.845612
98.604076
99.569718
98.200711
100.000000
97.744991
99.182450
97.759309
98.768613
97.697462
100.000000
97.847068
99.332261
98.315050
99.079505
98.543854
100.000000
100.000000
98.943697
99.473556
99.080764
97.760435
100.000000
98.418918
100.000000
99.703869
100.000000
98.881012
100.000000
99.708898
100.000000
100.000000
100.000000
100.000000
100.000000
100.000000
100.000000
100.000000
100.000000
99.607519
100.000000
100.000000
100.000000
100.000000
100.000000
100.000000
100.000000
100.000000
100.000000
100.000000
100.000000
100.000000
100.000000
100.000000
100.000000
100.000000
100.000000
100.000000
100.000000
100.000000
100.000000
100.000000
100.000000
100.000000
100.000000
100.000000
100.000000
100.000000
100.000000
100.000000
100.000000
100.000000
100.000000
100.000000
100.000000
100.000000
100.000000
100.000000
100.000000
100.000000
100.000000
100.000000
100.000000
100.000000
100.000000
100.000000
100.000000
100.000000
100.000000
100.000000
100.000000
100.000000
100.000000
100.000000
100.000000
100.000000
100.000000
100.000000
100.000000
100.000000
100.000000
100.000000
100.000000
100.000000
100.000000
100.000000
100.000000
100.000000
100.000000
100.000000
100.000000
100.000000
100.000000
100.000000
100.000000
100.000000
100.000000
100.000000
100.000000
100.000000
100.000000
100.000000
100.000000
100.000000
100.000000
100.000000
100.000000
100.000000
100.000000
99.474380
100.000000
99.256533
100.000000
99.146370
97.971485
98.739687
99.531669
99.450358
98.870375
98.086624
97.947934
98.399658
99.758716
98.521607
99.841500
98.849011
97.986443
98.794032
100.000000
99.114971
100.000000
99.199842
98.798859
99.223492
100.000000
98.972892
99.760613
99.243193
98.350643
97.769394
98.877672
97.770435
99.145628
98.648923
97.880446
97.961499
99.240210
98.453095
99.493130
98.752790
98.008222
97.708490
99.693939
98.531388
99.086678
97.906220
97.683287
99.278747
100.000000
98.862114
99.981062
98.857122
96.334591
97.850600
99.220793
98.179497
98.794863
98.590672
98.306472
98.907790
99.738591
99.318492
99.842542
99.823036
98.240347
99.279660
99.765824
99.923366
99.107265
97.241066
97.297442
98.333973
99.306629
99.049849
99.766609
98.772025
98.419460
97.984064
99.519898
98.434893
99.156418
98.438798
95.959988
97.134474
98.674804
97.986497
98.808998
98.745511
98.963437
97.757231
99.429257
98.463561
99.303359
98.731535
97.053220
97.544919
99.177454
98.178682
99.256947
98.979349
97.454117
98.504465
100.000000
98.678396
99.938693
100.000000
98.513348
99.066817
99.975018
99.155419
99.952718
99.435227
97.974470
99.417505
100.000000
100.000000
100.000000
99.899379
98.664020
99.752852
100.000000
100.000000
100.000000
99.979253
97.948050
99.597524
100.000000
99.668108
99.549207
98.105377
97.873427
99.649031
100.000000
99.914382
100.000000
100.000000
100.000000
98.885201
100.000000
99.879365
100.000000
100.000000
98.862227
99.090557
100.000000
100.000000
100.000000
100.000000
100.000000
100.000000
100.000000
100.000000
100.000000
99.889770
98.107544
98.468578
99.685304
98.530429
99.057866
97.938801
95.729743
97.537575
99.115364
98.441636
98.226194
97.084254
95.265579
96.755530
98.267315
97.389703
98.673937
98.489928
97.150019
98.166471
99.332558
97.598952
98.846943
97.765883
96.572078
97.078730
98.923798
98.054739
99.285475
98.882857
95.991346
97.419130
98.768067
98.578406
97.544320
99.559193
