95.309735
100.000000
100.000000
100.000000
100.000000
100.000000
100.000000
100.000000
100.000000
100.000000
100.000000
100.000000
100.000000
100.000000
100.000000
100.000000
100.000000
100.000000
100.000000
100.000000
100.000000
100.000000
100.000000
100.000000
100.000000
100.000000
100.000000
100.000000
100.000000
100.000000
100.000000
100.000000
100.000000
100.000000
100.000000
100.000000
100.000000
100.000000
100.000000
100.000000
100.000000
100.000000
100.000000
100.000000
100.000000
100.000000
100.000000
100.000000
100.000000
100.000000
100.000000
100.000000
100.000000
100.000000
100.000000
100.000000
100.000000
100.000000
100.000000
100.000000
100.000000
100.000000
100.000000
100.000000
100.000000
100.000000
100.000000
100.000000
100.000000
100.000000
100.000000
100.000000
100.000000
100.000000
100.000000
100.000000
100.000000
100.000000
100.000000
100.000000
100.000000
100.000000
100.000000
100.000000
100.000000
100.000000
100.000000
100.000000
100.000000
100.000000
100.000000
100.000000
100.000000
100.000000
100.000000
100.000000
100.000000
100.000000
100.000000
100.000000
100.000000
100.000000
100.000000
100.000000
100.000000
100.000000
100.000000
100.000000
100.000000
100.000000
100.000000
100.000000
100.000000
100.000000
100.000000
100.000000
100.000000
100.000000
100.000000
100.000000
100.000000
100.000000
100.000000
100.000000
100.000000
100.000000
100.000000
100.000000
100.000000
100.000000
100.000000
100.000000
100.000000
100.000000
100.000000
100.000000
100.000000
100.000000
100.000000
100.000000
100.000000
100.000000
100.000000
100.000000
100.000000
100.000000
100.000000
100.000000
100.000000
100.000000
100.000000
100.000000
100.000000
100.000000
100.000000
100.000000
100.000000
100.000000
100.000000
100.000000
100.000000
100.000000
100.000000
100.000000
100.000000
100.000000
100.000000
100.000000
100.000000
100.000000
100.000000
100.000000
100.000000
100.000000
100.000000
100.000000
100.000000
100.000000
100.000000
100.000000
99.433797
99.792159
100.000000
100.000000
100.000000
99.871877
98.725075
99.517988
100.000000
99.695706
100.000000
99.707525
98.949469
100.000000
100.000000
100.000000
100.000000
100.000000
99.698285
99.873532
100.000000
100.000000
100.000000
100.000000
98.724493
100.000000
100.000000
100.000000
100.000000
100.000000
99.112480
99.697860
100.000000
100.000000
100.000000
100.000000
99.926019
99.838072
100.000000
100.000000
100.000000
100.000000
100.000000
99.937497
100.000000
99.227697
100.000000
99.789968
99.472704
99.035899
100.000000
98.766913
100.000000
99.290718
99.991198
100.000000
100.000000
100.000000
100.000000
100.000000
100.000000
99.659763
100.000000
97.691718
99.781725
97.801169
98.537188
98.614861
100.000000
100.000000
100.000000
100.000000
100.000000
100.000000
100.000000
100.000000
100.000000
100.000000
100.000000
100.000000
100.000000
100.000000
100.000000
100.000000
99.691406
98.312107
100.000000
97.737102
99.379661
98.071911
98.347350
98.824172
100.000000
100.000000
100.000000
100.000000
100.000000
100.000000
100.000000
100.000000
100.000000
100.000000
100.000000
100.000000
100.000000
100.000000
100.000000
100.000000
99.643661
98.985165
100.000000
98.309093
100.000000
99.632020
99.407795
100.000000
100.000000
100.000000
99.293324
97.034322
97.018897
98.364821
100.000000
99.855857
100.000000
98.912658
97.999700
98.421620
100.000000
99.454958
100.000000
100.000000
100.000000
100.000000
100.000000
100.000000
100.000000
100.000000
100.000000
98.717166
100.000000
100.000000
100.000000
100.000000
100.000000
100.000000
100.000000
100.000000
100.000000
100.000000
100.000000
100.000000
100.000000
100.000000
100.000000
100.000000
100.000000
100.000000
100.000000
100.000000
100.000000
100.000000
100.000000
100.000000
100.000000
100.000000
100.000000
100.000000
100.000000
100.000000
100.000000
100.000000
100.000000
100.000000
100.000000
100.000000
100.000000
100.000000
100.000000
100.000000
100.000000
100.000000
100.000000
100.000000
100.000000
100.000000
100.000000
100.000000
100.000000
100.000000
100.000000
100.000000
100.000000
100.000000
100.000000
100.000000
100.000000
100.000000
100.000000
100.000000
100.000000
100.000000
100.000000
100.000000
100.000000
100.000000
100.000000
100.000000
100.000000
100.000000
100.000000
100.000000
100.000000
100.000000
100.000000
100.000000
100.000000
100.000000
100.000000
100.000000
100.000000
100.000000
100.000000
100.000000
100.000000
100.000000
100.000000
100.000000
100.000000
100.000000
100.000000
100.000000
100.000000
100.000000
100.000000
100.000000
100.000000
100.000000
100.000000
100.000000
100.000000
100.000000
100.000000
100.000000
100.000000
100.000000
100.000000
100.000000
100.000000
100.000000
100.000000
100.000000
99.903329
99.080191
100.000000
100.000000
100.000000
100.000000
100.000000
100.000000
100.000000
100.000000
100.000000
100.000000
100.000000
100.000000
100.000000
100.000000
100.000000
100.000000
100.000000
100.000000
100.000000
100.000000
100.000000
100.000000
100.000000
100.000000
100.000000
100.000000
100.000000
100.000000
99.137235
100.000000
100.000000
100.000000
100.000000
100.000000
100.000000
100.000000
100.000000
100.000000
100.000000
100.000000
100.000000
100.000000
100.000000
100.000000
100.000000
100.000000
100.000000
100.000000
100.000000
100.000000
100.000000
100.000000
98.080951
100.000000
100.000000
100.000000
100.000000
100.000000
99.351230
100.000000
100.000000
100.000000
100.000000
100.000000
98.643494
98.659809
100.000000
100.000000
100.000000
100.000000
98.900206
98.515753
100.000000
100.000000
100.000000
100.000000
98.915042
98.549584
100.000000
98.413660
100.000000
98.650105
98.799007
97.647104
100.000000
96.897465
99.604744
97.442111
96.732481
97.411012
100.000000
99.863224
100.000000
100.000000
100.000000
100.000000
100.000000
100.000000
100.000000
100.000000
100.000000
100.000000
100.000000
100.000000
100.000000
100.000000
100.000000
100.000000
100.000000
100.000000
100.000000
100.000000
100.000000
100.000000
100.000000
100.000000
100.000000
100.000000
100.000000
100.000000
100.000000
100.000000
100.000000
100.000000
100.000000
100.000000
100.000000
100.000000
100.000000
100.000000
100.000000
100.000000
100.000000
100.000000
100.000000
100.000000
100.000000
100.000000
100.000000
100.000000
100.000000
100.000000
100.000000
100.000000
100.000000
100.000000
100.000000
100.000000
100.000000
100.000000
100.000000
100.000000
100.000000
100.000000
100.000000
100.000000
100.000000
100.000000
100.000000
100.000000
100.000000
100.000000
100.000000
100.000000
100.000000
100.000000
100.000000
100.000000
100.000000
100.000000
100.000000
100.000000
99.223220
100.000000
100.000000
100.000000
100.000000
100.000000
100.000000
100.000000
100.000000
100.000000
100.000000
100.000000
100.000000
100.000000
100.000000
100.000000
100.000000
100.000000
100.000000
100.000000
100.000000
100.000000
100.000000
100.000000
100.000000
100.000000
100.000000
100.000000
100.000000
100.000000
100.000000
100.000000
100.000000
100.000000
100.000000
100.000000
100.000000
100.000000
100.000000
100.000000
100.000000
100.000000
100.000000
100.000000
100.000000
100.000000
100.000000
100.000000
100.000000
100.000000
100.000000
100.000000
99.940163
100.000000
100.000000
100.000000
100.000000
100.000000
100.000000
100.000000
100.000000
100.000000
100.000000
100.000000
100.000000
100.000000
100.000000
100.000000
100.000000
100.000000
100.000000
100.000000
100.000000
100.000000
100.000000
100.000000
100.000000
100.000000
100.000000
100.000000
100.000000
100.000000
100.000000
100.000000
100.000000
99.627335
100.000000
99.645261
100.000000
100.000000
100.000000
99.730913
100.000000
99.775679
100.000000
100.000000
100.000000
99.584047
100.000000
99.788925
100.000000
100.000000
100.000000
100.000000
100.000000
99.684248
100.000000
100.000000
100.000000
100.000000
100.000000
100.000000
100.000000
100.000000
100.000000
99.449590
100.000000
99.304918
100.000000
100.000000
100.000000
99.225037
100.000000
99.132652
100.000000
99.472333
99.872258
99.007135
100.000000
99.056268
100.000000
99.634221
99.857876
99.076510
100.000000
98.909379
100.000000
99.439469
99.900601
99.117054
100.000000
99.211443
100.000000
99.736799
100.000000
99.194685
100.000000
99.369925
100.000000
100.000000
100.000000
99.392222
100.000000
99.716850
100.000000
100.000000
100.000000
99.833971
100.000000
99.892109
100.000000
100.000000
100.000000
100.000000
100.000000
100.000000
100.000000
100.000000
100.000000
100.000000
100.000000
100.000000
100.000000
100.000000
100.000000
100.000000
100.000000
100.000000
100.000000
100.000000
100.000000
100.000000
100.000000
100.000000
100.000000
100.000000
100.000000
100.000000
100.000000
99.996526
100.000000
100.000000
100.000000
100.000000
100.000000
99.831626
100.000000
100.000000
100.000000
99.923118
100.000000
99.828106
100.000000
100.000000
100.000000
100.000000
100.000000
99.704421
100.000000
100.000000
100.000000
99.535153
100.000000
99.841275
100.000000
100.000000
100.000000
99.750721
100.000000
100.000000
100.000000
100.000000
100.000000
99.580095
100.000000
99.957894
100.000000
100.000000
100.000000
100.000000
100.000000
100.000000
100.000000
100.000000
100.000000
99.322708
100.000000
99.719224
100.000000
100.000000
100.000000
99.215441
100.000000
99.079134
100.000000
99.202017
99.579047
98.484812
100.000000
98.525976
99.910840
99.191171
100.000000
99.166159
100.000000
99.257946
100.000000
99.732540
100.000000
98.948748
100.000000
98.996389
100.000000
99.687104
100.000000
99.115089
100.000000
99.540782
100.000000
99.908720
100.000000
99.280191
100.000000
99.819842
100.000000
100.000000
100.000000
100.000000
100.000000
100.000000
100.000000
100.000000
100.000000
100.000000
100.000000
100.000000
100.000000
100.000000
100.000000
99.896779
100.000000
100.000000
99.684157
99.313501
98.836648
98.106798
99.245967
98.005814
99.303663
98.329276
98.973489
98.460709
99.999441
98.853203
100.000000
99.375743
100.000000
99.465210
100.000000
99.662315
100.000000
100.000000
100.000000
100.000000
100.000000
100.000000
100.000000
100.000000
100.000000
100.000000
100.000000
100.000000
100.000000
100.000000
100.000000
100.000000
100.000000
100.000000
100.000000
100.000000
100.000000
100.000000
100.000000
100.000000
100.000000
100.000000
100.000000
100.000000
100.000000
100.000000
100.000000
100.000000
100.000000
100.000000
100.000000
100.000000
100.000000
100.000000
100.000000
100.000000
100.000000
100.000000
100.000000
100.000000
100.000000
100.000000
100.000000
100.000000
100.000000
100.000000
100.000000
100.000000
100.000000
100.000000
100.000000
100.000000
100.000000
99.977374
100.000000
99.147316
100.000000
99.211571
99.611818
98.135187
99.224830
97.445424
98.708236
98.332240
99.830633
99.744879
100.000000
99.859586
100.000000
100.000000
100.000000
100.000000
100.000000
100.000000
100.000000
100.000000
100.000000
100.000000
100.000000
100.000000
100.000000
100.000000
100.000000
100.000000
100.000000
100.000000
100.000000
100.000000
100.000000
100.000000
100.000000
100.000000
100.000000
100.000000
100.000000
100.000000
100.000000
100.000000
100.000000
100.000000
100.000000
100.000000
100.000000
100.000000
100.000000
100.000000
100.000000
100.000000
100.000000
100.000000
100.000000
100.000000
100.000000
100.000000
100.000000
100.000000
100.000000
100.000000
100.000000
100.000000
100.000000
100.000000
100.000000
100.000000
100.000000
100.000000
100.000000
100.000000
100.000000
100.000000
100.000000
100.000000
100.000000
100.000000
100.000000
100.000000
100.000000
100.000000
100.000000
100.000000
100.000000
100.000000
100.000000
100.000000
100.000000
100.000000
100.000000
100.000000
100.000000
100.000000
100.000000
100.000000
100.000000
100.000000
100.000000
100.000000
100.000000
100.000000
100.000000
100.000000
100.000000
100.000000
100.000000
100.000000
100.000000
100.000000
100.000000
100.000000
100.000000
100.000000
100.000000
100.000000
100.000000
100.000000
100.000000
100.000000
100.000000
100.000000
100.000000
100.000000
100.000000
100.000000
100.000000
100.000000
100.000000
100.000000
100.000000
100.000000
100.000000
100.000000
100.000000
100.000000
100.000000
100.000000
100.000000
100.000000
100.000000
100.000000
100.000000
100.000000
100.000000
100.000000
100.000000
100.000000
100.000000
100.000000
100.000000
100.000000
100.000000
100.000000
100.000000
100.000000
100.000000
100.000000
100.000000
100.000000
100.000000
100.000000
100.000000
100.000000
100.000000
100.000000
100.000000
99.539923
100.000000
99.600988
100.000000
99.451610
100.000000
99.091861
100.000000
100.000000
100.000000
100.000000
100.000000
99.797534
100.000000
100.000000
100.000000
99.141763
100.000000
99.946859
100.000000
100.000000
100.000000
100.000000
100.000000
100.000000
100.000000
100.000000
100.000000
100.000000
100.000000
100.000000
100.000000
100.000000
100.000000
100.000000
100.000000
100.000000
100.000000
100.000000
100.000000
100.000000
100.000000
100.000000
100.000000
100.000000
100.000000
99.377443
100.000000
99.446350
100.000000
99.928597
100.000000
99.796230
100.000000
100.000000
100.000000
100.000000
100.000000
100.000000
100.000000
100.000000
100.000000
100.000000
100.000000
100.000000
100.000000
100.000000
100.000000
100.000000
100.000000
100.000000
100.000000
100.000000
100.000000
100.000000
98.525849
98.814628
100.000000
100.000000
100.000000
100.000000
100.000000
99.660154
100.000000
100.000000
100.000000
100.000000
100.000000
100.000000
100.000000
100.000000
100.000000
100.000000
100.000000
100.000000
100.000000
100.000000
100.000000
100.000000
100.000000
99.892597
100.000000
99.761547
100.000000
99.733316
99.735457
98.958105
100.000000
100.000000
100.000000
100.000000
100.000000
100.000000
100.000000
100.000000
100.000000
100.000000
100.000000
100.000000
100.000000
100.000000
100.000000
100.000000
100.000000
100.000000
100.000000
100.000000
100.000000
100.000000
98.634082
98.371856
100.000000
99.816709
100.000000
100.000000
99.478629
100.000000
100.000000
100.000000
100.000000
100.000000
100.000000
100.000000
100.000000
100.000000
100.000000
100.000000
100.000000
100.000000
100.000000
100.000000
100.000000
100.000000
99.012853
100.000000
100.000000
100.000000
100.000000
100.000000
98.887122
100.000000
100.000000
100.000000
100.000000
100.000000
99.212849
99.918393
100.000000
100.000000
100.000000
99.941384
97.942684
99.875965
100.000000
100.000000
100.000000
97.976261
97.740606
99.243718
100.000000
100.000000
100.000000
100.000000
97.550374
97.192247
100.000000
97.811476
100.000000
98.717354
97.457144
96.087056
99.568695
96.780018
99.788374
98.240688
97.907310
98.654835
100.000000
100.000000
100.000000
100.000000
100.000000
100.000000
100.000000
100.000000
100.000000
100.000000
100.000000
100.000000
100.000000
100.000000
100.000000
100.000000
100.000000
100.000000
100.000000
100.000000
100.000000
100.000000
100.000000
100.000000
100.000000
100.000000
100.000000
100.000000
100.000000
100.000000
100.000000
100.000000
100.000000
100.000000
100.000000
100.000000
100.000000
100.000000
100.000000
100.000000
100.000000
100.000000
100.000000
100.000000
100.000000
100.000000
100.000000
100.000000
100.000000
100.000000
100.000000
100.000000
100.000000
100.000000
100.000000
100.000000
100.000000
100.000000
100.000000
100.000000
100.000000
100.000000
100.000000
100.000000
100.000000
100.000000
100.000000
100.000000
100.000000
100.000000
100.000000
100.000000
100.000000
100.000000
100.000000
100.000000
99.158398
100.000000
100.000000
100.000000
100.000000
100.000000
97.982919
100.000000
100.000000
100.000000
100.000000
100.000000
100.000000
100.000000
100.000000
100.000000
100.000000
100.000000
100.000000
100.000000
100.000000
100.000000
100.000000
100.000000
100.000000
100.000000
100.000000
100.000000
100.000000
100.000000
100.000000
100.000000
100.000000
100.000000
100.000000
100.000000
100.000000
100.000000
100.000000
100.000000
100.000000
100.000000
100.000000
100.000000
100.000000
100.000000
100.000000
100.000000
100.000000
100.000000
100.000000
99.902069
100.000000
100.000000
100.000000
99.039598
100.000000
99.060966
100.000000
100.000000
100.000000
99.885657
100.000000
100.000000
100.000000
100.000000
100.000000
100.000000
100.000000
100.000000
100.000000
100.000000
100.000000
100.000000
100.000000
100.000000
100.000000
100.000000
100.000000
100.000000
100.000000
100.000000
100.000000
100.000000
100.000000
100.000000
100.000000
100.000000
100.000000
100.000000
100.000000
100.000000
100.000000
100.000000
100.000000
100.000000
100.000000
100.000000
100.000000
100.000000
100.000000
100.000000
100.000000
100.000000
100.000000
100.000000
100.000000
100.000000
100.000000
100.000000
100.000000
100.000000
100.000000
100.000000
100.000000
100.000000
100.000000
100.000000
100.000000
100.000000
100.000000
100.000000
100.000000
100.000000
100.000000
100.000000
100.000000
100.000000
100.000000
100.000000
100.000000
100.000000
100.000000
100.000000
100.000000
100.000000
100.000000
100.000000
100.000000
100.000000
100.000000
100.000000
100.000000
100.000000
100.000000
100.000000
100.000000
100.000000
100.000000
100.000000
100.000000
99.985220
100.000000
100.000000
100.000000
100.000000
99.040287
99.224042
100.000000
100.000000
100.000000
100.000000
100.000000
100.000000
100.000000
100.000000
100.000000
100.000000
100.000000
100.000000
100.000000
100.000000
100.000000
100.000000
100.000000
100.000000
100.000000
100.000000
100.000000
100.000000
100.000000
100.000000
100.000000
100.000000
100.000000
100.000000
100.000000
100.000000
100.000000
100.000000
100.000000
100.000000
100.000000
100.000000
100.000000
100.000000
100.000000
100.000000
100.000000
100.000000
100.000000
100.000000
100.000000
99.425470
99.043048
98.404471
99.751412
98.493072
99.617735
98.370527
97.869476
97.798927
99.364617
97.995973
99.088429
97.829152
97.322423
97.008407
98.639888
96.708072
98.189969
97.136844
97.164490
96.469874
98.487684
96.888465
98.513806
97.558294
97.554730
97.052655
98.710984
97.067394
98.825546
97.926931
97.673375
97.557889
99.620065
98.119479
99.684899
98.691267
98.578219
98.274012
100.000000
98.771055
99.880810
97.891581
96.877714
97.692282
100.000000
99.552433
100.000000
100.000000
100.000000
99.638314
100.000000
100.000000
100.000000
100.000000
100.000000
100.000000
100.000000
100.000000
100.000000
100.000000
100.000000
100.000000
100.000000
100.000000
100.000000
100.000000
100.000000
100.000000
100.000000
99.332561
100.000000
98.858855
96.601995
97.014371
100.000000
99.229832
100.000000
99.725563
99.137129
98.958438
100.000000
99.132824
99.977267
99.349899
98.214548
98.802079
100.000000
99.399823
100.000000
99.911971
98.230587
98.295374
100.000000
98.834308
100.000000
98.544666
97.696691
97.266307
99.183704
97.227265
98.827051
97.603159
96.686128
97.048781
99.306735
98.173043
99.641488
99.049269
98.783530
99.061449
100.000000
99.431852
100.000000
100.000000
98.895352
99.507801
100.000000
100.000000
99.015503
97.853229
97.560970
97.951057
100.000000
98.536177
100.000000
99.427388
99.980971
99.383628
100.000000
100.000000
100.000000
100.000000
100.000000
100.000000
100.000000
100.000000
100.000000
100.000000
100.000000
100.000000
100.000000
100.000000
100.000000
100.000000
100.000000
100.000000
100.000000
100.000000
100.000000
100.000000
100.000000
100.000000
100.000000
100.000000
100.000000
100.000000
100.000000
100.000000
100.000000
100.000000
100.000000
100.000000
100.000000
100.000000
100.000000
100.000000
100.000000
100.000000
100.000000
100.000000
100.000000
100.000000
100.000000
100.000000
100.000000
100.000000
100.000000
100.000000
100.000000
100.000000
100.000000
100.000000
100.000000
100.000000
100.000000
100.000000
100.000000
100.000000
100.000000
100.000000
100.000000
100.000000
100.000000
100.000000
100.000000
100.000000
100.000000
100.000000
100.000000
100.000000
100.000000
100.000000
100.000000
100.000000
99.113076
96.634918
99.023431
95.697722
97.904699
96.917195
98.280720
98.700019
100.000000
100.000000
100.000000
100.000000
100.000000
100.000000
100.000000
100.000000
100.000000
100.000000
100.000000
99.926812
100.000000
100.000000
100.000000
100.000000
100.000000
99.953272
100.000000
99.938833
100.000000
99.904245
99.769082
99.225799
100.000000
100.000000
98.744516
98.786444
99.283228
98.149454
100.000000
97.947431
99.856979
98.401836
99.951761
98.844791
100.000000
99.286058
100.000000
100.000000
100.000000
100.000000
100.000000
99.473287
100.000000
99.735319
100.000000
99.251052
100.000000
98.573983
100.000000
99.011868
99.627563
98.043315
100.000000
97.228155
98.751490
97.491919
98.439999
97.086775
99.981321
97.476400
99.568094
99.168862
100.000000
100.000000
100.000000
100.000000
100.000000
100.000000
100.000000
100.000000
100.000000
100.000000
100.000000
100.000000
100.000000
99.986731
100.000000
99.165116
100.000000
100.000000
100.000000
100.000000
100.000000
100.000000
100.000000
100.000000
100.000000
100.000000
100.000000
100.000000
100.000000
100.000000
100.000000
100.000000
100.000000
100.000000
100.000000
100.000000
100.000000
100.000000
100.000000
100.000000
100.000000
100.000000
100.000000
100.000000
100.000000
100.000000
100.000000
100.000000
100.000000
100.000000
100.000000
100.000000
100.000000
100.000000
100.000000
100.000000
100.000000
100.000000
100.000000
100.000000
100.000000
100.000000
100.000000
100.000000
100.000000
100.000000
100.000000
100.000000
100.000000
100.000000
100.000000
100.000000
100.000000
100.000000
100.000000
100.000000
100.000000
100.000000
100.000000
100.000000
100.000000
100.000000
99.080055
98.589215
99.089346
98.172596
100.000000
98.920036
100.000000
99.065216
99.470505
98.204256
100.000000
97.900577
99.692227
98.038642
98.627987
97.469853
99.907472
97.496361
99.500939
97.928667
98.352532
97.330173
100.000000
98.279266
100.000000
99.485063
99.905116
98.929969
100.000000
99.442619
100.000000
100.000000
100.000000
99.861787
100.000000
100.000000
100.000000
100.000000
100.000000
100.000000
100.000000
100.000000
100.000000
100.000000
100.000000
99.989851
100.000000
100.000000
100.000000
100.000000
100.000000
99.095032
100.000000
99.266557
100.000000
99.734998
100.000000
99.514880
100.000000
100.000000
100.000000
99.889148
99.871137
98.794895
100.000000
99.270659
100.000000
100.000000
99.876104
98.920000
100.000000
98.720986
100.000000
99.105660
99.469216
98.611660
100.000000
98.578079
100.000000
99.105345
99.513086
98.703651
100.000000
98.609597
100.000000
99.026802
99.431652
98.473128
100.000000
98.563553
100.000000
98.801358
99.214297
98.375313
100.000000
98.394475
100.000000
99.114998
99.682907
98.776242
100.000000
99.537872
100.000000
100.000000
100.000000
99.873972
100.000000
100.000000
100.000000
100.000000
100.000000
99.817764
100.000000
100.000000
100.000000
100.000000
100.000000
99.761478
100.000000
100.000000
99.271715
99.572723
99.566792
98.617540
100.000000
98.345126
100.000000
99.120225
100.000000
98.956649
100.000000
99.323199
100.000000
100.000000
100.000000
99.206498
100.000000
99.203580
100.000000
99.364539
99.894432
98.499237
100.000000
98.287914
100.000000
98.970740
99.811697
99.090397
100.000000
99.604008
100.000000
100.000000
100.000000
100.000000
99.077650
97.260913
98.653784
97.768969
98.142895
98.199956
99.601689
97.820780
99.187813
97.573613
97.386247
97.141715
99.199263
97.694387
99.573383
98.780549
98.788983
98.486766
100.000000
99.340951
100.000000
100.000000
100.000000
100.000000
100.000000
100.000000
100.000000
100.000000
100.000000
100.000000
100.000000
100.000000
100.000000
100.000000
99.665035
100.000000
100.000000
100.000000
100.000000
100.000000
100.000000
100.000000
100.000000
100.000000
100.000000
100.000000
100.000000
100.000000
100.000000
100.000000
100.000000
100.000000
100.000000
100.000000
100.000000
100.000000
100.000000
100.000000
100.000000
100.000000
100.000000
100.000000
100.000000
100.000000
100.000000
100.000000
100.000000
100.000000
100.000000
100.000000
100.000000
100.000000
100.000000
100.000000
100.000000
100.000000
100.000000
100.000000
100.000000
100.000000
100.000000
100.000000
100.000000
100.000000
100.000000
100.000000
100.000000
100.000000
100.000000
100.000000
100.000000
100.000000
100.000000
100.000000
100.000000
100.000000
100.000000
100.000000
100.000000
100.000000
100.000000
100.000000
100.000000
100.000000
100.000000
100.000000
100.000000
100.000000
100.000000
100.000000
100.000000
100.000000
100.000000
100.000000
100.000000
100.000000
100.000000
100.000000
100.000000
100.000000
100.000000
100.000000
100.000000
100.000000
100.000000
100.000000
100.000000
100.000000
100.000000
100.000000
100.000000
100.000000
100.000000
100.000000
100.000000
100.000000
100.000000
100.000000
100.000000
100.000000
100.000000
100.000000
99.759243
99.443516
100.000000
100.000000
99.821990
99.448599
99.871296
99.661804
100.000000
99.219521
100.000000
99.383739
99.174237
98.770998
100.000000
98.678710
99.999603
99.247283
99.540160
99.665177
100.000000
100.000000
100.000000
100.000000
100.000000
100.000000
100.000000
99.946316
100.000000
100.000000
100.000000
100.000000
100.000000
100.000000
100.000000
100.000000
100.000000
100.000000
100.000000
100.000000
100.000000
100.000000
100.000000
100.000000
100.000000
99.863847
100.000000
100.000000
99.472481
99.082644
100.000000
98.592773
99.827433
99.382089
99.270932
98.819331
100.000000
99.385554
100.000000
99.878669
99.656763
99.695577
100.000000
100.000000
99.520266
99.256531
99.712311
99.393265
100.000000
98.824233
99.964157
99.210461
99.635534
99.135876
100.000000
99.864192
100.000000
100.000000
100.000000
100.000000
100.000000
99.772017
100.000000
100.000000
100.000000
100.000000
100.000000
99.863631
100.000000
100.000000
100.000000
99.963742
100.000000
99.681961
100.000000
100.000000
100.000000
100.000000
100.000000
99.847640
100.000000
100.000000
100.000000
99.823864
100.000000
99.819532
100.000000
100.000000
100.000000
99.555218
100.000000
99.843064
100.000000
100.000000
100.000000
99.869027
100.000000
99.827626
100.000000
100.000000
100.000000
99.654110
100.000000
100.000000
100.000000
100.000000
100.000000
99.481861
100.000000
99.375022
100.000000
99.808790
100.000000
99.259949
100.000000
99.294823
100.000000
99.391279
99.792283
99.048674
100.000000
99.317799
100.000000
99.431870
99.835737
99.103634
100.000000
99.089233
100.000000
99.251934
99.890845
99.256905
100.000000
99.395258
100.000000
99.564123
100.000000
99.313704
100.000000
99.550646
100.000000
99.958442
100.000000
99.442436
100.000000
99.712369
100.000000
100.000000
100.000000
99.832917
100.000000
99.853638
100.000000
100.000000
100.000000
100.000000
100.000000
100.000000
100.000000
100.000000
100.000000
100.000000
100.000000
100.000000
100.000000
100.000000
100.000000
100.000000
100.000000
100.000000
100.000000
100.000000
100.000000
100.000000
100.000000
100.000000
100.000000
100.000000
100.000000
100.000000
100.000000
100.000000
100.000000
100.000000
100.000000
100.000000
100.000000
100.000000
100.000000
100.000000
100.000000
100.000000
100.000000
100.000000
100.000000
100.000000
100.000000
100.000000
100.000000
100.000000
100.000000
100.000000
100.000000
99.771751
100.000000
100.000000
100.000000
100.000000
100.000000
99.792556
100.000000
100.000000
100.000000
100.000000
100.000000
99.615353
100.000000
99.999337
100.000000
100.000000
100.000000
100.000000
100.000000
100.000000
100.000000
100.000000
100.000000
99.409371
100.000000
99.864233
100.000000
100.000000
100.000000
99.241014
100.000000
99.128078
100.000000
99.187909
99.628067
98.486804
100.000000
98.508417
99.892188
99.182283
100.000000
99.203055
100.000000
99.603938
100.000000
99.853201
100.000000
99.054679
100.000000
99.403587
100.000000
99.781388
100.000000
99.170517
100.000000
99.606564
100.000000
100.000000
100.000000
99.558414
100.000000
99.874295
100.000000
100.000000
100.000000
100.000000
100.000000
100.000000
100.000000
100.000000
100.000000
100.000000
100.000000
100.000000
100.000000
100.000000
100.000000
99.863773
100.000000
100.000000
99.922874
99.421362
98.808530
97.950134
99.146053
97.933815
99.230242
98.277171
99.019743
98.355515
100.000000
98.927653
100.000000
99.915101
100.000000
99.854563
100.000000
99.630552
100.000000
100.000000
100.000000
99.938664
100.000000
100.000000
100.000000
100.000000
100.000000
100.000000
100.000000
100.000000
100.000000
100.000000
100.000000
100.000000
100.000000
100.000000
100.000000
100.000000
100.000000
100.000000
100.000000
100.000000
100.000000
100.000000
100.000000
100.000000
100.000000
100.000000
100.000000
100.000000
99.553955
99.610443
100.000000
100.000000
100.000000
99.953592
98.639243
99.227379
100.000000
100.000000
99.714286
97.315876
97.248527
97.774206
99.344375
98.031166
99.362303
98.355927
96.900500
97.724182
99.685836
98.645715
100.000000
99.267078
98.111890
99.111894
100.000000
99.734606
100.000000
99.708816
98.503635
99.198559
100.000000
99.308029
100.000000
99.450754
98.665099
98.742940
99.995313
98.925892
100.000000
99.572872
99.349354
99.506419
100.000000
99.914486
100.000000
99.653034
99.367277
99.423611
100.000000
99.282981
100.000000
99.464019
99.649692
99.484348
100.000000
99.821252
100.000000
99.921513
99.473700
98.845190
100.000000
99.299836
100.000000
100.000000
99.772330
99.767539
100.000000
100.000000
100.000000
100.000000
100.000000
100.000000
100.000000
99.470507
100.000000
100.000000
100.000000
99.904624
100.000000
99.190471
100.000000
100.000000
100.000000
100.000000
100.000000
100.000000
100.000000
100.000000
100.000000
98.868133
100.000000
97.965752
99.668124
98.238127
99.455379
100.000000
100.000000
100.000000
100.000000
100.000000
100.000000
100.000000
100.000000
100.000000
100.000000
100.000000
100.000000
100.000000
100.000000
100.000000
100.000000
100.000000
100.000000
100.000000
100.000000
100.000000
100.000000
100.000000
100.000000
100.000000
100.000000
100.000000
100.000000
100.000000
100.000000
100.000000
100.000000
100.000000
100.000000
100.000000
100.000000
100.000000
100.000000
100.000000
100.000000
100.000000
100.000000
100.000000
100.000000
99.618611
100.000000
98.625395
98.193899
97.176953
99.098046
96.762186
99.238788
97.941474
99.133126
100.000000
100.000000
100.000000
100.000000
100.000000
100.000000
100.000000
100.000000
100.000000
100.000000
100.000000
100.000000
100.000000
100.000000
100.000000
100.000000
100.000000
100.000000
100.000000
100.000000
100.000000
100.000000
100.000000
100.000000
100.000000
100.000000
100.000000
100.000000
100.000000
100.000000
100.000000
100.000000
100.000000
100.000000
100.000000
100.000000
100.000000
100.000000
100.000000
100.000000
99.961770
99.517230
98.938834
100.000000
99.827790
100.000000
99.593942
99.950724
99.179412
100.000000
99.533100
100.000000
99.932847
99.757022
99.093232
100.000000
99.247175
100.000000
99.357944
99.313311
98.439504
100.000000
99.129408
100.000000
100.000000
100.000000
99.804071
100.000000
100.000000
100.000000
100.000000
100.000000
99.899543
100.000000
99.916413
100.000000
100.000000
100.000000
100.000000
100.000000
100.000000
100.000000
100.000000
100.000000
100.000000
100.000000
100.000000
100.000000
100.000000
100.000000
99.423126
100.000000
99.572428
100.000000
100.000000
99.892099
99.515775
100.000000
100.000000
99.819850
99.653057
99.669888
99.274593
100.000000
99.589408
100.000000
99.690426
100.000000
99.605029
100.000000
99.732728
100.000000
100.000000
100.000000
99.445999
100.000000
99.844774
100.000000
100.000000
100.000000
99.359274
100.000000
99.630200
100.000000
100.000000
100.000000
100.000000
100.000000
100.000000
100.000000
100.000000
100.000000
100.000000
100.000000
100.000000
100.000000
100.000000
100.000000
100.000000
100.000000
100.000000
100.000000
100.000000
100.000000
99.200917
100.000000
99.401950
100.000000
100.000000
100.000000
100.000000
100.000000
100.000000
100.000000
100.000000
100.000000
100.000000
100.000000
100.000000
100.000000
100.000000
100.000000
100.000000
100.000000
100.000000
100.000000
100.000000
100.000000
100.000000
100.000000
100.000000
100.000000
100.000000
100.000000
100.000000
100.000000
100.000000
100.000000
100.000000
100.000000
100.000000
100.000000
100.000000
100.000000
100.000000
100.000000
100.000000
100.000000
100.000000
100.000000
100.000000
100.000000
100.000000
100.000000
100.000000
100.000000
100.000000
100.000000
100.000000
100.000000
100.000000
100.000000
100.000000
100.000000
100.000000
100.000000
100.000000
100.000000
100.000000
100.000000
100.000000
100.000000
100.000000
100.000000
100.000000
100.000000
100.000000
100.000000
100.000000
100.000000
100.000000
100.000000
100.000000
100.000000
100.000000
100.000000
100.000000
100.000000
100.000000
100.000000
100.000000
100.000000
99.296413
98.700690
98.069771
99.566338
98.292463
100.000000
99.443568
100.000000
100.000000
100.000000
100.000000
100.000000
100.000000
100.000000
100.000000
100.000000
100.000000
100.000000
100.000000
100.000000
100.000000
100.000000
100.000000
100.000000
100.000000
100.000000
100.000000
100.000000
100.000000
100.000000
100.000000
100.000000
99.749321
100.000000
98.819495
100.000000
99.497713
100.000000
100.000000
100.000000
100.000000
100.000000
100.000000
100.000000
100.000000
100.000000
100.000000
100.000000
100.000000
100.000000
100.000000
100.000000
100.000000
100.000000
100.000000
100.000000
100.000000
100.000000
100.000000
100.000000
100.000000
100.000000
100.000000
100.000000
100.000000
100.000000
100.000000
100.000000
100.000000
100.000000
100.000000
100.000000
100.000000
100.000000
100.000000
100.000000
100.000000
100.000000
100.000000
100.000000
100.000000
100.000000
100.000000
100.000000
100.000000
100.000000
100.000000
100.000000
100.000000
100.000000
100.000000
100.000000
99.379505
100.000000
98.736869
99.493217
98.710749
99.107358
98.674508
100.000000
99.505090
100.000000
98.773813
98.569897
97.603107
99.335842
99.876891
99.156269
99.729576
100.000000
99.506499
100.000000
99.377486
100.000000
99.855669
100.000000
99.773036
100.000000
100.000000
100.000000
100.000000
100.000000
100.000000
100.000000
100.000000
100.000000
100.000000
100.000000
100.000000
100.000000
100.000000
100.000000
100.000000
100.000000
100.000000
100.000000
100.000000
100.000000
100.000000
100.000000
100.000000
100.000000
99.986194
100.000000
99.477338
99.433055
98.796616
99.723007
98.799767
99.567765
98.826172
99.182381
99.007124
100.000000
99.145964
100.000000
99.622003
99.755617
99.061555
100.000000
98.879721
100.000000
99.023994
99.435701
98.819933
100.000000
100.000000
99.543992
99.407493
99.347362
98.270870
100.000000
98.090367
100.000000
98.620219
99.226738
98.091507
100.000000
98.266486
100.000000
99.335434
100.000000
99.294268
100.000000
99.675592
100.000000
100.000000
100.000000
99.919899
100.000000
100.000000
100.000000
100.000000
100.000000
99.823561
100.000000
99.720184
100.000000
100.000000
100.000000
99.320001
100.000000
98.862275
100.000000
99.463537
100.000000
98.638244
100.000000
98.759911
100.000000
99.363163
100.000000
99.311786
100.000000
99.460778
100.000000
99.891618
100.000000
99.369907
100.000000
99.134218
100.000000
99.170301
99.694969
98.702488
100.000000
100.000000
99.306023
100.000000
100.000000
99.582120
100.000000
99.546091
100.000000
100.000000
100.000000
99.617333
100.000000
99.724177
100.000000
100.000000
100.000000
100.000000
100.000000
100.000000
100.000000
100.000000
100.000000
100.000000
100.000000
100.000000
100.000000
100.000000
100.000000
99.730034
100.000000
98.123791
99.754880
97.949661
98.578467
97.659407
100.000000
98.435553
100.000000
99.019812
99.745774
98.180228
100.000000
98.242786
100.000000
99.064152
99.830963
98.750644
100.000000
98.258896
99.869545
98.454495
99.091572
98.130136
100.000000
98.514398
99.962069
98.872710
99.394729
98.962111
100.000000
100.000000
99.500787
99.689715
99.313077
98.241342
100.000000
98.921871
100.000000
100.000000
100.000000
99.385235
100.000000
100.000000
100.000000
100.000000
100.000000
100.000000
100.000000
100.000000
100.000000
100.000000
100.000000
100.000000
100.000000
100.000000
100.000000
100.000000
100.000000
100.000000
100.000000
100.000000
100.000000
100.000000
100.000000
100.000000
100.000000
100.000000
100.000000
100.000000
100.000000
100.000000
100.000000
100.000000
100.000000
100.000000
100.000000
100.000000
100.000000
100.000000
100.000000
100.000000
100.000000
100.000000
100.000000
100.000000
100.000000
100.000000
100.000000
100.000000
100.000000
100.000000
100.000000
100.000000
100.000000
100.000000
100.000000
100.000000
100.000000
100.000000
100.000000
100.000000
100.000000
100.000000
100.000000
100.000000
100.000000
100.000000
100.000000
100.000000
100.000000
100.000000
100.000000
100.000000
100.000000
100.000000
100.000000
100.000000
100.000000
100.000000
100.000000
100.000000
100.000000
100.000000
100.000000
100.000000
100.000000
100.000000
100.000000
100.000000
100.000000
100.000000
100.000000
100.000000
100.000000
100.000000
100.000000
100.000000
100.000000
100.000000
100.000000
100.000000
100.000000
100.000000
100.000000
99.656335
100.000000
99.538713
98.112823
99.180487
99.795552
99.632527
99.223686
98.143672
98.140733
98.975270
99.984804
99.269471
99.953591
99.204215
98.084059
99.159186
100.000000
99.563175
100.000000
99.605806
98.870857
99.561610
100.000000
99.297841
99.966294
99.549303
98.445782
98.457240
99.210149
98.317815
99.469265
99.118248
97.971673
98.608820
99.507956
98.734180
99.707247
99.222751
98.142598
98.609965
99.967246
99.031886
99.431399
98.562033
97.806577
99.856390
100.000000
99.175626
100.000000
99.278708
96.322819
98.443368
99.553937
98.854346
99.343482
99.054547
98.404076
99.115438
100.000000
99.768790
100.000000
100.000000
98.341310
99.793813
100.000000
100.000000
99.494211
97.493734
97.483940
98.566860
99.828454
99.453427
100.000000
99.399915
98.576804
99.092722
99.737296
98.853662
99.432749
98.542493
96.078874
97.648713
98.890356
97.880835
99.059387
98.943761
99.023781
98.304124
99.639054
98.562668
99.548828
99.078219
96.959142
98.234562
99.355437
98.396491
99.438918
98.937869
97.471424
98.988980
100.000000
99.055931
100.000000
100.000000
98.553801
99.348711
100.000000
99.660720
100.000000
99.602091
97.954783
99.557351
100.000000
100.000000
100.000000
100.000000
98.983526
99.832243
100.000000
100.000000
100.000000
100.000000
98.240367
99.865716
100.000000
100.000000
100.000000
98.354775
98.246888
99.761997
100.000000
100.000000
100.000000
100.000000
100.000000
99.206436
100.000000
99.390237
100.000000
99.673941
98.796638
99.605632
100.000000
100.000000
100.000000
100.000000
100.000000
100.000000
100.000000
100.000000
100.000000
100.000000
98.068868
99.135064
99.674751
98.875097
99.019675
98.295239
95.683717
97.912330
99.186765
98.731432
98.306963
97.409926
95.357732
96.874718
98.444404
97.847695
98.929537
98.754219
97.249640
98.244321
99.591600
98.357322
99.174983
98.134713
96.834051
96.876167
99.328125
98.112876
99.191031
98.983907
96.140853
97.471606
98.980026
98.920856
97.897121
99.573553
