95.429890
100.000000
100.000000
100.000000
100.000000
100.000000
100.000000
100.000000
100.000000
100.000000
100.000000
100.000000
100.000000
100.000000
99.886086
100.000000
100.000000
100.000000
100.000000
100.000000
100.000000
100.000000
100.000000
100.000000
100.000000
100.000000
100.000000
100.000000
99.473866
99.777747
100.000000
100.000000
100.000000
100.000000
100.000000
100.000000
100.000000
100.000000
100.000000
100.000000
100.000000
100.000000
100.000000
100.000000
100.000000
100.000000
100.000000
100.000000
100.000000
100.000000
100.000000
100.000000
100.000000
100.000000
100.000000
100.000000
100.000000
100.000000
100.000000
100.000000
100.000000
100.000000
100.000000
100.000000
100.000000
100.000000
100.000000
100.000000
100.000000
100.000000
100.000000
100.000000
100.000000
100.000000
100.000000
100.000000
100.000000
100.000000
100.000000
100.000000
100.000000
100.000000
100.000000
100.000000
100.000000
100.000000
100.000000
100.000000
100.000000
100.000000
100.000000
100.000000
100.000000
100.000000
100.000000
100.000000
100.000000
100.000000
100.000000
100.000000
100.000000
100.000000
100.000000
100.000000
100.000000
100.000000
100.000000
100.000000
100.000000
100.000000
100.000000
100.000000
100.000000
100.000000
100.000000
100.000000
100.000000
100.000000
100.000000
100.000000
100.000000
100.000000
100.000000
100.000000
100.000000
100.000000
100.000000
100.000000
100.000000
100.000000
100.000000
100.000000
100.000000
100.000000
100.000000
100.000000
100.000000
100.000000
100.000000
100.000000
100.000000
100.000000
100.000000
100.000000
100.000000
100.000000
100.000000
100.000000
100.000000
100.000000
100.000000
100.000000
100.000000
100.000000
100.000000
100.000000
100.000000
100.000000
100.000000
100.000000
100.000000
100.000000
100.000000
100.000000
100.000000
100.000000
100.000000
100.000000
100.000000
100.000000
100.000000
100.000000
100.000000
100.000000
100.000000
100.000000
100.000000
100.000000
100.000000
100.000000
99.243347
99.546784
99.562052
100.000000
99.335780
99.430202
97.647742
99.424355
99.888509
99.476161
99.494435
99.583056
98.456820
99.662074
99.913904
100.000000
100.000000
100.000000
99.359580
99.874271
99.852801
100.000000
99.712368
99.601589
98.236585
99.770840
99.971128
100.000000
99.831554
100.000000
98.596068
99.998359
100.000000
100.000000
100.000000
100.000000
99.523867
100.000000
100.000000
100.000000
99.956501
99.908339
100.000000
100.000000
100.000000
100.000000
99.956229
100.000000
99.023643
99.709749
99.544393
99.833417
99.544027
98.948239
98.514106
100.000000
100.000000
100.000000
100.000000
100.000000
100.000000
100.000000
99.173386
99.210664
97.595146
96.878682
97.094954
99.133886
99.095102
100.000000
100.000000
100.000000
100.000000
100.000000
100.000000
100.000000
100.000000
100.000000
100.000000
100.000000
100.000000
100.000000
99.879383
99.758001
99.400646
97.809345
97.873751
98.278235
97.360247
97.612020
97.344450
98.608048
98.796963
100.000000
100.000000
100.000000
100.000000
100.000000
100.000000
100.000000
100.000000
100.000000
100.000000
100.000000
100.000000
100.000000
100.000000
100.000000
98.873750
99.349904
98.241197
99.326800
97.394158
97.796343
98.233050
99.469903
100.000000
99.875733
98.328330
95.527668
97.272022
99.031894
99.325870
100.000000
99.131423
98.082096
96.613132
98.624884
98.412669
99.517809
100.000000
100.000000
100.000000
100.000000
100.000000
100.000000
100.000000
100.000000
100.000000
99.472200
99.121594
100.000000
100.000000
100.000000
100.000000
100.000000
100.000000
100.000000
100.000000
100.000000
100.000000
100.000000
100.000000
100.000000
100.000000
100.000000
100.000000
100.000000
100.000000
100.000000
100.000000
100.000000
100.000000
100.000000
100.000000
100.000000
100.000000
100.000000
100.000000
100.000000
100.000000
100.000000
100.000000
100.000000
100.000000
100.000000
100.000000
100.000000
100.000000
100.000000
100.000000
100.000000
100.000000
100.000000
100.000000
100.000000
100.000000
100.000000
100.000000
100.000000
100.000000
100.000000
100.000000
100.000000
100.000000
100.000000
100.000000
100.000000
100.000000
100.000000
100.000000
100.000000
100.000000
100.000000
100.000000
100.000000
100.000000
100.000000
100.000000
100.000000
100.000000
100.000000
100.000000
100.000000
100.000000
100.000000
100.000000
100.000000
100.000000
100.000000
100.000000
100.000000
100.000000
100.000000
100.000000
100.000000
100.000000
100.000000
100.000000
100.000000
100.000000
100.000000
100.000000
100.000000
100.000000
100.000000
100.000000
100.000000
100.000000
100.000000
100.000000
100.000000
100.000000
100.000000
100.000000
100.000000
100.000000
100.000000
100.000000
100.000000
100.000000
100.000000
99.452426
100.000000
100.000000
100.000000
100.000000
100.000000
100.000000
100.000000
100.000000
100.000000
100.000000
100.000000
100.000000
100.000000
100.000000
100.000000
100.000000
100.000000
100.000000
100.000000
100.000000
100.000000
100.000000
100.000000
100.000000
100.000000
100.000000
100.000000
99.574426
100.000000
98.878741
100.000000
100.000000
100.000000
100.000000
100.000000
100.000000
100.000000
100.000000
100.000000
100.000000
100.000000
100.000000
100.000000
100.000000
100.000000
100.000000
100.000000
100.000000
100.000000
100.000000
100.000000
100.000000
99.499614
97.730608
100.000000
100.000000
100.000000
100.000000
100.000000
99.142234
100.000000
100.000000
100.000000
99.895924
100.000000
98.430824
99.359617
99.085572
100.000000
99.935236
100.000000
98.747902
99.502189
98.927784
100.000000
99.898730
99.786888
98.900834
99.481394
98.997794
99.733955
98.257093
98.627908
98.823191
98.776584
98.142979
98.353312
97.623328
97.235784
96.037909
98.049948
97.909296
100.000000
99.403005
100.000000
100.000000
100.000000
100.000000
100.000000
100.000000
100.000000
100.000000
100.000000
100.000000
100.000000
100.000000
100.000000
100.000000
100.000000
100.000000
100.000000
100.000000
100.000000
100.000000
100.000000
100.000000
100.000000
100.000000
100.000000
100.000000
100.000000
100.000000
100.000000
100.000000
100.000000
100.000000
100.000000
100.000000
100.000000
100.000000
100.000000
100.000000
100.000000
100.000000
100.000000
100.000000
100.000000
100.000000
100.000000
100.000000
100.000000
100.000000
100.000000
100.000000
100.000000
100.000000
100.000000
100.000000
100.000000
100.000000
100.000000
100.000000
100.000000
100.000000
100.000000
100.000000
100.000000
100.000000
100.000000
100.000000
100.000000
100.000000
100.000000
100.000000
100.000000
100.000000
100.000000
100.000000
100.000000
100.000000
100.000000
100.000000
99.856919
98.418791
99.735675
99.708141
100.000000
100.000000
100.000000
100.000000
100.000000
100.000000
100.000000
100.000000
100.000000
100.000000
100.000000
100.000000
100.000000
100.000000
100.000000
100.000000
100.000000
100.000000
100.000000
100.000000
100.000000
100.000000
100.000000
100.000000
100.000000
100.000000
100.000000
100.000000
100.000000
100.000000
100.000000
100.000000
100.000000
100.000000
100.000000
100.000000
100.000000
100.000000
100.000000
100.000000
100.000000
100.000000
100.000000
100.000000
100.000000
99.969812
100.000000
100.000000
100.000000
99.245953
99.104759
100.000000
100.000000
100.000000
100.000000
100.000000
100.000000
100.000000
100.000000
100.000000
100.000000
100.000000
100.000000
100.000000
100.000000
100.000000
100.000000
100.000000
100.000000
100.000000
100.000000
100.000000
100.000000
100.000000
100.000000
100.000000
100.000000
100.000000
100.000000
100.000000
100.000000
99.217374
99.541227
99.293464
100.000000
99.227701
99.608320
100.000000
99.696874
99.649109
100.000000
99.701221
99.789418
100.000000
99.608856
99.576506
100.000000
99.715884
99.888914
100.000000
99.956013
99.738553
100.000000
99.727691
99.790771
99.333006
99.450777
99.433708
100.000000
99.495202
99.530119
100.000000
99.935860
99.546792
100.000000
99.238804
99.379846
98.827300
99.503294
99.506424
99.337312
99.084230
99.164144
99.117904
99.391374
99.401831
99.458262
99.480021
99.283390
99.360107
99.414556
99.361397
99.855479
99.318545
99.409923
99.466708
99.362336
99.355276
99.858787
99.303204
99.709549
99.746571
99.459004
99.295615
100.000000
99.406332
99.891189
100.000000
99.832202
100.000000
100.000000
99.979790
100.000000
100.000000
100.000000
100.000000
100.000000
100.000000
100.000000
100.000000
100.000000
100.000000
100.000000
100.000000
100.000000
100.000000
100.000000
100.000000
100.000000
100.000000
100.000000
100.000000
100.000000
100.000000
100.000000
100.000000
100.000000
100.000000
100.000000
100.000000
100.000000
100.000000
100.000000
100.000000
100.000000
100.000000
100.000000
100.000000
100.000000
100.000000
100.000000
100.000000
100.000000
100.000000
100.000000
100.000000
100.000000
99.925631
100.000000
99.941015
100.000000
100.000000
100.000000
99.831264
100.000000
99.676866
99.803550
100.000000
99.701620
99.636594
100.000000
99.701090
99.952912
100.000000
100.000000
99.834766
100.000000
99.718289
99.905541
100.000000
99.899698
99.649538
100.000000
99.824303
99.890425
99.584885
99.776156
99.683131
99.972334
99.629590
99.425606
100.000000
100.000000
99.923534
100.000000
99.581163
99.576295
98.887849
99.696288
99.666754
99.830742
99.483342
99.336795
99.073872
99.057991
98.917899
99.171740
98.972996
99.444214
99.821807
99.778534
99.875086
100.000000
100.000000
100.000000
99.663946
99.459107
99.354778
100.000000
99.385068
99.780382
99.750536
99.838600
99.713485
100.000000
99.635899
99.837071
99.784159
99.588432
99.715728
100.000000
100.000000
100.000000
100.000000
100.000000
100.000000
100.000000
100.000000
100.000000
100.000000
100.000000
100.000000
100.000000
99.999078
99.935661
98.953394
100.000000
100.000000
100.000000
99.233725
97.837729
98.754031
98.329039
97.968748
98.247811
98.315848
98.400443
97.573498
98.651523
99.083550
99.073097
99.376557
99.899994
99.929345
99.758144
100.000000
100.000000
100.000000
100.000000
100.000000
100.000000
100.000000
100.000000
100.000000
100.000000
100.000000
100.000000
100.000000
100.000000
100.000000
100.000000
100.000000
100.000000
100.000000
100.000000
100.000000
100.000000
100.000000
100.000000
100.000000
100.000000
100.000000
100.000000
100.000000
100.000000
100.000000
100.000000
100.000000
100.000000
100.000000
100.000000
100.000000
100.000000
100.000000
100.000000
100.000000
100.000000
100.000000
100.000000
100.000000
100.000000
100.000000
100.000000
100.000000
100.000000
100.000000
100.000000
100.000000
100.000000
100.000000
100.000000
100.000000
100.000000
100.000000
100.000000
100.000000
100.000000
100.000000
99.538162
99.201817
98.601415
97.898702
98.454600
97.988676
98.319743
99.861327
98.862673
100.000000
100.000000
100.000000
100.000000
100.000000
100.000000
100.000000
100.000000
100.000000
100.000000
100.000000
100.000000
100.000000
100.000000
100.000000
100.000000
100.000000
100.000000
100.000000
100.000000
100.000000
100.000000
100.000000
100.000000
100.000000
100.000000
100.000000
100.000000
100.000000
100.000000
100.000000
100.000000
100.000000
100.000000
100.000000
100.000000
100.000000
100.000000
100.000000
100.000000
100.000000
100.000000
100.000000
100.000000
100.000000
100.000000
100.000000
100.000000
100.000000
100.000000
100.000000
100.000000
100.000000
100.000000
100.000000
100.000000
100.000000
100.000000
100.000000
100.000000
100.000000
100.000000
100.000000
100.000000
100.000000
100.000000
100.000000
100.000000
100.000000
100.000000
100.000000
100.000000
100.000000
100.000000
100.000000
100.000000
100.000000
100.000000
100.000000
100.000000
100.000000
100.000000
100.000000
100.000000
100.000000
100.000000
100.000000
100.000000
100.000000
100.000000
100.000000
100.000000
100.000000
100.000000
100.000000
100.000000
100.000000
100.000000
100.000000
100.000000
100.000000
100.000000
100.000000
100.000000
100.000000
100.000000
100.000000
100.000000
100.000000
100.000000
100.000000
100.000000
100.000000
100.000000
100.000000
100.000000
100.000000
100.000000
100.000000
100.000000
100.000000
100.000000
100.000000
100.000000
100.000000
100.000000
100.000000
100.000000
100.000000
100.000000
100.000000
100.000000
100.000000
100.000000
100.000000
100.000000
100.000000
100.000000
99.815849
100.000000
100.000000
100.000000
100.000000
100.000000
100.000000
100.000000
100.000000
100.000000
100.000000
100.000000
100.000000
100.000000
100.000000
99.603116
100.000000
100.000000
100.000000
100.000000
99.373994
99.342879
98.744513
99.236680
99.159771
99.459057
99.477359
100.000000
100.000000
100.000000
100.000000
100.000000
100.000000
100.000000
100.000000
99.571830
99.595840
100.000000
100.000000
100.000000
100.000000
100.000000
100.000000
100.000000
100.000000
100.000000
100.000000
100.000000
100.000000
100.000000
100.000000
100.000000
100.000000
100.000000
100.000000
100.000000
100.000000
100.000000
100.000000
100.000000
100.000000
100.000000
100.000000
100.000000
99.883107
99.512056
99.393726
99.976926
99.386027
99.291945
98.880613
99.422077
99.650614
99.787060
100.000000
100.000000
100.000000
100.000000
100.000000
100.000000
100.000000
100.000000
100.000000
100.000000
100.000000
100.000000
100.000000
100.000000
100.000000
100.000000
100.000000
100.000000
100.000000
99.773774
98.556863
99.794755
100.000000
100.000000
100.000000
100.000000
100.000000
100.000000
100.000000
100.000000
100.000000
100.000000
100.000000
100.000000
100.000000
100.000000
100.000000
100.000000
100.000000
100.000000
100.000000
100.000000
100.000000
100.000000
100.000000
100.000000
99.990645
100.000000
99.294691
99.815468
99.603795
99.619035
99.450914
100.000000
100.000000
100.000000
100.000000
100.000000
100.000000
100.000000
100.000000
100.000000
100.000000
100.000000
100.000000
100.000000
100.000000
100.000000
99.994478
100.000000
100.000000
100.000000
99.535150
99.906569
98.225885
99.407697
99.270300
100.000000
100.000000
99.780407
99.277521
100.000000
100.000000
100.000000
100.000000
100.000000
100.000000
100.000000
100.000000
100.000000
100.000000
100.000000
100.000000
100.000000
100.000000
100.000000
100.000000
100.000000
98.814937
100.000000
99.514953
100.000000
98.702011
98.915704
98.817354
100.000000
100.000000
100.000000
100.000000
99.767167
99.315365
100.000000
99.734782
100.000000
98.918713
99.142006
97.219695
99.895155
99.849322
100.000000
99.315751
97.303522
98.414495
99.418303
100.000000
100.000000
99.539433
99.150408
97.064046
98.424102
98.365139
98.877849
98.965047
98.538287
97.432194
97.135376
97.252948
98.182999
98.414398
97.793280
97.428330
99.562125
99.421608
100.000000
100.000000
100.000000
100.000000
100.000000
100.000000
100.000000
100.000000
100.000000
100.000000
100.000000
100.000000
100.000000
100.000000
100.000000
100.000000
100.000000
100.000000
100.000000
100.000000
100.000000
100.000000
100.000000
100.000000
100.000000
100.000000
100.000000
100.000000
100.000000
100.000000
100.000000
100.000000
100.000000
100.000000
100.000000
100.000000
100.000000
100.000000
100.000000
100.000000
100.000000
100.000000
100.000000
100.000000
100.000000
100.000000
100.000000
100.000000
100.000000
100.000000
100.000000
100.000000
100.000000
100.000000
100.000000
100.000000
100.000000
100.000000
100.000000
100.000000
100.000000
100.000000
100.000000
100.000000
100.000000
100.000000
100.000000
100.000000
99.854845
100.000000
100.000000
100.000000
100.000000
100.000000
100.000000
98.728397
99.390967
98.880277
99.621248
99.017210
99.508325
97.487077
100.000000
98.862248
100.000000
99.974634
100.000000
100.000000
100.000000
100.000000
100.000000
100.000000
100.000000
100.000000
100.000000
100.000000
100.000000
100.000000
100.000000
100.000000
100.000000
100.000000
100.000000
100.000000
100.000000
100.000000
100.000000
100.000000
100.000000
100.000000
100.000000
100.000000
100.000000
100.000000
100.000000
100.000000
100.000000
100.000000
100.000000
100.000000
100.000000
100.000000
100.000000
100.000000
100.000000
99.750571
100.000000
100.000000
100.000000
99.540493
98.830566
98.108094
99.848536
98.760297
99.886610
100.000000
99.966965
100.000000
100.000000
99.971260
100.000000
100.000000
99.872783
100.000000
100.000000
100.000000
100.000000
100.000000
100.000000
100.000000
100.000000
100.000000
100.000000
100.000000
100.000000
100.000000
100.000000
100.000000
100.000000
100.000000
100.000000
100.000000
100.000000
100.000000
100.000000
100.000000
100.000000
100.000000
100.000000
100.000000
100.000000
100.000000
100.000000
100.000000
100.000000
100.000000
100.000000
100.000000
100.000000
100.000000
100.000000
100.000000
100.000000
100.000000
100.000000
100.000000
100.000000
100.000000
100.000000
100.000000
100.000000
100.000000
100.000000
100.000000
100.000000
100.000000
100.000000
100.000000
100.000000
100.000000
100.000000
99.939742
100.000000
100.000000
100.000000
100.000000
100.000000
100.000000
100.000000
100.000000
100.000000
100.000000
100.000000
100.000000
100.000000
100.000000
100.000000
100.000000
100.000000
100.000000
100.000000
100.000000
100.000000
100.000000
100.000000
100.000000
100.000000
100.000000
100.000000
100.000000
100.000000
98.786067
99.864372
100.000000
100.000000
100.000000
100.000000
100.000000
100.000000
100.000000
100.000000
100.000000
100.000000
100.000000
100.000000
100.000000
100.000000
100.000000
100.000000
100.000000
100.000000
100.000000
100.000000
100.000000
100.000000
100.000000
100.000000
100.000000
100.000000
100.000000
100.000000
100.000000
100.000000
100.000000
100.000000
100.000000
100.000000
100.000000
100.000000
100.000000
100.000000
100.000000
100.000000
100.000000
100.000000
100.000000
100.000000
100.000000
98.653603
99.140142
99.682543
98.249739
99.943806
98.072113
97.572797
96.705722
98.120221
98.090078
98.153279
98.044648
97.909665
96.823997
97.317351
97.014806
97.450703
96.733328
96.968396
96.700438
97.128808
97.298585
97.917515
96.964916
97.281871
97.231614
97.276165
97.094296
97.374139
97.178504
97.312197
97.318031
97.524532
97.493079
98.274689
98.076727
99.115362
98.359963
98.717325
98.709278
99.990579
97.767282
97.118762
96.980379
99.296045
100.000000
100.000000
99.318816
99.386794
100.000000
99.655223
99.476031
100.000000
100.000000
100.000000
99.529298
100.000000
100.000000
100.000000
100.000000
100.000000
100.000000
100.000000
100.000000
100.000000
100.000000
100.000000
99.614692
100.000000
99.435750
99.061842
98.417112
98.318857
96.243185
97.603435
98.137763
99.770989
99.355996
100.000000
98.810960
98.768001
98.924923
99.477897
98.432369
98.542477
97.970426
98.547486
98.743876
99.587646
99.030431
99.804162
98.129181
99.353629
98.734055
99.645374
98.513390
98.054336
97.578679
97.300455
96.899020
97.805576
96.588894
97.085014
96.102742
96.964879
96.975970
98.499155
97.955256
98.445076
98.785313
99.422300
99.304675
100.000000
99.380796
99.554143
98.378264
99.350338
99.220835
99.310838
98.098429
96.798835
97.429076
97.832967
97.821226
99.267897
98.204989
98.839568
99.096329
99.980139
100.000000
100.000000
100.000000
100.000000
100.000000
100.000000
100.000000
100.000000
100.000000
100.000000
100.000000
100.000000
100.000000
100.000000
100.000000
100.000000
100.000000
100.000000
100.000000
100.000000
100.000000
100.000000
100.000000
100.000000
100.000000
100.000000
100.000000
100.000000
100.000000
100.000000
100.000000
100.000000
100.000000
100.000000
100.000000
100.000000
100.000000
100.000000
100.000000
100.000000
100.000000
100.000000
100.000000
100.000000
100.000000
100.000000
100.000000
100.000000
100.000000
100.000000
100.000000
100.000000
100.000000
100.000000
100.000000
100.000000
100.000000
100.000000
100.000000
100.000000
100.000000
100.000000
100.000000
100.000000
100.000000
100.000000
100.000000
100.000000
100.000000
100.000000
100.000000
100.000000
100.000000
100.000000
100.000000
100.000000
98.297189
97.215700
96.862180
96.994094
96.056871
96.889014
97.339749
98.762684
100.000000
100.000000
100.000000
100.000000
100.000000
100.000000
100.000000
100.000000
100.000000
100.000000
100.000000
99.870166
99.786386
100.000000
99.553916
99.730324
100.000000
100.000000
100.000000
100.000000
99.781080
99.187252
98.507534
98.952663
98.815845
99.105312
97.676045
97.008541
99.334734
98.895451
98.726684
99.029161
98.371184
97.861038
97.560768
98.407277
99.447342
99.808296
100.000000
100.000000
100.000000
100.000000
100.000000
100.000000
99.922615
99.760163
99.546226
99.620852
99.267408
99.414020
98.977491
98.941744
99.001667
98.543256
98.244630
98.029084
97.608978
97.316289
97.372392
96.730707
97.069784
98.149211
97.967757
99.550840
100.000000
100.000000
100.000000
100.000000
100.000000
100.000000
100.000000
100.000000
100.000000
100.000000
100.000000
100.000000
100.000000
100.000000
99.365497
100.000000
99.214307
99.609005
100.000000
100.000000
100.000000
100.000000
100.000000
100.000000
100.000000
100.000000
100.000000
100.000000
100.000000
100.000000
100.000000
100.000000
100.000000
100.000000
100.000000
100.000000
100.000000
100.000000
100.000000
100.000000
100.000000
100.000000
100.000000
100.000000
100.000000
100.000000
100.000000
100.000000
100.000000
100.000000
100.000000
100.000000
100.000000
100.000000
100.000000
100.000000
100.000000
100.000000
100.000000
100.000000
100.000000
100.000000
100.000000
100.000000
100.000000
100.000000
100.000000
100.000000
100.000000
100.000000
100.000000
100.000000
100.000000
100.000000
100.000000
100.000000
100.000000
100.000000
100.000000
100.000000
99.112403
99.628656
98.509014
96.682896
99.081648
98.883318
99.079896
100.000000
98.832705
98.843314
98.114982
98.593648
98.562964
98.986835
98.347293
98.565959
98.328775
98.503265
98.017078
99.197710
98.380726
98.418480
98.326221
97.949350
97.902319
99.890736
99.298721
99.586167
99.910997
99.380559
99.739312
100.000000
100.000000
100.000000
100.000000
100.000000
100.000000
100.000000
100.000000
100.000000
100.000000
100.000000
100.000000
100.000000
100.000000
100.000000
100.000000
100.000000
100.000000
100.000000
100.000000
100.000000
99.856721
99.958366
99.555088
100.000000
99.386004
99.297701
98.818272
99.980840
99.867029
100.000000
99.625916
98.684219
99.821969
99.790990
99.395395
100.000000
99.849025
99.656261
98.563216
99.524420
99.472564
99.357768
99.249794
99.524670
99.212979
99.568484
99.570748
100.000000
99.443043
99.589090
99.309192
99.143083
98.698057
99.849256
98.830192
99.172484
99.204147
99.143589
98.867493
99.738870
98.590472
98.657110
99.022137
98.652612
98.676471
99.348007
98.667815
99.028637
99.517202
99.195485
99.670024
100.000000
100.000000
100.000000
100.000000
100.000000
99.957605
100.000000
100.000000
100.000000
100.000000
100.000000
100.000000
100.000000
100.000000
99.949444
99.459837
99.735101
99.395798
99.163025
98.704155
98.137804
99.521811
99.114521
98.835341
99.476068
99.020679
99.135271
98.659801
99.272547
99.548557
100.000000
100.000000
100.000000
100.000000
100.000000
99.988873
100.000000
99.813131
99.618636
99.417518
99.011289
99.180399
99.403790
99.001960
99.322507
99.476515
99.507697
99.485585
100.000000
99.919380
100.000000
99.855091
100.000000
96.419904
97.515718
97.010525
97.206036
97.611230
97.739528
97.935439
98.012644
97.688139
97.173697
96.814507
96.956611
97.051892
97.694032
97.436163
97.898913
98.116183
98.744320
98.549090
100.000000
100.000000
100.000000
99.796495
100.000000
100.000000
100.000000
100.000000
100.000000
100.000000
100.000000
100.000000
100.000000
100.000000
100.000000
98.681378
100.000000
100.000000
100.000000
100.000000
100.000000
100.000000
100.000000
100.000000
100.000000
100.000000
100.000000
100.000000
100.000000
100.000000
100.000000
100.000000
100.000000
100.000000
100.000000
100.000000
100.000000
100.000000
100.000000
100.000000
100.000000
100.000000
100.000000
100.000000
100.000000
100.000000
100.000000
100.000000
100.000000
100.000000
100.000000
100.000000
100.000000
100.000000
100.000000
100.000000
100.000000
100.000000
100.000000
100.000000
100.000000
100.000000
100.000000
100.000000
100.000000
100.000000
100.000000
100.000000
100.000000
100.000000
100.000000
100.000000
100.000000
100.000000
100.000000
100.000000
100.000000
100.000000
100.000000
100.000000
100.000000
100.000000
100.000000
100.000000
100.000000
100.000000
100.000000
100.000000
100.000000
100.000000
100.000000
100.000000
100.000000
100.000000
100.000000
100.000000
100.000000
100.000000
100.000000
100.000000
100.000000
100.000000
100.000000
100.000000
100.000000
100.000000
100.000000
100.000000
100.000000
100.000000
100.000000
100.000000
100.000000
100.000000
100.000000
100.000000
100.000000
100.000000
100.000000
100.000000
100.000000
100.000000
100.000000
98.793330
99.077949
98.572825
99.640092
99.137152
98.601151
99.919124
99.984231
99.924396
100.000000
99.120169
98.875575
97.460800
98.828925
98.427984
98.823251
98.790603
98.830146
99.027519
99.977426
100.000000
100.000000
100.000000
100.000000
100.000000
100.000000
100.000000
100.000000
100.000000
100.000000
99.486957
100.000000
100.000000
100.000000
100.000000
100.000000
99.980144
100.000000
100.000000
100.000000
100.000000
100.000000
100.000000
100.000000
100.000000
100.000000
99.731381
99.475598
98.912541
98.638535
98.367740
98.793989
98.376986
98.700799
98.724389
98.361668
98.433644
99.376109
99.048737
99.277512
99.004689
99.462494
99.609273
99.610444
98.991141
98.380060
99.202857
99.154991
98.911906
99.173582
98.806793
98.899368
98.445529
99.137291
99.623170
100.000000
100.000000
100.000000
100.000000
100.000000
100.000000
100.000000
100.000000
100.000000
100.000000
100.000000
100.000000
100.000000
100.000000
100.000000
100.000000
99.805474
100.000000
100.000000
100.000000
100.000000
100.000000
100.000000
100.000000
100.000000
100.000000
100.000000
100.000000
100.000000
100.000000
100.000000
99.954650
100.000000
100.000000
100.000000
99.902360
100.000000
99.867841
100.000000
100.000000
100.000000
100.000000
100.000000
99.856235
99.969773
99.853878
99.625704
99.775811
100.000000
99.874079
99.848543
100.000000
99.913591
99.323283
99.756949
99.245515
99.313990
98.678869
99.519397
99.552665
99.637445
99.214998
99.239374
99.357799
99.459369
99.492566
99.793174
99.548284
99.550559
99.408035
99.531583
99.404080
99.898204
99.376825
99.522287
99.630354
99.422651
99.355621
99.854693
99.304696
99.747102
99.819813
99.523220
99.315042
100.000000
99.651427
100.000000
100.000000
99.875725
99.932636
100.000000
100.000000
100.000000
100.000000
100.000000
100.000000
100.000000
100.000000
100.000000
100.000000
100.000000
100.000000
100.000000
100.000000
100.000000
100.000000
100.000000
100.000000
100.000000
100.000000
100.000000
100.000000
100.000000
100.000000
100.000000
100.000000
100.000000
100.000000
100.000000
100.000000
100.000000
100.000000
100.000000
100.000000
100.000000
100.000000
100.000000
100.000000
100.000000
100.000000
100.000000
100.000000
100.000000
100.000000
100.000000
100.000000
100.000000
100.000000
100.000000
100.000000
100.000000
100.000000
100.000000
99.931239
100.000000
99.716658
100.000000
100.000000
99.741149
99.717506
100.000000
99.679749
99.995388
100.000000
100.000000
100.000000
100.000000
99.987484
99.897421
99.997222
99.853653
99.898275
100.000000
99.900619
99.868567
99.576772
99.811562
99.645723
100.000000
99.724476
99.453739
100.000000
100.000000
99.941427
100.000000
99.648287
99.600758
98.975493
99.934733
99.936171
99.815142
99.462254
99.353854
99.112112
99.046956
98.953812
99.417947
98.962002
99.453286
99.848347
99.993469
100.000000
100.000000
99.984167
100.000000
99.950511
99.750660
99.627905
99.842105
99.655362
99.846163
99.820270
99.477481
99.454226
100.000000
99.442667
99.851898
99.812518
99.864294
100.000000
100.000000
100.000000
100.000000
100.000000
100.000000
100.000000
100.000000
100.000000
100.000000
100.000000
100.000000
100.000000
100.000000
99.703060
99.713821
99.020586
99.950187
99.946606
100.000000
99.369844
98.153263
98.778206
98.369930
98.052531
98.619423
98.379122
98.207371
97.853310
98.722230
99.167219
99.444017
99.449068
99.902802
99.874014
100.000000
99.448489
99.946432
99.713761
99.508178
99.325114
100.000000
100.000000
100.000000
100.000000
100.000000
100.000000
100.000000
100.000000
100.000000
100.000000
100.000000
100.000000
100.000000
100.000000
100.000000
100.000000
100.000000
100.000000
100.000000
100.000000
100.000000
100.000000
100.000000
100.000000
100.000000
100.000000
100.000000
100.000000
100.000000
99.182091
100.000000
99.860809
100.000000
99.013174
99.029949
98.053899
98.669504
98.919556
99.628044
98.804973
96.293269
97.827983
98.038347
97.619501
98.997583
97.680796
97.714000
96.256180
97.851247
98.034582
98.854731
99.118634
99.030354
97.900838
99.387706
99.416028
100.000000
100.000000
99.758577
98.389935
99.289028
99.216889
100.000000
99.380914
99.346931
98.570115
98.787520
98.573606
98.721579
98.710801
99.209390
99.119546
99.972420
99.927551
100.000000
99.655631
99.377633
99.260483
99.646748
99.612841
100.000000
99.225857
99.097482
99.366980
99.629086
99.382858
100.000000
100.000000
100.000000
99.278674
98.478080
98.548251
100.000000
99.803752
99.955007
99.287458
99.337421
99.171863
99.899101
100.000000
100.000000
100.000000
100.000000
99.919219
100.000000
99.050473
99.451348
99.535011
99.998155
99.566230
99.944309
99.211833
99.983552
100.000000
100.000000
100.000000
100.000000
100.000000
100.000000
100.000000
99.197601
98.635971
99.001870
98.217673
97.758609
99.570707
100.000000
100.000000
100.000000
100.000000
100.000000
100.000000
100.000000
100.000000
100.000000
100.000000
100.000000
100.000000
100.000000
100.000000
100.000000
100.000000
100.000000
100.000000
100.000000
100.000000
100.000000
100.000000
100.000000
100.000000
100.000000
100.000000
100.000000
100.000000
100.000000
100.000000
100.000000
100.000000
100.000000
100.000000
100.000000
100.000000
100.000000
100.000000
100.000000
100.000000
100.000000
100.000000
100.000000
100.000000
100.000000
99.720376
99.301494
97.964325
97.849066
97.361213
98.651584
97.465075
98.081594
99.241789
100.000000
100.000000
100.000000
100.000000
100.000000
100.000000
100.000000
100.000000
100.000000
100.000000
100.000000
100.000000
100.000000
100.000000
100.000000
100.000000
100.000000
100.000000
100.000000
100.000000
100.000000
100.000000
100.000000
100.000000
100.000000
100.000000
100.000000
100.000000
100.000000
100.000000
100.000000
100.000000
100.000000
100.000000
100.000000
100.000000
100.000000
100.000000
100.000000
100.000000
99.491869
99.711643
99.979119
99.941794
100.000000
100.000000
99.696662
98.198679
100.000000
99.821878
100.000000
100.000000
100.000000
99.341967
99.896390
99.668913
100.000000
99.878594
99.676186
98.939642
98.842491
98.983809
100.000000
100.000000
100.000000
100.000000
99.766052
99.670679
100.000000
100.000000
100.000000
100.000000
100.000000
99.845496
100.000000
99.721535
100.000000
100.000000
100.000000
100.000000
100.000000
100.000000
100.000000
100.000000
100.000000
100.000000
100.000000
100.000000
99.551400
99.306823
99.236985
99.017281
100.000000
99.010045
99.158195
98.506206
99.127081
99.535621
99.801948
99.226605
98.367798
99.630219
99.335216
99.315529
100.000000
99.235996
99.166233
98.374971
99.090452
99.341733
99.587543
99.425533
99.978554
99.898610
99.758511
100.000000
100.000000
100.000000
100.000000
100.000000
99.690834
99.377205
100.000000
100.000000
100.000000
100.000000
100.000000
100.000000
100.000000
100.000000
100.000000
100.000000
100.000000
100.000000
100.000000
100.000000
100.000000
100.000000
100.000000
100.000000
100.000000
100.000000
100.000000
99.542227
99.116392
99.030242
99.821047
99.200303
99.750648
100.000000
100.000000
100.000000
100.000000
100.000000
100.000000
100.000000
100.000000
100.000000
100.000000
100.000000
100.000000
100.000000
100.000000
100.000000
100.000000
100.000000
100.000000
100.000000
100.000000
100.000000
100.000000
100.000000
100.000000
100.000000
100.000000
100.000000
100.000000
100.000000
100.000000
100.000000
100.000000
100.000000
100.000000
100.000000
100.000000
100.000000
100.000000
100.000000
100.000000
100.000000
100.000000
100.000000
100.000000
100.000000
100.000000
100.000000
100.000000
100.000000
100.000000
100.000000
100.000000
100.000000
100.000000
100.000000
100.000000
100.000000
100.000000
100.000000
100.000000
100.000000
100.000000
100.000000
100.000000
100.000000
100.000000
100.000000
100.000000
100.000000
100.000000
100.000000
100.000000
100.000000
100.000000
100.000000
100.000000
100.000000
100.000000
100.000000
100.000000
100.000000
100.000000
99.850447
99.331853
97.866745
97.946754
98.085995
99.156517
98.641756
99.346432
100.000000
100.000000
100.000000
100.000000
100.000000
100.000000
100.000000
100.000000
100.000000
100.000000
100.000000
100.000000
100.000000
100.000000
100.000000
100.000000
100.000000
100.000000
100.000000
100.000000
100.000000
100.000000
100.000000
100.000000
100.000000
99.724793
98.922109
99.939218
98.607376
99.037308
100.000000
100.000000
100.000000
100.000000
100.000000
100.000000
100.000000
100.000000
100.000000
100.000000
100.000000
100.000000
100.000000
100.000000
100.000000
100.000000
100.000000
100.000000
100.000000
100.000000
100.000000
100.000000
100.000000
100.000000
100.000000
100.000000
100.000000
100.000000
100.000000
100.000000
100.000000
100.000000
100.000000
100.000000
100.000000
100.000000
100.000000
100.000000
100.000000
100.000000
100.000000
100.000000
100.000000
100.000000
100.000000
100.000000
100.000000
100.000000
100.000000
100.000000
100.000000
100.000000
100.000000
100.000000
99.938060
98.979171
98.897648
99.212116
98.094423
98.080845
98.362162
98.425116
98.860158
99.988227
98.604229
97.947681
97.290751
97.220317
97.171860
98.295754
98.503486
98.526989
99.804727
99.460642
99.542877
99.948460
99.388148
99.412352
99.118453
99.920261
100.000000
100.000000
100.000000
100.000000
100.000000
100.000000
100.000000
100.000000
100.000000
100.000000
100.000000
100.000000
100.000000
100.000000
100.000000
100.000000
100.000000
100.000000
100.000000
100.000000
100.000000
100.000000
100.000000
100.000000
100.000000
100.000000
99.649418
99.331859
98.840787
98.241312
98.288207
99.179685
98.206493
98.767015
99.089214
98.787798
99.016587
100.000000
99.171784
99.233587
99.435043
99.308015
99.133164
99.619022
98.857005
99.085128
98.645023
99.204659
99.446112
99.574898
99.687317
98.570524
99.064900
98.725713
98.430997
99.132006
98.314688
98.373741
97.984136
98.257515
98.355925
99.152104
99.052952
99.488320
99.859551
100.000000
100.000000
100.000000
100.000000
100.000000
100.000000
100.000000
100.000000
100.000000
100.000000
100.000000
100.000000
100.000000
100.000000
100.000000
100.000000
99.894122
100.000000
99.884133
99.317080
99.999691
99.380032
99.489329
99.495241
98.506224
98.780452
99.551616
99.123367
99.358795
99.887891
99.607569
99.765895
100.000000
99.728152
99.709001
100.000000
99.928282
99.710965
100.000000
98.969178
98.822842
98.764267
98.777979
98.898054
99.257845
98.783326
99.291282
99.956502
99.913677
100.000000
100.000000
100.000000
100.000000
99.742270
99.641762
99.819528
100.000000
100.000000
100.000000
100.000000
100.000000
100.000000
100.000000
100.000000
100.000000
100.000000
100.000000
100.000000
100.000000
100.000000
100.000000
100.000000
100.000000
98.995954
99.823598
98.096721
98.044353
98.096476
98.188501
98.719997
99.961886
99.563823
99.523051
99.319706
98.414199
98.218300
99.364996
99.151166
99.119470
99.271142
98.957442
98.554083
99.333738
98.082488
98.249056
98.422572
98.286132
98.267653
99.155211
98.134632
98.152956
98.376075
99.107188
99.334124
99.728696
99.456996
98.957325
99.018253
98.741082
98.381421
99.839104
99.529839
100.000000
99.318963
99.751836
100.000000
100.000000
100.000000
100.000000
100.000000
100.000000
100.000000
100.000000
100.000000
100.000000
100.000000
99.918133
100.000000
100.000000
100.000000
100.000000
100.000000
100.000000
100.000000
100.000000
100.000000
100.000000
100.000000
100.000000
100.000000
100.000000
100.000000
100.000000
100.000000
100.000000
100.000000
100.000000
100.000000
100.000000
100.000000
100.000000
100.000000
100.000000
100.000000
100.000000
100.000000
100.000000
100.000000
100.000000
100.000000
100.000000
100.000000
100.000000
100.000000
100.000000
100.000000
100.000000
100.000000
100.000000
100.000000
100.000000
100.000000
100.000000
100.000000
100.000000
100.000000
100.000000
100.000000
100.000000
100.000000
100.000000
100.000000
100.000000
100.000000
100.000000
100.000000
100.000000
100.000000
100.000000
100.000000
100.000000
100.000000
100.000000
100.000000
100.000000
100.000000
100.000000
100.000000
100.000000
100.000000
100.000000
100.000000
100.000000
100.000000
100.000000
100.000000
100.000000
100.000000
100.000000
100.000000
100.000000
100.000000
100.000000
100.000000
100.000000
99.825354
99.255695
99.601027
99.682903
99.477812
99.392039
97.568815
98.764738
98.435040
98.940170
98.354525
97.426389
98.063929
98.819599
98.887801
99.572373
99.353787
98.545948
97.609561
99.088328
98.981327
99.455053
99.234491
99.189575
98.668572
99.648295
99.503327
99.796398
98.877777
99.909578
98.122279
98.615769
98.383095
98.939761
98.679821
99.084618
97.746742
98.750776
98.217314
98.948655
98.803743
98.436359
97.676481
97.952723
97.855579
98.282004
98.007162
97.221824
97.094230
98.903626
98.148989
98.671739
98.670502
98.560558
95.793375
97.865686
97.726524
98.695125
97.801671
98.179212
98.036495
98.894507
99.077609
99.333819
98.874670
99.282760
97.800303
99.490748
99.189532
98.987906
98.321422
96.636925
97.707842
98.254114
98.585054
99.447584
98.871522
98.012832
98.041492
98.878546
98.724329
98.604464
98.227040
98.447802
95.703642
97.127814
97.145004
98.488178
97.904580
98.485306
98.768076
98.515074
98.619823
98.382275
98.169409
97.885801
96.431664
97.310120
96.939612
98.068908
97.591185
98.227044
97.164083
98.856066
98.767579
98.946059
98.955680
99.526730
98.334485
99.029197
98.868887
99.214477
98.802101
98.696095
97.455283
99.147376
99.774811
100.000000
99.656410
99.314440
98.557645
99.847838
100.000000
100.000000
99.732657
99.367991
97.792706
99.434365
99.552454
99.104436
99.118058
98.029448
98.883546
99.765733
99.751075
100.000000
100.000000
100.000000
99.289350
99.966726
99.512610
100.000000
99.287930
99.337711
98.439168
100.000000
100.000000
100.000000
100.000000
100.000000
99.899756
100.000000
99.930868
100.000000
99.617848
99.467502
97.920744
98.638290
98.231658
98.496968
97.748439
97.156501
95.809852
97.326952
98.168480
98.393784
97.179223
96.741048
95.473550
96.871858
97.099620
97.833891
98.184845
98.467328
97.075206
98.175868
97.553079
98.941890
96.887838
97.459759
96.710356
97.654389
97.899810
98.770814
97.999296
98.183825
95.843584
98.039891
97.893873
98.053696
98.138133
99.226920
