95.845003
100.000000
100.000000
100.000000
100.000000
100.000000
100.000000
100.000000
100.000000
100.000000
100.000000
100.000000
100.000000
100.000000
100.000000
100.000000
100.000000
100.000000
100.000000
100.000000
100.000000
100.000000
100.000000
100.000000
100.000000
100.000000
100.000000
100.000000
100.000000
100.000000
100.000000
100.000000
100.000000
100.000000
100.000000
100.000000
100.000000
100.000000
100.000000
100.000000
100.000000
100.000000
100.000000
100.000000
100.000000
100.000000
100.000000
100.000000
100.000000
100.000000
100.000000
100.000000
100.000000
100.000000
100.000000
100.000000
100.000000
100.000000
100.000000
100.000000
100.000000
100.000000
100.000000
100.000000
100.000000
100.000000
100.000000
100.000000
100.000000
100.000000
100.000000
100.000000
100.000000
100.000000
100.000000
100.000000
100.000000
100.000000
100.000000
100.000000
100.000000
100.000000
100.000000
100.000000
100.000000
100.000000
100.000000
100.000000
100.000000
100.000000
100.000000
100.000000
100.000000
100.000000
100.000000
100.000000
100.000000
100.000000
100.000000
100.000000
100.000000
100.000000
100.000000
100.000000
100.000000
100.000000
100.000000
100.000000
100.000000
100.000000
100.000000
100.000000
100.000000
100.000000
100.000000
100.000000
100.000000
100.000000
100.000000
100.000000
100.000000
100.000000
100.000000
100.000000
100.000000
100.000000
100.000000
100.000000
100.000000
100.000000
100.000000
100.000000
100.000000
100.000000
100.000000
100.000000
100.000000
100.000000
100.000000
100.000000
100.000000
100.000000
100.000000
100.000000
100.000000
100.000000
100.000000
100.000000
100.000000
100.000000
100.000000
100.000000
100.000000
100.000000
100.000000
100.000000
100.000000
100.000000
100.000000
100.000000
100.000000
100.000000
100.000000
100.000000
100.000000
100.000000
100.000000
100.000000
100.000000
100.000000
100.000000
100.000000
100.000000
100.000000
100.000000
100.000000
100.000000
100.000000
100.000000
100.000000
99.676254
100.000000
100.000000
100.000000
100.000000
100.000000
99.041944
100.000000
100.000000
100.000000
100.000000
100.000000
99.164341
100.000000
100.000000
100.000000
100.000000
100.000000
99.672905
100.000000
100.000000
100.000000
100.000000
100.000000
98.754827
100.000000
100.000000
100.000000
100.000000
100.000000
99.140398
100.000000
100.000000
100.000000
100.000000
100.000000
99.899588
100.000000
100.000000
100.000000
100.000000
100.000000
100.000000
100.000000
100.000000
100.000000
100.000000
100.000000
99.680184
99.804217
100.000000
99.716503
100.000000
100.000000
100.000000
100.000000
100.000000
100.000000
100.000000
100.000000
100.000000
100.000000
100.000000
98.974953
100.000000
98.563869
98.727309
99.751478
100.000000
100.000000
100.000000
100.000000
100.000000
100.000000
100.000000
100.000000
100.000000
100.000000
100.000000
100.000000
100.000000
100.000000
100.000000
100.000000
99.860425
99.080593
100.000000
98.726605
100.000000
99.041908
98.382246
99.645712
100.000000
100.000000
100.000000
100.000000
100.000000
100.000000
100.000000
100.000000
100.000000
100.000000
100.000000
100.000000
100.000000
100.000000
100.000000
100.000000
99.741863
100.000000
100.000000
99.730872
100.000000
100.000000
99.541129
100.000000
100.000000
100.000000
100.000000
97.459220
97.231532
99.419904
100.000000
100.000000
100.000000
99.914955
98.203597
99.298010
100.000000
99.959988
100.000000
100.000000
100.000000
100.000000
100.000000
100.000000
100.000000
100.000000
100.000000
99.764776
100.000000
100.000000
100.000000
100.000000
100.000000
100.000000
100.000000
100.000000
100.000000
100.000000
100.000000
100.000000
100.000000
100.000000
100.000000
100.000000
100.000000
100.000000
100.000000
100.000000
100.000000
100.000000
100.000000
100.000000
100.000000
100.000000
100.000000
100.000000
100.000000
100.000000
100.000000
100.000000
100.000000
100.000000
100.000000
100.000000
100.000000
100.000000
100.000000
100.000000
100.000000
100.000000
100.000000
100.000000
100.000000
100.000000
100.000000
100.000000
100.000000
100.000000
100.000000
100.000000
100.000000
100.000000
100.000000
100.000000
100.000000
100.000000
100.000000
100.000000
100.000000
100.000000
100.000000
100.000000
100.000000
100.000000
100.000000
100.000000
100.000000
100.000000
100.000000
100.000000
100.000000
100.000000
100.000000
100.000000
100.000000
100.000000
100.000000
100.000000
100.000000
100.000000
100.000000
100.000000
100.000000
100.000000
100.000000
100.000000
100.000000
100.000000
100.000000
100.000000
100.000000
100.000000
100.000000
100.000000
100.000000
100.000000
100.000000
100.000000
100.000000
100.000000
100.000000
100.000000
100.000000
100.000000
100.000000
100.000000
100.000000
100.000000
100.000000
100.000000
99.948404
99.835561
100.000000
100.000000
100.000000
100.000000
100.000000
100.000000
100.000000
100.000000
100.000000
100.000000
100.000000
100.000000
100.000000
100.000000
100.000000
100.000000
100.000000
100.000000
100.000000
100.000000
100.000000
100.000000
100.000000
100.000000
100.000000
100.000000
100.000000
100.000000
99.140287
100.000000
100.000000
100.000000
100.000000
100.000000
100.000000
100.000000
100.000000
100.000000
100.000000
100.000000
100.000000
100.000000
100.000000
100.000000
100.000000
100.000000
100.000000
100.000000
100.000000
100.000000
100.000000
100.000000
98.444690
100.000000
100.000000
100.000000
100.000000
100.000000
99.762863
100.000000
100.000000
100.000000
100.000000
100.000000
98.654153
99.851350
100.000000
100.000000
100.000000
100.000000
99.071724
100.000000
100.000000
100.000000
100.000000
100.000000
99.155357
99.056745
100.000000
99.353065
100.000000
99.446533
98.840503
98.297907
100.000000
98.052298
100.000000
98.313108
96.610104
98.523632
100.000000
100.000000
100.000000
100.000000
100.000000
100.000000
100.000000
100.000000
100.000000
100.000000
100.000000
100.000000
100.000000
100.000000
100.000000
100.000000
100.000000
100.000000
100.000000
100.000000
100.000000
100.000000
100.000000
100.000000
100.000000
100.000000
100.000000
100.000000
100.000000
100.000000
100.000000
100.000000
100.000000
100.000000
100.000000
100.000000
100.000000
100.000000
100.000000
100.000000
100.000000
100.000000
100.000000
100.000000
100.000000
100.000000
100.000000
100.000000
100.000000
100.000000
100.000000
100.000000
100.000000
100.000000
100.000000
100.000000
100.000000
100.000000
100.000000
100.000000
100.000000
100.000000
100.000000
100.000000
100.000000
100.000000
100.000000
100.000000
100.000000
100.000000
100.000000
100.000000
100.000000
100.000000
100.000000
100.000000
100.000000
100.000000
100.000000
100.000000
100.000000
100.000000
99.295948
100.000000
100.000000
100.000000
100.000000
100.000000
100.000000
100.000000
100.000000
100.000000
100.000000
100.000000
100.000000
100.000000
100.000000
100.000000
100.000000
100.000000
100.000000
100.000000
100.000000
100.000000
100.000000
100.000000
100.000000
100.000000
100.000000
100.000000
100.000000
100.000000
100.000000
100.000000
100.000000
100.000000
100.000000
100.000000
100.000000
100.000000
100.000000
100.000000
100.000000
100.000000
100.000000
100.000000
100.000000
100.000000
100.000000
100.000000
100.000000
100.000000
100.000000
100.000000
100.000000
100.000000
100.000000
100.000000
100.000000
100.000000
100.000000
100.000000
100.000000
100.000000
100.000000
100.000000
100.000000
100.000000
100.000000
100.000000
100.000000
100.000000
100.000000
100.000000
100.000000
100.000000
100.000000
100.000000
100.000000
100.000000
100.000000
100.000000
100.000000
100.000000
100.000000
100.000000
100.000000
100.000000
100.000000
100.000000
100.000000
100.000000
100.000000
100.000000
100.000000
100.000000
100.000000
100.000000
100.000000
100.000000
100.000000
100.000000
100.000000
100.000000
100.000000
100.000000
100.000000
100.000000
100.000000
100.000000
100.000000
100.000000
100.000000
100.000000
100.000000
100.000000
100.000000
99.897356
100.000000
99.961304
100.000000
100.000000
100.000000
99.794555
100.000000
99.640954
100.000000
99.882671
99.916676
99.356132
100.000000
99.758487
100.000000
100.000000
100.000000
99.404487
100.000000
99.529284
100.000000
99.878878
100.000000
99.530516
100.000000
99.772445
100.000000
100.000000
100.000000
99.622594
100.000000
99.956147
100.000000
100.000000
100.000000
99.933301
100.000000
100.000000
100.000000
100.000000
100.000000
100.000000
100.000000
100.000000
100.000000
100.000000
100.000000
100.000000
100.000000
100.000000
100.000000
100.000000
100.000000
100.000000
100.000000
100.000000
100.000000
100.000000
100.000000
100.000000
100.000000
100.000000
100.000000
100.000000
100.000000
100.000000
100.000000
100.000000
100.000000
100.000000
100.000000
100.000000
100.000000
100.000000
100.000000
100.000000
100.000000
100.000000
100.000000
100.000000
100.000000
100.000000
100.000000
100.000000
100.000000
100.000000
100.000000
100.000000
100.000000
100.000000
100.000000
100.000000
100.000000
100.000000
100.000000
100.000000
100.000000
100.000000
100.000000
100.000000
100.000000
100.000000
100.000000
100.000000
100.000000
100.000000
100.000000
100.000000
100.000000
100.000000
100.000000
100.000000
100.000000
100.000000
100.000000
100.000000
100.000000
100.000000
100.000000
99.896337
100.000000
100.000000
100.000000
100.000000
100.000000
99.615155
100.000000
99.851721
100.000000
99.518502
99.610110
98.884176
100.000000
98.900187
100.000000
99.567744
100.000000
99.511094
100.000000
99.855346
100.000000
100.000000
100.000000
99.471964
100.000000
99.553144
100.000000
100.000000
100.000000
99.557593
100.000000
99.873411
100.000000
100.000000
100.000000
99.897094
100.000000
100.000000
100.000000
100.000000
100.000000
100.000000
100.000000
100.000000
100.000000
100.000000
100.000000
100.000000
100.000000
100.000000
100.000000
100.000000
100.000000
100.000000
100.000000
100.000000
100.000000
99.474874
98.871105
98.529757
99.507736
98.430380
99.595889
98.689043
99.126544
98.898185
100.000000
99.471508
100.000000
100.000000
100.000000
100.000000
100.000000
100.000000
100.000000
100.000000
100.000000
100.000000
100.000000
100.000000
100.000000
100.000000
100.000000
100.000000
100.000000
100.000000
100.000000
100.000000
100.000000
100.000000
100.000000
100.000000
100.000000
100.000000
100.000000
100.000000
100.000000
100.000000
100.000000
100.000000
100.000000
100.000000
100.000000
100.000000
100.000000
100.000000
100.000000
100.000000
100.000000
100.000000
100.000000
100.000000
100.000000
100.000000
100.000000
100.000000
100.000000
100.000000
100.000000
100.000000
100.000000
100.000000
100.000000
100.000000
100.000000
100.000000
100.000000
100.000000
100.000000
100.000000
100.000000
100.000000
100.000000
99.901605
100.000000
99.756841
99.765593
98.662800
99.389497
98.167779
99.559738
98.961098
99.912581
99.941106
100.000000
100.000000
100.000000
100.000000
100.000000
100.000000
100.000000
100.000000
100.000000
100.000000
100.000000
100.000000
100.000000
100.000000
100.000000
100.000000
100.000000
100.000000
100.000000
100.000000
100.000000
100.000000
100.000000
100.000000
100.000000
100.000000
100.000000
100.000000
100.000000
100.000000
100.000000
100.000000
100.000000
100.000000
100.000000
100.000000
100.000000
100.000000
100.000000
100.000000
100.000000
100.000000
100.000000
100.000000
100.000000
100.000000
100.000000
100.000000
100.000000
100.000000
100.000000
100.000000
100.000000
100.000000
100.000000
100.000000
100.000000
100.000000
100.000000
100.000000
100.000000
100.000000
100.000000
100.000000
100.000000
100.000000
100.000000
100.000000
100.000000
100.000000
100.000000
100.000000
100.000000
100.000000
100.000000
100.000000
100.000000
100.000000
100.000000
100.000000
100.000000
100.000000
100.000000
100.000000
100.000000
100.000000
100.000000
100.000000
100.000000
100.000000
100.000000
100.000000
100.000000
100.000000
100.000000
100.000000
100.000000
100.000000
100.000000
100.000000
100.000000
100.000000
100.000000
100.000000
100.000000
100.000000
100.000000
100.000000
100.000000
100.000000
100.000000
100.000000
100.000000
100.000000
100.000000
100.000000
100.000000
100.000000
100.000000
100.000000
100.000000
100.000000
100.000000
100.000000
100.000000
100.000000
100.000000
100.000000
100.000000
100.000000
100.000000
100.000000
100.000000
100.000000
100.000000
100.000000
100.000000
100.000000
100.000000
100.000000
100.000000
100.000000
100.000000
100.000000
100.000000
100.000000
100.000000
100.000000
100.000000
100.000000
100.000000
100.000000
100.000000
100.000000
100.000000
100.000000
100.000000
99.924098
100.000000
99.938076
100.000000
99.647934
100.000000
99.443809
100.000000
100.000000
100.000000
100.000000
100.000000
100.000000
100.000000
100.000000
100.000000
99.450596
100.000000
100.000000
100.000000
100.000000
100.000000
100.000000
100.000000
100.000000
100.000000
100.000000
100.000000
100.000000
100.000000
100.000000
100.000000
100.000000
100.000000
100.000000
100.000000
100.000000
100.000000
100.000000
100.000000
100.000000
100.000000
100.000000
100.000000
100.000000
100.000000
99.705189
100.000000
99.723875
100.000000
100.000000
100.000000
100.000000
100.000000
100.000000
100.000000
100.000000
100.000000
100.000000
100.000000
100.000000
100.000000
100.000000
100.000000
100.000000
100.000000
100.000000
100.000000
100.000000
100.000000
100.000000
100.000000
100.000000
100.000000
100.000000
99.185475
99.312766
100.000000
100.000000
100.000000
100.000000
100.000000
100.000000
100.000000
100.000000
100.000000
100.000000
100.000000
100.000000
100.000000
100.000000
100.000000
100.000000
100.000000
100.000000
100.000000
100.000000
100.000000
100.000000
100.000000
100.000000
100.000000
100.000000
100.000000
100.000000
99.725920
99.403720
100.000000
100.000000
100.000000
100.000000
100.000000
100.000000
100.000000
100.000000
100.000000
100.000000
100.000000
100.000000
100.000000
100.000000
100.000000
100.000000
100.000000
100.000000
100.000000
100.000000
100.000000
100.000000
98.750858
99.702489
100.000000
100.000000
100.000000
100.000000
99.582606
100.000000
100.000000
100.000000
100.000000
100.000000
100.000000
100.000000
100.000000
100.000000
100.000000
100.000000
100.000000
100.000000
100.000000
100.000000
100.000000
100.000000
99.260013
100.000000
100.000000
100.000000
100.000000
100.000000
99.045994
100.000000
100.000000
100.000000
100.000000
100.000000
99.481524
100.000000
100.000000
100.000000
100.000000
100.000000
97.915790
100.000000
100.000000
100.000000
100.000000
98.366737
98.180041
100.000000
100.000000
100.000000
100.000000
100.000000
97.953603
98.152176
100.000000
99.234709
100.000000
99.310387
97.872988
96.950632
100.000000
97.993148
100.000000
99.675769
98.315231
99.482612
100.000000
100.000000
100.000000
100.000000
100.000000
100.000000
100.000000
100.000000
100.000000
100.000000
100.000000
100.000000
100.000000
100.000000
100.000000
100.000000
100.000000
100.000000
100.000000
100.000000
100.000000
100.000000
100.000000
100.000000
100.000000
100.000000
100.000000
100.000000
100.000000
100.000000
100.000000
100.000000
100.000000
100.000000
100.000000
100.000000
100.000000
100.000000
100.000000
100.000000
100.000000
100.000000
100.000000
100.000000
100.000000
100.000000
100.000000
100.000000
100.000000
100.000000
100.000000
100.000000
100.000000
100.000000
100.000000
100.000000
100.000000
100.000000
100.000000
100.000000
100.000000
100.000000
100.000000
100.000000
100.000000
100.000000
100.000000
100.000000
100.000000
100.000000
100.000000
100.000000
100.000000
100.000000
100.000000
100.000000
99.303393
100.000000
100.000000
100.000000
100.000000
100.000000
98.181989
100.000000
100.000000
100.000000
100.000000
100.000000
100.000000
100.000000
100.000000
100.000000
100.000000
100.000000
100.000000
100.000000
100.000000
100.000000
100.000000
100.000000
100.000000
100.000000
100.000000
100.000000
100.000000
100.000000
100.000000
100.000000
100.000000
100.000000
100.000000
100.000000
100.000000
100.000000
100.000000
100.000000
100.000000
100.000000
100.000000
100.000000
100.000000
100.000000
100.000000
100.000000
100.000000
100.000000
100.000000
100.000000
100.000000
100.000000
100.000000
99.505801
100.000000
99.775525
100.000000
100.000000
100.000000
100.000000
100.000000
100.000000
100.000000
100.000000
100.000000
100.000000
100.000000
100.000000
100.000000
100.000000
100.000000
100.000000
100.000000
100.000000
100.000000
100.000000
100.000000
100.000000
100.000000
100.000000
100.000000
100.000000
100.000000
100.000000
100.000000
100.000000
100.000000
100.000000
100.000000
100.000000
100.000000
100.000000
100.000000
100.000000
100.000000
100.000000
100.000000
100.000000
100.000000
100.000000
100.000000
100.000000
100.000000
100.000000
100.000000
100.000000
100.000000
100.000000
100.000000
100.000000
100.000000
100.000000
100.000000
100.000000
100.000000
100.000000
100.000000
100.000000
100.000000
100.000000
100.000000
100.000000
100.000000
100.000000
100.000000
100.000000
100.000000
100.000000
100.000000
100.000000
100.000000
100.000000
100.000000
100.000000
100.000000
100.000000
100.000000
100.000000
100.000000
100.000000
100.000000
100.000000
100.000000
100.000000
100.000000
100.000000
100.000000
100.000000
100.000000
100.000000
100.000000
100.000000
100.000000
100.000000
99.300486
100.000000
100.000000
100.000000
100.000000
100.000000
100.000000
100.000000
100.000000
100.000000
100.000000
100.000000
100.000000
100.000000
100.000000
100.000000
100.000000
100.000000
100.000000
100.000000
100.000000
100.000000
100.000000
100.000000
100.000000
100.000000
100.000000
100.000000
100.000000
100.000000
100.000000
100.000000
100.000000
100.000000
100.000000
100.000000
100.000000
100.000000
100.000000
100.000000
100.000000
100.000000
100.000000
100.000000
100.000000
100.000000
100.000000
99.842226
99.416730
99.024802
100.000000
98.880619
100.000000
98.819476
98.020761
98.361577
99.656252
98.498177
99.267090
98.146932
97.339655
97.669981
98.816587
97.139974
98.439676
97.472114
97.211115
97.232087
98.717426
97.469312
98.719724
97.957034
97.651805
97.483851
98.880157
97.511988
98.948464
98.216590
97.743142
98.074506
99.837900
98.596319
100.000000
99.070388
98.556434
98.813501
100.000000
99.466352
100.000000
98.420965
96.936994
98.690836
100.000000
100.000000
100.000000
100.000000
100.000000
100.000000
100.000000
100.000000
100.000000
100.000000
100.000000
100.000000
100.000000
100.000000
100.000000
100.000000
100.000000
100.000000
100.000000
100.000000
100.000000
100.000000
100.000000
100.000000
100.000000
100.000000
100.000000
99.508408
96.812244
98.046519
100.000000
99.959406
100.000000
100.000000
99.232744
99.733224
100.000000
99.490892
100.000000
99.719316
98.319597
99.350106
100.000000
100.000000
100.000000
100.000000
98.522475
99.529059
100.000000
99.522015
100.000000
99.300098
97.974828
98.085869
99.551145
97.866789
99.164577
98.296502
96.764951
97.638127
99.571807
98.648464
100.000000
99.444717
98.851305
99.835928
100.000000
99.944824
100.000000
100.000000
98.921734
99.995550
100.000000
100.000000
99.676242
97.908432
97.576978
98.986524
100.000000
99.108493
100.000000
99.990595
99.901841
99.936662
100.000000
100.000000
100.000000
100.000000
100.000000
100.000000
100.000000
100.000000
100.000000
100.000000
100.000000
100.000000
100.000000
100.000000
100.000000
100.000000
100.000000
100.000000
100.000000
100.000000
100.000000
100.000000
100.000000
100.000000
100.000000
100.000000
100.000000
100.000000
100.000000
100.000000
100.000000
100.000000
100.000000
100.000000
100.000000
100.000000
100.000000
100.000000
100.000000
100.000000
100.000000
100.000000
100.000000
100.000000
100.000000
100.000000
100.000000
100.000000
100.000000
100.000000
100.000000
100.000000
100.000000
100.000000
100.000000
100.000000
100.000000
100.000000
100.000000
100.000000
100.000000
100.000000
100.000000
100.000000
100.000000
100.000000
100.000000
100.000000
100.000000
100.000000
100.000000
100.000000
100.000000
100.000000
100.000000
100.000000
99.169484
97.019496
99.691961
96.306917
98.829146
97.772763
98.404512
99.027371
100.000000
100.000000
100.000000
100.000000
100.000000
100.000000
100.000000
100.000000
100.000000
100.000000
100.000000
100.000000
100.000000
100.000000
100.000000
100.000000
100.000000
100.000000
100.000000
100.000000
100.000000
100.000000
100.000000
99.605477
100.000000
100.000000
99.408443
98.974231
99.566176
98.546864
100.000000
98.412502
100.000000
99.289032
100.000000
99.133721
100.000000
99.932827
100.000000
100.000000
100.000000
100.000000
100.000000
99.901605
100.000000
100.000000
100.000000
99.299627
100.000000
99.084875
100.000000
99.567274
99.762109
98.524129
100.000000
97.860730
99.304191
98.069425
98.602927
97.401690
100.000000
97.959132
100.000000
99.305316
100.000000
100.000000
100.000000
100.000000
100.000000
100.000000
100.000000
100.000000
100.000000
100.000000
100.000000
100.000000
100.000000
100.000000
100.000000
99.779002
100.000000
100.000000
100.000000
100.000000
100.000000
100.000000
100.000000
100.000000
100.000000
100.000000
100.000000
100.000000
100.000000
100.000000
100.000000
100.000000
100.000000
100.000000
100.000000
100.000000
100.000000
100.000000
100.000000
100.000000
100.000000
100.000000
100.000000
100.000000
100.000000
100.000000
100.000000
100.000000
100.000000
100.000000
100.000000
100.000000
100.000000
100.000000
100.000000
100.000000
100.000000
100.000000
100.000000
100.000000
100.000000
100.000000
100.000000
100.000000
100.000000
100.000000
100.000000
100.000000
100.000000
100.000000
100.000000
100.000000
100.000000
100.000000
100.000000
100.000000
100.000000
100.000000
100.000000
100.000000
100.000000
100.000000
100.000000
98.803963
99.137143
98.634241
100.000000
99.524466
100.000000
99.597948
99.470048
98.718107
100.000000
98.643424
100.000000
98.928736
98.574442
98.018356
100.000000
98.102871
100.000000
98.648046
98.339590
97.740728
100.000000
99.033003
100.000000
100.000000
99.906379
99.497979
100.000000
100.000000
100.000000
100.000000
100.000000
100.000000
100.000000
100.000000
100.000000
100.000000
100.000000
100.000000
100.000000
100.000000
100.000000
100.000000
100.000000
100.000000
100.000000
100.000000
100.000000
100.000000
100.000000
99.529042
100.000000
99.988395
100.000000
100.000000
100.000000
100.000000
100.000000
100.000000
100.000000
99.908938
99.834456
99.153072
100.000000
99.920395
100.000000
100.000000
99.944005
99.280928
100.000000
99.570474
100.000000
99.854069
99.522678
99.211032
100.000000
99.441807
100.000000
99.757020
99.680222
99.107383
100.000000
99.467702
100.000000
99.669338
99.568803
99.030991
100.000000
99.318290
100.000000
99.540382
99.392413
98.688184
100.000000
99.259253
100.000000
99.701638
99.791053
99.328066
100.000000
100.000000
100.000000
100.000000
100.000000
100.000000
100.000000
100.000000
100.000000
100.000000
100.000000
100.000000
100.000000
100.000000
100.000000
100.000000
100.000000
100.000000
100.000000
100.000000
100.000000
99.806694
99.632763
99.125591
100.000000
99.174921
100.000000
99.585908
99.972413
99.319276
100.000000
99.675415
100.000000
100.000000
100.000000
99.594663
100.000000
99.669730
100.000000
99.781350
99.888910
98.965462
100.000000
99.089758
100.000000
99.691161
99.946255
99.705974
100.000000
100.000000
100.000000
100.000000
100.000000
100.000000
99.657753
97.741684
99.215697
98.273108
98.277280
98.485004
100.000000
98.327635
99.667898
98.053825
97.521446
97.424011
99.571597
97.959848
99.986451
98.830505
98.717877
99.034331
100.000000
100.000000
100.000000
100.000000
100.000000
100.000000
100.000000
100.000000
100.000000
100.000000
100.000000
100.000000
100.000000
100.000000
100.000000
100.000000
99.604049
100.000000
100.000000
100.000000
100.000000
100.000000
100.000000
100.000000
100.000000
100.000000
100.000000
100.000000
100.000000
100.000000
100.000000
100.000000
100.000000
100.000000
100.000000
100.000000
100.000000
100.000000
100.000000
100.000000
100.000000
100.000000
100.000000
100.000000
100.000000
100.000000
100.000000
100.000000
100.000000
100.000000
100.000000
100.000000
100.000000
100.000000
100.000000
100.000000
100.000000
100.000000
100.000000
100.000000
100.000000
100.000000
100.000000
100.000000
100.000000
100.000000
100.000000
100.000000
100.000000
100.000000
100.000000
100.000000
100.000000
100.000000
100.000000
100.000000
100.000000
100.000000
100.000000
100.000000
100.000000
100.000000
100.000000
100.000000
100.000000
100.000000
100.000000
100.000000
100.000000
100.000000
100.000000
100.000000
100.000000
100.000000
100.000000
100.000000
100.000000
100.000000
100.000000
100.000000
100.000000
100.000000
100.000000
100.000000
100.000000
100.000000
100.000000
100.000000
100.000000
100.000000
100.000000
100.000000
100.000000
100.000000
100.000000
100.000000
100.000000
100.000000
100.000000
100.000000
100.000000
100.000000
100.000000
100.000000
99.942681
99.895230
100.000000
100.000000
100.000000
99.657382
99.960583
100.000000
100.000000
99.601554
100.000000
99.377413
99.250414
99.089421
100.000000
99.073841
100.000000
99.480620
99.627239
99.990868
100.000000
100.000000
100.000000
100.000000
100.000000
100.000000
100.000000
100.000000
100.000000
100.000000
100.000000
100.000000
100.000000
100.000000
100.000000
100.000000
100.000000
100.000000
100.000000
100.000000
100.000000
100.000000
100.000000
100.000000
100.000000
100.000000
100.000000
100.000000
99.556656
99.522468
100.000000
99.043138
100.000000
99.655774
99.344437
99.144152
100.000000
99.838843
100.000000
100.000000
99.730051
99.924559
100.000000
100.000000
99.870137
99.507782
99.653398
99.413626
100.000000
98.985597
100.000000
99.365508
99.626924
99.654283
100.000000
100.000000
100.000000
100.000000
100.000000
100.000000
100.000000
100.000000
100.000000
100.000000
100.000000
100.000000
100.000000
100.000000
100.000000
100.000000
100.000000
100.000000
100.000000
100.000000
100.000000
100.000000
100.000000
100.000000
100.000000
100.000000
100.000000
100.000000
100.000000
100.000000
100.000000
100.000000
100.000000
100.000000
100.000000
100.000000
100.000000
100.000000
100.000000
100.000000
100.000000
100.000000
100.000000
100.000000
100.000000
100.000000
100.000000
100.000000
100.000000
100.000000
100.000000
100.000000
100.000000
99.704278
100.000000
99.692229
100.000000
100.000000
100.000000
99.670829
100.000000
99.600946
100.000000
99.852097
99.966076
99.385840
100.000000
99.600016
100.000000
99.875463
99.994437
99.353449
100.000000
99.395772
100.000000
99.749853
100.000000
99.530583
100.000000
99.632891
100.000000
99.982093
100.000000
99.597660
100.000000
99.948109
100.000000
100.000000
100.000000
99.930377
100.000000
100.000000
100.000000
100.000000
100.000000
100.000000
100.000000
100.000000
100.000000
100.000000
100.000000
100.000000
100.000000
100.000000
100.000000
100.000000
100.000000
100.000000
100.000000
100.000000
100.000000
100.000000
100.000000
100.000000
100.000000
100.000000
100.000000
100.000000
100.000000
100.000000
100.000000
100.000000
100.000000
100.000000
100.000000
100.000000
100.000000
100.000000
100.000000
100.000000
100.000000
100.000000
100.000000
100.000000
100.000000
100.000000
100.000000
100.000000
100.000000
100.000000
100.000000
100.000000
100.000000
100.000000
100.000000
100.000000
100.000000
100.000000
100.000000
100.000000
100.000000
100.000000
100.000000
100.000000
100.000000
100.000000
100.000000
100.000000
100.000000
100.000000
100.000000
100.000000
100.000000
100.000000
100.000000
100.000000
100.000000
100.000000
100.000000
100.000000
100.000000
100.000000
100.000000
99.978895
100.000000
100.000000
100.000000
100.000000
100.000000
99.668931
100.000000
99.771140
100.000000
99.522437
99.668522
98.873704
100.000000
99.107476
100.000000
99.649172
100.000000
99.541348
100.000000
99.841152
100.000000
100.000000
100.000000
99.484911
100.000000
99.751579
100.000000
100.000000
100.000000
99.634707
100.000000
99.933667
100.000000
100.000000
100.000000
99.992332
100.000000
100.000000
100.000000
100.000000
100.000000
100.000000
100.000000
100.000000
100.000000
100.000000
100.000000
100.000000
100.000000
100.000000
100.000000
100.000000
100.000000
100.000000
100.000000
100.000000
100.000000
99.571651
99.064937
98.606731
99.813101
98.516136
99.602496
99.007177
99.284489
98.971420
100.000000
99.339201
100.000000
100.000000
100.000000
100.000000
100.000000
100.000000
100.000000
100.000000
100.000000
100.000000
100.000000
100.000000
100.000000
100.000000
100.000000
100.000000
100.000000
100.000000
100.000000
100.000000
100.000000
100.000000
100.000000
100.000000
100.000000
100.000000
100.000000
100.000000
100.000000
100.000000
100.000000
100.000000
100.000000
100.000000
100.000000
100.000000
100.000000
100.000000
99.634491
100.000000
100.000000
100.000000
100.000000
100.000000
98.850278
100.000000
100.000000
100.000000
100.000000
97.526439
97.692702
98.643566
100.000000
99.379149
100.000000
99.525795
97.224409
98.718177
100.000000
99.541059
100.000000
99.972688
98.375916
100.000000
100.000000
100.000000
100.000000
100.000000
98.689153
100.000000
100.000000
100.000000
100.000000
100.000000
98.877209
99.405003
100.000000
99.365632
100.000000
99.961372
99.409254
100.000000
100.000000
100.000000
100.000000
100.000000
99.566757
100.000000
100.000000
100.000000
100.000000
99.827685
99.662020
100.000000
100.000000
100.000000
100.000000
100.000000
99.570769
99.269200
100.000000
100.000000
100.000000
100.000000
99.813981
100.000000
100.000000
100.000000
100.000000
100.000000
100.000000
100.000000
100.000000
100.000000
100.000000
100.000000
100.000000
100.000000
100.000000
100.000000
100.000000
100.000000
100.000000
100.000000
100.000000
100.000000
100.000000
100.000000
100.000000
99.122002
100.000000
98.590099
100.000000
98.630965
99.467609
100.000000
100.000000
100.000000
100.000000
100.000000
100.000000
100.000000
100.000000
100.000000
100.000000
100.000000
100.000000
100.000000
100.000000
100.000000
100.000000
100.000000
100.000000
100.000000
100.000000
100.000000
100.000000
100.000000
100.000000
100.000000
100.000000
100.000000
100.000000
100.000000
100.000000
100.000000
100.000000
100.000000
100.000000
100.000000
100.000000
100.000000
100.000000
100.000000
100.000000
100.000000
100.000000
100.000000
100.000000
100.000000
100.000000
99.047793
98.330188
97.583579
99.777333
97.415549
99.462994
98.415821
99.364908
100.000000
100.000000
100.000000
100.000000
100.000000
100.000000
100.000000
100.000000
100.000000
100.000000
100.000000
100.000000
100.000000
100.000000
100.000000
100.000000
100.000000
100.000000
100.000000
100.000000
100.000000
100.000000
100.000000
100.000000
100.000000
100.000000
100.000000
100.000000
100.000000
100.000000
100.000000
100.000000
100.000000
100.000000
100.000000
100.000000
100.000000
100.000000
100.000000
100.000000
100.000000
99.617500
99.586792
100.000000
99.998806
100.000000
100.000000
100.000000
99.739167
100.000000
100.000000
100.000000
100.000000
99.892200
99.550426
100.000000
99.730908
100.000000
99.935980
99.482727
98.929299
100.000000
99.830751
100.000000
100.000000
100.000000
100.000000
100.000000
100.000000
100.000000
100.000000
100.000000
100.000000
100.000000
100.000000
100.000000
100.000000
100.000000
100.000000
100.000000
100.000000
100.000000
100.000000
100.000000
100.000000
100.000000
100.000000
100.000000
100.000000
100.000000
99.837057
100.000000
100.000000
100.000000
100.000000
100.000000
100.000000
100.000000
100.000000
100.000000
99.622335
99.739897
99.813887
100.000000
100.000000
100.000000
100.000000
100.000000
100.000000
100.000000
100.000000
100.000000
100.000000
100.000000
100.000000
100.000000
100.000000
100.000000
100.000000
100.000000
99.954735
100.000000
100.000000
100.000000
100.000000
100.000000
100.000000
100.000000
100.000000
100.000000
100.000000
100.000000
100.000000
100.000000
100.000000
100.000000
100.000000
100.000000
100.000000
100.000000
100.000000
100.000000
100.000000
100.000000
99.656254
100.000000
99.941487
100.000000
100.000000
100.000000
100.000000
100.000000
100.000000
100.000000
100.000000
100.000000
100.000000
100.000000
100.000000
100.000000
100.000000
100.000000
100.000000
100.000000
100.000000
100.000000
100.000000
100.000000
100.000000
100.000000
100.000000
100.000000
100.000000
100.000000
100.000000
100.000000
100.000000
100.000000
100.000000
100.000000
100.000000
100.000000
100.000000
100.000000
100.000000
100.000000
100.000000
100.000000
100.000000
100.000000
100.000000
100.000000
100.000000
100.000000
100.000000
100.000000
100.000000
100.000000
100.000000
100.000000
100.000000
100.000000
100.000000
100.000000
100.000000
100.000000
100.000000
100.000000
100.000000
100.000000
100.000000
100.000000
100.000000
100.000000
100.000000
100.000000
100.000000
100.000000
100.000000
100.000000
100.000000
100.000000
100.000000
100.000000
100.000000
100.000000
100.000000
100.000000
100.000000
100.000000
100.000000
100.000000
99.811545
98.798963
98.332897
100.000000
98.796806
100.000000
100.000000
100.000000
100.000000
100.000000
100.000000
100.000000
100.000000
100.000000
100.000000
100.000000
100.000000
100.000000
100.000000
100.000000
100.000000
100.000000
100.000000
100.000000
100.000000
100.000000
100.000000
100.000000
100.000000
100.000000
100.000000
100.000000
99.991899
100.000000
99.523809
100.000000
100.000000
100.000000
100.000000
100.000000
100.000000
100.000000
100.000000
100.000000
100.000000
100.000000
100.000000
100.000000
100.000000
100.000000
100.000000
100.000000
100.000000
100.000000
100.000000
100.000000
100.000000
100.000000
100.000000
100.000000
100.000000
100.000000
100.000000
100.000000
100.000000
100.000000
100.000000
100.000000
100.000000
100.000000
100.000000
100.000000
100.000000
100.000000
100.000000
100.000000
100.000000
100.000000
100.000000
100.000000
100.000000
100.000000
100.000000
100.000000
100.000000
100.000000
100.000000
100.000000
100.000000
100.000000
100.000000
100.000000
99.686929
100.000000
99.147862
100.000000
99.057240
99.257706
98.929305
100.000000
99.794378
100.000000
99.422833
98.812287
98.164907
99.780356
100.000000
99.484417
100.000000
100.000000
99.725904
100.000000
99.682726
100.000000
99.965117
100.000000
100.000000
100.000000
100.000000
100.000000
100.000000
100.000000
100.000000
100.000000
100.000000
100.000000
100.000000
100.000000
100.000000
100.000000
100.000000
100.000000
100.000000
100.000000
100.000000
100.000000
100.000000
100.000000
100.000000
100.000000
100.000000
100.000000
100.000000
100.000000
99.841745
99.632735
99.019884
100.000000
98.949166
99.865684
99.225813
99.357883
99.323899
100.000000
99.624965
100.000000
99.953115
99.961202
99.503389
100.000000
99.162701
100.000000
99.502940
99.639324
99.563228
100.000000
100.000000
100.000000
99.631537
99.604025
98.782839
100.000000
99.077700
100.000000
99.408289
99.353881
98.667167
100.000000
99.136295
100.000000
99.640967
100.000000
99.862908
100.000000
100.000000
100.000000
100.000000
100.000000
100.000000
100.000000
100.000000
100.000000
100.000000
100.000000
100.000000
100.000000
100.000000
100.000000
100.000000
100.000000
99.838396
100.000000
99.548550
100.000000
99.755456
100.000000
99.046627
100.000000
99.307679
100.000000
100.000000
100.000000
99.760239
100.000000
100.000000
100.000000
100.000000
100.000000
99.692353
100.000000
99.647967
100.000000
99.866611
99.803357
99.252323
100.000000
100.000000
99.851397
100.000000
100.000000
100.000000
100.000000
100.000000
100.000000
100.000000
100.000000
100.000000
100.000000
100.000000
100.000000
100.000000
100.000000
100.000000
100.000000
100.000000
100.000000
100.000000
100.000000
100.000000
100.000000
100.000000
100.000000
100.000000
100.000000
100.000000
100.000000
98.606323
100.000000
98.445386
98.752640
98.130777
100.000000
99.282489
100.000000
99.575547
99.795403
98.685431
100.000000
98.811684
100.000000
99.598928
99.909944
99.094597
100.000000
98.785819
100.000000
98.938631
99.172051
98.651249
100.000000
99.079985
100.000000
99.507306
99.487286
99.540816
100.000000
100.000000
99.993747
99.867533
99.435006
98.784360
100.000000
99.541149
100.000000
100.000000
100.000000
100.000000
100.000000
100.000000
100.000000
100.000000
100.000000
100.000000
100.000000
100.000000
100.000000
100.000000
100.000000
100.000000
100.000000
100.000000
100.000000
100.000000
100.000000
100.000000
100.000000
100.000000
100.000000
100.000000
100.000000
100.000000
100.000000
100.000000
100.000000
100.000000
100.000000
100.000000
100.000000
100.000000
100.000000
100.000000
100.000000
100.000000
100.000000
100.000000
100.000000
100.000000
100.000000
100.000000
100.000000
100.000000
100.000000
100.000000
100.000000
100.000000
100.000000
100.000000
100.000000
100.000000
100.000000
100.000000
100.000000
100.000000
100.000000
100.000000
100.000000
100.000000
100.000000
100.000000
100.000000
100.000000
100.000000
100.000000
100.000000
100.000000
100.000000
100.000000
100.000000
100.000000
100.000000
100.000000
100.000000
100.000000
100.000000
100.000000
100.000000
100.000000
100.000000
100.000000
100.000000
100.000000
100.000000
100.000000
100.000000
100.000000
100.000000
100.000000
100.000000
100.000000
100.000000
100.000000
100.000000
100.000000
100.000000
100.000000
100.000000
100.000000
100.000000
100.000000
100.000000
100.000000
100.000000
99.783685
98.282979
99.634161
100.000000
99.924893
99.540032
98.176217
98.143674
99.541842
100.000000
99.545338
100.000000
99.592069
98.232217
99.638911
100.000000
100.000000
100.000000
100.000000
98.956507
99.986874
100.000000
99.637446
100.000000
99.861108
98.504710
98.908102
99.427361
98.655904
99.617424
99.364095
97.962971
98.903634
99.763396
99.209665
99.954703
99.606856
98.281876
99.081666
100.000000
99.394866
99.757935
99.090030
98.021666
100.000000
100.000000
99.637637
100.000000
99.594577
96.445976
98.910359
99.975354
99.128293
100.000000
99.667972
98.577675
99.345704
100.000000
100.000000
100.000000
100.000000
98.580563
100.000000
100.000000
100.000000
99.798738
97.575160
97.650206
98.879854
100.000000
99.619020
100.000000
99.598948
98.855634
99.151359
100.000000
99.010010
99.671271
98.832614
96.214039
97.588662
99.108602
97.982132
99.317761
98.963039
99.113172
98.443318
99.879542
98.777584
99.567673
99.214500
97.105034
98.318602
99.579913
98.644441
99.907209
99.430420
97.589769
99.260001
100.000000
99.126621
100.000000
100.000000
98.586015
99.540947
100.000000
99.722240
100.000000
100.000000
97.994410
100.000000
100.000000
100.000000
100.000000
100.000000
99.093575
100.000000
100.000000
100.000000
100.000000
100.000000
98.300413
100.000000
100.000000
100.000000
100.000000
98.649577
98.521421
100.000000
100.000000
100.000000
100.000000
100.000000
100.000000
100.000000
100.000000
100.000000
100.000000
100.000000
98.855626
100.000000
100.000000
100.000000
100.000000
100.000000
100.000000
100.000000
100.000000
100.000000
100.000000
100.000000
98.092944
99.450131
100.000000
99.310982
99.312764
98.475244
95.932659
97.832678
99.637977
99.008919
98.898437
98.034942
95.694915
96.764621
98.910176
98.004455
99.295190
99.022665
97.342134
98.513561
99.842659
98.443074
99.341914
98.431159
96.769917
97.415888
99.443238
98.239574
99.481785
98.958783
96.086360
98.164780
99.041357
99.171469
98.004740
99.429444
