98.622836
98.602085
98.511765
98.243523
97.744850
97.873202
97.396324
97.771385
97.807774
97.659343
97.910357
98.006203
98.300620
98.135592
98.015516
98.495243
98.074292
98.067929
98.430278
98.065710
98.001223
98.282704
98.084530
98.135955
98.519557
98.036051
98.059306
98.318855
98.041922
97.910999
98.273262
97.866307
97.785827
98.180845
97.907075
97.958471
98.084104
97.948586
97.771366
98.129344
97.875888
97.972140
98.036712
97.886475
97.656986
98.012247
97.920611
97.879481
97.950469
97.550120
97.504816
97.841173
97.437375
97.337709
97.343278
97.660870
97.716001
97.366429
97.719660
96.931695
98.525544
98.116291
97.877934
97.815497
97.252804
97.248573
96.692621
97.392456
97.188065
97.355124
97.551336
97.616706
98.014519
97.768814
97.643354
97.956107
97.785681
97.835450
98.223329
97.858388
97.844713
98.241848
97.916114
97.980362
98.176699
97.891455
97.867514
98.072069
97.967075
97.826258
98.324365
97.882135
97.868960
98.167819
98.122878
98.069278
98.213998
97.911898
97.927523
98.049886
97.858362
98.035359
98.193959
97.923269
97.786956
97.973984
97.987679
98.059334
98.121596
98.124983
98.096396
98.269680
98.080560
98.054612
97.544242
97.825643
97.890767
97.980734
97.919980
97.578148
98.576385
97.850323
97.686113
97.498561
97.019960
96.899373
96.607313
96.971242
96.983022
97.062974
97.291711
97.404145
97.856780
97.609198
97.543442
97.798903
97.593547
97.554210
97.965552
97.762625
97.621600
97.898435
97.745763
97.883595
98.089924
97.836127
97.749621
97.956753
97.791314
97.938182
98.147856
97.833023
97.787762
97.982637
97.804644
97.966491
98.252873
97.846126
97.933355
98.095018
98.085102
98.012493
98.273793
97.775031
98.073275
98.050756
98.025341
98.158404
98.213370
97.956163
97.856798
98.150643
97.885475
97.877795
97.586854
98.123266
98.051154
97.924745
97.887225
97.498328
98.274400
97.842900
97.581644
97.483082
96.979189
96.788800
96.169802
96.920304
96.839457
96.916289
97.251819
97.491188
97.803190
97.459688
97.307974
97.723556
97.483856
97.525125
97.939519
97.666608
97.713549
97.848258
97.610978
97.556456
98.108351
97.765403
97.773636
97.952850
97.703133
97.738458
98.160242
97.735449
97.526726
97.966637
97.906851
97.853503
98.077165
97.794729
97.562699
97.918445
97.793973
97.931963
98.172756
97.770245
97.923190
97.866318
97.936328
97.803503
98.019316
97.789760
97.831478
98.043231
97.791763
97.684305
97.335356
97.718297
97.617418
97.661378
97.674194
97.271917
98.165746
97.758626
97.480593
97.206128
96.669593
96.522383
96.164049
96.563025
96.520391
96.675816
96.974075
97.048741
97.570010
97.188645
97.146998
97.369593
97.297951
97.474411
97.712963
97.431752
97.289550
97.562892
97.440943
97.557237
97.921801
97.523359
97.605822
97.864182
97.820690
97.776444
98.047703
97.779651
97.701490
97.908699
97.921823
97.949261
98.164274
97.820054
97.729987
97.945924
97.951410
97.972958
98.108826
97.749126
97.759184
97.993865
97.993967
98.035388
98.246816
97.925002
97.968054
98.092365
97.683559
97.827446
97.358628
97.771787
97.529671
97.750887
97.583051
97.390963
98.377651
97.702006
97.415465
97.203865
96.749631
96.561643
96.326736
96.594081
96.460143
96.613063
97.027252
97.173603
97.572782
97.223310
97.149981
97.437826
97.354753
97.415355
97.707425
97.419387
97.300242
97.594393
97.532481
97.717947
97.823159
97.619182
97.442583
97.815657
97.797227
97.803393
98.210016
97.780677
97.611098
97.972114
97.876495
97.949464
98.209165
97.962751
97.767239
98.012998
97.979951
98.072193
98.316753
97.883384
97.781084
97.912917
98.081368
98.072842
98.129154
98.034743
97.908171
98.027271
97.845703
97.796668
97.458229
97.737605
97.505463
97.712758
97.543513
97.239779
98.104330
97.507419
97.326723
97.091111
96.690128
96.490148
96.192885
96.409224
96.347179
96.445886
96.990936
97.116827
97.450495
97.143566
97.045895
97.125426
97.096573
97.206209
97.643043
97.266296
97.181866
97.482623
97.386706
97.543074
97.681107
97.527760
97.450483
97.758770
97.705658
97.712066
98.008728
97.632337
97.629153
97.804015
97.766138
98.002606
98.070467
97.795443
97.634416
97.918243
97.865081
97.847923
98.102471
97.815680
97.684577
97.858691
97.866966
97.941926
98.139677
97.973125
97.929066
98.096871
97.767610
97.763533
97.304435
97.668764
97.519578
97.486873
97.519169
97.141587
98.114162
97.651185
97.171659
97.050163
96.612212
96.305359
95.960143
96.512878
96.446801
96.717888
97.065062
97.142614
97.551279
97.245596
97.120556
97.302333
97.478403
97.532075
97.722623
97.389985
97.350704
97.586993
97.458472
97.706663
97.922825
97.626173
97.412610
97.826033
97.745089
97.787118
98.156495
97.740627
97.639476
97.876196
97.726812
97.742754
98.131737
97.825573
97.789921
97.896744
97.796613
97.938902
98.025530
97.757578
97.686057
97.888178
97.742137
97.925966
97.961509
97.821873
97.793300
97.947057
97.697132
97.648081
97.317691
97.672062
97.494630
97.695247
97.433227
97.209648
98.205850
97.612573
97.329584
96.955335
96.575511
96.223289
96.005639
96.383130
96.247875
96.447883
96.715844
97.052253
97.407790
97.119201
97.089426
97.400686
97.266659
97.257252
97.646151
97.363476
97.303834
97.549401
97.397261
97.502915
97.900367
97.572202
97.547569
97.820030
97.595056
97.789619
98.036028
97.695213
97.695341
97.858845
97.549693
97.853380
98.071001
97.621524
97.566275
97.712462
97.817901
97.793307
98.057866
97.656746
97.713858
97.770041
97.909892
97.854010
98.004021
97.861456
97.840826
97.951459
97.675497
97.782574
97.304922
97.707785
97.496114
97.559004
97.521956
97.234892
97.851204
97.432783
97.072505
96.855925
96.476928
96.131537
96.033562
96.202413
96.251722
96.345517
96.546076
96.872527
97.281277
97.106041
96.897367
97.157935
97.066865
97.233967
97.658247
97.308587
97.367158
97.710631
97.395622
97.361862
97.809417
97.428057
97.469109
97.684447
97.564602
97.878518
97.970710
97.666114
97.556291
97.822349
97.620111
97.717306
97.938424
97.632375
97.427768
97.725786
97.673252
97.606140
98.034716
97.618676
97.759005
97.694086
97.768703
97.808233
97.916526
97.810964
97.696649
97.835420
97.560993
97.516076
97.212500
97.374186
97.407941
97.415357
97.418434
96.759652
97.815662
98.601944
98.521313
98.594973
98.348458
98.128477
96.981652
98.633206
98.727020
98.840602
98.999184
99.089910
98.559133
99.684885
99.701743
99.812174
99.592231
99.254191
98.295597
99.497355
99.483962
99.479459
99.451356
99.576784
98.735327
99.463094
99.316951
99.339248
99.433657
99.565151
98.654885
99.358476
99.400456
99.644677
99.467388
99.491290
98.481283
99.379417
99.355702
99.770014
99.456930
99.441275
98.585649
99.221350
99.082542
99.316522
99.043341
99.082389
98.304530
99.178326
99.198537
99.520788
99.157168
99.107182
97.869014
98.963880
98.950655
99.129367
99.022389
97.803013
98.079168
99.117932
98.837181
99.153588
98.731168
98.773654
97.185596
98.752637
98.720437
98.786729
98.927430
98.883513
97.296290
98.480415
98.378228
98.725692
98.236229
97.796356
96.804935
97.911458
98.112971
98.306511
98.173160
98.043058
97.126946
98.005329
97.990599
98.117127
97.640950
97.394635
95.871577
97.050562
97.059096
97.109356
96.941191
97.061398
95.797113
96.979072
97.216639
97.801498
97.045537
97.451989
95.773356
96.657033
96.635297
97.204504
96.495070
96.488461
95.296000
96.108740
96.077388
96.412319
96.315202
96.347721
94.900760
95.903676
95.634464
96.058829
95.400672
94.238336
95.214326
95.130259
94.912157
95.061721
94.866697
95.065440
92.950316
94.893432
94.913634
94.966300
95.287939
95.331655
94.022493
95.214756
95.383486
95.845801
95.705285
95.895266
94.589055
95.808369
95.807721
96.050900
95.961705
96.089964
94.819459
95.361497
95.414965
96.375812
95.463044
95.582553
94.754204
95.471999
95.401916
96.195541
94.902137
94.778204
93.728549
94.821906
94.791714
94.861179
94.567252
94.406519
92.962390
93.493125
93.110473
94.098941
92.845939
92.687172
92.321453
91.581391
92.250565
92.372800
91.949438
91.974669
90.491239
91.060030
92.096996
92.254454
92.319705
91.114367
94.573071
93.126824
92.971314
93.212494
92.947875
92.967960
91.416556
92.640744
92.613685
92.597439
92.779637
91.875458
92.318907
93.076980
93.159343
93.448885
93.012067
93.044404
91.919397
92.003793
92.062549
93.628439
93.326747
93.279605
92.020867
92.136612
92.153377
93.684918
92.305048
93.401129
92.650288
93.473643
92.236213
93.744304
92.274829
92.206855
92.051797
91.652130
91.611085
93.127731
92.810091
93.054798
92.235711
92.048163
91.930520
93.609900
92.120708
92.301185
92.517922
92.203732
92.149914
93.754277
92.140928
92.222605
91.588013
91.913766
90.761440
92.853298
90.969668
91.386116
93.261959
91.500757
91.667610
93.087346
91.400536
90.464929
90.731718
91.301472
91.325779
92.543475
90.441204
90.329863
91.402129
90.057971
90.225978
91.882466
90.547427
90.475010
91.137730
90.392897
90.496023
91.800577
90.446484
90.355694
90.230797
90.755245
90.791243
92.088366
90.805255
90.677114
91.431569
90.922143
90.853494
92.265885
90.914598
90.893707
91.432112
90.790894
90.935236
92.235492
91.099899
91.169640
92.427726
91.157190
91.172151
92.530522
90.923356
91.049051
91.946044
91.685539
91.534541
93.978781
91.660709
91.849644
92.261975
91.727527
91.714457
92.999347
92.092131
92.585088
94.701487
91.922263
91.685694
93.240176
91.615315
91.238414
91.342113
91.171215
91.172655
92.155234
90.961053
90.866526
92.022068
90.869841
90.910000
92.400113
90.660139
90.642746
91.679787
89.235059
89.273559
92.297382
89.373443
89.361980
91.281958
89.339951
89.179400
90.840393
89.053390
89.154599
91.926042
89.224521
89.123158
92.277321
89.496519
89.398475
91.139396
89.366194
89.374824
92.219204
89.603994
89.980273
92.421302
89.695556
89.669864
92.461881
89.536404
89.528687
91.492710
89.739848
89.624817
92.538499
89.671970
89.690019
91.378286
89.760585
89.493584
92.049631
89.682576
90.560270
93.074037
89.352689
89.540452
92.497752
89.664850
89.483360
90.464185
89.417378
89.420126
91.865318
89.738582
89.548643
91.612422
89.423492
89.412755
91.598377
89.784981
89.846529
92.007070
89.736897
89.863885
92.955303
89.783614
90.144661
91.587990
90.231021
90.213581
92.119477
90.087462
90.076710
92.123055
90.095736
89.919338
91.880953
89.828712
89.888419
92.072817
88.408217
88.179601
91.786202
88.000225
87.999931
91.633956
89.692956
89.827766
91.982044
88.267598
88.214799
90.551849
89.324487
89.169873
91.251900
89.715780
89.900951
91.069756
90.057108
90.028475
91.657581
90.094145
90.991673
93.413408
88.808328
88.613438
91.780720
87.985176
87.990154
90.334048
88.275911
88.385672
90.906799
88.323599
88.185338
90.829501
89.905332
89.749165
91.679502
89.765254
88.362339
90.965729
88.433063
88.691186
92.020928
88.412783
88.526921
91.212677
88.692100
88.480823
91.906401
88.533738
88.424928
91.292057
88.439048
88.696708
92.226007
89.019330
88.911308
91.467683
88.891708
89.247361
92.591019
89.220306
89.105752
91.757980
88.857925
88.618053
90.633165
88.678076
88.742697
91.324853
88.729245
88.423738
91.859046
88.475026
88.179502
89.540488
88.312073
88.387760
91.438236
88.651379
90.008975
93.106098
90.308900
90.273351
92.509849
90.699169
90.600514
91.254359
90.204558
89.946492
91.156642
89.693411
89.922601
91.659010
89.859021
89.542897
91.326056
89.518352
89.632476
91.185564
89.182349
89.204851
90.920950
89.051293
89.037318
90.746332
89.227230
88.993975
90.965473
88.979589
89.292391
90.908814
87.653151
87.570058
91.241672
87.569533
87.620861
90.999041
89.662531
90.060595
92.256601
90.125588
89.493438
91.178351
87.756737
89.334318
91.004605
90.117170
91.469096
93.064568
92.511829
92.562616
93.954034
91.992712
93.448703
93.286589
93.912829
94.765628
94.948790
94.908155
93.666860
96.778079
97.547529
97.689920
98.518528
97.481670
97.659500
95.806613
97.865582
97.917329
98.759103
98.336702
98.345838
97.831981
98.555272
98.751889
100.000000
97.586854
97.478297
97.046268
96.157834
96.170145
97.734952
95.566942
94.198983
95.533320
93.894498
92.831560
95.520105
92.928269
93.160669
94.812587
92.764600
92.521735
93.775647
92.108020
92.019748
92.960102
91.907129
91.550037
93.226486
91.774256
91.706922
92.661469
90.216214
89.987722
93.108294
90.074948
91.498626
92.329458
91.196026
91.336043
93.003072
91.359751
91.018865
91.065418
90.851753
90.873067
91.779631
90.804502
91.426233
94.855795
94.608976
93.912955
93.384567
93.005800
92.751730
92.435405
93.010985
93.184666
93.029856
93.454788
93.692634
94.226345
94.291318
94.457165
94.919879
94.654334
94.686787
95.119690
95.223754
95.847556
95.655369
95.990105
95.973663
95.921002
96.216423
96.504304
96.618427
96.529397
96.440495
96.226167
96.589109
96.556268
97.068784
96.995408
97.066906
96.662720
96.708653
96.679402
97.449841
96.878658
97.287851
96.867311
96.783310
96.779339
97.487430
96.738663
97.194519
96.916422
96.805766
97.047675
97.595060
97.167236
97.268012
96.436867
96.580703
97.024158
97.222647
97.180270
96.665808
97.241161
97.131822
96.695125
97.029887
96.739418
96.686371
95.707075
96.789277
96.542103
96.693212
96.737383
96.776416
96.815673
97.246094
97.155556
97.770138
97.268286
97.344736
97.030463
96.978837
96.953342
97.471368
97.042978
97.128973
97.087713
97.142891
97.159542
97.999658
97.237190
97.292358
97.238664
97.162376
97.177248
97.660776
97.162819
97.318567
97.245016
97.069384
97.019293
97.600790
96.919460
97.001081
97.121911
96.976778
96.831901
97.609595
96.856348
96.975115
97.050206
96.860727
96.837561
97.607789
96.717869
96.663410
96.277255
96.951051
97.073066
97.015553
97.039031
96.493754
97.391176
97.332225
97.175646
97.864193
96.865938
96.866007
96.226746
97.285704
97.315724
97.211930
97.132103
96.952850
97.130963
96.956803
96.714659
97.190255
96.837938
96.807268
96.782841
96.855363
96.859255
97.201646
96.851303
96.926145
96.946698
97.422579
97.389214
97.876649
97.371044
97.389324
97.154325
97.107390
97.019637
97.610319
97.110162
97.156320
97.209745
96.953459
96.796306
97.563669
96.865352
97.004397
97.038435
96.809521
96.795999
97.433466
96.784753
96.799815
96.958160
96.786098
96.776777
97.500817
96.927623
96.876598
96.244372
96.820143
96.859700
97.174445
96.856901
96.351484
97.302913
97.156785
96.966253
97.708529
96.759871
97.134040
96.019040
97.114740
96.536235
97.037733
96.677946
96.811244
97.008792
97.069653
96.978237
97.478148
96.907832
96.938751
96.839650
97.044467
96.986820
97.481610
96.947310
96.966362
97.001767
97.037189
97.027435
97.779325
97.019137
97.081198
97.043213
97.096383
97.091652
97.854023
97.057975
97.092918
97.035865
97.147333
97.120476
97.536386
97.067845
97.105206
97.076105
97.110645
97.082028
97.597824
97.048069
97.092597
96.946439
96.921824
96.770100
97.482711
96.637316
96.686871
96.233156
96.878877
96.862658
97.142428
96.741907
96.266813
97.357840
97.256543
97.149259
97.800820
96.805368
96.710740
96.026065
97.131622
97.190793
97.034873
96.996624
96.861399
97.078920
96.782982
96.739500
97.077734
96.645534
96.762484
96.624502
96.711677
96.632840
97.102115
96.665058
96.780754
96.816008
97.239514
97.280822
97.829270
97.287521
97.355046
97.014034
97.028509
96.969334
97.802736
97.055152
97.150057
97.232500
97.095059
97.078282
97.506323
96.991308
97.053259
96.970335
96.785313
96.785391
97.450812
96.749599
97.039599
96.934941
96.744393
96.734297
97.463454
96.615076
96.869203
96.251701
96.862379
96.896977
97.194725
96.858066
96.318028
97.298013
97.159609
96.997331
97.763458
96.743454
97.170941
96.067266
97.236172
97.195254
97.048854
96.922270
97.008429
97.066960
97.374084
97.316477
97.512112
97.358012
97.413804
97.109751
97.371966
97.320353
97.933363
97.303594
97.327291
97.041183
97.059486
97.053854
97.870373
97.006189
97.137131
97.014702
97.062948
96.993359
97.528693
97.151205
97.123476
97.074478
96.871839
96.827949
97.497487
96.795099
97.068157
96.910273
96.753789
96.780806
97.427920
96.731923
96.798618
96.911454
96.765050
96.630344
97.403525
96.573415
96.523814
96.144104
96.736130
96.784304
96.729556
96.735146
96.131688
97.289114
97.104189
96.928063
97.649424
96.745441
96.762718
95.909569
97.037871
97.141668
97.017867
96.836219
96.754174
96.961852
96.926565
96.781794
97.406866
96.833558
96.875241
96.807914
96.873654
96.761147
97.295506
96.853498
96.965920
96.972328
96.990955
96.823699
97.686931
97.280208
97.401617
97.206442
97.165786
97.057102
97.785869
97.007477
96.994973
97.011650
96.765193
96.812611
97.480528
97.055791
97.026708
97.006428
96.851562
96.785255
97.450318
96.704010
96.754720
96.915301
96.728392
96.973242
97.465716
96.829361
96.835513
96.250725
96.823896
96.876633
97.215927
96.874572
96.233438
97.324494
97.152290
97.274218
97.705182
97.059747
97.133580
95.984951
96.748344
96.517643
97.084585
96.781135
97.057946
96.985339
97.277242
97.257382
97.780648
97.273920
97.395133
97.163448
97.016780
96.992020
97.537379
97.073394
97.282599
97.196060
97.039026
97.011686
97.465044
97.020632
97.134879
97.027323
96.821394
96.737000
97.519676
96.873727
97.054444
97.063205
96.841286
96.841273
97.550286
96.820288
96.999053
96.969851
96.725721
96.832431
97.215805
96.824265
96.912451
96.994249
96.818158
96.967815
97.591445
96.942846
96.882318
96.274348
96.892407
96.965903
97.238389
96.839021
96.355054
97.366899
97.299477
97.400457
97.820467
97.225773
97.243474
96.166038
96.831370
96.649222
97.124942
96.823806
97.153442
97.048944
97.389131
97.326780
97.928592
97.419515
97.466943
97.257243
97.411680
97.349893
97.854447
97.351682
97.456974
97.301040
97.166674
97.051011
97.543926
97.056290
97.171170
97.117795
97.157993
97.102966
97.599464
97.109694
97.105566
97.101396
96.956440
96.844615
97.565118
96.914887
97.025130
97.140579
96.891813
96.842013
97.569009
96.823199
96.862948
97.021379
96.890019
96.831321
97.625466
96.673363
96.654144
96.235972
96.944108
96.963872
97.311228
96.804795
96.263418
97.369799
97.199459
97.055994
97.770979
96.806294
97.103553
96.015824
97.121010
96.813278
97.148582
96.733775
96.884107
97.027019
96.948249
96.988803
97.407569
96.913363
96.932395
96.876126
96.996950
97.012392
97.491787
97.056425
97.138362
97.051911
97.005147
97.055494
97.842492
97.050039
97.469784
97.239215
97.150563
97.020656
97.508319
97.098535
97.158180
97.096395
96.874681
96.786422
97.465630
96.735955
97.009731
96.953415
96.760561
96.782101
97.520368
96.769701
96.811862
96.830312
96.792117
96.854398
97.367040
96.748505
96.836226
96.144472
96.699467
96.692546
97.050362
96.600266
95.590004
100.000000
99.218549
97.625569
97.486202
96.016478
96.059493
96.142176
98.024857
98.774882
97.897379
96.731523
96.274701
96.562652
95.496695
96.001134
97.163815
96.334288
96.412975
97.065839
95.588913
95.412327
96.354314
96.091668
96.889818
97.918353
96.921299
97.390354
98.294001
98.128288
98.147992
98.512478
96.154389
96.202704
97.211858
97.618182
98.742385
100.000000
99.735986
99.179932
98.932474
97.710343
97.652393
98.662076
98.047673
98.340300
98.799484
97.941532
97.148724
97.270054
96.016928
95.956367
97.526199
96.367758
96.061239
95.463949
95.636468
96.081481
96.066624
95.567151
95.001409
98.272650
97.266879
98.070345
99.170476
98.007513
97.311234
96.449374
95.647980
96.374278
97.682513
99.161545
99.758961
100.000000
99.092786
99.150475
100.000000
99.830905
99.627689
99.575054
98.144263
97.247896
96.569499
95.488274
95.701024
96.701083
95.321561
95.515409
96.249661
96.740286
97.769018
99.193765
98.189621
98.051032
97.853565
97.097523
97.141092
98.768555
97.854267
97.842288
98.986969
98.612039
98.467803
99.087077
97.431479
96.216133
96.166181
95.506159
95.793258
97.183744
97.292260
98.022811
98.688661
95.836509
93.965378
93.321250
94.007380
93.483974
94.478695
95.239431
94.946365
97.725458
95.973125
95.715538
95.905578
94.139049
93.510813
93.318084
93.627221
94.005710
93.992082
94.760763
95.899723
97.893523
97.225879
97.517006
98.165980
97.662773
98.631939
100.000000
99.685833
99.460970
98.873137
96.468967
95.630973
96.196493
94.924123
95.293819
96.792016
97.314206
97.374933
98.058306
97.037684
96.922064
97.277426
96.225682
96.267071
97.273612
96.297419
96.616350
98.160787
97.190418
96.602162
97.182336
96.152922
96.661046
97.799314
97.422093
97.776080
98.319630
98.014413
98.636326
99.406723
98.466594
96.968766
95.495110
96.488987
97.560103
97.168757
96.854324
95.332840
97.144022
95.392402
95.039877
95.588017
95.486834
95.080570
94.569655
94.878220
94.950476
94.777023
95.929506
96.462540
97.595383
97.266477
97.643491
98.413355
97.544897
97.560822
98.531986
97.308277
97.586801
98.260111
97.935985
98.468022
100.000000
99.457498
99.335821
99.201719
98.219562
97.852599
98.182864
96.052821
95.450183
96.253118
96.018451
95.973350
96.424665
95.012381
94.763688
95.681594
95.137369
96.344130
97.620733
96.710855
96.991349
97.969773
98.453667
98.631744
98.832985
98.385244
98.682635
98.510638
98.268899
96.995557
96.358731
95.897285
95.270899
93.868519
95.112765
95.538772
98.051235
95.601284
94.764641
96.015694
96.854697
97.311998
96.014332
94.146826
93.592633
93.743530
94.550500
95.678079
96.782954
95.630797
94.996188
95.454098
95.123439
95.613614
97.081632
95.924306
96.594289
97.993599
97.698530
98.021916
99.205573
97.790591
97.412888
97.708167
96.734415
97.314200
100.000000
100.000000
97.682777
96.511523
96.139441
98.566097
97.589494
95.625417
95.460031
95.973172
95.370525
97.748463
98.209615
95.046354
94.621822
95.574160
95.636738
97.835382
97.654600
96.239999
96.177356
96.221999
96.566749
97.850045
97.080570
96.852026
96.582301
94.815698
96.311776
95.081032
97.770301
95.910942
95.021734
94.772195
95.257614
96.888748
96.744117
95.171246
94.050168
93.905201
94.559590
95.855832
96.684639
94.766791
94.509969
95.729506
96.930108
98.366584
98.531634
96.628454
96.424196
97.204210
97.288186
97.363733
98.109583
96.636114
96.330284
96.756936
96.196201
96.607399
98.147599
97.066507
96.542543
97.125545
96.819943
97.829499
98.569365
95.289398
95.100647
97.886334
98.725645
98.780839
99.297554
98.629479
98.507485
97.268203
96.264661
96.294694
96.385960
96.145865
97.777009
98.440509
98.086861
97.393046
95.943539
96.412594
96.507930
96.042304
97.069574
97.289497
98.274359
95.964511
95.425974
95.369809
94.621167
94.579913
93.660683
93.905801
94.488052
95.822578
96.019890
96.242771
97.125424
96.623803
97.351053
97.935125
96.702142
96.671768
97.694962
96.881821
97.064901
97.653709
96.995590
96.552860
97.416168
96.167436
96.665227
98.181985
98.314564
98.473524
98.872816
97.270956
96.795379
97.327875
97.521994
97.802668
98.178668
96.966434
96.383917
96.954882
98.138965
98.908346
98.685068
96.940962
96.605547
97.788371
97.607526
96.764253
96.793248
96.713757
97.516855
97.145008
97.080565
96.610408
97.205627
97.814191
97.516120
96.250223
96.808311
95.709761
97.818106
97.231648
97.524752
97.216583
95.169725
94.525342
94.084521
94.337238
94.326797
94.052984
94.396867
94.808095
95.848143
96.266358
97.912186
98.821117
97.280329
95.553253
96.107976
95.089390
95.438612
97.910780
98.801651
97.524780
97.535680
96.250970
96.269624
97.239116
97.441139
97.368672
97.743739
96.093058
95.889068
96.634169
96.337528
96.714588
97.431169
96.291691
96.336324
97.140461
96.783163
97.344859
98.094256
97.256437
97.317999
98.611124
99.157735
98.329695
96.884132
96.061971
96.097942
96.532754
97.767237
98.769006
98.374363
96.816368
95.775113
95.602780
95.982098
96.884093
99.370286
98.563925
97.216572
96.196285
94.702353
94.279917
94.123236
94.841884
95.077134
94.706578
94.988598
95.510501
97.302496
96.437962
95.711740
96.068378
95.641763
96.595314
97.756942
96.509112
96.038575
96.547979
96.698306
97.207918
97.993686
96.896280
96.654495
97.113516
96.228397
95.879531
96.745023
95.706387
95.600433
96.396474
95.912522
96.162916
97.461841
96.804415
96.950001
97.722971
97.290563
97.231935
97.859619
96.785037
96.695277
96.838237
96.828514
97.370285
98.249940
96.870011
98.509299
99.879614
99.394457
97.838809
95.773646
95.562411
95.668068
95.302046
97.618029
97.897612
99.807216
97.181886
95.680269
95.834804
95.720235
96.507443
97.129375
96.599962
95.803627
94.427555
94.860623
95.322230
96.465893
96.085838
96.112046
96.549446
96.585647
96.495326
97.491823
96.599042
96.975559
98.582923
97.443236
97.314605
97.760329
96.229033
95.311329
95.535067
95.644557
95.519904
96.369349
96.932810
98.039817
98.578849
97.658133
97.546242
98.876310
98.254563
97.127090
96.636312
95.991395
96.003750
97.446450
97.727041
97.114694
96.881183
96.336302
96.514486
96.938173
95.739403
96.927327
97.032803
96.572021
96.564367
95.820190
95.281558
96.555586
97.836334
100.000000
99.504492
95.945873
95.633172
95.034119
94.864608
93.953558
93.418862
92.949197
93.700669
93.760918
93.997221
94.620101
95.228459
95.950597
95.284833
95.203380
95.714644
95.458461
95.674917
96.416397
95.575189
95.372441
95.850305
95.490317
95.782990
96.466553
95.541492
95.374023
95.848118
95.587032
95.906924
96.490601
95.579134
95.336643
95.868876
95.803643
95.928115
96.579430
95.543396
95.258958
95.848617
95.818129
95.930598
96.485710
95.352188
95.171835
95.794436
95.868298
95.939643
96.332661
96.000584
95.782056
95.720189
95.122693
94.946704
94.576146
95.340125
95.318009
94.718277
94.860755
94.656971
96.845333
95.657719
95.188394
95.238100
94.062395
93.585607
93.166801
93.621514
93.663352
93.885352
94.445217
95.010953
96.009236
95.319272
95.152104
95.770179
95.436884
95.667220
96.470895
95.695783
95.479883
96.227973
95.516888
95.649059
96.421291
95.477480
95.120694
95.897048
95.261827
95.424720
96.398290
95.416429
95.149592
95.867124
95.377964
95.573471
96.386493
95.239070
95.133276
95.857468
95.143365
95.531328
96.365244
95.224572
94.990677
95.808865
95.633574
95.722705
96.109268
95.663675
95.734552
95.644598
95.483724
94.786294
94.250737
94.680826
94.592355
93.943648
94.622684
94.333000
96.662456
95.158214
94.558767
95.050655
93.612841
93.103382
92.886226
93.473117
93.494881
93.618296
94.139030
94.666902
95.725985
94.570411
94.352866
95.427681
94.566418
94.610496
95.679616
94.602011
94.361906
95.466631
94.564920
94.882197
96.069501
94.448208
94.072733
95.076723
94.272700
94.600650
96.048160
94.430420
94.046533
94.928637
94.005811
94.442492
95.577348
94.161467
93.879508
95.318081
94.027981
94.301591
95.392888
93.912165
93.598805
94.673339
93.670819
93.898822
94.883739
93.672331
93.455117
95.006159
93.184475
92.987760
92.753497
93.384960
93.704002
92.962284
94.091622
93.173597
96.552487
94.727650
93.871783
94.712201
92.993204
92.526901
92.347890
92.257357
92.346025
92.390721
93.011356
93.974541
95.370695
94.106768
93.863207
95.194023
94.044041
94.304951
95.293853
93.782496
93.556051
94.555296
93.635257
94.058395
95.294276
93.726107
93.522543
94.517237
93.713904
93.988989
95.305087
93.782401
93.413882
94.596506
93.682126
94.035322
95.395018
93.620556
93.623263
94.702503
93.929740
94.330023
95.754877
93.883073
93.452459
94.643300
93.484786
93.692431
94.925179
93.673098
93.480974
94.919955
93.125000
92.674137
92.169308
93.310286
93.460826
92.662393
93.881766
92.479429
96.339051
94.507989
93.829894
94.524625
92.850238
92.116085
92.182835
92.330945
92.371309
92.505543
93.285797
94.086624
95.392783
94.278697
94.088058
95.229289
94.332129
94.496090
95.535045
94.103519
93.790282
94.719188
94.188749
94.818260
95.844946
94.377799
94.098039
95.306252
94.284386
94.545815
95.597147
94.303863
94.047526
95.294787
94.195717
94.361402
95.524980
94.303004
94.002354
94.846528
94.176991
94.478687
95.856555
94.044794
93.750830
95.187400
93.725849
93.981513
94.939068
93.826930
93.606200
94.900877
94.168568
93.985497
92.710951
93.573272
93.901634
92.927855
93.941457
93.106538
96.277616
94.398151
93.720591
94.479558
92.757232
92.499432
92.261928
92.328538
92.360637
92.497217
93.264724
94.385724
95.364121
94.260130
94.121116
95.124803
94.235688
94.511791
95.398793
94.014254
93.834006
95.227604
94.151046
94.752623
95.915480
94.225758
93.822399
94.796899
93.976919
94.482813
95.589318
93.907833
93.536040
94.884727
93.994570
94.416428
95.627490
94.243513
93.928337
95.269066
94.262837
94.392896
95.496481
94.198836
94.046579
95.279577
94.141178
94.370965
95.474483
94.074742
93.827906
95.021819
94.451652
94.226244
93.462705
93.790908
94.056798
93.106711
94.146785
93.741522
96.135270
94.406589
93.502138
94.365221
92.798551
92.326004
91.962043
92.074436
91.967501
92.176518
92.828287
93.837259
95.211882
93.917197
93.759446
94.918664
93.989351
94.225641
95.203729
93.652244
93.338499
94.497790
93.758441
94.225216
95.575834
93.865298
93.692989
94.907190
93.758869
94.021126
95.295670
93.790831
93.494797
94.939801
93.754128
94.101236
95.311220
93.772346
93.513985
94.572280
93.836042
94.275943
95.557562
93.699160
93.280680
94.446928
93.288836
93.476769
94.726874
93.528395
93.380953
94.773119
94.074215
93.932602
92.456514
93.399734
93.792870
92.766536
93.713286
92.989670
96.062439
94.328197
93.410253
94.161226
92.590306
91.958515
91.710209
91.734063
91.837797
92.450668
92.919551
94.061294
95.132015
93.947505
93.739415
94.783742
93.959281
94.155336
95.238908
93.906463
93.594566
94.881490
94.183992
94.457750
95.653837
94.014173
93.624706
94.566012
93.887960
94.200857
95.636649
94.003404
93.661659
94.458858
93.777344
93.960178
95.259303
93.916906
93.681233
94.962044
93.834591
94.009319
95.032299
93.824928
93.654465
94.970293
93.919726
94.797418
95.017300
94.647718
94.405344
94.887913
94.292658
94.042728
93.255098
93.927994
93.908092
93.260674
93.999054
93.633238
96.191020
94.629292
93.953472
94.287148
92.825915
92.205474
91.640261
92.101602
92.281749
92.517316
93.291174
94.030233
95.289949
94.321112
94.143124
95.078065
94.461900
94.649055
95.492458
94.483890
94.385440
95.250881
94.686057
94.960788
95.978746
94.666187
94.568210
95.315305
94.756217
95.109700
96.070706
94.692291
94.385567
95.049690
94.659320
95.039304
96.192241
94.782670
94.529794
95.450409
94.625071
94.889226
95.861824
94.698245
94.470049
95.508322
95.327128
95.464930
95.882623
95.536957
95.478096
95.426740
95.296713
94.613470
94.133233
94.591122
94.542304
94.031526
94.605518
94.440381
96.551125
95.351173
94.881432
95.266354
93.918180
93.349822
93.029402
93.577458
93.606708
93.804232
94.448314
95.130899
95.915842
95.035353
94.903546
95.596766
95.108694
95.308462
96.049459
95.202646
95.066776
95.765563
95.386853
95.658670
96.514012
95.548431
95.298238
95.895805
95.480031
95.654504
96.536609
95.604184
95.372246
95.965492
95.660537
95.811149
96.656227
95.726707
95.503716
96.065602
95.736901
96.111621
96.625499
95.667231
95.511573
96.029055
95.899292
96.077057
96.396210
96.101159
95.654800
95.864347
95.418558
95.203911
94.822748
95.104242
95.096770
94.963155
95.069193
94.398106
97.622416
96.596512
95.718401
95.126264
93.888292
93.246805
93.191685
93.568355
93.773612
94.139858
94.873500
95.129210
96.017962
94.861309
95.012317
96.302415
96.121217
96.173042
96.738316
95.181873
94.381647
94.513906
94.101071
94.459218
95.487436
94.041971
93.686586
94.115598
93.955103
94.442069
95.645426
94.126756
93.901169
94.581789
94.380356
94.808262
95.920062
94.628706
94.109772
94.659931
94.569943
94.729055
95.968906
94.410269
93.913608
94.098479
93.633997
93.509846
94.341510
93.228142
93.023872
93.470250
92.380376
91.818592
91.956441
92.151892
92.225669
92.314877
91.762051
91.599404
96.836706
95.641667
94.996142
94.585493
93.311491
92.692941
92.557668
92.696626
92.881716
93.027894
94.077410
95.122556
96.767043
95.632541
95.478485
96.048855
95.310542
95.607646
97.162968
95.917013
95.698801
96.225511
95.030445
95.476474
96.724466
95.249333
94.558730
95.484726
94.948479
96.356138
98.311754
96.484607
95.833001
96.177530
95.622931
95.768043
96.822158
94.911219
94.159628
94.195977
93.499495
93.726768
94.929193
93.622883
93.389865
94.079968
93.583504
93.858368
94.870168
93.325899
93.034933
93.492583
92.762367
92.457679
92.251462
92.100944
91.628538
92.119043
91.666633
91.749355
97.429310
95.393676
94.204575
93.564280
92.176922
91.526270
91.240109
91.327068
91.395953
91.879114
93.260853
94.080826
94.784922
93.397558
93.305834
93.849819
93.678162
94.074151
95.156259
93.475982
93.599404
94.534553
94.288498
94.847542
96.114734
94.386125
93.611097
94.000769
93.423097
93.916008
95.582505
95.236816
95.719002
95.937208
94.825305
95.280490
96.591362
94.345644
93.948647
94.570964
93.694154
93.924363
95.439222
93.555718
93.148716
93.759525
93.089168
93.324011
94.674353
93.468888
92.866656
93.491342
92.222528
91.743934
92.303728
92.740958
93.116553
91.965475
90.555121
90.505632
96.141013
95.405192
96.422741
97.407416
94.926251
92.659978
91.654879
91.788978
92.454388
93.665862
94.312183
94.411775
95.379368
94.104489
94.466333
95.736469
94.623192
93.845864
94.611605
93.157466
93.498640
94.871948
94.080174
94.168771
95.328484
93.606815
94.275189
95.424663
93.930483
94.260222
95.663229
94.686417
93.987277
94.235054
93.808760
94.475298
96.631700
95.472314
94.514087
94.261839
93.792433
94.067509
95.500791
93.766372
93.128189
93.700348
93.192393
93.667805
94.968109
93.022925
92.645653
93.466860
92.662330
92.651331
93.601025
92.947179
91.862754
91.846870
92.182221
91.970780
96.847443
94.967627
93.980068
93.374686
91.982031
91.464713
91.615179
91.962535
91.713251
91.704551
92.628454
93.784006
95.172277
93.475534
93.009476
93.795232
93.586962
93.979925
95.139446
93.507875
93.289009
94.157598
94.331545
94.615139
95.183148
93.749302
94.672919
95.982829
94.907783
95.227186
96.449273
95.868733
96.332636
96.379609
94.885308
94.642730
95.819878
94.127482
94.011023
94.580809
93.629278
93.556827
94.663922
93.211438
92.829300
93.403498
92.775387
92.929756
94.283650
93.788261
93.475185
93.084914
91.871668
91.570264
91.838153
91.292014
91.352034
92.281503
92.533342
92.731139
97.207844
94.827359
93.788562
93.531070
92.539358
91.527907
90.770844
90.865386
90.938105
91.130541
92.037574
93.369976
95.475068
94.551829
94.046764
94.280762
94.072458
95.209000
96.676724
93.626425
93.442689
95.918667
95.755441
94.893364
95.362790
93.741740
94.057610
95.507395
95.041341
94.500223
95.330234
93.512575
93.134630
93.715221
93.628339
93.690542
95.083054
93.912468
94.079493
94.169929
93.708952
94.682721
95.900041
93.625182
92.864262
93.593903
93.821077
93.702667
94.959787
93.534062
93.435330
94.124723
92.767396
92.103072
92.284499
92.023794
92.189335
92.743773
91.703553
91.830722
96.330581
94.250720
93.265766
92.856812
91.636528
91.492598
91.438096
91.498307
91.641118
92.048061
93.087317
93.748089
94.614508
93.348663
94.493356
95.503377
94.768294
94.666103
95.820602
94.512560
94.625094
94.864205
93.813833
93.953991
95.418547
94.030074
93.511226
94.114631
93.807819
94.101625
95.238810
93.689820
93.388083
93.950472
94.057336
94.950971
95.477885
93.584773
93.377454
94.774996
94.428421
94.014676
94.755850
93.247899
93.095488
93.760146
93.700777
93.541120
94.521232
93.024728
93.317466
94.126083
92.789139
91.939308
92.251768
92.039904
92.359649
92.747543
92.655246
93.744090
99.258277
97.563800
96.679885
96.425132
96.068221
95.508123
94.069591
92.204076
91.443764
91.771798
92.678483
93.528457
94.643361
93.344334
93.320434
94.274012
94.195107
95.174065
96.860889
95.593777
95.243188
95.437699
94.649092
94.814634
95.948307
94.430716
94.601081
95.500602
95.767501
96.044702
97.113543
95.443712
95.238483
96.618544
97.314033
98.363857
99.671836
97.059753
95.822044
96.470928
95.969547
96.411039
98.158077
97.162558
97.270999
97.595890
96.405423
96.509933
98.179524
97.302827
97.420886
97.833601
96.340747
95.423602
95.068619
95.368340
96.182169
96.691915
96.794410
96.749695
99.565402
95.451254
93.550330
93.606474
93.137403
93.542614
93.681846
93.500278
92.858946
92.359013
93.212210
94.574412
96.771750
96.270225
96.807036
97.413804
96.213799
95.710757
96.154020
94.780667
95.308746
96.525427
95.663600
96.214511
97.299298
96.102831
96.061796
96.751453
96.926536
97.486783
98.455429
95.958153
94.492979
93.729671
93.491434
94.040904
95.579048
94.838329
95.180946
96.093967
94.917952
94.389238
95.205402
93.354389
92.869543
93.592560
93.725932
94.577439
95.603483
93.225231
92.621384
93.734168
92.567728
93.151233
92.838027
92.095004
92.291617
93.513673
92.610314
91.771313
96.759771
95.286159
95.538301
95.146783
92.785640
91.627207
91.216994
91.607069
92.172206
92.595697
92.919425
93.548537
94.701630
93.240982
92.713811
93.261166
93.496825
93.553608
94.410944
93.067347
92.729799
93.570312
93.940568
94.180244
95.025826
93.732576
94.002750
95.730533
95.413081
94.644228
95.266215
93.798041
93.715100
94.334653
94.342219
94.142864
95.084227
93.708986
93.593100
94.140126
93.677320
93.818162
95.014024
93.694882
93.663323
94.505222
93.662471
93.338642
94.353086
93.311732
93.513251
94.546421
93.350204
93.225250
93.511248
93.813639
93.678175
93.301963
92.569504
93.284357
