98.721133
98.745323
98.642694
98.493188
98.020782
97.975174
97.656224
97.982271
98.008824
98.017742
98.121223
98.178876
98.435343
98.303220
98.236181
98.750760
98.257273
98.246728
98.553373
98.321272
98.257185
98.714934
98.343043
98.383443
98.719117
98.235819
98.240334
98.772326
98.265687
98.153166
98.529615
98.153407
98.061048
98.616518
98.166131
98.204830
98.219718
98.169008
98.026206
98.392921
98.184996
98.282257
98.336094
98.208712
98.042671
98.464822
98.286857
98.242404
98.265991
97.919996
97.874789
98.371128
97.821320
97.784459
97.609091
97.768270
97.628654
97.614907
98.032743
97.186283
98.750783
98.422104
98.185913
98.308792
97.654720
97.672584
97.111619
97.860470
97.621473
97.787096
97.959173
98.007196
98.381934
98.138432
98.025189
98.491363
98.181918
98.225456
98.536330
98.167346
98.106209
98.562640
98.275602
98.315752
98.456563
98.227046
98.148934
98.552100
98.249126
98.167532
98.603600
98.098071
98.126324
98.623972
98.446405
98.410746
98.511416
98.280889
98.187013
98.544733
98.131027
98.307913
98.476384
98.236285
98.128127
98.484450
98.062024
98.190395
98.326325
98.121807
98.249085
98.600076
98.435164
98.413152
97.767964
98.329301
98.379951
98.220157
98.410676
97.845445
98.576385
97.868709
97.741161
97.629798
97.144301
97.045731
96.742759
97.127280
97.153326
97.201475
97.421157
97.487611
97.945676
97.689928
97.565672
97.857241
97.676555
97.653380
98.113214
98.010062
97.873230
98.322525
98.007180
98.150478
98.228195
98.068143
97.954569
98.390318
98.052701
98.313789
98.387436
98.109924
98.107704
98.421252
98.185539
98.363650
98.502741
98.129940
98.149733
98.538793
98.167248
98.300195
98.521564
98.103241
98.203542
98.493088
98.423882
98.478424
98.413221
98.287465
98.317230
98.523602
98.160254
98.145216
97.847356
98.429478
98.357804
98.385627
98.137980
97.725533
98.452698
98.031641
97.779788
97.751649
97.213454
97.065459
96.441305
97.235051
97.166270
97.223882
97.530768
97.744413
98.040784
97.783118
97.662268
98.211408
97.845071
97.850557
98.175961
97.960133
98.016566
98.336429
97.911410
97.866137
98.298696
98.036432
98.079353
98.403988
98.137879
98.204514
98.429027
98.064997
97.922302
98.456993
98.195732
98.350705
98.422988
98.162319
97.986814
98.437335
98.050940
98.360241
98.488006
98.150227
98.003296
98.411347
98.422572
98.342455
98.382502
98.246118
98.339247
98.520706
98.133638
98.020137
97.757919
98.063219
97.980557
98.069353
98.002614
97.696402
98.475929
98.108463
97.867618
97.647792
97.097283
97.006182
96.636960
97.103011
97.077715
97.195676
97.487339
97.480674
98.008883
97.647830
97.634782
97.889363
97.764468
97.933659
98.118898
97.875980
97.777591
98.122385
97.897262
98.002143
98.308530
97.932439
97.964212
98.409309
98.102085
98.211677
98.385329
98.189028
98.102264
98.430626
98.128181
98.324022
98.473963
98.161720
98.091169
98.451159
98.146825
98.395208
98.405537
98.133723
98.060096
98.485850
98.328519
98.473458
98.522794
98.347078
98.456958
98.579505
98.229551
98.155508
97.761201
98.291091
97.998645
98.083377
98.076433
97.679138
98.554316
97.951056
97.739421
97.772181
97.214925
97.155786
96.855479
97.233609
97.067963
97.240433
97.645365
97.746989
98.111546
97.782408
97.732432
98.115373
97.914962
97.971322
98.205798
98.022245
97.896988
98.346463
98.092576
98.164046
98.307625
98.083687
97.902592
98.390554
98.042251
98.031889
98.477091
98.089706
97.956515
98.474640
98.112783
98.188129
98.383601
98.231832
98.090536
98.479236
98.157707
98.348685
98.510723
98.172330
98.082940
98.357744
98.429547
98.399551
98.358328
98.443527
98.325528
98.450679
98.331206
98.093601
97.746101
98.032712
97.960772
98.010300
97.999129
97.455590
98.292872
97.789333
97.671353
97.658172
97.194529
97.105475
96.722926
97.124131
97.072301
97.108447
97.638823
97.676228
98.022024
97.753418
97.681987
97.949772
97.729853
97.806658
98.173558
97.867388
97.815844
98.268005
97.942511
97.964865
98.113079
97.969291
97.909110
98.314115
97.930080
97.914198
98.250203
97.961940
97.972309
98.296416
98.018808
98.228018
98.266400
98.093194
97.968113
98.401175
98.135211
98.204296
98.347669
98.127029
98.009641
98.350039
98.194233
98.387355
98.392631
98.392461
98.373234
98.479028
98.272479
98.251341
97.657871
97.999386
97.865995
97.891075
97.895007
97.540096
98.468335
98.036607
97.600130
97.598406
97.112749
96.875487
96.496618
97.115178
97.022030
97.264886
97.631465
97.660046
98.076169
97.748271
97.652657
97.845897
97.987283
97.992681
98.177551
97.855460
97.833422
98.171382
97.933333
98.069254
98.323369
98.067693
97.858156
98.394221
98.015336
98.042530
98.504968
98.120614
98.026465
98.405983
98.107742
98.071924
98.454479
98.179165
98.153613
98.432492
98.187726
98.300595
98.317900
98.124707
97.878351
98.431696
98.205552
98.363132
98.291425
98.250233
98.342458
98.443558
98.239214
98.006872
97.730139
98.036881
98.011505
98.055950
97.966503
97.528920
98.367502
97.827731
97.598695
97.367378
96.951993
96.691175
96.427986
96.885427
96.742596
96.910914
97.172409
97.440571
97.834559
97.508801
97.539626
97.910825
97.675799
97.651277
98.047034
97.912556
97.834410
98.315754
97.922931
98.001789
98.274694
97.962331
97.981339
98.380314
97.958783
98.024286
98.300711
98.023654
98.036866
98.345411
97.887948
98.151024
98.287890
97.930962
97.903125
98.185648
98.187448
98.182139
98.337207
97.962078
98.006358
98.238064
98.359597
98.352687
98.315178
98.183519
98.327525
98.429757
98.045779
98.125274
97.713031
98.013755
98.001065
98.008938
98.008063
97.491058
98.238475
97.863754
97.543581
97.430582
97.012551
96.763797
96.613223
96.831896
96.878080
96.946876
97.146612
97.385177
97.793889
97.638163
97.406042
97.743408
97.570039
97.729014
98.133064
97.771635
97.849845
98.288277
97.870948
97.839283
98.197913
97.867175
97.930596
98.264495
97.949541
98.092228
98.212537
97.957695
97.941980
98.156640
97.858933
98.105930
98.248201
98.002487
97.826732
98.225307
98.084595
98.055527
98.359674
97.974051
97.949804
98.179598
98.212438
98.257575
98.234183
98.213431
98.253555
98.385213
98.257077
98.194171
97.660394
97.911235
97.953840
97.914390
97.964966
97.218729
98.033891
98.906494
98.812258
98.976699
98.681331
98.492766
97.269450
99.075652
99.168333
99.218607
99.387457
99.493336
98.827481
100.000000
100.000000
100.000000
99.884295
99.606389
98.517248
99.644161
99.726938
99.858717
99.802152
99.842148
98.901646
99.636959
99.524837
99.554500
99.679350
99.784827
98.775734
99.643084
99.713564
99.789109
99.748209
99.683381
98.579816
99.349193
99.485053
99.930054
99.560657
99.806217
98.642730
99.511047
99.391693
99.744971
99.402658
99.418458
98.394416
99.537370
99.516133
99.916702
99.547571
99.505755
98.037119
99.212702
99.204463
99.528922
99.276933
98.042209
98.185789
99.337773
99.315819
99.414151
99.237730
99.305455
97.403883
99.247521
99.288964
99.315722
99.470304
98.946601
97.624280
98.804924
98.661024
98.791653
98.586923
98.496656
97.194367
98.612721
98.808201
98.994561
98.800347
98.795862
97.521743
98.726631
98.444221
98.915500
98.409675
98.205170
96.429571
97.921520
97.950824
98.008814
97.440247
97.613586
96.438527
97.937110
98.185687
98.285574
98.053509
97.940386
96.369710
97.656023
97.608255
97.671994
97.474990
97.456345
95.813475
97.154143
96.785700
97.449184
97.012335
97.078547
95.608947
97.136006
96.930155
96.838720
96.772698
95.039089
95.947452
96.654900
96.397412
96.480736
96.387758
95.952643
94.207019
95.776101
95.805642
95.876406
96.114950
96.230983
94.647530
95.966711
96.151186
96.570277
96.586593
96.756776
95.509521
97.291696
97.362731
97.543120
96.714470
96.990569
95.875495
96.941178
96.938866
97.201280
96.994751
97.122366
95.378783
96.978295
96.926406
97.067129
96.495736
96.299786
94.835673
95.829132
95.707452
96.440373
95.622511
95.407949
94.176881
95.218758
95.036171
95.882633
94.807447
94.660222
93.605699
93.793592
93.459831
94.367943
94.032240
94.062040
92.098603
93.334426
93.529685
94.206123
93.668332
93.164940
94.558116
94.656338
94.559009
94.831673
93.848581
93.946274
92.648886
94.347938
94.312315
94.301088
93.723212
93.835766
93.008859
94.011608
94.264467
95.216033
94.756277
94.844680
93.200537
94.098746
94.117126
95.358985
94.367392
94.240319
93.294754
94.162352
94.208854
95.438815
94.331086
94.348737
93.293528
94.389300
94.154485
95.403163
94.262524
94.102731
92.660475
93.672388
93.680907
94.848107
93.808225
94.112272
93.399649
94.084923
94.117034
95.372806
93.311187
93.567149
93.735444
94.273183
94.272247
95.448995
94.269737
94.242881
92.308564
94.040283
93.932254
94.662873
94.040197
92.169429
94.321941
93.856720
93.069114
94.178022
92.866917
92.764519
91.539521
93.655267
93.733471
93.677838
92.798463
92.556403
92.157839
92.538004
92.599673
94.007480
92.857876
92.964966
92.577794
92.971741
92.942779
94.115412
92.966139
92.858196
92.519607
93.132369
93.164388
94.428701
93.101104
93.067349
92.851024
93.232430
93.144735
94.438554
93.170490
93.223218
92.865233
93.124084
93.220204
94.435556
92.153524
93.350701
93.199240
93.447905
93.466011
94.663199
93.232846
93.327863
93.313144
93.789810
93.822760
95.066682
93.910798
94.082057
93.707865
94.119569
94.105531
95.232039
94.607689
94.036165
95.763367
93.130171
93.029094
95.550011
94.113219
92.484628
92.954438
92.526919
92.408855
94.473708
92.187879
93.289350
92.787384
92.101345
92.141256
94.705805
91.924960
91.893809
93.070459
92.007541
92.089265
94.663055
92.026841
92.016987
92.670400
92.098750
91.860068
94.304076
91.774560
91.777242
92.701259
91.758307
91.796657
94.582050
92.110533
92.038022
92.624458
91.926119
91.961611
94.514993
92.181661
92.487099
93.182672
92.284794
92.176635
93.709403
92.098109
92.204864
92.963556
92.306076
92.310333
93.848544
92.153342
92.205122
92.189448
92.369355
92.081727
93.419329
92.194013
92.130733
94.264235
92.014014
92.224257
94.890295
92.376862
92.213675
92.031593
92.048197
92.027156
93.328967
92.285831
92.189720
93.096966
92.096316
92.151033
94.107160
92.469874
92.575288
93.394412
92.451298
92.531971
94.304064
92.558098
92.824603
93.151109
92.943184
92.912341
94.575184
92.783728
92.682943
93.598799
92.784043
92.584156
94.387590
92.569937
91.562270
93.488011
91.561344
91.284411
94.172663
91.156685
91.118708
92.415199
91.253199
91.513392
94.348101
91.411876
91.405798
92.357978
91.097206
90.942083
93.823665
91.394125
91.460076
92.021892
91.707500
91.832564
94.132012
91.886143
92.041840
94.667722
92.150228
91.726589
94.294509
91.334538
91.264689
92.019031
91.531004
91.494960
93.487643
91.553906
91.450612
92.523276
91.626185
91.568910
94.077797
91.426056
91.436034
92.582287
91.569745
91.692848
94.440960
91.527761
91.631984
92.796698
91.540580
91.568096
93.222460
91.546806
91.629293
92.939042
91.614567
91.772646
94.575129
92.096378
92.053500
93.071048
92.107212
92.341810
95.091180
92.376370
92.321632
93.305653
92.124139
91.791108
93.288740
91.991305
91.990588
92.935449
92.015772
91.738460
94.374778
91.669897
91.532257
91.361991
91.551888
91.599773
94.034165
91.823203
91.952034
94.400965
92.054381
91.984833
94.988055
92.411111
92.091386
92.071554
91.882602
91.736560
93.608706
91.367383
91.479911
92.471406
91.465377
91.235344
93.678683
92.065043
92.175253
91.970711
90.792637
90.748271
93.399155
90.679421
90.733205
92.169336
90.796150
90.678398
93.418243
90.684753
90.849045
92.338247
90.769425
90.847903
93.672326
90.649096
90.795986
91.823986
91.375902
91.791143
94.713855
91.785474
91.280408
92.770255
91.072043
91.158313
93.719346
92.957070
94.067091
94.343781
93.690777
93.736998
96.083806
94.302452
94.425406
94.431360
95.773791
95.745863
96.725753
96.025169
95.308409
97.151326
98.251980
98.368953
99.156357
98.283218
98.330995
96.402259
98.526678
98.660747
99.415885
99.653033
99.704889
98.141039
99.285615
99.407291
100.000000
99.037038
98.796861
97.565936
97.666237
97.019801
99.091869
96.448968
96.195669
96.415342
95.955201
95.063899
97.260060
95.073084
95.270330
95.356603
94.914340
94.706805
95.728810
94.438472
94.334388
94.119109
94.148055
93.941377
95.314065
93.995474
94.088181
93.873538
92.729923
92.672641
95.194027
92.636755
93.781582
93.577084
93.605869
93.838733
95.291592
93.686489
93.451920
92.474345
92.113190
92.096518
94.231761
92.183403
92.887166
95.273133
95.067912
94.591390
94.371027
93.870530
93.676205
93.341215
94.061323
94.228925
94.135175
94.465987
94.560461
95.106682
95.312028
95.393784
95.823833
95.516264
95.617983
95.864708
96.096529
96.176625
96.566167
96.362192
96.817770
96.540093
96.936260
96.929855
97.456737
97.288944
97.258555
96.777298
97.023364
96.775068
97.885380
97.247198
97.543815
97.104886
97.085899
96.847206
97.870697
97.188626
97.500359
97.274837
97.116210
97.147942
97.889956
97.126999
97.564780
97.264945
97.453048
97.406496
98.291706
97.190283
97.713157
96.884515
97.292917
97.101126
97.605833
97.596157
97.070853
97.591490
97.374393
97.098241
97.820823
96.852155
97.196966
96.053137
97.212695
97.241691
97.158525
97.070527
97.074593
97.043113
97.307947
97.208804
97.787167
97.316186
97.369403
97.056364
97.280875
97.253544
97.817709
97.363692
97.430232
97.285502
97.750838
97.720554
98.365479
97.572600
97.664193
97.548506
97.545219
97.533349
98.010381
97.498287
97.672545
97.404038
97.620419
97.541505
97.954139
97.492110
97.546968
97.444882
97.261022
97.140344
97.959791
97.178253
97.328157
97.398292
97.199697
97.193115
97.955206
97.053508
97.359972
96.541263
97.329744
97.480162
97.702672
97.132121
96.673354
97.564332
97.426558
97.293329
97.909273
97.279220
97.260672
96.256413
97.286674
97.314531
97.230592
97.425879
97.252935
97.276029
97.495199
97.340225
97.878057
97.459079
97.450634
97.161408
97.484208
97.479970
97.914765
97.473213
97.558318
97.336518
97.540601
97.447298
98.237017
97.687748
97.732460
97.462304
97.195154
97.137679
98.280672
97.179710
97.455850
97.351006
97.406572
97.321936
97.876181
97.390336
97.374003
97.325894
97.178822
97.083628
97.763669
97.081414
97.155813
97.284582
97.052912
97.084568
97.840373
96.993494
96.902132
96.500168
97.198904
97.227354
97.494280
96.932084
96.468792
97.302913
97.168593
96.977881
97.714420
97.118438
97.133255
96.022340
97.129570
97.170499
97.054834
96.932119
97.098964
97.135450
97.318318
97.271422
97.793499
97.255685
97.281382
97.028934
97.394919
97.334024
97.832735
97.340524
97.327607
97.198373
97.620177
97.572907
98.150319
97.377610
97.464215
97.346718
97.468506
97.401584
97.850767
97.346311
97.660801
97.239375
97.463803
97.209336
97.913778
97.172671
97.494290
97.409059
97.267224
97.217775
97.961216
97.369996
97.443325
97.156131
97.437711
97.328499
97.862963
97.282568
97.319780
96.714894
97.312905
96.933566
97.530516
96.887897
96.704697
97.525713
97.534134
97.460953
97.840468
97.218651
97.158999
96.121421
97.182394
97.259382
97.144608
97.099982
97.408184
97.200962
97.639035
97.605992
98.122110
97.599018
97.704763
97.205327
97.421359
97.331438
97.842593
97.356375
97.671878
97.212362
97.648349
97.386775
98.213381
97.393750
97.467076
97.375033
97.452476
97.380880
98.146068
97.384370
97.488338
97.401946
97.415863
97.391304
97.833217
97.317402
97.412204
97.171018
97.051485
97.040851
97.784789
97.295501
97.380008
97.139318
97.345246
97.288457
97.834309
97.290539
97.325141
96.523500
96.951145
96.926128
97.588003
96.921949
96.439823
97.578542
97.541863
97.376182
98.147456
97.149995
97.556971
96.399972
97.581554
97.305830
97.504037
97.073833
97.160485
97.385207
97.482069
97.427932
97.553494
97.360877
97.471294
97.160946
97.377688
97.364404
97.991672
97.369668
97.434497
97.246795
97.418127
97.377515
98.216892
97.384343
97.711419
97.359222
97.448907
97.152184
97.901316
97.306567
97.532543
97.405596
97.445893
97.367537
97.820441
97.380723
97.450353
97.253196
97.140455
97.090318
97.806467
97.085161
97.121961
97.288523
97.135540
96.974562
97.786055
96.929991
96.891702
96.472837
97.199772
97.215743
97.488437
97.172729
96.463317
97.289114
97.115761
96.940265
97.657337
97.086152
97.107628
95.917010
97.075270
97.133108
97.014773
97.178048
97.253920
97.055119
97.485227
97.410760
98.073479
97.495370
97.507254
97.157086
97.283546
97.147523
97.647099
97.189202
97.533872
97.163565
97.540745
97.178647
98.014776
97.310845
97.442555
97.342197
97.468232
97.380662
98.138775
97.352248
97.409392
97.323260
97.352992
97.365981
97.837517
97.392362
97.416641
97.193167
97.092889
97.087352
97.804142
97.294253
97.339690
97.098796
97.293499
97.316729
97.823435
97.270510
97.190847
96.512404
96.886986
96.922043
97.556968
96.935761
96.504347
97.609986
97.586103
97.382827
98.125291
97.131275
97.529872
96.345499
97.149381
97.209911
97.464227
97.118855
97.422126
97.287576
97.627882
97.578680
98.117829
97.267100
97.398805
97.185278
97.286169
97.281273
97.835746
97.643205
97.720965
97.209603
97.110422
97.058854
98.145532
97.134088
97.512791
97.338530
97.384818
97.333503
97.817747
97.416032
97.593116
97.404207
97.182424
97.153699
97.876077
97.115341
97.254960
97.160984
97.127087
97.082559
97.878432
97.160971
97.193226
97.204854
97.094669
97.040724
97.904804
96.989154
97.365625
96.580119
97.286976
97.356439
97.638970
96.947378
96.641894
97.351329
97.487472
97.390529
97.815945
97.227965
97.269830
96.139412
97.204229
96.902592
97.130048
97.343822
97.423299
97.140674
97.679661
97.643787
98.221561
97.695118
97.707157
97.274228
97.420359
97.348615
98.164619
97.351255
97.732812
97.281875
97.628525
97.322971
98.173712
97.409025
97.501167
97.392025
97.499552
97.450356
98.218709
97.711463
97.697868
97.395618
97.246483
97.171320
97.931474
97.259779
97.562335
97.463255
97.450853
97.412513
97.895576
97.386285
97.437609
97.243782
97.194879
97.155221
97.950875
97.036045
97.009425
96.511218
97.312472
97.364733
97.632861
97.207413
96.521595
97.381028
97.213139
97.074278
97.804065
97.160630
97.142809
96.016356
97.131874
97.210864
97.173520
97.010287
97.410320
97.145399
97.338174
97.349300
97.789667
97.262703
97.321212
97.076382
97.346600
97.363747
97.825751
97.368447
97.480449
97.254616
97.631695
97.639715
98.529459
97.431576
97.532451
97.425021
97.501012
97.359049
97.834358
97.641390
97.733343
97.240608
97.108950
97.067115
98.139783
97.066256
97.364103
97.260786
97.376664
97.376444
97.852633
97.352958
97.388309
97.195243
97.131019
96.968984
97.730293
96.825418
97.284862
96.651196
97.089430
97.149132
97.419128
96.718593
95.920408
100.000000
99.597959
98.092070
98.026441
96.814257
96.864308
96.629674
98.752502
99.489751
98.596223
97.063756
96.563710
97.165012
96.355386
96.619005
97.279560
96.882001
96.896222
97.380645
96.062752
96.276771
96.956756
96.900188
97.487256
98.379661
97.373150
97.855530
99.148615
98.801246
98.810669
98.765167
96.769906
96.685502
98.175944
98.106916
99.226185
100.000000
100.000000
99.777517
99.945886
98.284375
98.170357
99.281982
98.587507
98.946066
99.766752
98.452906
97.607760
97.707855
96.579797
96.569030
98.075753
96.999419
96.750515
96.044199
96.346918
96.759709
96.817259
96.318935
95.646976
98.272650
97.428039
98.299188
99.655478
98.420660
97.902224
96.830960
96.274257
96.947828
98.225854
99.537909
100.000000
100.000000
99.482343
99.576674
100.000000
100.000000
100.000000
99.866425
98.675539
97.786120
97.687447
96.068419
96.109063
97.037338
96.035653
96.367922
97.396711
97.340731
98.412217
99.746599
98.972531
98.903208
98.877782
97.905695
97.853297
99.136189
98.501498
98.677493
99.967520
99.366633
98.979973
99.421018
97.976915
97.138370
97.413806
96.459830
96.650350
97.589436
98.105556
98.909714
99.721295
96.577647
94.808751
94.018789
94.905898
94.290980
95.218514
95.681244
95.358260
97.993142
96.595250
96.513164
97.117621
95.230584
94.789559
94.398604
94.939163
95.316469
95.250329
95.928576
96.819842
98.666523
98.260090
98.574172
99.284067
98.554231
99.439950
100.000000
100.000000
100.000000
99.927892
97.154292
96.351957
96.945100
95.627130
96.057686
97.920061
98.228804
98.218976
98.736205
97.842620
97.548553
97.993261
96.885276
96.956404
98.031149
97.131148
97.527639
98.842678
97.854462
97.349273
97.927099
96.880630
97.290823
98.471430
98.077879
98.099137
98.975971
98.262093
98.845225
100.000000
98.694188
98.173699
96.419381
97.735596
98.964008
98.473977
98.292794
96.241421
97.508074
96.101918
95.895840
96.875815
96.613284
96.363977
95.597024
96.041831
96.043033
95.892415
96.893180
97.208179
98.085820
97.770991
98.150359
98.992205
98.032028
97.969516
98.905094
98.022276
98.446706
99.281566
98.599589
99.064456
100.000000
100.000000
100.000000
100.000000
99.018238
98.650020
98.812356
96.930045
96.401277
97.460068
96.922065
96.860243
97.126436
95.647012
95.472801
96.398996
96.077461
97.070908
98.472448
97.457392
97.515212
99.082136
98.449446
99.368587
99.418116
98.657006
99.427358
99.566686
98.887498
98.284815
97.109602
97.237646
96.678857
95.038826
96.556615
96.201384
98.051235
95.809005
95.166558
97.116268
97.831305
98.401829
96.869384
95.296591
94.829785
94.924458
95.622370
96.559972
97.520422
96.599321
96.003576
96.705920
96.116233
96.494094
97.812974
96.895581
97.578439
99.046268
98.533477
98.822704
99.800031
98.686874
98.379770
98.798743
97.680159
98.162812
100.000000
100.000000
98.249530
97.283387
96.807447
99.531196
98.362572
96.359312
96.131278
96.671458
96.090530
98.438357
98.968237
95.772474
95.334670
96.288314
96.294442
98.166034
98.336954
96.326824
97.267298
97.444107
97.775567
99.142275
98.016341
97.719295
97.306592
95.715735
97.025670
96.022960
98.126021
96.563691
95.919500
96.413148
96.362972
98.015563
97.666850
96.285995
95.200190
95.027643
95.601096
96.777066
97.520474
95.783189
95.523958
97.002432
97.842626
99.263398
99.259274
97.549608
97.308486
98.251825
98.141665
98.194307
98.751621
97.516079
97.225988
97.894011
97.122827
97.492316
98.826790
97.763309
97.448478
98.256123
97.708148
98.593695
99.164869
95.834925
95.966532
98.487903
98.920225
98.913975
99.646118
99.034213
98.871863
97.795963
96.833811
96.913267
96.777835
96.674354
98.690576
99.385733
98.704291
97.991134
96.452703
97.025440
97.125692
97.042613
98.248875
97.741667
98.619511
96.712094
96.442064
97.019709
96.053274
96.083711
95.031060
95.324109
95.846363
97.110398
97.095766
97.133584
97.902556
97.494016
98.207699
99.106394
97.510668
97.412705
98.420172
97.709003
97.923355
98.676631
97.721903
97.309507
98.045819
96.899965
97.398292
99.150541
98.822174
98.756717
99.383667
97.939038
97.530158
98.305509
98.222551
97.978422
98.668202
97.679805
97.156974
97.991008
98.407517
99.123731
99.174541
97.639946
97.408413
98.732037
97.826661
97.492763
97.313493
97.155484
98.437769
98.176993
97.697831
97.730143
97.722252
98.440093
98.219553
96.927753
97.533987
96.928485
98.159560
97.648666
98.267482
98.350723
96.128041
95.693015
95.066541
95.468453
95.423079
95.131282
95.432438
95.659866
96.651599
97.125873
98.765613
99.981943
98.070551
96.339772
96.918143
95.944281
96.291442
98.941980
99.564711
98.210158
98.161099
96.977922
97.042694
98.204196
98.128500
97.948963
98.149210
96.796127
96.694420
97.708025
97.161414
97.339398
98.117149
97.104041
97.183403
98.214937
97.523634
97.607309
98.514298
97.822821
97.985267
99.537298
99.185978
98.776612
97.258842
96.505927
96.737890
97.575893
98.357025
99.350783
98.780002
97.965017
97.024258
96.222197
97.236828
97.327389
99.707332
98.997429
97.882275
97.412616
95.756097
95.354345
95.174139
95.822820
96.105324
95.644933
95.765373
96.149923
97.758003
96.946749
96.253910
96.806298
96.316795
97.237897
98.477102
97.340235
96.933063
97.687436
97.600039
98.128004
98.920436
97.760328
97.534835
98.198253
97.053967
96.731541
97.507476
96.379435
96.410051
97.080207
96.705666
96.943807
98.164714
97.390194
97.710358
98.359436
97.714405
97.844124
98.428944
97.498867
97.513413
97.932971
96.967607
98.158866
98.772434
97.616448
98.953531
100.000000
100.000000
98.493532
96.449130
96.903481
96.984620
96.112667
98.240431
98.406599
99.807216
97.343977
96.070775
96.462747
96.235557
97.108403
97.470124
97.205841
96.428438
95.337509
95.623916
96.057168
97.306711
96.961188
97.014071
97.731969
97.433440
97.298380
98.232663
97.374444
97.795376
99.590478
98.195801
98.101194
98.491173
97.060721
96.214732
97.200309
96.571393
96.321718
97.096894
97.552422
98.534372
99.205478
98.224013
98.341653
99.529097
99.058144
97.938796
97.758730
96.493111
96.826272
98.072673
98.264341
97.709311
97.529507
96.813374
97.456450
97.611852
96.440401
97.455209
98.208403
97.903042
97.894204
96.716644
95.850864
97.779167
98.954903
100.000000
100.000000
96.207338
96.089390
95.621000
95.834932
94.888822
94.555705
94.189716
94.764526
94.766586
94.884167
95.615419
96.078489
96.655882
96.017649
95.950874
96.665380
96.207602
96.362254
97.028769
96.257977
96.089181
96.709623
96.181510
96.317592
97.047981
96.221083
96.111488
96.754922
96.242695
96.322610
97.085602
96.156591
95.931761
96.785511
96.060291
96.673476
97.150595
96.116805
95.924778
96.785434
96.276253
96.685293
97.051388
96.042960
95.890904
96.738666
96.580468
96.635241
96.926678
96.617464
96.394794
96.683960
96.237069
96.087511
95.456728
96.015877
96.003474
95.512034
96.088622
95.539040
97.143687
96.184524
95.980094
96.604134
95.187875
94.876633
94.486388
95.094808
95.210609
95.318732
95.668708
95.933150
96.742549
96.116136
96.003777
96.693098
96.202838
96.372918
97.049178
96.263812
95.985436
96.770437
96.025029
96.241440
97.010144
96.255247
95.988458
96.826151
96.091148
96.199407
96.979438
96.027390
95.760051
96.811778
95.989280
96.151843
96.947799
95.789945
95.721080
96.733473
95.698092
95.845860
96.701260
95.676410
95.455076
96.321815
95.540287
96.131399
96.342981
95.884064
96.288292
96.573716
96.071171
95.907224
94.731212
95.563957
95.405617
95.030066
95.451952
94.819956
96.662456
95.603020
95.225704
95.994853
94.563744
94.169679
93.384202
94.151050
94.227633
94.300172
94.810153
95.298261
96.418330
95.534653
95.416492
96.478147
95.496838
95.568688
96.359626
95.340696
95.145697
96.529458
95.566120
95.781545
96.677864
95.336222
95.015997
96.094435
95.163890
95.366484
96.404131
94.974384
94.689988
96.011228
94.794852
95.138313
96.283102
94.849731
94.802884
96.012429
94.943147
95.276160
96.164363
94.790239
94.862130
96.362520
94.903895
95.022685
95.752788
94.814977
94.642904
96.204553
94.474514
94.120000
93.988357
93.927955
93.839322
94.515787
94.778995
94.232140
96.829819
95.478341
95.072129
96.325489
94.350533
94.008736
93.508278
93.798842
93.903518
93.861306
94.314010
95.014135
96.129165
94.799347
94.598466
95.871886
94.711230
95.075762
96.050365
94.595957
94.686484
95.755034
94.707447
95.070696
96.071840
94.550505
94.346565
95.802493
94.558932
94.790269
96.120922
94.634994
94.333998
95.859244
94.545373
94.804107
96.197004
94.643266
94.409793
95.870661
94.612806
94.806878
96.167160
94.720216
94.391492
95.826486
94.517298
94.738057
95.772057
94.430247
94.235633
95.672737
93.965284
93.457993
93.321162
93.532968
93.570136
93.673364
94.860530
93.759478
96.339051
95.199363
94.576901
95.650646
93.918205
93.354282
93.317100
93.691823
93.781580
93.841746
94.504422
95.077434
96.127077
95.301683
95.094296
95.878467
95.276313
95.180872
96.277655
95.066908
94.827817
95.872785
95.039973
95.273992
96.211237
95.058651
94.918817
95.969739
95.144964
95.428028
96.293355
95.157885
94.948986
95.949107
95.065003
95.245205
96.214731
95.273709
95.077884
96.405026
95.239432
95.368848
96.496482
94.924686
94.672016
95.903591
94.737069
94.924135
96.081669
95.044341
94.833018
96.199715
94.366071
94.026110
93.589082
94.273944
95.341037
94.317328
94.926212
93.898166
96.277616
95.136267
94.485894
95.571315
94.158407
93.840850
93.323181
93.728179
93.722371
93.859521
94.422422
95.118582
96.095997
95.031222
94.908584
96.280507
95.282112
95.545086
96.126302
94.967471
94.755098
95.918600
95.035190
95.403290
96.554551
95.215495
94.973331
96.380548
95.103674
95.420991
96.275020
95.132882
94.898650
95.975548
95.042538
95.296743
96.300743
94.936366
94.662361
95.950540
94.866504
95.068725
96.246594
95.105045
94.931135
95.892967
94.933648
95.133732
95.888695
94.938145
94.793644
96.177872
94.527423
94.230711
94.056400
94.255251
94.982049
94.377388
95.044180
94.267872
96.135270
95.044756
94.730560
96.035307
94.170951
93.712334
93.088581
93.533633
93.531364
93.614678
94.127990
94.845825
95.981486
95.074671
94.965761
96.126044
95.072970
94.989192
95.996252
94.675088
94.479226
95.725359
94.787957
95.211678
96.278166
94.817988
94.606054
95.637593
94.722975
94.971234
96.058589
94.454478
94.172642
95.630632
94.464081
94.863731
96.079901
94.862536
94.715132
96.172606
94.905611
95.059734
95.986639
94.505820
94.295230
95.654462
94.353955
94.517586
95.603497
94.597407
94.507080
96.009874
94.199123
93.896833
93.730689
93.947939
95.219151
94.256684
95.313448
94.080696
96.394283
95.067399
94.650269
95.864947
93.684567
93.463484
92.969459
93.197891
93.269312
93.354172
94.000508
94.821144
95.950062
95.009657
94.845844
95.996476
95.023972
95.130962
96.030160
94.805685
94.517796
95.593016
94.844663
95.122826
96.341671
94.965214
94.726164
96.133323
94.898828
94.923899
96.051380
94.846789
94.678326
96.089839
94.861769
94.945334
96.013001
94.646333
94.658831
95.708018
94.855248
95.133815
96.148502
94.972321
94.781520
96.110578
94.825591
94.858623
95.513930
94.774122
94.597735
96.021735
94.500323
95.323685
93.879327
95.011709
95.339105
94.457679
94.847229
94.240185
96.191020
95.044912
94.456181
95.379144
94.004836
93.650546
93.205259
93.580255
94.187579
93.818920
94.751195
94.972017
96.077615
95.262082
95.198919
96.208009
95.504991
95.730686
96.545381
95.356357
95.198587
96.354404
95.586279
95.784722
96.646079
95.425598
95.142496
95.952417
95.257504
95.527207
96.444320
95.353374
95.158658
96.009466
95.340480
95.602381
96.543598
95.424123
95.269299
96.462007
95.417219
95.638407
96.556445
95.491208
95.297781
96.489830
95.570993
96.253350
96.553306
95.777187
96.166095
96.513578
96.014069
95.870092
95.066995
95.901787
95.837037
95.176171
95.942372
95.377464
96.551125
95.633012
95.277129
95.809732
94.669404
94.261010
93.987681
94.276722
94.695179
94.452788
95.306277
95.883889
96.571060
95.812228
95.770655
96.554749
95.993306
96.195167
96.952046
96.072187
95.949456
96.711214
96.123416
96.340866
97.074633
96.089424
95.877492
96.768282
96.176381
96.329789
97.130961
96.156747
95.943792
96.874402
96.205014
96.450184
97.188101
96.252767
96.021353
96.920102
96.244521
96.344823
97.183015
96.216420
95.978428
96.558999
96.500910
96.642065
96.823008
96.539306
96.633112
96.798626
96.377805
96.263877
95.347318
95.768142
95.756200
95.673790
96.180817
94.971990
97.961167
97.181032
96.502428
96.460456
95.125768
94.666940
94.404554
95.037956
95.211713
95.570351
96.089476
96.200220
96.890637
95.890275
96.186873
97.717527
97.226570
97.238857
97.597413
96.230282
95.826104
96.398653
95.478194
95.571141
96.363254
95.119341
94.906649
96.040494
95.166607
95.364564
96.501604
95.218243
95.031802
95.957228
95.613006
96.105888
97.215789
95.851175
95.396828
96.041221
95.594215
95.570342
96.553330
95.421994
94.990404
95.546431
94.814738
94.648241
95.434739
94.566511
94.448875
95.261648
93.956061
93.440685
93.377573
93.280065
93.383732
93.298127
92.807015
92.612094
97.183904
96.234496
95.781370
95.851528
94.492794
93.986165
93.704805
94.037728
94.376581
94.373063
95.294642
96.147090
97.710068
96.471910
96.278015
96.882063
96.058900
96.245502
97.735108
96.824422
96.639177
97.003229
95.919801
96.053743
97.204988
96.146255
95.543511
96.310775
95.838706
96.983396
98.810356
97.423725
96.838722
97.393429
96.581729
96.480204
97.309564
95.904266
95.208530
95.589576
94.720198
94.876753
95.946145
94.849015
94.657491
95.548962
94.797046
94.823702
95.499939
94.505751
94.285737
95.174316
93.911198
93.523122
93.096366
93.033547
93.049459
93.156819
92.883820
92.727691
97.779728
96.043654
95.054365
94.845503
93.421802
92.849483
92.505091
92.769305
92.868460
93.223947
94.585693
95.169280
95.813550
94.583288
94.442172
95.245391
94.726197
94.875377
95.701692
94.485915
94.765931
95.902258
95.529482
95.948441
97.067513
95.520453
94.826008
95.388517
94.528582
94.722917
96.168461
96.267363
96.895468
97.341757
96.104091
96.405053
97.558743
95.442150
95.031313
96.121324
94.826012
95.167217
96.528861
94.971820
94.278115
95.446184
94.403241
94.468353
95.891132
94.992061
94.465135
95.368323
93.554963
93.013111
93.345377
94.061129
95.027236
93.937213
92.645369
92.273318
96.951488
96.245102
97.548864
99.020128
96.211718
94.343686
93.123213
93.530578
94.149955
95.268044
95.813464
95.692210
96.549354
95.511232
95.948350
97.348439
96.017114
95.163260
95.736289
94.482787
94.816708
96.294532
95.223884
95.013958
95.960268
94.623236
95.313029
96.734429
94.991210
95.024625
96.241481
95.502536
94.860054
95.665873
94.849200
95.365592
97.609213
96.466302
95.560995
95.768092
94.861330
95.063717
96.547152
94.903958
94.227046
95.346423
94.382210
94.799056
96.173134
94.315245
93.904632
95.248707
93.993366
94.177740
94.583011
94.063903
92.944169
92.927338
93.289997
93.005729
97.698715
96.036021
95.221929
94.855831
93.461593
93.113522
93.181913
93.553523
93.401500
93.337248
94.131223
95.043200
96.339561
94.877722
94.465645
95.431232
94.947975
95.249836
96.252119
94.816096
94.694189
95.643617
95.436866
95.510503
95.808009
94.742647
95.704850
97.241041
95.925282
95.976564
97.042727
96.813251
97.315752
97.569447
95.941719
95.443317
96.391403
94.861406
94.782177
95.487939
94.571852
94.568323
95.723009
94.186474
93.813177
94.450221
93.839142
94.056001
95.495285
94.904818
94.446325
94.278392
92.881829
92.682470
92.790903
92.351692
92.438376
93.362324
93.803055
93.768925
97.650842
95.554319
94.798387
94.911272
93.944308
92.907045
92.153100
92.512060
92.613254
92.655519
93.454663
94.566824
96.553582
95.878738
95.422564
95.850987
95.447667
96.441087
97.768687
94.814965
94.644525
97.288484
96.869456
95.684739
95.952033
94.689045
95.117204
96.828336
96.055635
95.329678
95.895083
94.263621
94.018342
95.219613
94.654483
94.565411
96.085041
95.088848
95.033621
95.154908
94.693897
95.676053
96.958144
94.539381
93.761482
94.519413
94.562789
94.485883
95.625399
94.279813
94.279325
95.132004
93.685478
93.100904
93.229641
93.005072
93.522002
93.742117
92.658996
92.772259
96.780628
95.036046
94.259315
94.278147
93.050204
92.960950
92.768063
93.034053
93.247234
93.495475
94.453594
94.868274
95.744070
94.680110
95.830421
96.962602
96.073292
95.801380
96.867601
95.747554
95.795309
96.330171
95.047437
95.056927
96.395532
95.167539
94.685339
95.547958
94.889121
94.916999
95.818378
94.448609
94.182601
95.324059
94.853995
95.656005
96.003052
94.323796
94.295168
96.156710
95.391103
94.934526
95.772751
94.155500
94.038968
94.811698
94.758351
94.696540
95.755557
94.310540
94.636591
95.936344
94.341874
93.608171
93.293231
93.273189
93.047953
93.846193
93.984887
94.791225
100.000000
98.493453
97.729941
97.950227
97.521983
97.176825
95.577813
93.690282
93.018114
93.247777
93.832973
94.378258
95.319728
94.139105
94.045221
95.176293
94.953914
95.843478
97.438573
96.290182
95.987239
96.399589
95.491526
95.770033
96.952505
95.590290
95.759052
96.825551
96.780820
96.735110
97.682971
96.359210
96.269249
97.731715
98.301482
98.842090
100.000000
97.935334
96.860439
97.732189
96.990827
97.217300
98.725569
97.956367
98.399548
98.862219
97.612918
97.636811
99.199154
98.272803
98.397815
98.847244
97.469790
96.651162
96.609117
96.539292
97.312635
98.087217
97.852730
97.683661
99.957387
96.338105
94.701022
95.290047
94.625707
95.017086
95.016440
95.010645
94.410735
93.913072
94.576325
95.733073
97.808846
97.492830
98.051316
98.838844
97.392435
96.791426
97.179343
95.745465
96.396476
98.030475
96.735716
97.103303
98.290355
96.959285
96.907322
97.575855
97.616464
98.107638
99.004086
96.877524
95.288557
95.204347
94.508394
94.919848
96.508834
95.904264
96.172152
96.976518
95.864187
95.316775
96.169185
94.580270
94.201338
95.160179
94.978453
95.672364
96.638159
94.361728
93.819246
94.812600
93.681360
94.377600
94.354880
93.453740
93.632760
95.229252
94.064085
93.405709
97.145331
95.757542
96.121181
95.931294
93.493580
92.374805
91.884451
92.355908
92.924374
93.263310
93.637918
94.162833
95.273667
94.248731
93.888838
94.825266
94.888899
94.957694
95.826813
94.504593
94.192231
95.699529
95.249230
95.206886
96.030906
94.893012
95.220084
97.236722
96.618809
95.694321
96.224223
94.735324
94.674620
95.773998
95.327518
95.029764
96.045414
94.603051
94.481270
95.129448
94.559002
94.760006
96.059016
94.631319
94.517331
95.480480
94.463239
94.090988
94.990200
94.065429
94.364683
95.553938
94.378033
94.327751
94.911813
95.495913
95.394275
95.057548
93.950027
95.003989
