99.064848
98.878167
99.997046
98.726822
99.829993
98.932570
99.115469
98.255737
99.982986
98.446924
99.691716
98.813955
99.020689
98.441304
99.921960
98.313617
99.628267
98.679724
99.026588
98.393905
99.925580
98.343055
99.624318
98.596427
99.075015
98.313515
99.935202
98.162987
99.660883
98.550137
99.064307
98.238831
99.866005
98.191502
99.649789
98.634007
98.903845
98.526289
99.722296
98.335384
99.611860
98.772414
99.077787
98.553217
100.000000
98.278588
99.606365
98.785583
99.074744
98.464916
99.942084
98.320492
99.662075
98.660618
98.868364
98.434507
99.899907
99.664092
98.724973
98.696646
99.175594
98.613082
99.962077
98.317305
99.534393
98.781575
99.072390
98.512436
99.929926
98.330322
99.628242
98.756358
99.058330
98.380608
99.842452
98.135686
99.354363
98.759436
99.113532
98.509785
99.748618
98.285388
99.478370
98.711236
99.010884
98.549972
99.807528
98.416155
99.513502
98.503962
99.077879
98.278514
99.796820
98.364841
99.487157
98.634974
99.047862
98.711682
99.798834
98.316104
99.556589
98.727645
99.008954
98.439842
99.857930
98.262313
99.470506
98.546830
98.995231
98.623809
99.799383
98.428653
99.547337
98.469858
98.813395
98.276474
99.796707
99.516368
98.596380
98.871754
99.367090
98.516304
100.000000
98.272012
99.566916
98.663364
99.062622
98.444862
99.629484
98.281069
99.554169
98.619749
99.021617
98.435695
99.839537
98.175001
99.242220
98.548958
99.032180
98.661320
99.618456
98.348124
99.279074
98.746932
99.040623
98.552300
99.643220
98.296374
99.412494
98.744723
98.984514
98.360256
99.705517
98.434335
99.285621
98.553488
98.998752
98.466792
99.684263
98.413549
99.293916
98.540608
99.017871
98.339646
99.891823
98.310139
99.285962
98.662877
99.001182
98.417055
99.957378
98.218872
99.392332
98.502612
98.809514
98.462912
99.642960
99.395146
98.631807
98.877842
99.232923
98.816452
99.942299
98.350616
99.529632
98.740751
99.139648
98.522659
99.917001
98.366868
99.279289
98.645768
99.116826
98.421313
99.603910
98.348072
99.455747
98.499340
99.050897
98.551454
99.558804
98.385677
99.382710
98.505083
99.012968
98.499435
99.598584
98.260137
99.449813
98.475579
99.042486
98.383034
99.613883
98.210723
99.317110
98.513232
98.952394
98.503183
99.570910
98.231328
99.359518
98.568994
98.985716
98.420083
99.761466
98.097002
99.320112
98.408070
98.968148
98.301851
99.914140
98.383432
99.274393
98.422423
98.702326
98.527686
99.555438
99.563325
98.507214
98.685105
99.097588
98.784200
99.775722
98.181313
99.438621
98.834990
98.983928
98.375173
99.838617
98.370595
99.161427
98.499634
99.022215
98.594365
99.743765
98.200765
99.346382
98.733732
99.039361
98.427447
99.492285
98.304694
99.285339
98.490492
99.044960
98.393342
99.736507
98.282347
99.195834
98.561611
99.017151
98.626061
99.731021
98.372311
99.301684
98.579333
99.010647
98.554962
99.682511
98.163848
99.376113
98.621284
98.968163
98.338172
99.755467
98.259175
99.285954
98.557393
99.029554
98.289718
99.848351
98.219835
99.228710
98.445468
98.759520
98.458285
99.472681
99.481900
98.584817
98.766893
99.280187
98.508720
99.805795
98.174275
99.491358
98.714080
98.984152
98.494416
99.697045
98.260274
99.395141
98.689534
99.041394
98.507078
99.652397
98.404261
99.302115
98.674103
98.967639
98.593892
99.432915
98.405198
99.235574
98.716468
98.944705
98.464860
99.673168
98.268935
99.169879
98.561932
99.161383
98.379204
99.709371
98.160665
99.249162
98.580286
99.028536
98.691372
99.709931
98.156058
99.451526
98.492360
99.144810
98.392849
99.759952
98.212534
99.258319
98.532034
98.913223
98.633255
99.783544
98.293195
99.280238
98.312529
98.723554
98.388498
99.364971
99.454110
98.667901
98.636388
99.008737
98.457710
99.743670
98.240221
99.344437
98.771698
98.969408
98.635506
99.690425
98.259152
99.381846
98.651753
99.023948
98.525771
99.644024
98.157728
99.229323
98.592558
98.961050
98.462857
99.421670
98.390339
99.239651
98.583796
98.879648
98.571119
99.599802
98.387753
99.236455
98.471319
98.966744
98.439162
99.605277
98.381371
99.292240
98.766111
98.952764
98.683115
99.617314
98.380153
99.304438
98.465391
98.964845
98.614479
99.712739
98.413621
99.181548
98.662853
98.946910
98.629859
99.867438
98.446571
99.499554
98.618118
98.704441
98.531723
99.429909
99.358007
98.566686
98.771108
99.086618
98.652624
99.720953
98.126700
99.409265
98.640538
99.055155
98.471175
99.736941
98.217893
99.092493
98.645073
99.228831
98.598664
99.371253
98.206199
99.375506
98.655410
99.106913
98.471445
99.520467
98.054608
99.250686
98.632634
99.049767
98.312995
99.637919
98.317826
99.145638
98.509188
99.104724
98.356328
99.699207
98.123050
99.162373
98.501807
99.031493
98.663295
99.706769
98.412549
99.312715
98.687513
98.945028
98.596025
99.685900
98.215538
99.372288
98.627944
98.944124
98.367038
99.766593
98.229093
99.137576
98.290235
98.587187
98.386746
99.404252
99.413505
98.421650
98.662199
99.095660
98.539413
99.681346
98.172841
99.503141
98.496664
98.987813
98.435655
99.672694
98.171040
99.228627
98.499656
99.014550
98.303174
99.624161
98.209339
99.297227
98.402032
98.971675
98.354746
99.393525
98.227306
99.263472
98.377867
99.037205
98.392276
99.447668
98.128199
99.238116
98.449235
98.892168
98.381872
99.470956
98.134818
99.196355
98.477909
98.843707
98.279857
99.496694
98.244889
99.168856
98.339014
98.845933
98.393655
99.730085
98.185022
99.199383
98.313273
98.828694
98.218705
99.711473
98.081813
99.464398
98.406593
98.603251
98.249087
99.512305
99.524441
98.480416
98.613423
98.978751
98.689577
99.547753
98.274423
99.362010
98.507013
98.929660
98.551743
99.661244
98.053746
99.383645
98.502826
98.956424
98.475263
99.635562
98.065522
99.119216
98.546220
99.077805
98.348466
99.412858
98.193183
99.139237
98.362062
98.953964
98.291406
99.434222
98.074444
99.094135
98.536262
98.816935
98.536414
99.606742
98.200332
99.112335
98.503115
98.868769
98.491608
99.667041
98.254770
99.142077
98.252407
98.927917
98.449939
99.560669
98.258679
99.208775
98.532380
98.815003
98.543370
99.819237
98.310985
99.227000
98.355141
98.726489
98.118676
99.466248
99.153480
98.454512
98.380173
99.096064
99.918001
100.000000
99.952906
100.000000
99.949740
99.166486
100.000000
100.000000
100.000000
100.000000
100.000000
99.557860
100.000000
100.000000
100.000000
100.000000
100.000000
99.275187
100.000000
100.000000
100.000000
100.000000
100.000000
99.552564
100.000000
100.000000
100.000000
100.000000
100.000000
99.312239
100.000000
100.000000
100.000000
100.000000
100.000000
99.061794
100.000000
100.000000
100.000000
100.000000
100.000000
99.029239
100.000000
100.000000
100.000000
100.000000
100.000000
98.760458
100.000000
100.000000
100.000000
100.000000
100.000000
98.511566
100.000000
100.000000
100.000000
100.000000
98.596653
98.547724
100.000000
100.000000
100.000000
100.000000
100.000000
98.587221
100.000000
100.000000
100.000000
100.000000
100.000000
98.444244
100.000000
100.000000
100.000000
100.000000
100.000000
97.950728
99.995648
100.000000
100.000000
100.000000
100.000000
98.106654
100.000000
100.000000
100.000000
100.000000
100.000000
97.743713
99.562617
100.000000
99.660107
100.000000
99.729393
97.843852
99.958552
100.000000
100.000000
100.000000
100.000000
97.749757
99.532118
100.000000
99.616393
100.000000
99.732872
97.414943
99.277063
100.000000
99.469347
99.950595
99.680589
97.434005
99.705686
99.936609
99.869661
99.462641
96.985150
96.748448
99.224159
99.684973
99.080118
99.662975
99.465843
97.108772
99.159734
99.745374
99.280765
99.951545
99.584573
97.286165
99.366649
99.996224
99.764817
100.000000
100.000000
97.721644
99.954474
100.000000
99.945843
100.000000
100.000000
98.049754
100.000000
100.000000
100.000000
100.000000
100.000000
98.043351
100.000000
100.000000
100.000000
100.000000
100.000000
97.376009
99.888268
100.000000
99.808645
100.000000
99.719756
96.917585
99.381173
100.000000
99.141624
99.725225
99.129675
96.497500
98.624665
99.268128
98.332207
98.884127
98.356720
95.741241
98.304627
98.965498
98.961293
98.588663
96.010300
96.000544
98.664133
99.430436
98.611144
99.494921
98.923420
96.324626
98.489745
99.175167
98.445512
99.233321
98.696181
96.330745
98.844929
99.646924
98.739868
99.405862
98.773327
96.349033
98.788755
99.716363
98.982548
99.683230
99.118377
96.512066
98.823923
99.825929
99.021916
99.617313
98.986221
96.499275
99.066576
99.667199
98.916261
99.650001
98.853024
95.996721
98.018176
99.167181
98.428602
99.066142
98.623689
96.033630
98.382574
99.412778
98.789472
99.436031
98.936056
96.367041
98.557180
99.877052
98.818246
99.508438
98.916432
96.112759
98.554644
99.548516
99.409141
98.923792
96.088576
95.617615
98.226906
99.654635
98.361403
99.081715
98.663586
95.755153
98.221252
99.521774
98.476239
99.068066
98.254753
95.607018
97.720840
98.886774
98.056919
98.660630
98.103819
95.606230
98.048468
99.104842
98.093841
98.940709
98.209226
95.570076
98.304761
99.183185
98.243668
98.964402
98.275692
95.749754
98.144356
98.988472
98.156515
98.867083
98.141951
95.643473
97.886619
98.699870
97.922541
98.707481
98.142144
95.763750
98.259354
99.112828
98.280858
98.925723
98.244236
95.974282
98.723566
99.640137
98.865175
99.627396
99.051142
96.185097
99.142766
99.924339
100.000000
99.625095
96.734958
96.424313
99.673076
100.000000
99.646314
100.000000
99.526187
96.083156
99.257224
100.000000
99.168271
99.751638
99.072453
95.772779
98.608293
99.831377
98.849564
99.400818
98.656869
95.404645
98.260329
99.429821
98.306359
98.959570
98.317295
95.398322
98.169296
98.838470
97.970679
98.645131
98.030625
95.130278
97.923931
98.664431
98.149105
98.926825
98.120394
94.965053
97.725054
98.730951
97.961818
98.776264
98.306316
95.536253
98.106398
98.913213
98.125779
98.887052
98.260457
95.414471
98.234838
99.112640
98.364873
99.019648
98.468535
95.257370
98.645597
98.926878
98.953525
98.686159
95.100885
95.428798
98.405001
99.573366
98.638279
99.571410
98.805426
95.815986
98.292737
99.550630
98.616704
99.562211
98.581492
95.787569
98.434026
99.714441
98.767619
99.772167
98.910730
96.193365
98.847099
99.810778
98.965260
99.689128
99.118764
96.288507
99.194628
100.000000
99.248981
99.935090
99.161734
96.231769
98.904603
99.963378
98.835529
99.697124
98.887306
96.178539
98.639420
99.730387
98.513319
99.281438
98.431675
95.643601
98.409888
99.674827
98.781955
99.403498
98.580229
95.704966
97.904546
99.080852
98.117349
99.192153
98.739363
95.741724
98.702485
99.773618
99.841660
99.036986
95.898249
95.783465
98.984840
99.908045
98.821971
99.527961
98.632878
95.542926
98.267164
99.402262
98.200574
99.020186
98.087685
95.499097
97.932585
99.120563
97.897649
98.624885
98.229657
95.356040
98.082968
99.301956
98.275777
98.952209
98.214671
95.554479
98.106005
99.160946
98.056976
98.819370
98.228130
95.770386
98.144542
99.096327
98.442594
99.398221
98.705278
95.766227
98.715936
99.722617
99.009182
99.880242
99.114547
95.989211
99.028598
99.669596
98.819905
99.577885
98.844073
95.803004
98.861185
99.711734
98.943129
99.582652
99.018531
95.386363
98.873433
99.847836
99.938611
99.318565
96.004974
95.644793
99.287970
100.000000
99.538357
100.000000
99.581706
96.290786
99.272045
99.695571
98.732521
99.509986
98.948023
95.582074
98.514501
99.295935
98.406796
99.128122
98.437133
95.101077
97.943664
98.881872
98.000207
98.853084
98.250771
94.857459
97.879854
98.825049
97.868777
98.679383
97.959620
94.880646
97.853200
98.936197
98.110854
98.758097
98.136545
94.931318
98.574808
100.000000
99.456623
100.000000
99.415935
95.890526
99.712271
100.000000
99.539358
100.000000
100.000000
96.822471
100.000000
100.000000
100.000000
100.000000
100.000000
97.045583
100.000000
100.000000
100.000000
100.000000
97.911218
98.730630
100.000000
100.000000
100.000000
100.000000
100.000000
98.951829
100.000000
100.000000
100.000000
100.000000
100.000000
99.556282
100.000000
100.000000
100.000000
100.000000
100.000000
98.773604
100.000000
100.000000
100.000000
100.000000
100.000000
97.867567
100.000000
100.000000
100.000000
100.000000
100.000000
97.108971
99.923840
100.000000
99.673061
100.000000
99.697767
96.306834
99.152871
100.000000
99.230993
99.885568
99.414840
95.751173
99.146308
99.838677
99.233811
99.730324
99.199342
95.543105
99.019100
100.000000
99.279290
99.881438
99.026688
95.017303
98.771408
99.479697
99.470275
98.889918
95.708802
95.332300
95.633338
96.302481
95.334540
95.788183
95.314100
95.858264
95.982430
96.896706
96.119981
96.940475
96.495439
97.532243
97.059922
99.162319
97.571216
99.168953
97.787968
97.923798
97.284940
99.506036
97.424785
99.344740
97.884071
97.956734
97.405503
99.539280
97.429642
99.380247
97.837083
97.898298
97.321903
99.630052
97.414744
99.445580
97.802692
97.994249
97.344577
99.622054
97.476894
99.388866
97.653214
97.998986
97.338763
99.587952
97.665672
99.413045
97.686949
97.918426
97.379789
99.724006
97.653506
99.484134
97.821010
97.812211
97.407964
99.483160
99.278284
97.676042
97.891807
98.212478
97.514027
99.677792
97.456709
99.344373
97.697187
97.868272
97.273008
99.507340
97.286070
99.153283
97.568977
97.816021
97.267038
99.518883
97.445154
99.176853
97.702986
97.821763
97.209358
99.572690
97.404316
99.224346
97.717943
97.958900
97.303069
99.644546
97.653287
99.299350
97.864036
98.019739
97.374751
99.617635
97.453305
99.518091
97.828154
98.018767
97.462399
99.652171
97.473073
99.496755
97.722045
97.947415
97.366069
99.671070
97.433152
99.366136
97.788635
97.954967
97.204445
99.724411
97.776144
99.310451
97.566822
97.753961
97.436374
99.416573
99.420826
97.931022
97.748965
98.115695
97.476002
99.628598
97.545916
99.258483
97.716169
98.077924
97.234251
99.470109
97.349557
99.266517
97.611552
97.931848
97.254610
99.499664
97.542462
99.375921
97.648112
97.896083
97.298364
99.557172
97.552677
99.397559
97.800435
97.930377
97.369972
99.506050
97.538031
99.351142
97.630026
97.908988
97.153407
99.479194
97.495591
99.329274
97.608384
97.805369
97.209242
99.428859
97.441056
99.306740
97.536246
97.798114
97.240190
99.479605
97.442788
99.340604
97.638975
97.790846
97.185540
99.614110
97.593442
99.283551
97.693897
97.672524
97.283060
99.289969
99.196240
97.699359
97.654400
97.959183
97.341273
99.458350
97.428336
99.141805
97.664486
97.944207
97.352746
99.362462
97.215822
99.133264
97.488381
97.835287
97.239934
99.587030
97.254176
99.206442
97.484019
97.846140
97.364669
99.681958
97.229537
99.243412
97.468887
97.878713
97.296241
99.651290
97.221297
99.277126
97.602103
97.883455
97.355960
99.660418
97.313540
99.244430
97.551201
97.875922
97.365274
99.637824
97.391892
99.251619
97.581761
97.905601
97.377943
99.570140
97.547491
99.310658
97.671923
97.878488
97.429719
99.563702
97.488611
99.328001
97.680998
97.721946
97.476091
99.166717
99.172252
98.024487
97.786352
98.040115
97.493957
99.475204
97.395316
99.297340
97.617520
97.916023
97.221294
99.273951
97.153992
99.151643
97.473035
97.897993
97.146116
99.561262
97.229595
99.145729
97.424090
97.864735
97.112730
99.583953
97.253590
99.119504
97.407858
97.886856
97.271800
99.601068
97.518411
99.186099
97.429827
97.871894
97.221928
99.611467
97.505738
99.134976
97.470583
97.901380
97.207196
99.555632
97.454823
99.155164
97.468082
97.843128
97.113808
99.519209
97.392306
99.213618
97.497189
97.878116
97.202770
99.509305
97.331527
99.237897
97.986371
97.771338
97.244944
99.208556
99.148768
98.009522
97.710363
97.962370
97.236457
99.421877
97.304835
99.271880
97.663151
97.990164
97.411882
99.328411
97.393281
99.103705
97.461224
97.880818
97.356071
99.605427
97.498738
99.161436
97.572367
97.939117
97.325456
99.631904
97.538780
99.220942
97.445931
97.895486
97.223944
99.662825
97.280708
99.223760
97.549808
97.902649
97.288283
99.612922
97.481706
99.220487
97.556150
97.911850
97.212715
99.587177
97.541420
99.232054
97.480824
97.774119
97.170431
99.549756
97.520386
99.206490
97.456535
97.823529
97.222290
99.460692
97.540501
99.178690
97.985800
97.702649
97.267013
99.132889
99.082656
97.654016
97.721940
97.926491
97.247418
99.358395
97.165773
99.219576
97.608834
97.839758
97.206879
99.324899
97.210392
99.193525
97.419802
97.767773
97.048702
99.246913
97.276495
99.073121
97.371444
97.742220
97.113189
99.313337
97.248007
99.134547
97.453338
97.718186
97.095784
99.342661
97.267145
99.177637
97.532044
97.794296
97.306403
99.413683
97.443055
99.192526
97.574654
97.765060
97.073204
99.405219
97.381302
99.268852
97.615001
97.769086
97.152034
99.505969
97.410094
99.331401
97.711727
97.762261
97.078487
99.556627
97.847434
99.320557
97.672015
97.660483
97.320376
99.229367
99.224585
98.259851
97.750913
98.035804
97.282456
99.440455
97.368167
99.338641
97.753816
97.928648
97.119452
99.291944
97.470487
99.149814
97.432221
97.841493
97.193910
99.435456
97.408950
99.220628
97.505793
97.767901
97.084117
99.402504
97.374460
99.278007
97.611345
97.799015
97.184342
99.414758
97.455561
99.255037
97.631800
97.797511
97.206098
99.409646
97.470976
99.340856
97.723013
97.810256
97.240864
99.548629
97.464074
99.426808
97.808332
97.772873
97.248428
99.534774
97.512454
99.418889
97.820006
97.859869
97.219470
99.610468
97.542560
99.436133
97.787959
97.706028
97.377085
99.412906
99.355077
97.709039
97.894723
98.065001
97.557935
99.541588
97.535869
99.335409
97.771002
98.029820
97.274133
99.334044
97.524510
99.157871
97.542464
97.851120
97.314259
99.467326
97.472138
99.320124
97.597786
97.861415
97.239312
99.469392
97.525273
99.298752
97.734598
97.925490
97.291635
99.463472
97.550736
99.321978
97.805661
97.878519
97.308610
99.538746
97.562216
99.367858
97.696658
97.855907
97.298129
99.618390
97.548371
99.491042
97.874111
97.904189
97.305974
99.613527
97.547162
99.489076
97.835041
97.915237
97.373697
99.697495
97.610782
99.505672
97.847715
97.727144
97.508975
99.423665
99.373859
97.744763
97.865750
98.056483
97.382342
99.542345
97.467376
99.384726
97.700234
98.011011
97.277922
99.388938
97.509706
99.240162
97.531801
97.890101
97.192512
99.500253
97.466243
99.276876
97.622180
97.865761
97.250229
99.541291
97.527743
99.412089
97.821819
97.861086
97.171150
99.476013
97.547776
99.303845
97.686548
97.886762
97.252612
99.410847
97.436998
99.352664
97.700626
97.844994
97.211504
99.517543
97.502475
99.375479
97.705659
97.750078
97.186244
99.517306
97.559212
99.389349
97.762641
97.731710
97.267995
99.529130
97.673365
99.328659
97.978735
97.597889
97.107244
99.334951
99.223455
97.596244
96.512804
100.000000
99.419305
100.000000
97.368871
100.000000
98.119543
100.000000
99.532582
100.000000
98.619680
99.174605
97.263825
98.370276
96.722054
98.891069
96.780309
98.729372
97.263739
98.420748
96.644695
98.939825
96.287037
98.572830
97.717402
99.073033
97.867689
100.000000
98.513771
100.000000
99.119803
99.678765
97.441320
99.916092
97.766866
100.000000
99.726242
100.000000
100.000000
100.000000
99.453573
100.000000
99.127614
100.000000
99.571015
100.000000
99.399394
100.000000
98.904076
99.514478
97.875980
100.000000
98.035967
100.000000
98.706020
99.359367
97.988622
100.000000
100.000000
98.481456
99.110357
99.394146
98.142688
100.000000
99.428595
100.000000
99.983490
100.000000
98.147502
100.000000
99.514555
100.000000
100.000000
100.000000
100.000000
100.000000
100.000000
100.000000
100.000000
100.000000
99.257931
100.000000
97.287948
98.707089
96.881208
98.434932
96.802916
99.108443
96.859582
99.374912
98.952518
100.000000
99.429725
100.000000
98.380703
100.000000
98.672376
100.000000
99.361883
100.000000
99.363104
100.000000
99.687417
100.000000
98.922418
100.000000
96.966586
99.464651
97.667184
99.378169
98.877364
100.000000
98.978451
99.968204
96.737936
97.765562
96.723028
99.180338
99.232972
98.185020
98.915150
99.054302
97.439023
99.780610
97.385490
99.022720
97.362443
98.730169
97.146561
99.644750
96.942436
99.246229
98.060448
100.000000
98.929424
100.000000
98.728979
100.000000
100.000000
100.000000
100.000000
100.000000
99.004871
99.371545
96.941788
98.302708
96.699515
99.097996
97.236443
100.000000
98.797993
99.709564
98.513871
100.000000
97.894351
99.619624
98.076643
99.327013
97.998953
100.000000
98.748085
100.000000
98.483051
99.276515
97.786126
100.000000
98.506444
100.000000
99.412109
100.000000
99.161285
100.000000
99.834241
100.000000
98.633387
98.873822
97.875816
100.000000
100.000000
99.000109
98.775579
98.832525
97.234974
99.181169
97.194542
100.000000
98.718957
99.637180
98.089553
100.000000
97.460174
99.880655
98.551379
99.823301
98.846066
100.000000
98.935711
100.000000
99.059909
100.000000
98.711428
100.000000
98.773702
100.000000
99.584949
100.000000
100.000000
100.000000
99.236500
100.000000
99.376277
100.000000
97.605313
99.470435
96.943763
99.187536
97.694943
98.394161
96.609957
98.998324
96.251499
98.577549
97.860308
99.604538
98.336971
100.000000
98.437992
100.000000
99.761527
100.000000
99.061559
100.000000
99.213899
100.000000
98.763628
99.627590
97.420449
99.476510
99.082678
97.186122
98.779157
99.365025
97.075693
98.744121
97.061523
100.000000
100.000000
100.000000
97.163732
98.844632
96.472198
98.716332
97.999473
99.427249
97.878985
99.303311
96.707072
98.957044
97.630696
99.189135
97.590486
100.000000
98.479100
100.000000
99.445108
100.000000
99.174825
100.000000
98.301922
100.000000
98.661975
100.000000
100.000000
100.000000
96.991965
99.567192
99.889910
99.783294
97.356526
99.487537
96.611485
98.911785
99.486055
100.000000
96.834786
99.206548
96.290529
99.232873
99.464238
100.000000
97.541236
100.000000
97.218588
99.889668
99.726200
100.000000
98.403133
99.845487
99.480238
97.674501
98.674295
99.459848
97.627236
99.156524
96.530491
99.480563
99.997063
100.000000
97.913961
98.890458
96.479170
98.414720
98.154870
99.374243
97.017532
99.156321
96.992345
100.000000
100.000000
100.000000
98.065109
100.000000
97.775083
100.000000
98.891407
99.779803
97.968329
99.844152
97.394074
99.241962
98.331214
100.000000
98.533659
100.000000
97.689513
99.753245
99.363750
100.000000
96.872219
99.294807
98.426169
100.000000
99.664123
100.000000
99.747782
100.000000
97.622617
98.701600
97.216959
98.237017
97.050943
100.000000
98.876029
100.000000
98.452428
98.720713
97.282525
99.676184
100.000000
98.973505
100.000000
99.937353
97.729847
99.661129
97.554264
99.642198
98.505112
99.129816
97.327233
99.561620
98.445183
99.838368
98.310574
99.603232
98.506287
100.000000
98.998105
99.714527
98.386478
99.669275
98.380777
100.000000
98.208758
99.698734
97.973786
99.079885
97.411239
100.000000
98.582428
100.000000
99.369334
100.000000
98.373101
100.000000
97.785661
100.000000
98.670654
99.601914
98.097925
99.809148
97.394610
100.000000
99.694959
100.000000
98.142009
100.000000
98.287606
99.876547
97.535475
98.480388
97.400314
100.000000
97.769678
99.816600
98.265940
99.654259
98.761504
100.000000
100.000000
98.102567
98.946186
99.519859
98.776701
100.000000
98.595567
99.783932
98.307795
99.371614
97.579027
99.210741
96.734500
98.280972
97.049330
98.478695
98.060413
100.000000
99.396405
100.000000
97.252171
98.148356
96.741876
99.330736
98.248921
100.000000
98.671168
99.004705
97.422302
99.860011
97.733212
100.000000
98.676256
99.383038
97.477900
99.449889
97.354888
99.288230
98.089039
99.349650
97.711573
99.905334
97.772306
99.584698
98.375435
99.814720
98.572098
100.000000
98.867908
100.000000
98.962720
98.586640
96.746379
99.312127
97.090787
100.000000
99.651246
100.000000
98.153590
99.493107
99.545155
97.944871
99.551824
100.000000
100.000000
100.000000
98.035234
99.524397
98.220627
99.507179
97.998481
99.700930
97.297142
98.743192
97.552074
99.671130
98.132659
99.338896
96.868938
98.649884
98.200705
99.771644
97.928733
99.588418
97.229864
99.541913
98.674368
99.900693
98.354219
100.000000
97.819549
99.121011
97.501464
98.804797
97.308038
99.175672
96.965652
98.884350
97.737631
99.324763
98.195348
100.000000
98.304752
99.761831
98.570804
99.788988
98.215911
100.000000
97.502300
99.403352
98.403873
100.000000
98.476763
100.000000
99.689350
100.000000
98.843761
98.781150
97.113232
99.485523
99.866456
98.929307
100.000000
100.000000
98.782836
99.676848
97.425890
100.000000
99.924256
100.000000
99.558352
100.000000
97.226969
98.654455
97.606847
99.246113
98.079297
99.917973
97.751759
99.503482
98.322238
99.566007
98.050291
100.000000
99.004849
100.000000
98.908610
99.738336
97.887464
99.068894
96.626000
98.758000
97.205003
98.307556
98.193101
100.000000
98.933263
100.000000
98.986546
100.000000
99.594018
100.000000
97.068182
99.061825
97.360351
99.457964
98.909380
100.000000
97.430809
99.029449
97.661048
99.138730
97.376283
100.000000
97.794074
99.576042
98.167949
99.146172
97.470045
100.000000
100.000000
100.000000
100.000000
97.397373
97.229340
98.535418
96.913972
98.374987
97.313034
98.007006
97.302789
98.869120
96.910712
98.446582
97.521279
98.216418
97.128795
98.884854
97.161431
98.324348
97.507181
98.308825
97.333047
98.855660
97.069157
98.334018
97.318687
98.246013
97.162157
98.884561
97.111995
98.415493
97.283010
98.207008
97.283914
98.931592
97.158412
98.464541
97.286688
98.271520
97.239733
98.917805
97.056393
98.502369
97.316909
98.195083
97.170599
98.971664
97.000192
98.397799
97.390242
98.166490
97.424977
99.152488
97.160703
98.588214
97.251798
97.853770
97.036187
98.713936
98.512695
97.374519
97.938503
98.275047
97.421328
99.190348
97.181837
98.761722
97.475180
98.355781
97.240217
99.130373
97.192719
98.718542
97.351436
98.277499
97.231959
98.835692
96.918951
98.348469
97.436175
98.272992
97.170712
98.678497
96.975564
98.345407
97.217728
98.113518
97.134568
98.748205
96.780696
98.328738
97.149805
98.050748
97.223217
98.744218
96.790761
98.325972
97.135943
98.045355
96.876475
98.779627
96.931486
98.307050
97.073516
98.045028
96.975665
98.866454
96.933398
98.390551
97.135975
97.970358
96.834964
99.028362
96.948663
98.619846
97.006109
97.621272
96.742549
98.461046
98.551134
96.975607
97.569312
98.019986
96.880724
98.993263
96.775740
98.543768
97.166196
98.000064
96.675326
98.988637
96.794229
98.332358
97.009093
98.002941
96.637084
98.727313
96.341934
98.318709
96.702774
97.879254
96.551872
98.510009
96.532517
98.041215
96.596159
97.813804
96.546810
98.485727
96.384744
98.071468
96.611327
97.716593
96.628762
98.510674
96.409412
98.046231
96.642717
97.679233
96.384468
98.525015
96.355625
98.039397
96.711181
97.687352
96.496416
98.550914
96.309009
98.103579
96.563133
97.591469
96.469862
98.765514
96.247692
98.110980
96.537447
97.255860
96.322436
98.130265
98.197815
96.577456
97.237343
97.824249
96.645519
98.658683
96.403871
98.291956
96.720103
97.741775
96.311087
98.558654
96.254022
97.983069
96.578524
97.688672
96.175547
98.358619
96.289227
98.018956
96.509194
97.577274
96.268020
98.367526
96.042129
97.722638
96.375238
97.622811
96.299137
98.383656
96.122121
97.817886
96.379822
97.578664
96.375114
98.396565
96.199043
97.811127
96.565062
97.712443
96.357375
98.445786
96.289810
97.904525
96.541155
97.681281
96.278408
98.533910
96.378094
97.762872
96.470157
97.617678
96.336201
98.833937
96.456035
98.185428
96.602812
97.214112
96.446146
98.311267
98.171582
96.693993
97.219231
97.767047
96.619176
98.883902
96.488992
98.168790
96.801564
97.818405
96.559686
98.437171
96.270330
98.101628
96.631461
97.754501
96.580064
98.394825
96.255623
97.751204
96.694556
97.782767
96.562010
98.399347
96.257327
97.819687
96.657945
97.593835
96.562078
98.447635
96.374028
97.857842
96.829119
97.672306
96.640091
98.418682
96.474823
97.835342
96.630638
97.629530
96.740263
98.549735
96.443723
97.999199
96.687324
97.652982
96.635437
98.677362
96.500269
98.070496
96.722969
97.566538
96.615808
98.912187
96.495557
98.012976
96.706163
97.281858
96.539610
98.383087
98.226270
96.788160
97.226119
97.769505
96.753356
98.924369
96.464906
98.126089
96.951397
97.787576
96.762494
98.480470
96.511087
98.112165
96.874159
97.796329
96.654487
98.427930
96.431581
97.792705
96.739054
97.752529
96.429297
98.450729
96.352812
97.823775
96.715643
97.675018
96.553927
98.439215
96.257884
97.917388
96.704051
97.645280
96.477575
98.437538
96.425787
97.961147
96.824510
97.677476
96.600504
98.629298
96.465843
98.089492
96.725989
97.711082
96.692260
98.685817
96.432743
98.127367
96.730301
97.671890
96.662730
98.964116
96.433946
98.145050
96.682910
97.292268
96.581942
98.439862
98.201949
96.753445
97.176907
97.641800
96.701241
98.872721
96.480839
98.106238
96.821996
97.713045
96.582307
98.383372
96.236918
98.048734
96.568507
97.667567
96.421375
98.354650
96.200693
97.706346
96.569425
97.551303
96.456725
98.389543
96.218382
97.780482
96.631917
97.458581
96.314513
98.370463
96.185634
97.794690
96.452283
97.539829
96.296041
98.347226
96.096109
97.819297
96.499842
97.558847
96.271726
98.500217
96.128197
97.968490
96.591938
97.525007
96.481315
98.590265
96.347155
98.053971
96.618765
97.463401
96.266101
98.909955
96.402896
98.086951
96.596852
97.167340
96.465749
98.349314
98.461497
96.642511
97.143556
97.609919
96.589284
98.766649
96.247578
97.919872
96.867138
97.687961
96.384716
98.397819
96.113465
97.942292
96.618755
97.677265
96.306692
98.218522
96.057985
97.692903
96.548175
97.661561
96.250104
98.235216
96.190125
97.698570
96.490512
97.532209
96.361998
98.357970
96.225119
97.837558
96.592098
97.567633
96.338107
98.410017
96.375914
97.828481
96.536225
97.585649
96.469048
98.425123
96.371779
97.864275
96.596650
97.513654
96.422323
98.583225
96.396932
98.001546
96.720899
97.478052
96.519420
98.820966
96.425671
98.151028
96.722357
97.228258
96.448656
98.291040
98.393355
96.805006
97.362394
97.726895
96.812682
98.716487
96.637850
98.238018
96.910254
97.784690
96.597856
98.795674
96.595310
98.256074
96.817200
97.817432
96.736442
98.597791
96.588608
98.040512
96.880157
97.880853
96.754875
98.406949
96.593967
97.844902
97.017900
97.918943
96.749850
98.408365
96.556334
97.878778
97.046135
97.872027
96.734502
98.447766
96.558542
97.988310
97.119048
97.970524
96.921070
98.567268
96.776080
98.107931
97.037972
98.007645
97.075180
98.733100
96.916712
98.239854
97.177145
98.005841
97.079680
99.042999
97.137917
98.565693
97.238939
97.768275
97.144721
98.461293
98.481833
97.434721
97.862699
98.124363
97.259363
99.075629
96.937974
98.406913
97.394140
98.204373
97.260641
99.078934
97.101157
98.401691
97.499831
98.285307
97.220004
98.808632
97.039984
98.301469
97.528123
98.307192
97.421497
98.622135
97.047005
98.323842
97.389822
98.220331
97.430068
98.899226
97.152276
98.218244
97.323412
98.246964
97.494229
98.952508
97.260198
98.292208
97.392293
98.302902
97.537076
98.974651
97.333550
98.366248
97.466766
98.351147
97.557363
99.050065
97.273851
98.508349
97.662045
98.292079
97.391290
99.323110
97.346606
98.718843
97.599526
98.024661
97.399310
98.832290
98.641409
97.565146
97.310237
99.225821
98.143110
99.440897
96.983259
98.781158
97.661051
99.239592
97.469166
98.448492
97.228829
98.426944
97.523867
99.030632
97.264676
98.846259
97.651910
99.103563
98.415663
99.184472
97.451978
98.198446
96.154684
97.328381
96.747605
98.071153
96.346737
97.567819
95.811669
97.231139
96.599424
98.155325
96.425424
97.806108
96.282965
97.834205
97.318816
98.834195
97.318915
98.359589
96.476136
98.033379
97.308136
98.723277
97.177961
98.404977
96.186845
97.816947
96.789762
98.099595
96.623617
98.375503
96.206860
97.619715
96.528170
97.623561
96.504380
98.024187
98.047354
96.655283
97.621756
98.590853
97.529326
98.900820
96.689979
98.194578
97.231231
98.593329
96.978345
98.498772
96.744862
98.363276
97.686365
99.623359
98.128771
99.466907
97.343767
98.626812
98.018663
99.930900
98.701270
99.901487
97.593098
98.628960
97.920799
99.472720
97.904447
98.873106
96.856442
98.524558
98.755515
100.000000
99.275034
100.000000
98.143291
99.160366
98.171603
99.520915
97.568039
98.611239
96.244450
97.610009
96.854047
98.401350
96.865296
98.260342
96.366538
97.753226
97.027874
98.336755
96.682395
98.359404
96.210569
97.842861
96.905214
98.047936
96.465269
97.944323
97.810754
96.888709
97.948631
99.203380
97.542175
98.655539
96.426469
97.874614
96.902234
98.260391
96.479231
97.736529
96.101332
98.208417
97.236641
98.231242
96.369836
97.637886
95.812660
97.354172
96.743881
98.027378
96.243472
97.948384
96.381338
97.968946
97.385863
98.796719
96.985783
98.161161
95.907632
97.393262
96.390743
98.274160
98.039847
100.000000
97.906728
98.850218
98.115134
99.721110
97.382362
98.744405
96.738294
97.995054
97.039167
98.957460
96.827953
98.261979
96.112599
97.724996
97.015103
98.749351
97.261770
98.845242
96.436549
98.268343
96.827766
98.298183
98.044848
99.846090
98.849793
96.620508
97.593013
98.455031
97.846850
100.000000
99.577513
100.000000
97.706436
98.303061
96.513762
98.298098
97.727092
99.117108
97.657402
99.081647
97.432381
99.239649
98.038401
98.724691
96.955374
98.140145
96.374079
98.144777
96.928701
97.956140
96.747727
98.241096
96.434073
98.568687
97.344522
97.688191
96.827160
98.468796
97.474730
98.446028
96.338096
97.857601
97.406017
99.718854
98.564584
99.084042
96.573737
98.040296
97.311437
98.938447
96.947714
98.360591
96.226283
97.966446
97.452317
98.988536
96.889878
98.604468
96.563138
98.455723
97.729138
99.458870
97.599517
97.904978
97.873349
97.541494
98.296079
99.092792
97.589534
98.847414
96.589032
98.191298
97.080853
98.794021
97.224296
98.063609
96.212795
97.803965
97.067031
98.700319
96.739588
97.902338
95.987139
97.795093
97.103548
98.591341
96.664065
98.011628
96.308804
98.130772
97.243823
98.042946
96.560859
98.875126
97.937127
98.591047
97.689744
99.180954
98.632334
100.000000
98.277194
98.587686
97.162600
98.614280
96.850097
98.479017
96.640054
97.816806
96.651143
98.240086
96.533020
97.866200
95.691976
97.255453
96.435776
98.291237
97.556715
98.821321
95.985180
97.700342
96.586448
97.840024
96.238080
97.743311
98.179723
97.828241
98.944121
99.490454
97.454279
98.673920
96.741829
98.404732
97.253406
98.218255
96.326266
98.025684
95.801106
97.575854
96.793634
99.123849
97.938483
98.579719
96.530106
98.179336
98.344033
99.995818
96.729194
98.200221
97.966970
99.419080
97.479236
98.210270
96.475855
98.362407
97.511349
98.715401
97.173502
98.174263
96.230223
97.878508
95.684614
97.794762
96.541720
98.336442
97.294451
98.747182
96.451059
98.031485
97.856602
99.404257
96.936065
97.939749
95.784467
98.119434
96.836625
98.392483
96.929772
98.757457
96.945761
98.216649
96.936233
98.021596
96.926159
98.586504
98.547196
96.919758
97.963169
98.577717
96.869768
98.344075
96.013457
97.907451
97.322313
98.690934
96.929483
98.407353
96.662234
98.263991
97.100872
98.155672
96.552615
99.159450
97.933852
98.724977
97.699244
99.051423
97.553167
98.987819
97.049830
97.645904
96.467663
98.140588
96.673299
97.997715
95.976924
97.617014
96.562132
97.891293
96.212537
97.821782
95.845397
97.765746
97.357040
98.081900
96.180838
97.921492
96.846109
98.256302
96.897808
97.935859
96.283573
98.066541
96.092998
98.075121
97.007583
98.318958
96.878187
99.142402
97.255805
98.603057
97.185661
98.155037
96.936359
98.821298
98.973861
98.125709
99.844668
100.000000
100.000000
100.000000
99.300188
100.000000
100.000000
100.000000
96.736013
97.619553
95.639426
97.367239
96.506367
98.135179
96.287979
97.816563
95.988085
97.849158
97.763234
99.713343
98.147925
99.234678
97.220525
98.149867
97.400150
98.900031
97.366097
98.840700
97.683081
99.517993
98.684172
99.894306
98.491040
99.744068
98.913322
100.000000
100.000000
100.000000
100.000000
100.000000
99.077960
100.000000
99.510438
100.000000
100.000000
100.000000
100.000000
100.000000
99.986233
100.000000
100.000000
100.000000
100.000000
100.000000
100.000000
100.000000
100.000000
100.000000
100.000000
100.000000
100.000000
100.000000
98.304608
99.042212
96.906450
99.077013
99.263186
100.000000
98.629647
99.005375
96.668286
98.188325
97.911828
100.000000
99.313199
100.000000
99.423942
99.856642
98.459900
99.289868
97.667963
99.537852
98.605122
99.339140
98.922013
100.000000
99.015787
100.000000
98.569879
100.000000
99.866772
100.000000
98.440328
98.555886
95.839833
97.690935
96.627003
98.580767
97.775473
99.375675
97.770311
98.449434
97.037651
98.252105
96.462460
98.155234
95.952025
98.340479
97.771915
99.021758
96.349180
98.317954
95.751165
98.066364
97.690013
98.585627
96.589893
98.688659
99.589908
97.729335
98.047740
98.576071
97.251829
99.527978
97.597369
98.152189
96.638865
97.866808
96.262698
97.941726
96.227799
97.272774
96.334844
97.964922
96.272602
97.349436
95.512488
97.437667
96.503107
97.735181
96.039926
97.360845
95.662532
97.642305
96.732299
97.888449
96.350182
98.311368
97.404913
98.661029
97.162487
98.090837
96.336565
97.869652
96.317876
97.896922
96.575620
97.915306
96.232079
98.107970
95.660755
97.441498
96.446117
98.126271
96.384475
98.396205
96.342353
97.810281
96.362801
97.826594
96.372798
98.804495
96.694748
98.527068
97.584046
99.224301
98.473877
99.737934
99.129288
97.081077
100.000000
