97.509559
97.471021
97.286257
96.717672
96.356002
96.255235
95.975278
96.238922
96.288184
96.269319
96.401305
96.595425
96.939816
96.782817
96.640815
96.844853
96.733874
96.711089
97.171062
96.801699
96.654543
96.763126
96.749497
96.880263
97.278605
96.749837
96.687003
96.717565
96.631280
96.530811
96.898424
96.532881
96.398627
96.636821
96.464439
96.636453
96.674280
96.594114
96.416678
96.689559
96.558566
96.656168
96.739014
96.551009
96.395848
96.588263
96.709714
96.684735
96.716664
96.354780
96.375160
96.546250
96.333639
96.191263
96.056000
96.219425
96.050451
96.102776
96.139814
95.693759
97.736614
97.176089
96.868046
96.480262
95.972978
95.835761
95.239997
95.734703
95.388744
95.679376
95.901322
96.061597
96.346904
96.132899
96.024078
96.144200
96.086648
96.157283
96.539170
96.235327
96.214497
96.402902
96.250089
96.368363
96.634442
96.409111
96.335091
96.405489
96.374362
96.315921
96.831080
96.362926
96.371381
96.629673
96.645868
96.613260
96.744653
96.463521
96.484545
96.569076
96.552585
96.732949
96.919455
96.715557
96.534328
96.467961
96.526645
96.625596
96.805531
96.630223
96.465684
96.816023
96.402735
96.289077
96.138289
96.093671
96.190226
96.203859
96.142082
95.976478
97.693220
96.839149
96.483442
95.934478
95.500695
95.331489
95.036364
95.333719
95.190096
95.298385
95.582602
95.781009
96.190224
95.913091
95.798848
95.874932
95.919653
95.952396
96.351642
96.152288
95.956299
96.146478
96.118535
96.261653
96.439617
96.263576
96.188828
96.317645
96.210998
96.358542
96.602201
96.379826
96.260169
96.413501
96.361148
96.420268
96.804957
96.443589
96.460072
96.590267
96.487279
96.481158
96.877331
96.452293
96.463231
96.398762
96.410794
96.531381
96.744942
96.294484
96.231243
96.444260
96.067385
96.065430
95.847164
96.157250
96.020653
96.057038
95.906685
95.915862
97.533813
96.930639
96.468062
96.093382
95.571964
95.287458
94.566415
95.097742
95.071556
95.340160
95.655959
95.923921
96.179292
95.888603
95.694625
96.046782
95.848060
95.992737
96.326004
96.089861
96.084503
96.082831
95.975155
95.931414
96.523519
96.193715
96.230145
96.221743
96.197868
96.231511
96.563780
96.210968
96.018104
96.272897
96.372041
96.376401
96.698295
96.408092
96.221168
96.248340
96.331786
96.526492
96.825622
96.362759
96.406430
96.229946
96.358174
96.400284
96.658308
96.302937
96.324636
96.551837
96.210888
95.975172
95.834045
95.958783
95.822904
95.863134
95.842356
95.755280
97.428709
96.973141
96.497824
95.870307
95.388274
95.135635
94.731200
95.055436
94.966028
95.222293
95.572710
95.740428
96.185705
95.828396
95.732047
95.863917
95.880421
96.096879
96.295751
96.000886
95.910105
96.014575
95.992230
96.044739
96.509566
96.073850
96.030377
96.200312
96.157561
96.184061
96.525437
96.280189
96.221350
96.361481
96.368206
96.410102
96.702479
96.352786
96.309005
96.297962
96.478287
96.566611
96.774081
96.427523
96.411755
96.356014
96.486180
96.647546
96.961861
96.475778
96.520160
96.665974
96.074385
96.169371
95.880330
96.029914
95.944197
95.974043
95.930064
95.890064
97.656199
96.878532
96.429084
95.888051
95.363185
95.138241
94.840692
95.106390
94.903496
95.033966
95.585770
95.800027
96.180129
95.868122
95.771619
95.932451
95.968122
96.059114
96.290272
95.988953
95.828931
96.031823
96.073014
96.197781
96.363777
96.177208
95.910510
96.096961
96.136003
96.255112
96.711718
96.307702
96.062176
96.217172
96.317395
96.334198
96.671481
96.439880
96.377435
96.307116
96.427758
96.603920
96.872780
96.466577
96.458229
96.407300
96.571676
96.612604
96.812249
96.597665
96.423485
96.633884
96.290650
96.104005
95.985854
95.942302
95.856151
95.866741
95.881536
95.761718
97.410536
96.722042
96.336267
95.800370
95.374843
95.067201
94.706642
94.901678
94.781826
94.932644
95.481214
95.688359
95.960198
95.603988
95.551826
95.487489
95.571951
95.690238
96.011023
95.640608
95.521772
95.724223
95.811970
95.836040
96.063722
95.975862
95.810168
95.891948
95.842005
95.900256
96.240349
95.905139
95.897616
95.959658
96.023364
96.295681
96.455935
96.143136
95.988167
96.185486
96.167347
96.238327
96.554264
96.301314
96.231678
96.099866
96.222251
96.366903
96.677730
96.378804
96.286908
96.494779
96.005002
95.870997
95.613667
95.585619
95.362055
95.288648
95.299463
95.241062
97.422412
96.867899
96.155420
95.701911
95.351191
94.864340
94.487881
94.928607
94.868901
95.146359
95.569094
95.629546
96.018276
95.744847
95.619818
95.649023
95.909655
96.007820
96.110408
95.841234
95.748402
95.856742
95.908774
96.101770
96.333243
96.047379
95.808673
96.005025
96.021595
96.140200
96.637672
96.235226
96.062168
96.151032
96.186949
96.174556
96.642340
96.377801
96.387384
96.275620
96.355111
96.594489
96.745526
96.424266
96.200889
96.313263
96.315361
96.620572
96.727677
96.402476
96.271391
96.460939
96.034080
95.832032
95.785454
95.783545
95.654997
95.751169
95.624922
95.561885
97.478025
96.813634
96.341926
95.640502
95.255924
94.739783
94.468900
94.860225
94.683901
94.869585
95.181221
95.576308
95.810193
95.472951
95.444242
95.614982
95.609186
95.719568
96.022026
95.717671
95.604679
95.757921
95.791596
95.944517
96.314579
95.933569
95.824450
95.913231
95.817159
95.971147
96.279970
96.018669
95.945481
96.043227
95.958369
96.162000
96.481337
96.131420
96.072433
96.129709
96.257949
96.313212
96.648030
96.202646
96.247636
96.187534
96.336906
96.343178
96.647021
96.283227
96.208815
96.444720
95.918345
95.859199
95.625751
95.636959
95.524942
95.591729
95.554790
95.431604
97.350175
96.814484
96.229764
95.617007
95.219305
94.754280
94.579510
94.701244
94.721299
94.737049
95.009927
95.441774
95.741221
95.587049
95.376485
95.446188
95.510532
95.705297
96.073461
95.641471
95.588518
95.689356
95.675800
95.776542
96.156760
95.810104
95.757709
95.801364
95.821385
96.044729
96.231657
95.952857
95.795604
95.935339
95.805558
96.001637
96.294751
96.025703
95.870698
95.964400
96.008252
95.977373
96.475349
96.070545
96.106304
96.005710
96.146661
96.241301
96.411558
96.229464
96.112264
96.285477
95.908099
95.697473
95.581169
95.464753
95.436693
95.473994
95.467580
95.117881
96.539724
97.139083
96.984458
96.729129
96.750304
96.454456
95.474084
97.337822
97.510269
97.596750
97.805512
97.957293
97.583735
98.598614
98.763203
98.866672
98.614721
98.238766
97.458051
98.249251
98.399919
98.242012
98.330073
98.641724
97.936242
98.254765
98.160543
97.970865
98.361784
98.488001
98.021163
98.490708
98.170951
98.725127
98.097006
98.448516
97.873997
98.357933
98.289378
98.744806
98.423922
98.369712
98.048029
98.067082
97.932534
98.107770
97.782590
97.818874
97.461513
97.624892
97.498775
98.143917
97.400535
97.448852
96.857167
97.424797
97.384538
97.321817
97.395720
96.603292
96.990106
96.982046
96.790082
96.873276
96.655226
96.698203
95.382102
96.602884
96.668642
96.654613
96.082233
95.932459
95.808520
95.646163
95.394392
95.638197
95.279858
95.148586
95.337880
95.381564
95.569061
95.842609
95.630304
95.540871
95.854757
94.900818
94.889287
95.247809
94.877862
94.796400
95.651080
94.262564
94.202268
94.241950
93.934216
94.066732
93.736540
93.806503
94.061962
94.240585
93.806195
93.733224
93.577928
92.364117
92.290324
93.245829
92.043601
92.029163
92.051050
91.561723
91.529186
92.702777
91.604472
91.602927
91.381633
91.627494
91.280499
91.949089
89.950686
90.436925
92.462118
89.123678
88.748307
89.165985
88.895282
88.989586
87.953864
88.823756
88.786832
88.794335
89.007905
89.182249
89.603928
90.069768
90.086755
90.884479
89.710218
90.043834
90.940953
89.834095
89.658485
90.094154
89.703091
89.904342
90.326923
89.792036
90.040853
90.404840
89.992457
89.780420
90.979079
88.602840
88.588158
89.899451
87.804542
87.763774
88.881188
87.744323
87.539831
88.908705
87.263888
86.754489
87.590859
86.534674
86.338047
87.495181
85.571544
85.368775
86.505873
83.974809
83.529584
86.539594
83.256036
83.460326
84.901072
83.345154
83.554635
84.716862
85.037532
85.370860
91.269989
86.349990
86.161428
86.560361
84.826057
86.188835
86.288659
84.565812
84.330836
85.601200
85.914839
85.947008
87.555092
84.879953
85.092008
86.832333
84.631135
86.079709
86.829822
86.071210
84.810775
86.922893
84.992499
85.002148
86.928932
86.065087
86.273578
86.964766
84.957823
85.264992
86.998731
85.117553
86.109588
85.685801
84.931841
84.720730
86.119316
84.331874
84.261649
86.076832
84.310341
84.625658
86.323449
84.646026
84.525668
86.688075
84.578369
84.867542
87.650748
83.172849
84.694567
85.415820
84.724038
84.597901
85.050739
82.642034
82.267243
84.042338
82.680602
85.966304
88.981333
83.681294
83.620541
84.169517
81.752614
81.648362
83.704692
81.433936
81.433057
83.134774
81.399160
81.182495
84.879956
80.928321
81.064526
83.671451
81.424552
81.501757
84.286972
81.248312
81.296779
81.932510
81.470572
81.193407
83.902096
81.572094
81.965648
82.367680
81.677763
81.681965
84.380539
81.820840
81.914569
84.328307
82.010189
81.894471
84.522061
81.923387
82.150849
84.426782
82.192454
82.413471
86.180052
82.459342
82.483450
84.594822
82.194945
82.307946
86.290633
83.204303
82.988075
85.314043
82.890398
83.490770
86.915482
83.280030
83.225255
85.221473
84.059826
87.232788
90.554530
83.132877
82.993573
85.362166
82.844475
82.350563
84.263619
80.635980
80.554500
83.948866
80.345745
80.167882
86.787562
80.004178
80.133554
84.366733
79.611659
79.562636
85.114425
79.905719
79.985109
82.339393
79.684269
79.891999
85.396138
79.886101
79.584786
81.945884
79.589020
77.918884
85.445049
77.789813
77.679854
82.327777
79.980421
79.784580
84.201669
77.866029
78.089005
82.383018
78.501693
79.017206
86.025784
80.185546
80.392745
82.701145
78.409603
78.459862
85.821427
80.351804
80.363298
82.798306
78.603246
78.512618
84.369151
80.468296
79.957705
81.904273
80.100872
82.930234
89.594779
80.239617
78.559032
81.443336
80.512456
80.469536
84.358143
80.207107
80.052802
81.856568
80.343739
78.370673
84.893416
80.195028
79.855939
82.804973
80.347584
80.515220
85.357839
78.443411
78.651811
83.288496
78.460051
78.944811
85.728302
80.877003
80.684524
81.872111
78.945031
78.698708
85.369297
80.837820
80.337208
83.109208
80.140924
80.463098
85.195630
78.535300
78.295466
83.078611
78.178140
78.160853
86.104656
78.363510
78.654849
83.351627
78.566057
78.465385
84.492907
78.237135
77.928970
82.466037
78.402661
78.733980
83.582776
78.949041
79.064085
80.730194
78.736613
83.251581
88.477119
79.355816
78.910227
83.039852
78.326505
78.155714
82.594894
78.636207
78.438833
79.825495
78.807027
78.694489
84.936615
79.000666
79.114006
83.020595
78.974318
78.991586
85.340303
79.322606
79.269185
81.973383
79.027202
79.398310
85.571139
79.397867
79.289334
81.927872
79.020210
79.062992
85.523677
77.150477
79.203870
82.180606
77.631665
77.464957
85.572446
79.479917
79.557890
82.400355
79.725567
79.725565
85.988036
79.280346
78.975230
81.667748
79.053068
79.159050
85.354713
79.354201
78.839412
81.596604
79.100142
78.694996
82.892610
78.568699
78.571241
80.601283
78.900906
83.450455
88.172125
79.616238
79.356358
83.891598
79.873747
79.710105
83.798048
79.214301
79.090897
80.466377
78.826147
79.018053
85.076097
79.061128
78.723878
82.652082
78.748360
79.170624
84.694969
78.308154
78.330080
80.655694
78.364222
78.103050
83.998273
78.041894
78.090279
82.246580
77.867652
78.152562
84.245270
77.901843
79.667726
80.587225
79.483595
77.880245
84.148310
78.374298
78.830551
83.341821
80.609945
79.412158
83.475487
78.971240
79.156097
81.554937
78.674238
80.863677
87.937633
82.592627
82.832909
85.214717
85.813411
86.257491
88.653366
87.240453
87.421003
89.284909
89.092063
89.833363
94.394103
92.925253
93.252687
94.346759
92.931023
92.908405
92.477039
93.689531
93.575101
94.526531
93.806027
93.981734
95.369150
94.028631
94.100230
95.621168
92.419940
92.185900
94.547131
90.213354
90.193421
91.679554
87.708435
87.164622
91.433195
84.997242
85.056882
88.749483
85.038073
85.307264
90.479616
85.045926
84.708352
86.731972
84.247429
84.273042
88.486860
82.301906
83.391241
85.985433
83.485167
83.608204
88.282717
83.368190
83.313071
85.722593
83.051423
83.143979
87.782883
82.796395
82.915487
85.557704
82.648488
82.539295
85.575613
82.079021
82.168366
83.704333
82.173005
85.896140
91.573805
91.211278
90.360215
89.780679
89.118384
88.929022
89.044965
89.689489
89.794186
89.707457
90.275404
90.627784
91.226685
91.467494
91.759472
92.053842
92.104084
92.092487
92.330984
92.692702
92.764664
92.977475
92.985699
92.933606
93.143487
93.496545
93.731080
93.853629
93.728464
93.534525
93.802186
94.111494
94.251144
94.569587
94.388714
94.458368
94.557401
94.458545
94.795839
95.139689
94.914902
94.763419
94.947643
94.732063
95.260509
95.295313
95.241513
95.246935
95.110312
95.298728
95.607270
95.577899
95.600431
95.511390
94.559926
95.147622
95.630934
94.938465
95.684421
94.966417
96.202818
95.381444
94.875291
94.805402
94.391147
94.157350
93.701115
94.255368
94.366648
94.195969
94.514623
94.651016
94.943878
94.926241
94.921888
95.317652
94.978855
95.234368
95.463346
95.187101
95.334763
95.562350
95.723522
95.948318
95.850857
95.568686
95.552215
95.933850
96.064138
96.272498
96.158871
95.680601
95.660564
95.993700
95.699927
96.449732
96.334433
95.677679
95.570543
95.905456
96.238186
96.263989
96.203129
95.580423
95.511410
95.958551
96.131894
96.470632
96.187768
95.940023
96.052446
95.960655
96.214769
96.140439
95.505498
95.982930
96.248188
95.515787
96.263127
95.600189
96.185321
95.644897
95.269481
94.959431
94.629631
94.593199
94.214793
94.761476
94.822686
94.698998
94.906263
95.087166
95.358026
95.236884
95.021088
95.450033
95.331500
95.334666
95.685330
95.389138
95.631635
95.683399
95.672341
96.120535
95.966285
95.633810
95.546019
95.782176
95.892952
96.114803
96.068024
95.588780
95.496435
95.939972
95.901057
96.151441
96.075490
95.622552
95.527186
95.890580
96.140859
96.108735
96.108837
95.452738
95.508877
95.720606
96.125501
96.251752
96.134298
95.917380
96.193193
95.887634
96.079822
96.068485
95.481048
95.680412
95.993350
95.290943
96.046386
95.502557
96.079580
95.293746
94.824919
94.747118
94.331456
94.161198
93.701628
94.049211
94.273459
94.118861
94.398429
94.668027
95.023661
95.034669
94.982604
95.333270
95.074534
95.401949
95.437594
95.471580
95.489733
95.507475
95.716560
95.794428
95.805272
95.407987
95.322686
95.549950
95.848378
96.036576
95.926387
95.564127
95.507907
95.667475
95.762684
96.066825
96.024438
95.558150
95.431591
95.792898
96.026557
96.155532
96.130809
95.555806
95.703348
95.886512
96.195099
96.296746
96.113348
95.933564
96.155761
95.908055
96.036990
96.094427
95.437339
96.021302
95.982895
95.377221
95.929490
95.466616
96.088218
95.526991
95.280951
95.278114
94.698554
94.428794
94.039337
94.571060
94.743468
94.620071
94.953522
95.115491
95.423457
95.351043
95.348493
95.667771
95.421102
95.473534
95.596098
95.570340
95.429076
95.723019
95.475420
95.567382
95.741841
95.355959
95.611342
95.964854
95.647316
96.022261
95.903352
95.490826
95.352620
95.789967
95.963018
96.218620
96.083964
95.625832
95.617336
96.075586
96.057112
96.347529
96.052146
95.488615
95.568340
95.700177
96.105713
96.283144
96.098753
95.907425
96.149937
95.876407
96.026370
96.034190
95.521546
95.809547
96.190160
95.617601
96.163049
95.454632
96.333443
95.606459
95.278937
95.328576
94.715104
94.740203
94.159162
94.775125
94.805007
94.551205
94.787471
94.997538
95.324729
95.175776
95.225589
95.508974
95.237060
95.362492
95.663966
95.549664
95.536922
95.968793
95.604223
95.702215
95.818149
95.478561
95.676652
96.012342
95.705588
96.120884
95.959290
95.756341
95.772156
95.995329
96.112013
96.243354
96.068605
95.584807
95.532367
95.810606
96.058109
96.396930
96.129294
95.574542
95.873595
95.814103
96.138955
96.222850
96.042731
95.509339
96.084024
96.109865
96.043743
96.014638
95.395309
95.792463
96.146459
95.598111
96.116439
95.432840
96.364688
95.616005
95.189972
95.184256
94.801183
94.619612
94.025994
94.486480
94.598351
94.422410
94.687143
94.928363
95.185365
95.027402
94.900056
95.423759
95.082333
95.080979
95.516517
95.439604
95.271048
95.613133
95.395868
95.646997
95.790857
95.354045
95.401125
95.778413
95.615047
96.105450
95.979617
95.786120
95.705132
96.010087
95.967890
96.058143
95.985467
95.511204
95.519926
96.056138
96.231198
96.314138
96.153429
95.624212
95.557254
95.795063
96.134177
96.254242
96.167730
95.613116
96.167864
96.124236
96.214617
96.174550
95.540991
95.914080
96.269167
95.738482
96.272532
95.533534
96.397391
95.600353
95.250812
95.222166
94.696162
94.605555
94.072921
94.501683
94.707502
94.552342
94.808518
95.020513
95.226314
95.030118
95.026552
95.451436
95.063489
95.226826
95.542001
95.466822
95.443441
95.874404
95.602764
95.772777
95.809878
95.317098
95.594987
95.876340
95.676423
96.137684
95.967118
95.685917
95.681117
96.002363
96.033697
96.271370
96.091932
95.598566
95.642548
96.131731
96.133283
96.406393
96.151360
95.745319
95.829298
95.896149
96.305692
96.393131
96.231774
95.593197
96.221132
96.186134
96.305428
96.271038
95.557500
95.994152
96.314778
95.789187
96.234017
95.642277
96.458726
95.863281
95.534337
95.419331
94.924294
94.821042
94.298292
94.705151
94.847032
94.639907
94.924139
95.143796
95.360152
95.200082
95.140405
95.651985
95.307776
95.410990
95.753629
95.655124
95.594165
95.882165
95.619367
95.695473
95.908961
95.576625
95.658072
96.003234
95.752887
96.204428
96.106691
95.890793
95.853940
96.131159
96.061227
96.173263
96.128594
95.657411
95.644485
96.140358
96.258407
96.493982
96.348129
95.711776
95.622464
95.890893
96.242463
96.358056
96.393651
95.842986
96.325921
96.249718
96.511347
96.485976
95.705382
96.002419
96.493535
95.729119
96.405466
95.740339
96.465820
95.727942
95.417184
95.339823
94.845650
94.610491
94.112686
94.608273
94.727638
94.670473
94.978234
95.173782
95.480527
95.438209
95.473218
95.682017
95.367573
95.392854
95.681708
95.483073
95.523559
95.839627
95.556818
95.735877
95.797341
95.496382
95.629098
95.981652
95.615432
95.960149
95.912276
95.469622
95.611860
95.936181
95.729450
96.367184
96.186063
95.535290
95.503054
95.741442
96.005234
96.265346
96.187688
95.418802
95.403516
95.854664
96.216843
96.348634
96.192923
96.156099
96.113389
95.886229
95.957684
96.086551
95.422357
95.681179
95.924136
95.487809
96.047257
94.970769
99.300591
97.416056
94.796567
93.095654
91.721917
91.403648
92.055436
93.922835
94.527516
93.657484
92.958843
92.948281
93.506925
92.307037
92.576812
93.047802
92.980570
93.395506
94.123792
92.364020
92.180110
92.437722
93.014541
93.921118
95.127216
93.941635
94.269472
95.103645
95.157293
95.573583
95.903379
93.330260
92.976496
94.087484
94.809511
96.358890
98.538900
97.246486
96.431628
96.008158
94.956107
95.294934
96.424496
95.396302
95.420850
95.559138
94.860123
94.399830
94.596523
92.805578
92.592720
92.951721
92.524666
92.205220
91.843860
91.777785
92.605558
92.317252
92.396494
91.696286
96.867099
95.396977
95.440787
95.752171
94.547401
93.441746
92.600078
91.468459
92.071899
93.301391
95.154460
96.227152
97.216208
95.267240
95.148208
95.877259
95.963503
96.178251
96.767981
94.836591
93.981599
92.968933
91.859366
92.436584
93.555086
91.874048
91.891067
92.086262
93.094773
94.688362
96.297927
95.076893
94.920664
94.230391
93.764432
94.086099
95.796109
94.622874
94.469305
95.273554
95.084697
94.983154
95.977190
93.887770
92.520353
91.855413
91.650224
92.200607
93.760464
94.015359
94.806637
94.366925
91.763256
89.583201
88.937139
90.126080
90.267864
89.985228
91.646222
90.914647
95.457404
92.984389
91.672541
91.057142
88.978282
88.331156
87.925642
87.991459
88.144158
88.206883
89.419541
91.523058
93.558694
92.357071
92.481097
92.896699
92.939512
94.602300
97.051374
95.700991
95.246275
94.396189
91.935794
91.628938
92.638747
90.845918
91.109414
92.323885
93.373591
93.848792
94.852729
93.473879
92.908325
92.819703
92.194835
92.771414
93.788172
92.659825
92.927702
93.903876
93.289288
93.544907
94.153113
92.526708
93.563963
93.578610
94.491216
94.855444
95.653934
94.804863
95.397222
95.625990
94.848016
93.112536
92.190481
92.808430
93.944230
93.480387
93.196388
91.924058
95.249065
92.802017
91.599080
91.281644
91.091267
90.259980
89.739361
89.956075
89.754091
89.663754
91.190877
92.388114
93.479630
92.786735
93.036024
93.353050
92.917311
93.520334
94.681434
93.246173
93.508502
93.846738
93.924395
94.872128
96.897827
96.052544
95.854814
95.141893
94.462033
94.609659
95.003107
92.337919
91.665967
91.952074
92.076334
92.508002
92.986395
91.077166
90.897144
91.189616
91.829445
93.180888
94.704974
93.171489
93.743873
93.827801
94.872515
95.334303
96.059009
94.954247
94.616321
94.632683
93.727892
92.789830
92.594098
91.462047
90.654981
90.235776
90.367416
90.963570
95.794775
92.811615
91.343202
91.845597
92.637610
92.897106
91.695884
89.523254
88.923105
89.131714
90.213466
91.829151
92.959035
91.478729
90.725235
90.893036
90.935774
92.019261
93.438715
91.850274
92.417902
93.442829
93.600836
94.050758
95.415259
93.772751
93.252588
93.110031
92.574742
93.518656
96.848972
95.942031
93.570417
91.595719
91.812418
94.856746
94.039799
91.527796
91.291491
91.156710
91.169914
94.354339
94.854502
90.967137
90.996800
90.735942
92.029043
94.331905
94.273364
92.263949
91.810205
91.794590
91.897395
93.233791
93.026049
91.979436
91.101598
90.381158
90.621031
90.645101
95.373614
93.014047
91.671290
91.105777
91.260518
92.639590
92.667846
90.865965
89.674210
89.718427
90.443547
92.174051
92.800602
90.757261
90.491409
91.442247
92.953018
95.022104
95.077157
92.726999
92.420460
92.804156
93.212589
93.462145
94.211925
92.565545
92.169793
92.229718
91.990939
92.878669
94.610202
93.158053
92.578700
92.769674
92.925142
94.564401
95.269242
91.528947
91.889868
93.906651
95.133263
95.387592
96.179786
95.274347
95.627007
93.294703
92.263941
92.542069
93.031648
92.152829
93.792076
94.984232
93.803373
92.683414
91.808899
91.573734
91.636091
92.320283
92.747479
92.985345
96.452394
93.657746
92.748163
92.282193
91.285667
91.184721
90.161073
90.416015
90.952317
92.644588
92.664966
93.072937
93.684881
93.157335
94.014752
94.409614
93.195533
93.631760
94.459921
93.410523
93.680113
93.898124
93.366032
93.127274
93.820069
92.563379
92.969156
94.349992
94.523520
94.661182
95.314680
93.601174
93.085935
93.447110
93.849437
94.339292
94.946235
93.521736
92.909727
93.241896
94.914830
95.823258
95.836881
93.619951
93.691176
94.184059
94.049969
93.421580
93.893530
93.078395
93.971477
93.635441
93.195554
92.995065
93.624776
93.631198
93.555797
92.360604
92.370713
92.384493
95.951391
94.631738
94.410760
93.360123
91.015160
90.391438
89.582177
89.904309
89.855639
90.006867
90.373248
91.094215
92.132477
92.648123
94.609336
95.211195
93.711930
92.377923
92.645656
91.493268
92.003247
94.045623
95.279091
94.129403
93.959762
92.632237
92.563200
93.194541
93.549545
93.691852
93.978030
92.299134
92.156178
92.653859
92.735834
93.218733
94.328619
92.687075
92.681306
93.131734
93.047414
93.788060
94.927385
93.686223
94.023148
94.673494
95.482460
94.778192
93.637943
92.017134
92.012770
93.044114
93.537649
94.391712
94.661764
92.917004
91.784628
91.581999
91.759865
92.627522
97.563455
96.307749
94.257557
92.589013
90.928920
90.104636
89.798864
90.315198
90.391741
89.952404
90.133049
90.924175
92.481618
91.476251
90.706895
90.852294
90.798096
92.386628
93.481375
92.233518
91.763287
92.007568
92.497323
93.482314
94.361949
93.228178
92.978724
93.087887
92.471854
92.410906
93.097138
91.852196
91.786671
92.265168
92.077401
92.717892
94.015491
93.119825
93.324100
93.826006
93.625707
93.745004
94.596208
93.095976
92.975367
92.558861
92.798654
93.581384
94.956047
93.719040
94.286265
95.556094
94.901872
92.957002
91.634136
91.096850
91.117156
91.463214
92.568585
93.553475
97.979693
94.696081
92.733738
92.138931
92.080326
93.015945
93.467687
92.381899
91.365950
90.166706
90.160618
91.009821
91.946886
91.426327
91.492963
91.676488
91.928681
92.263771
93.136367
92.245410
92.795002
94.166115
93.424708
93.850002
94.147945
92.524802
91.498313
91.621583
91.726520
92.041645
92.792096
93.196287
94.521934
94.489948
94.061164
94.179122
95.456300
94.684026
93.386803
92.158698
92.091395
92.337743
94.004163
94.027290
93.391439
92.440022
92.375531
92.476185
93.254676
92.127804
92.232581
92.124901
91.776505
91.655969
91.284685
90.894500
91.839124
93.574413
95.672141
95.761842
93.723881
93.309275
92.386105
91.535300
90.833068
90.271177
89.863092
90.544817
90.475962
90.696314
91.437658
92.131098
92.630607
92.106619
91.883770
91.996835
92.254340
92.716310
93.376453
92.677080
92.319517
92.490261
92.540733
92.890297
93.543835
92.824980
92.466853
92.713375
92.891615
93.088321
93.818079
92.926861
92.456074
92.501578
92.806736
93.094147
93.890234
92.840627
92.604459
92.476717
92.805853
93.055714
93.781320
92.765560
92.703450
92.577577
92.897300
93.096487
93.624694
93.054507
92.722869
92.790578
91.991046
91.493248
91.016698
91.332603
91.265831
91.288694
91.328023
91.143068
95.180699
93.628957
92.574639
91.744804
90.668754
89.977144
89.561819
90.161454
90.107820
90.328637
91.217366
91.985611
92.920141
92.131829
91.712990
91.755181
91.829702
92.315884
93.037105
92.173324
91.615572
91.944353
91.880366
92.526566
93.526778
92.498934
91.894744
92.015926
92.105833
92.716370
93.508332
92.448815
92.166686
92.429749
92.541890
92.968956
93.691490
92.356821
92.109168
92.469979
92.414725
92.796458
93.744950
92.303174
92.139182
92.305892
92.279227
92.495997
93.265271
92.327273
92.132954
92.120212
91.421199
90.940477
90.626948
90.842406
90.797067
90.341331
90.734203
90.548240
94.398168
92.288233
90.941096
90.305907
88.856696
88.054927
87.815126
88.037912
87.706746
88.129748
89.257955
90.767948
92.247493
90.712969
90.273943
90.724416
90.628317
91.249912
92.816061
90.996425
90.398301
90.916402
90.785587
91.505894
92.818183
91.057405
90.334862
90.837814
90.665081
91.291575
92.893466
90.980479
90.361032
90.772496
90.424735
91.316577
92.779594
90.757701
89.989209
90.614960
90.045372
90.720323
92.086350
90.062312
89.492932
90.127109
90.035562
90.600490
91.561166
90.310879
89.898942
89.942669
89.131538
88.466005
88.185127
88.013073
88.492469
88.046198
88.365590
88.446702
94.255742
91.821933
90.272984
89.422665
87.790716
86.926688
86.564376
86.746360
86.746045
87.017077
88.289671
89.972562
91.598068
89.756386
89.084271
89.883817
89.409068
90.196579
91.534111
89.758547
89.319716
89.878191
89.747641
90.664668
92.212070
90.051651
89.511723
89.899149
89.628159
90.192500
91.681245
89.670882
89.013134
89.770018
89.136831
89.968649
91.668859
89.585346
89.162483
89.882383
89.343260
90.029313
91.666758
89.572243
88.831320
89.276483
89.596974
90.298627
91.301949
89.994912
89.566287
89.505599
88.584841
87.973746
87.668456
87.713581
87.609086
87.677419
88.039088
87.976697
93.302987
90.991817
89.627579
88.973556
87.388686
86.481517
86.205483
86.774107
86.786946
87.170202
88.467689
89.803228
91.532708
89.834263
89.457608
90.015958
89.794680
90.289137
91.774343
90.176313
89.669037
90.341935
90.305328
90.990889
92.432395
90.593180
90.009119
90.490712
90.185162
90.897545
92.106489
90.522673
90.002007
90.599931
90.387725
91.263276
92.627661
90.947080
90.396987
90.808877
91.059876
91.557257
92.772851
90.439142
90.082965
90.552889
90.498639
91.052419
92.112566
90.805809
90.273964
90.229267
89.257887
88.695604
88.365777
88.149974
88.517642
88.320212
88.614213
88.354982
93.792313
91.259555
89.714964
89.199919
87.732830
86.946292
86.660903
86.822426
86.718265
87.125805
88.358296
89.712557
91.466892
89.787603
89.383599
89.999933
89.514990
90.353356
91.673537
89.993894
89.430792
90.284750
90.085077
90.906337
92.553871
90.546413
89.892680
90.570159
90.224773
91.217952
92.665340
90.702367
90.095019
90.808367
90.467181
91.266493
92.823576
90.633123
89.883590
90.667920
90.340657
91.030612
92.115250
90.184872
90.252057
89.947547
90.387018
91.029212
91.984629
90.854217
90.506937
90.627342
89.754782
89.095011
88.629724
88.852295
88.688094
88.141592
88.914062
88.970989
93.718715
90.998883
89.484243
88.980931
87.256561
86.415745
86.018588
86.327107
86.138615
86.567903
87.734856
89.420577
91.253117
89.420948
88.798919
89.494334
89.172279
89.910550
91.310826
89.438738
88.975286
89.746789
89.541181
90.560933
92.034844
89.918978
89.329536
89.818932
89.621241
90.533198
92.190750
90.032971
89.370556
89.800177
89.431428
90.255032
91.614167
89.606149
89.127033
90.046411
89.448285
90.416962
92.074524
89.865238
89.222647
89.914088
89.953545
90.374717
91.414294
90.163643
89.771671
89.814891
88.932104
88.115406
87.989442
88.236734
88.256364
88.441582
88.200120
88.086069
93.595488
91.118096
89.468196
88.674393
87.051632
86.001179
85.699952
86.085351
86.183609
86.709441
88.131437
89.592362
91.090868
89.524838
89.161907
89.529861
89.297221
89.963683
91.382248
89.758961
89.316662
89.802441
89.831317
90.583835
92.105362
90.371633
89.743043
90.241479
90.057245
90.587223
92.233881
90.383321
89.761888
90.282959
90.114699
90.730092
92.297411
90.400871
89.851497
90.325356
90.202973
91.168791
92.116730
90.100064
90.221701
90.202111
90.628224
91.205535
91.887371
90.912803
90.374651
90.625030
89.849706
89.268125
88.951882
89.015020
88.994189
89.122735
88.962858
88.931576
93.712733
91.511536
90.114857
89.412424
87.869914
87.026126
86.683282
87.276400
87.393219
87.797981
88.949074
90.040955
91.486015
90.166660
89.814042
90.300877
90.155600
90.760626
91.798298
90.509496
90.236462
90.801520
90.771609
91.486836
92.612484
91.344830
90.916351
91.018471
91.192318
91.843039
92.877669
91.455048
91.006375
91.321109
91.672593
92.251467
93.182284
91.592850
91.257869
91.468232
91.738542
92.346264
93.190949
91.699570
91.578691
91.470345
91.872095
92.431553
92.970277
92.053556
91.697400
91.827776
90.989773
90.496745
90.239500
90.317381
90.117917
90.211076
90.318311
90.101477
94.196111
92.564343
91.557038
90.778556
89.708619
89.066016
88.823914
89.416516
89.371769
89.721399
90.663935
91.577545
92.458596
91.515438
91.224214
91.464256
91.505070
91.984203
92.718420
91.810240
91.565919
91.906375
92.013825
92.659439
93.467477
92.581726
92.237008
92.525216
92.554758
92.972366
93.680698
92.770478
92.441757
92.553614
92.876427
93.347615
93.995483
92.942616
92.621983
92.713760
93.133627
93.461617
94.099121
93.017579
92.811714
92.606229
92.986958
93.341536
93.810391
93.111173
92.657022
92.840644
92.087575
91.560865
91.264991
91.557661
91.589237
91.686893
91.448483
90.869442
95.808910
94.114923
92.366583
90.908856
89.312455
88.099554
87.932128
88.060442
88.040912
88.481377
89.266837
90.059987
90.791003
89.530550
89.605845
90.743519
90.943498
91.679020
92.259590
90.405140
89.675978
89.538524
89.339124
90.172821
90.999150
89.139987
88.743746
88.876525
88.731461
89.546443
90.359639
89.080029
88.843178
89.402310
89.548021
90.737180
91.754249
89.748448
89.204658
89.340822
89.223368
89.514092
90.553445
88.840044
88.300595
88.224447
87.780944
88.164599
88.848611
87.204056
86.779326
86.684160
85.657978
85.118475
85.319790
86.157814
86.454840
86.548114
85.843560
85.624424
93.983255
92.310336
91.052433
90.092672
88.531745
87.516520
87.414338
87.367029
87.399115
87.863530
88.998879
90.502737
92.139177
90.534199
90.270164
90.532239
90.179471
90.842225
92.552431
90.679122
90.280722
90.135258
89.452842
90.456952
91.924039
89.956495
88.924466
89.316877
89.259135
91.460878
93.601082
91.052308
90.199890
90.305290
89.768505
90.326951
91.292295
89.352733
88.546578
88.534317
87.930728
89.088734
90.259719
88.556886
88.257138
88.549510
88.052030
88.775952
89.438549
87.435697
86.886417
86.928975
85.837381
85.300864
85.416059
85.481501
85.478983
85.222224
85.350485
85.219852
93.826316
91.596939
89.829149
88.694824
87.025849
86.248968
86.042224
86.216509
86.338233
87.099389
88.472327
89.592160
90.247730
88.630424
88.443701
88.813889
88.463840
89.382942
90.259779
88.470470
88.515360
89.275767
89.185661
90.022058
91.291454
89.287000
88.546170
88.661756
88.168884
89.076556
90.615406
90.352830
90.879368
90.913545
89.781260
90.952642
92.169814
89.409425
89.087659
89.441729
88.545322
89.494943
90.868963
88.300590
87.819692
88.172778
87.645429
88.345683
89.795694
87.743250
86.865672
86.863872
85.450367
84.958341
85.274040
86.773528
87.338122
85.624921
84.690693
84.520443
92.795854
91.606398
91.566601
91.880784
88.984235
86.864542
85.660733
85.728821
86.386952
88.063915
88.689805
89.715419
90.871921
89.190222
89.519903
90.763565
89.554999
89.485336
90.047237
88.180177
88.505658
89.720907
88.870232
89.484598
90.314838
88.717425
89.488373
90.724898
89.268349
90.174202
91.419030
89.849598
89.275205
89.058405
89.010336
90.381184
92.421524
90.941073
89.774614
89.295670
88.998214
89.726231
90.977374
88.876494
88.014511
88.451908
87.960267
89.128561
90.228155
87.475142
87.002077
87.170729
86.373782
86.312806
87.035212
86.744515
85.590388
85.249148
86.197101
85.601076
94.417915
92.137176
90.404949
89.152319
87.492181
86.825041
86.974694
87.080357
86.886368
86.965136
87.981611
89.534470
90.918022
88.457087
87.955058
88.447100
88.478470
89.607466
90.793282
88.304028
87.880033
88.446976
88.651298
89.343519
89.560182
88.020744
89.067345
90.356920
89.377512
90.400529
91.611661
90.536349
91.280527
90.895299
89.610657
90.041888
90.941932
89.092606
88.949982
89.377700
88.456604
89.115873
90.028082
88.006639
87.717465
87.985757
87.418810
88.292174
89.450666
88.317672
87.761304
86.640197
85.496189
85.133538
85.176862
84.695163
84.764831
85.651657
86.412725
86.165596
93.867857
91.078700
89.409564
88.705962
87.438252
86.309624
85.572715
85.327734
85.241099
85.700223
86.486647
88.069500
89.954042
88.954058
88.559579
88.618733
88.680703
90.876036
92.144672
88.738127
88.582830
90.885366
90.666776
90.302668
90.401291
88.568647
88.927190
90.317231
89.880708
89.825276
90.331575
88.416446
88.174696
88.588272
88.624523
89.331406
90.603390
89.345364
89.193138
89.159881
88.734833
90.376604
91.332308
88.484910
87.780489
88.266455
88.387411
88.516602
89.597862
87.662549
87.529383
87.685175
86.324251
85.606733
85.612407
86.031005
86.131464
85.947673
85.524637
85.328470
92.952112
90.451055
88.857095
87.980878
86.382967
86.356552
86.125548
85.912287
86.113627
86.688559
87.696403
88.597707
89.180543
87.710965
88.948929
90.053976
89.446202
90.284249
91.230384
89.507108
89.605949
89.687428
88.636346
89.240197
90.412542
88.914191
88.513188
88.891262
88.622602
89.276881
90.222797
88.447507
88.212466
88.757470
88.837619
90.219725
90.472404
88.537219
88.384712
89.557174
89.258000
89.591477
90.118756
88.179880
87.948960
88.349402
88.388613
88.644955
89.666392
87.418534
87.482481
87.698304
86.257315
85.552754
85.442117
85.695011
86.047221
86.498256
86.530401
87.199204
96.791244
94.368220
92.519306
91.590888
90.917409
90.183357
88.733024
86.331020
85.617347
86.177689
87.114754
88.351578
89.439301
87.945611
87.851278
88.472014
88.761509
90.351181
91.899186
90.307766
89.938221
89.904739
89.223035
89.908241
90.999961
89.613518
89.901591
90.778165
91.307813
92.148139
92.967193
91.010889
90.788766
92.239433
93.015714
94.562014
95.971798
92.754238
91.627152
92.141214
91.769274
92.577599
94.266713
92.663636
92.628069
92.640539
91.346584
91.686719
93.196095
91.479770
91.356670
91.103130
89.613826
88.565914
88.543006
89.048423
89.911424
90.025353
90.583988
90.011406
95.867611
91.088574
88.448311
87.659007
86.975685
87.545882
87.574725
87.298142
86.768057
86.588850
87.526170
89.257369
91.449101
90.770681
91.292409
91.746575
90.408354
90.774143
90.974780
89.430240
90.097452
91.345887
90.722976
92.032748
93.029061
91.189373
90.971386
91.388226
91.532326
92.669622
93.304682
90.868479
89.503373
88.944330
88.732075
89.729754
91.373815
90.605638
90.825214
91.364338
90.383169
90.468785
91.003004
88.720684
88.135519
88.648197
88.857340
90.246660
91.064126
88.007860
87.553618
87.603286
86.709885
87.801932
87.688516
87.336778
87.663098
88.620076
87.850280
86.848931
92.974940
91.145079
90.695319
89.765662
87.136981
86.024670
85.432101
85.816619
86.326546
87.145634
87.455755
88.423205
89.425181
88.106117
87.683426
88.227595
88.634840
89.162594
89.766120
88.115769
87.852109
88.510914
88.807049
89.419724
90.020111
88.456487
88.802787
90.307626
90.078097
90.001847
90.215433
88.803269
88.820380
89.560836
89.536889
89.906129
90.814847
88.844889
88.804238
88.856754
88.888272
89.691427
90.767322
88.832401
88.680410
89.135700
88.595024
89.078096
89.711777
88.215450
88.356841
88.693776
88.186555
87.931938
88.521675
89.264119
89.199242
88.591811
88.035242
88.351123
