97.767585
97.424935
97.499421
96.897561
97.005433
96.970172
96.990420
96.556650
96.913495
96.544294
96.850373
96.654572
96.946597
96.781288
96.970532
96.574256
96.861287
96.730393
97.239361
96.799200
97.008129
96.681348
96.969637
96.928507
97.392904
96.822810
97.158525
96.646545
97.192658
96.967119
97.541891
96.901752
97.133634
96.692225
97.224181
97.164982
97.405770
97.149363
97.199664
96.900358
97.116697
97.216413
97.538698
97.156552
97.298200
96.822904
97.262373
97.168116
97.435167
96.981445
97.162122
96.763730
96.974741
96.795329
97.158832
96.917879
97.027907
97.031695
97.146574
97.270694
98.614098
97.997849
97.955020
97.423596
97.584917
97.606157
97.925079
97.518450
97.503455
97.326683
97.603694
97.486795
97.824921
97.291966
97.570226
97.010588
97.358084
97.444318
97.876833
97.352388
97.449498
97.127071
97.381779
97.368020
97.732383
97.355701
97.423043
97.159772
97.368641
97.177553
97.743847
97.092120
97.368309
97.177349
97.282108
97.281947
97.672411
97.410666
97.383825
96.962348
97.246747
97.362020
97.606756
97.305635
97.452625
96.919915
97.237433
97.193404
97.570849
97.316811
97.359761
97.039730
97.161574
96.809985
97.122926
96.834772
97.123401
97.029590
96.992260
97.252021
98.793552
97.855744
98.002398
97.353433
97.450794
97.497651
97.895462
97.452199
97.512101
97.234494
97.453564
97.365888
97.806284
97.302330
97.393755
96.981914
97.255696
97.284789
97.802604
97.483639
97.265414
97.083870
97.237192
97.270160
97.549945
97.196265
97.356120
96.961302
97.114520
97.247508
97.534427
97.134490
97.256840
97.042672
97.170071
97.114556
97.479517
97.118298
97.245122
97.057355
97.165423
97.049222
97.476957
96.908432
97.276615
96.884446
97.140223
97.055044
97.501690
97.019519
97.026070
96.668754
96.783952
96.824668
96.960754
96.823704
96.684404
96.703323
96.921981
97.008482
98.570104
98.088775
97.842167
97.250157
97.402108
97.355454
97.685360
97.218803
97.336432
97.192373
97.336773
97.327262
97.653812
97.147292
97.122878
96.927423
97.170925
97.121306
97.669560
97.259542
97.166518
96.877431
96.927730
96.941031
97.463823
96.963706
97.211562
96.780741
97.017696
96.846880
97.284471
96.927679
96.803569
96.636381
97.039730
96.943375
97.322129
96.964284
96.900112
96.597863
96.771561
96.863775
97.277170
96.807369
96.926385
96.501205
96.879396
96.662008
97.175304
96.738373
96.946905
96.704399
96.775790
96.616347
96.759383
96.663814
96.545966
96.651712
96.598477
96.764075
98.415586
98.025495
97.875687
97.064224
97.338397
97.351389
97.587134
97.165826
97.215278
97.184929
97.332165
97.249565
97.586473
97.146825
97.193550
96.920983
97.244015
97.222618
97.571046
97.105488
97.060737
96.762795
96.933530
96.927636
97.511899
96.975190
97.024765
96.834678
96.912965
96.921395
97.281041
96.963223
97.041845
96.860044
96.935068
97.043424
97.369921
97.036729
96.988852
96.586299
97.001300
96.917830
97.207321
96.894811
97.019552
96.660748
96.907830
96.882439
97.350785
96.768228
96.916541
96.580228
96.627929
96.553409
96.832978
96.575843
96.656235
96.805251
96.660470
96.880710
98.604241
97.762406
97.709726
97.102587
97.349702
97.405714
97.749465
97.298086
97.294097
97.011180
97.266771
97.241136
97.619408
97.199789
97.159443
97.078937
97.270678
97.296762
97.585595
97.167497
96.994677
96.897778
97.049126
97.198010
97.431299
97.155760
97.066433
96.688731
96.888342
97.080771
97.497268
96.888811
96.854204
96.569329
96.977910
96.846830
97.290710
96.989846
97.026853
96.580988
96.803682
96.807634
97.347698
96.899334
96.913001
96.510613
96.982506
96.819207
97.162579
96.957853
96.931688
96.628296
96.865250
96.552563
96.951389
96.641448
96.628482
96.794599
96.841632
96.979429
98.303787
97.642560
97.679562
97.102831
97.263957
97.362044
97.508758
97.179423
97.004138
96.788507
97.286315
97.207295
97.521499
97.065249
96.969524
96.598738
96.847884
96.985745
97.377267
96.941921
96.878221
96.765321
96.915662
96.850509
97.173284
96.985252
96.892015
96.632088
96.786035
96.713939
97.178962
96.779249
96.860192
96.633274
96.729121
96.897146
97.173093
96.856152
96.727075
96.655669
96.802174
96.735351
97.088396
96.940117
96.925193
96.673960
96.764807
96.846511
97.145181
96.854515
96.850346
96.614186
96.602274
96.629208
96.676868
96.512353
96.229244
96.274219
96.361964
96.622369
98.349457
97.818292
97.366886
96.843005
97.098728
96.930143
97.386894
96.995052
97.034594
96.845607
97.129356
97.078244
97.537197
96.974449
97.012826
96.632359
96.992700
97.072869
97.450208
96.994378
96.906500
96.533365
96.831336
96.937486
97.340829
96.744022
96.827569
96.632498
96.839014
96.797648
97.291299
96.823626
96.857495
96.523255
96.785509
96.780425
97.249398
97.006972
96.992909
96.694745
96.858669
96.964407
97.216490
96.917778
96.816661
96.463977
96.663818
96.870748
97.148478
96.725364
96.717431
96.351030
96.468760
96.406758
96.649853
96.444983
96.436181
96.527806
96.426244
96.707553
98.384827
97.738357
97.578229
96.919117
97.137948
96.922253
97.527515
97.059484
96.915122
96.803027
96.899850
97.048155
97.360280
96.783505
96.871605
96.673808
96.852517
96.811224
97.304023
96.832660
96.716236
96.475312
96.703412
96.698437
97.292717
96.789783
96.732514
96.437115
96.684127
96.729828
97.167964
96.732465
96.709340
96.416745
96.486302
96.713810
97.053273
96.597994
96.721704
96.516783
96.647737
96.570449
96.973791
96.631280
96.687275
96.381549
96.678886
96.549993
96.988220
96.488131
96.556427
96.240691
96.425859
96.366079
96.520976
96.293115
96.361938
96.453714
96.425322
96.519515
98.246494
97.820869
97.535486
96.979935
97.191470
97.087541
97.506155
97.144196
97.104452
96.546221
96.770523
96.849988
97.239343
96.859448
96.811017
96.511812
96.801384
96.849833
97.401619
96.799679
96.620927
96.377638
96.723331
96.637726
97.189189
96.522086
96.644144
96.286172
96.616964
96.683751
97.043904
96.741985
96.631492
96.371808
96.555845
96.652648
96.966897
96.665034
96.588714
96.364203
96.447577
96.359664
96.901404
96.567352
96.574746
96.286298
96.500753
96.496149
96.779486
96.554177
96.566307
96.250467
96.379215
96.287024
96.546344
96.123254
96.156359
96.209761
96.268451
96.385944
98.743471
99.143756
99.405959
98.968964
99.246912
98.911116
98.630730
99.087850
99.440643
99.177495
99.649843
99.396672
99.079797
99.622571
99.889110
99.502506
99.770077
99.180276
98.587330
98.836958
99.528942
98.985755
99.432553
99.284546
98.898845
98.799895
99.326044
98.152892
98.872872
99.150631
98.760919
99.013985
99.648570
98.768135
99.178252
99.013762
98.467637
98.521193
99.457386
98.601718
99.111839
98.745588
98.385381
98.274251
98.520491
97.842607
98.265678
97.792921
97.579395
97.977517
98.446384
97.916386
98.367854
97.768732
97.020545
97.079325
97.976597
97.968709
97.375869
96.909691
97.117596
97.097770
97.784666
96.800899
97.539192
96.953465
96.763871
95.791148
96.700225
95.645990
96.841903
95.725285
96.570683
95.037993
96.485542
94.518719
95.315338
94.320060
95.119497
93.695918
95.717959
94.023587
94.944813
93.848158
94.699300
93.380445
94.945554
93.169315
94.050882
92.667917
93.618421
92.120115
93.674803
92.206099
93.404660
92.314918
93.182873
92.515362
94.184989
92.926290
93.887513
92.722823
93.260825
91.495726
93.277525
91.185130
92.492209
91.211750
92.483774
90.559250
92.144458
90.785334
91.785402
91.181750
91.541483
90.856607
92.212174
91.566068
90.107234
90.925009
89.297269
87.980456
90.437129
88.049096
90.047543
89.203636
90.855513
88.407468
90.697677
88.548738
90.531483
89.085057
90.895663
88.124075
90.899697
88.881351
91.008179
89.425334
91.714486
89.128211
91.415651
89.502605
91.558809
89.918348
91.312982
89.200749
91.743912
89.109998
91.268156
89.289102
91.592415
89.063917
92.022661
89.214255
90.951353
88.718909
90.485892
88.872251
91.232878
88.357722
89.964637
88.141064
89.176348
86.589308
89.442735
86.037237
88.308059
86.074256
87.990461
85.798315
88.033071
85.390500
87.319837
85.618038
87.177940
85.097575
87.512077
87.594214
85.868115
87.238959
87.658816
85.139691
87.746054
84.962645
87.661099
85.696445
88.231720
84.077046
87.136403
84.231393
86.617085
84.679362
87.705258
84.395572
87.566757
85.094091
86.972491
85.032377
87.438145
84.742685
87.539950
85.289704
87.382103
85.240879
87.655954
84.802470
87.603854
85.370623
87.509676
85.607244
87.892023
85.238878
87.506103
85.024861
87.770081
85.584032
87.018970
83.702019
87.289289
84.678695
86.776875
85.579943
87.466283
84.688783
87.700269
85.254805
87.120251
85.229510
87.897576
84.753994
87.611359
84.768723
87.317611
84.993163
86.817616
84.386244
86.750239
86.255670
84.564476
86.564150
86.064312
82.719444
85.799863
82.879098
85.401242
82.872594
86.516201
81.302042
84.764091
81.798275
84.227872
81.722330
84.912315
80.469345
84.184454
81.051396
83.524711
81.244699
84.424082
80.341592
83.934017
81.203410
83.650064
80.963821
84.184482
80.781276
84.728046
81.936728
83.569722
81.736152
84.561625
81.749519
84.727225
82.158160
84.002022
82.257518
84.715780
82.009082
84.832656
82.095259
84.459534
82.514434
85.246669
82.399924
85.134230
82.446668
84.677534
82.475735
85.575881
83.385492
86.433667
83.165691
86.004703
84.407519
85.782809
83.860353
86.528318
86.878825
85.301680
86.577882
86.492546
83.460787
86.490051
83.733089
85.751291
83.347365
86.173416
82.475175
85.302013
82.226659
84.143998
81.626979
84.116929
80.707244
83.986766
80.888958
82.761976
80.364893
82.916934
80.262972
82.898558
79.755908
82.332841
80.458400
82.777431
80.038900
82.264670
79.284395
81.722205
79.698179
82.527071
79.134041
82.100116
79.494104
81.920914
79.630155
82.329061
80.060278
82.680664
80.447355
82.780745
81.162935
83.134809
80.633042
83.415333
81.137863
82.969922
81.247485
83.195729
81.056346
83.683741
81.278066
83.613481
81.514341
82.692572
81.256507
83.120229
83.337376
81.234455
82.725417
82.953554
80.103238
83.634668
80.924220
83.628246
81.311683
84.605124
80.104088
83.230019
80.216361
83.014921
80.721770
83.918576
79.962679
83.244621
80.330207
82.912525
80.624301
84.288287
80.177541
83.380617
80.405325
83.051945
80.631810
84.314634
80.968425
83.788036
81.274286
83.526047
80.545876
84.035314
80.668778
83.485768
80.300103
82.998476
80.344504
84.078426
80.097168
82.789652
79.746362
81.836168
79.551981
82.948515
79.436132
82.984510
80.295630
82.752808
80.028174
83.118999
79.267382
81.855682
79.214124
81.938408
80.378627
82.393930
80.485309
82.836678
83.000997
80.672969
82.623922
83.232346
80.303649
83.029906
79.970865
82.199273
80.243939
82.984566
78.935190
82.062074
79.406351
82.115010
79.815950
82.600678
79.718927
81.946492
80.042460
81.826186
79.973988
82.562610
79.952948
82.481204
80.411528
82.187103
80.174905
82.669592
80.271962
82.238145
80.323898
82.552744
80.002663
82.777105
79.166579
83.070163
79.990490
83.099508
80.352534
82.996174
80.563132
83.768237
80.692238
84.014669
80.929479
84.066239
80.770931
83.358880
80.941966
83.603454
81.279647
83.594971
81.361792
83.920866
80.804527
83.245838
81.469579
82.345678
80.869646
83.691016
83.931894
81.854457
83.735254
84.250749
81.685386
84.026620
82.080624
84.201314
82.810489
84.900788
82.006048
83.966902
81.801538
83.702573
82.086346
83.614117
81.541702
83.903413
81.592337
83.271137
82.112303
83.631264
81.503494
83.964574
81.590809
83.848849
81.483740
83.588603
80.721298
83.630926
80.802183
83.091759
80.935355
83.818915
80.326209
83.386918
80.389193
82.539788
80.685873
83.493849
80.742808
84.559723
82.034251
84.090120
81.504886
83.363049
81.766996
84.102652
82.368057
86.403826
85.719384
87.206956
87.835880
87.955175
88.196748
89.037458
88.939397
89.203147
92.175614
92.579214
93.088276
92.577945
91.983137
96.328025
95.847387
96.506694
95.599479
96.541975
95.603229
94.672667
95.572754
96.195330
95.622748
96.812940
95.692475
95.380888
94.603782
96.937584
95.391902
96.092665
94.713956
94.322578
92.717214
94.975395
92.349159
93.097826
91.802535
92.652275
88.069259
92.330806
88.539951
89.813643
89.527441
90.577803
87.274317
89.932326
87.495653
88.727229
87.411491
88.112137
85.469817
88.471461
85.745978
86.771776
86.722447
87.218804
85.423891
87.815928
85.318981
86.735448
85.660936
86.386978
84.483164
86.664531
84.574051
86.128330
84.672266
84.075178
84.065942
85.507263
85.402841
84.405662
84.088620
84.420135
85.469972
85.903147
85.348813
85.304290
85.506247
86.216260
89.936106
90.305576
90.061771
90.576767
91.043595
92.149418
93.244924
93.892768
93.556178
93.985616
94.114821
95.110832
95.025558
95.730522
95.117285
95.733060
95.450346
96.219717
95.780460
96.408868
95.579982
96.241264
95.670989
96.400278
95.988307
96.828278
95.953544
96.741101
96.233955
96.708826
96.178934
96.877891
95.944252
96.626344
96.123998
96.836795
96.206780
96.894835
95.982559
96.700633
96.086569
96.683435
96.235269
96.852051
96.096750
96.579308
96.058542
96.488195
95.923690
96.449856
96.428545
95.963598
96.471697
97.569219
96.714764
96.935049
95.825934
96.406068
96.120857
96.917238
96.294879
96.661348
95.868713
96.207695
95.846476
96.516998
95.982730
96.420925
95.709404
96.126151
95.901268
96.444269
95.923574
96.531410
95.906181
96.387261
95.931009
96.575917
96.067838
96.678458
96.081895
96.423605
96.161953
96.792605
96.228667
96.773017
96.061167
96.400462
96.110631
96.730838
96.332081
96.877722
96.065588
96.495100
96.025915
96.610312
96.157095
96.639589
95.953684
96.433704
96.019589
96.620517
96.080847
96.730327
95.955508
96.408672
95.892791
96.351361
95.830711
96.393691
96.370759
96.009687
96.407154
97.388523
96.638989
96.897484
95.968569
96.424908
96.135167
96.955787
96.174018
96.490357
95.657609
96.085585
95.809261
96.588550
96.042984
96.512596
95.836859
96.288628
95.801107
96.387958
95.951426
96.553742
95.840078
96.279708
96.000357
96.366648
95.992183
96.503099
95.794901
96.225494
95.760710
96.351002
95.844498
96.347898
95.738815
96.179696
95.651487
96.231541
95.744177
96.347113
95.677164
96.198070
95.681106
96.223036
95.814673
96.367148
95.505487
96.122859
95.680321
96.240103
95.855718
96.598138
95.773060
96.278325
95.604594
95.938222
95.558901
96.199534
96.139265
95.733150
96.056797
97.386587
96.546992
96.710738
95.746598
96.196511
96.046893
96.911800
96.145937
96.459181
95.553454
95.845669
95.708964
96.447015
95.912043
96.411382
95.734556
96.056219
95.626749
96.243322
95.899292
96.400489
95.637299
96.031506
95.601389
96.196282
95.805986
96.388720
95.668282
96.196882
95.758437
96.211556
95.840175
96.393004
95.667820
96.139468
95.778477
96.296467
95.914131
96.590233
95.785645
96.244159
95.837287
96.338821
96.016635
96.525549
95.862930
96.284395
95.893349
96.314870
96.022834
96.617700
95.818933
96.332115
95.831300
96.180251
95.813313
96.336710
96.249994
95.776234
96.214554
97.460445
96.772127
97.006618
96.073139
96.463615
96.084138
96.862348
96.160807
96.521255
95.720105
96.041509
95.838586
96.634587
95.853740
96.401458
95.593845
96.069951
95.700332
96.279800
95.777112
96.461977
95.622847
96.068214
95.698090
96.367261
95.857069
96.516221
95.777582
96.197653
95.792996
96.412625
95.953230
96.478829
95.793038
96.177065
95.823917
96.498705
95.908386
96.546506
95.681127
96.153851
95.696445
96.385184
95.782193
96.453924
95.609172
96.076375
95.743672
96.363518
95.841448
96.552519
95.677853
96.281546
95.701047
96.160753
95.777440
96.349963
96.213488
95.788139
96.208677
97.321535
96.466868
96.836887
95.879675
96.274146
96.070509
96.910496
96.297841
96.511237
95.639549
95.956748
95.822548
96.596623
96.058500
96.407927
95.746137
96.025165
95.888628
96.438552
95.898385
96.500858
95.814325
96.179747
95.762228
96.427163
95.914133
96.517549
95.746096
96.151557
95.796380
96.419909
95.882509
96.444096
95.778419
96.243146
95.848130
96.382265
95.840580
96.467424
95.640230
96.124813
95.750529
96.354431
95.872174
96.431108
95.602483
96.132464
95.696055
96.364273
95.926108
96.499187
95.789628
96.275809
95.653764
96.047817
95.559885
95.985815
95.915908
95.658792
96.004951
97.147274
96.385163
96.764538
95.793520
96.342493
96.035483
96.639130
95.994786
96.421343
95.608923
96.109766
95.784794
96.479552
95.815020
96.268561
95.535860
95.890094
95.649354
96.347198
95.812354
96.283454
95.395288
95.911192
95.555626
96.256522
95.708931
96.225808
95.500986
95.970308
95.664190
96.256751
95.855671
96.369254
95.593152
96.011026
95.547224
96.094767
95.709187
96.404037
95.609116
96.193740
95.621860
96.205965
95.781268
96.500798
95.670106
96.071412
95.695861
96.217369
95.801454
96.548980
95.730145
96.280665
95.659979
96.005994
95.554750
96.292536
96.276771
95.723702
96.116052
97.418903
96.498548
96.877981
95.744109
96.315661
96.105761
96.856590
95.961096
96.354518
95.516196
96.009005
95.678268
96.501816
95.838367
96.423627
95.554725
95.896731
95.591809
96.214860
95.687920
96.312265
95.625817
96.131802
95.764097
96.241259
95.763313
96.367407
95.574840
96.087840
95.678511
96.235038
95.753496
96.369636
95.646512
96.160435
95.792198
96.277437
95.843812
96.428614
95.668451
96.152943
95.736951
96.234314
95.862768
96.562426
95.804881
96.352677
95.874413
96.346694
95.836216
96.361985
95.649577
96.080270
95.612209
96.051595
95.689881
96.361726
96.334725
95.863161
96.275764
97.455875
96.720213
96.989424
96.033615
96.437379
96.194032
96.943508
96.086601
96.434968
95.627210
96.023392
95.885785
96.555640
96.008572
96.532261
95.793274
96.209643
95.829113
96.425236
95.937583
96.524570
95.816994
96.292124
95.889645
96.389887
95.900889
96.433809
95.750605
96.164759
95.861613
96.417571
95.962822
96.567781
95.815512
96.325607
95.852677
96.443457
95.940335
96.579130
95.799793
96.340093
96.030026
96.639201
96.036406
96.504294
95.782225
96.266405
95.924521
96.574891
96.091106
96.607251
95.882819
96.230336
95.797113
96.237227
95.921852
96.415317
96.235513
95.821894
96.236563
97.430991
96.554608
96.942945
95.858880
96.360588
95.986370
96.884090
96.068061
96.425028
95.639400
96.087873
95.778297
96.508644
95.852680
96.496374
95.630336
96.219643
95.660663
96.385494
95.883078
96.531338
95.721431
96.235396
95.800480
96.332539
95.766991
96.551216
95.787308
96.234587
95.755234
96.350525
95.830998
96.514487
95.658830
96.228029
95.785732
96.378851
95.834157
96.509421
95.746147
96.157430
95.692910
96.267672
95.676414
96.473630
95.644856
96.150703
95.696796
96.187629
95.795479
96.210477
95.455479
95.875445
95.430253
95.873805
95.330718
95.836733
95.654937
95.279936
95.051167
99.733305
97.752578
96.139678
93.930956
94.474753
94.741326
97.380330
96.650396
96.677093
95.048467
94.009818
93.233281
94.459283
92.716009
92.875735
92.231679
92.555720
92.640692
93.540092
92.188139
92.024705
91.461060
92.399779
93.039124
94.359008
93.608378
94.367935
94.296313
94.971111
94.786922
95.120351
93.203730
93.163469
93.203477
94.611958
95.576786
97.668818
97.233053
96.766786
95.375905
95.038917
94.777895
96.072991
95.822303
96.185770
95.544680
95.607858
94.623262
95.015857
93.747404
93.971094
93.695882
94.168446
93.934458
94.325471
93.553139
94.250887
94.321627
93.769806
94.189631
98.261208
96.664349
97.546806
96.898876
97.493654
97.017662
97.698472
94.847943
95.362558
95.759232
97.432079
97.570929
98.801866
96.788279
96.839293
96.300655
97.234631
96.918626
97.358996
95.499523
94.843496
92.641906
92.441949
92.517067
94.306379
92.601215
92.723605
92.058852
93.561297
94.701091
96.513389
95.557866
95.694602
93.801906
94.334796
94.259764
96.121512
95.313174
95.569448
95.154528
95.965974
95.366910
96.269630
94.683695
93.744627
91.936494
92.912189
92.971512
94.806264
94.929752
95.964552
94.950839
93.497053
91.211092
92.254228
91.499849
91.825843
92.143795
92.980614
93.491230
97.683477
95.426120
95.436361
94.154127
94.063506
93.668424
95.397968
93.633419
93.527173
92.577064
93.593653
94.112574
96.668421
95.098355
95.101839
94.069055
94.979299
95.722003
98.178196
96.841312
96.321674
94.273516
93.078542
91.929206
93.793755
92.002257
92.447838
92.307980
94.071325
94.031872
95.097971
94.208925
94.269422
93.066828
93.267306
93.233658
94.683387
93.614371
94.391221
93.971355
94.411507
93.655866
94.582758
93.328588
94.076684
93.653135
94.602041
94.624333
95.776034
94.998697
95.805335
95.481414
95.287568
93.495162
93.677054
93.269911
94.802903
95.330712
94.149367
93.500272
97.848891
95.484693
95.159251
94.327556
95.754108
95.573774
96.635498
95.006712
94.833669
93.832474
94.995296
95.105091
96.615296
95.601602
95.935555
95.087856
95.350033
95.231416
96.685897
94.937115
95.111848
94.345329
95.115192
95.363569
97.394922
96.963563
96.847669
95.180054
95.465586
95.107948
95.700167
93.321544
93.065170
92.183649
93.148126
93.067373
93.936800
92.156357
92.024255
91.255807
92.188724
93.224849
95.245539
94.113166
94.412897
94.036643
95.286265
95.356697
96.413074
95.081439
95.518013
94.728817
94.753159
93.741582
94.561743
92.703742
92.284721
92.088558
92.039200
93.525169
98.096031
95.134946
94.445489
94.073616
96.694922
97.170389
97.410373
93.835097
93.132356
92.469015
93.527523
94.340239
96.059877
94.401162
93.710736
92.530597
93.273243
93.479116
95.215499
93.637668
94.331559
94.126547
95.134450
95.338656
96.996398
95.230157
94.683488
93.585259
94.072816
94.240426
97.925790
96.888529
94.924138
91.565107
93.045216
95.709888
95.280522
92.736568
92.685259
91.215391
92.363889
94.778109
95.709758
92.224168
92.114044
91.172981
92.868362
94.744314
95.255235
92.919727
92.913781
91.902840
93.241255
94.665562
95.564798
93.499127
92.884907
92.663403
92.425342
93.450315
97.897195
95.459798
94.672523
93.480366
95.239658
96.940068
97.990834
94.729268
93.608727
92.739425
93.511377
94.508352
95.656336
93.423367
93.257710
93.096661
95.439426
96.756270
96.980623
94.521132
94.405807
93.635302
94.945055
94.747126
95.888825
93.921513
93.805939
92.778672
93.558000
93.920933
96.006275
94.430704
93.993185
93.130473
93.992699
94.800837
96.045252
92.557077
92.807242
94.140441
95.701846
95.455289
96.487451
95.973545
96.241829
93.605932
92.887669
92.778544
93.866517
92.954938
94.742286
94.944110
94.795859
93.716061
93.699371
92.811615
93.214234
93.964908
94.380836
95.387263
98.900199
96.140412
95.996259
94.955689
95.562604
95.497424
96.070822
94.454342
95.082101
95.663884
95.837349
95.370501
96.608477
95.870391
96.665060
96.259723
95.580894
95.167754
96.399649
95.376706
95.686331
95.016234
95.161136
94.548459
95.579943
94.220735
94.913996
95.351015
96.270253
96.085821
96.931039
95.078067
94.919460
93.992334
95.117945
94.857167
95.974142
94.506462
94.287694
93.418525
95.329381
95.884022
96.270109
94.443019
94.540056
94.332826
94.468116
93.047417
94.066159
93.308623
94.401028
93.401825
93.736828
93.586619
94.962214
94.519370
94.490730
93.881484
93.401770
94.300668
98.422576
97.229955
97.595720
96.179518
95.529144
95.050409
95.991666
94.367462
94.308915
93.140095
93.594282
93.423547
94.949942
94.854970
96.596037
96.372198
95.794647
93.613395
94.516737
93.279192
93.880321
94.924212
96.734911
95.083842
95.174176
93.801651
94.118986
93.837975
94.867170
94.471991
95.041521
93.311089
93.461900
92.930110
93.636028
93.555038
94.631653
93.253224
93.502892
92.839798
93.568761
93.521205
94.983872
94.082905
94.686827
94.631008
95.759295
94.568246
93.938905
92.314465
92.550633
92.515235
94.239875
95.118860
96.026961
93.867651
93.016454
92.865505
93.157392
94.777064
99.919046
98.640894
97.473695
95.584620
95.386030
94.975777
96.327041
94.873717
95.029375
93.751586
93.921418
93.933494
96.082118
94.503101
93.889245
92.756664
93.394622
94.126073
95.608577
94.045579
93.810044
93.040415
94.256378
94.581438
95.688523
94.314744
94.306414
93.665565
93.641087
93.141991
94.271705
92.972799
93.004920
92.557293
93.121422
93.244945
94.785085
94.033471
94.325727
93.932535
94.089507
93.852142
94.911728
93.690591
93.848602
92.570687
93.017344
93.477373
95.342185
94.129214
95.171744
95.745855
95.688422
93.760195
93.131597
91.980176
92.373270
92.863373
93.868660
95.523871
99.896121
96.895580
95.533616
94.526442
95.914477
96.894939
98.475194
96.433677
95.429031
93.590541
93.730247
93.746130
95.379938
94.310591
94.444070
93.623365
94.311710
93.997777
95.197783
94.013208
94.683746
94.960452
94.736953
94.496633
95.029238
93.638578
92.761763
92.110866
92.900328
92.517650
93.620927
94.284127
95.699043
94.960456
95.019286
94.786953
96.212387
95.606838
94.603827
92.537838
92.812117
92.765826
94.873549
94.831073
94.391652
92.551905
92.887717
92.711488
94.006621
92.511793
93.097540
92.549772
92.890941
92.718996
93.235402
91.903324
92.951778
95.604171
96.721536
96.891401
96.331247
95.949869
95.322370
94.473046
94.740037
94.772145
95.504898
94.760446
94.544779
93.931304
94.416919
94.756119
95.412930
94.445136
94.370538
93.850360
94.132492
94.635599
95.440149
94.488395
94.231681
93.752451
94.071900
94.284022
95.153352
94.237949
94.203931
93.675240
94.031764
94.324726
95.241942
94.325280
94.105433
93.501127
93.809538
93.983232
95.008297
94.061929
93.873777
93.303774
93.770487
94.046044
94.918146
93.977859
93.859987
93.232691
93.746677
94.020741
94.876228
94.128566
93.920649
93.084313
93.418955
93.351872
93.944193
93.263269
93.380116
93.452807
93.558696
94.121652
96.989967
95.740510
95.309500
94.365435
94.577068
94.680922
95.605472
94.516779
94.388058
93.781737
94.249031
94.425384
95.544998
94.549396
94.424108
93.601699
94.196726
94.435727
95.330630
94.235191
93.952556
93.314902
93.730222
94.084227
95.282039
94.119125
93.724374
92.968057
93.535862
93.833191
95.011062
93.924910
93.629586
92.764253
93.438813
93.733691
94.768046
93.470347
93.379426
92.670711
93.199836
93.391747
94.674978
93.475667
93.340100
92.525725
93.033592
93.234168
94.380616
93.168619
93.282181
92.276507
92.772262
92.438532
93.227379
92.209426
92.371861
92.568833
92.436480
93.386691
96.490469
94.734849
94.402648
93.048715
93.626595
93.543087
95.031796
93.289619
93.366693
92.310881
93.096292
93.247063
94.785623
92.902696
92.828631
91.584069
92.482135
92.701067
94.414911
92.475276
92.245423
91.219659
91.940851
92.266609
94.027874
92.281475
92.048391
90.963805
91.844596
92.043206
93.740032
92.147668
91.994787
90.983256
91.767878
92.205572
93.740371
91.949285
91.746097
90.795268
91.593910
92.057913
93.672569
91.944715
91.832623
90.726764
91.487963
91.779591
93.341661
91.697143
91.504632
90.300605
91.067932
90.953504
92.027002
90.868010
90.842756
90.866242
90.892541
92.045902
95.436830
93.400266
93.087897
91.657559
92.338400
92.496912
94.114937
91.975128
91.805914
90.581925
91.540358
91.905537
93.936042
91.767756
91.512850
90.425596
91.217647
91.369876
93.100368
91.122737
90.979035
89.640267
90.682975
91.105437
93.172679
91.019917
90.948243
89.587751
90.663325
90.907881
92.864459
90.909295
90.829600
89.581972
90.513142
91.006628
92.863863
90.897098
90.960429
89.815886
90.843987
91.131728
92.969635
91.083509
91.199531
90.047598
91.011689
91.088379
92.797682
91.089407
91.217018
90.043617
90.777111
90.447099
91.415094
90.429711
90.568648
90.712052
90.735144
91.762172
95.751208
93.692584
93.317974
91.887619
92.561466
92.517696
93.966191
92.124501
92.156913
90.952221
91.907861
91.927444
93.645483
91.661318
91.508178
90.445201
91.355185
91.744129
93.569679
91.596662
91.399211
90.246879
91.183665
91.550588
93.226698
91.438001
91.529695
90.420041
91.368889
91.681386
93.208805
91.659870
91.552589
90.549430
91.361784
91.530858
93.196339
91.708271
91.832340
90.701272
91.582331
91.696141
93.256883
91.612352
91.695137
90.700702
91.495364
91.554941
93.148732
91.610907
91.836292
90.461976
91.132037
90.696355
91.721203
90.640853
90.949057
91.154825
91.013022
92.047549
95.835018
93.588665
93.398190
91.900713
92.684152
92.669853
94.054911
92.250802
92.360049
91.206985
92.058773
92.074880
93.656263
91.601712
91.814539
90.507669
91.425693
91.584273
93.328784
91.222447
91.413032
90.356662
91.411890
91.618183
93.494255
91.440066
91.478854
90.201523
91.222921
91.531448
93.290690
91.382731
91.514661
90.379910
91.409985
91.496370
93.233752
91.484747
91.738713
90.678011
91.690764
91.850336
93.528208
91.772093
91.888931
90.770930
91.676514
91.821781
93.329727
91.772259
92.011074
90.653195
91.429230
90.985748
91.946161
90.860598
90.999270
91.109529
91.166608
92.287697
95.724958
93.403278
93.265120
91.691823
92.479873
92.422869
93.892656
91.876633
91.848476
90.508859
91.568345
91.590377
93.562945
91.276937
91.281181
89.954958
91.030523
91.282950
93.177710
91.007309
91.082960
89.641779
90.731832
90.955313
92.903541
90.738066
90.842771
89.460158
90.696038
90.683430
92.652385
90.559351
90.651928
89.527290
90.680530
90.999783
92.730232
90.769345
91.058643
89.813521
90.963369
91.077431
92.943641
91.164777
91.396329
90.204042
91.135554
91.025586
92.614832
90.916036
91.451549
90.049422
90.724769
90.367855
91.266735
90.505119
90.891679
91.047642
90.780359
91.803974
95.836018
93.672319
93.254730
91.691790
92.483631
92.590326
94.197041
91.870223
91.853949
90.627381
91.694275
91.980672
93.804202
91.574243
91.547126
90.197018
91.367315
91.514941
93.329980
91.393623
91.433066
90.239756
91.195822
91.404386
93.145884
91.262956
91.360088
90.270502
91.251278
91.422299
93.145390
91.313275
91.409369
90.279102
91.191659
91.291643
92.983436
91.344896
91.497510
90.437329
91.363444
91.421257
93.090314
91.348512
91.533947
90.475536
91.392128
91.505374
92.921000
91.509215
91.710722
90.554150
91.182873
90.816130
91.772098
90.856746
91.252157
91.502297
91.351484
92.337406
95.814296
93.966497
93.600439
92.335387
92.987819
92.941022
94.272432
92.754089
92.895820
91.910626
92.718337
92.736474
94.152069
92.679679
92.575658
91.643196
92.459560
92.556328
93.961117
92.412071
92.331244
91.526789
92.418719
92.714152
94.119075
92.639089
92.524905
91.632156
92.391402
92.728322
93.878143
92.543380
92.439445
91.714984
92.583332
92.918744
94.140009
92.827898
92.709142
92.003359
92.666197
92.999833
94.285846
93.087512
92.890312
92.228675
92.925980
93.131893
94.299234
93.142192
93.084007
92.183716
92.475321
92.423654
93.062500
92.492550
92.513372
92.696360
92.816877
93.424350
96.352141
94.994768
94.598301
93.602988
94.062135
94.160507
95.121115
94.056130
93.934879
93.293231
93.894564
94.126093
95.096651
93.875351
93.846628
93.205815
93.756665
94.125757
95.172786
94.026991
93.739177
93.127714
93.692770
93.978508
95.094925
94.048071
93.703988
93.171804
93.623497
93.849268
94.917276
94.066385
93.881088
93.443899
93.873167
93.996434
94.930418
94.111727
93.912946
93.526004
93.973291
94.211660
95.166882
94.235807
94.007475
93.453837
93.957884
94.299947
95.005313
94.150571
94.019212
93.300156
93.636779
93.652543
94.144781
93.546718
93.656147
93.823452
93.859893
93.916459
96.405220
94.952333
94.165306
92.490023
92.815360
92.584390
94.013516
92.114299
91.915324
91.409346
92.069179
91.895981
93.342923
91.471227
91.573173
91.237746
92.243984
92.202199
93.020038
91.343520
90.764300
89.564090
90.024181
90.190547
91.243282
89.933059
89.789510
89.104594
89.794017
90.182070
91.456785
90.146532
90.035484
89.569247
90.436815
90.822495
92.136226
90.718528
90.377941
89.604013
90.400001
90.537888
91.804391
90.440445
90.197268
89.093497
89.807836
89.831267
90.905399
89.699937
89.669642
88.841312
89.277767
88.890376
89.674658
89.147598
89.562782
89.566044
89.215823
89.886707
94.950052
93.589233
93.228675
91.926893
92.216843
91.830554
92.959641
91.341585
91.423960
90.658170
91.656123
92.057788
94.124295
92.227150
91.983479
90.828585
91.449169
91.662654
93.660097
92.085714
91.919486
90.350954
90.797670
90.902220
92.584273
90.969367
90.461750
89.303847
90.418853
91.445839
93.899835
92.037160
91.712329
90.538595
91.192245
91.105715
92.473228
90.534727
90.068923
88.553262
89.207847
89.240609
90.905925
89.379276
89.441906
88.506080
89.161049
89.254884
90.406608
88.883395
89.091506
87.923509
88.622847
88.378193
89.350401
88.177514
88.483307
88.566894
88.497226
89.593136
95.171386
93.234697
92.541972
90.902661
91.304416
90.982371
92.169771
90.401112
90.368652
89.665093
91.161603
91.198136
92.099897
90.087538
90.103538
89.125264
89.995673
90.022714
91.433207
89.598027
89.863161
89.231529
90.187988
90.552049
92.014414
90.222991
89.566735
88.252288
88.912442
89.003835
90.916222
90.879601
91.818763
90.289120
90.536050
90.747918
92.380619
90.046838
89.898574
88.846191
89.250827
89.418161
91.355318
89.172793
89.129490
87.928593
88.876935
88.967347
90.814143
89.269692
89.042864
87.776469
88.501123
88.111498
89.615812
89.579642
90.297163
89.192316
87.867530
88.855222
94.383929
93.216885
94.656740
93.908152
93.530659
91.717567
92.380200
90.232717
90.697582
90.923787
91.842467
91.254893
92.959427
90.702369
91.103306
90.604412
90.625776
89.630449
91.033037
89.072465
89.569053
89.256334
89.427311
89.096375
90.524433
88.825096
89.896501
89.741749
89.128804
89.135197
90.860728
89.999454
89.654318
88.365448
89.331064
89.829209
92.338303
91.267689
90.443995
88.723748
89.413227
89.465473
91.100619
89.352525
89.145926
88.173667
89.085524
89.661757
91.310126
89.093450
89.092470
88.316178
89.238307
89.411223
90.965365
89.580264
88.656826
88.635806
89.486992
90.005144
94.837223
92.940268
92.498950
90.809581
91.207223
90.999205
92.638214
90.934956
90.533008
89.356470
90.298135
90.616224
92.602194
90.123437
89.782008
88.652521
89.763572
89.825453
91.418882
89.360371
89.255910
88.456108
89.835423
89.938124
90.688697
89.059184
90.340900
90.158547
90.267024
90.151791
91.690527
91.144924
91.969187
90.521507
90.124433
89.330703
90.738320
89.117199
89.494407
88.597566
88.962124
88.710706
90.301855
88.571804
88.495570
87.402171
88.307257
88.351349
90.236274
89.599053
89.407147
87.312489
87.862117
87.852984
88.895659
87.783779
88.253618
88.911898
89.546215
90.538667
95.348177
92.736210
92.254381
90.964076
91.760526
90.979238
91.875897
89.843077
89.845023
88.825607
89.849365
90.357271
92.892617
91.534145
90.765916
89.433761
90.402751
91.626175
93.441549
89.877964
89.840236
90.729515
91.561774
90.109757
90.646603
89.035511
89.716643
89.875815
90.536347
89.721033
90.749401
88.846429
88.727944
87.666785
88.964826
88.798641
90.677608
89.717694
89.847888
88.475598
89.296389
90.033699
91.655335
89.190567
88.716437
87.789175
89.276886
88.945600
90.333488
88.968630
89.417441
88.664966
88.953358
88.473143
89.409837
88.544115
88.913968
89.139067
88.402493
89.305425
94.108915
91.878918
91.552844
90.035827
90.807967
91.112252
92.420221
90.565378
90.512862
89.819717
90.921291
90.771855
92.082113
89.957567
91.145775
90.751696
91.102911
90.800992
92.316804
90.539799
90.623068
89.409824
89.401964
89.155854
90.820501
89.327485
88.945490
88.025132
89.029716
89.020183
90.419150
88.750062
88.850040
87.889851
89.205140
89.706839
90.427897
88.648135
88.853181
89.021653
89.760092
89.197856
90.184490
88.557480
88.788844
88.098072
89.372275
89.194150
90.479208
88.916363
89.616695
88.913778
89.084371
88.513405
89.458029
88.476646
89.029546
89.426563
89.795519
91.693998
98.024657
95.929849
95.387616
93.833492
95.332356
95.251459
95.235766
90.698887
89.669820
88.898733
89.930973
90.278714
91.894154
89.966401
89.715071
88.947357
90.061102
90.905868
92.876934
91.304321
91.147505
89.804755
90.138695
90.222123
91.675221
90.360814
90.598205
90.317641
91.625636
91.720949
92.831860
91.473007
91.495058
91.666794
93.562980
94.055806
95.434176
93.083066
92.165243
91.642296
92.136506
92.361618
94.050342
93.476631
93.922045
92.856165
92.834968
92.728374
94.547364
93.654412
94.090795
92.877191
93.155332
92.368023
93.032093
92.379643
93.601252
93.976619
94.350524
94.880028
98.170750
93.925852
92.681572
91.256583
92.742340
93.598797
95.200870
92.704637
91.660170
90.104269
90.961920
91.728074
94.307023
93.183758
93.723719
92.749530
92.423808
91.677196
92.624712
90.804570
91.507809
91.360519
91.488444
91.838831
93.358656
92.114934
92.108897
91.464761
92.686307
93.116221
94.099427
91.653612
90.359719
88.506842
89.288170
89.704323
91.705669
90.899581
91.247645
90.498641
90.479140
89.731480
90.744689
89.107220
89.142280
88.330182
89.676720
90.392760
91.448160
89.188073
89.078780
88.079483
88.948982
89.919435
90.600208
89.260144
89.800476
90.961348
90.227215
90.270314
94.961195
93.181310
93.865995
92.486930
91.771613
90.858579
91.881646
90.203758
90.576517
90.023292
90.347433
90.192820
91.794499
90.074427
89.616957
88.743713
90.092394
89.884932
91.008870
89.384007
89.212582
88.648191
89.966074
89.845983
90.988434
89.465212
89.795518
90.203860
90.853277
89.826717
90.562852
89.139209
89.383737
89.028014
89.877265
89.392531
90.533648
89.002594
89.127940
88.162625
89.076028
89.175092
90.723022
89.261713
89.439511
88.913695
89.317221
88.983626
90.210378
89.104712
89.619596
89.129493
89.744942
89.684430
90.908290
90.758466
90.805496
90.595901
89.830755
91.341067
