98.677495
98.354028
98.637390
97.857643
98.400229
98.064319
98.298059
97.684171
98.563629
97.766623
98.474531
97.992699
98.387963
97.956145
98.501812
97.716630
98.328549
97.974079
98.447318
97.942261
98.726984
97.808483
98.436353
98.132301
98.667272
97.923992
98.748128
97.747023
98.529556
98.116091
98.728688
97.898272
98.643239
97.737434
98.636553
98.207984
98.519425
98.204930
98.582977
97.959817
98.523289
98.281984
98.669046
98.167633
98.721955
97.837545
98.638344
98.223954
98.585888
98.009909
98.723564
97.812592
98.557737
97.969386
98.365042
97.949837
98.461334
98.435293
98.169325
98.260663
99.089170
98.437734
98.923755
98.043607
98.677447
98.299131
98.740959
98.174376
98.674091
97.997165
98.644358
98.279492
98.681355
98.045331
98.508593
97.751696
98.338474
98.251564
98.711065
98.128927
98.352343
97.837279
98.229765
98.094548
98.494775
98.063959
98.402598
97.938482
98.326709
97.906128
98.480907
97.822962
98.328717
97.932271
98.268623
98.021149
98.436790
98.146290
98.396731
97.722687
98.255086
98.131916
98.387398
98.007865
98.433896
97.767528
98.299600
97.978785
98.417439
98.103787
98.522893
97.903342
98.360067
97.759528
98.110315
97.767824
98.317474
98.226834
97.947611
98.256048
99.147597
98.264244
98.730223
97.883372
98.281891
98.087878
98.535908
98.026900
98.334250
97.863151
98.287939
98.040603
98.492289
97.950182
98.250613
97.646675
98.077133
97.957133
98.480775
98.187745
98.201968
97.837597
98.134678
98.016727
98.303599
97.957630
98.273171
97.765819
98.117153
98.086353
98.344882
97.874349
98.260257
97.851617
98.117872
97.867818
98.262234
97.875183
98.193707
97.839074
98.100164
97.811498
98.254386
97.703166
98.339786
97.691438
98.169232
97.869981
98.241813
97.810506
98.230662
97.608330
98.121631
97.764097
97.854562
97.702159
98.045345
98.144296
97.846396
97.971295
99.077925
98.639680
98.779017
98.031136
98.517339
98.182263
98.694414
98.217779
98.493018
97.982627
98.350288
98.156012
98.605072
97.991053
98.250439
97.851714
98.205116
97.955893
98.545119
98.109201
98.256282
97.851366
98.038671
97.858465
98.336144
97.897425
98.325647
97.740407
98.138099
97.831331
98.393456
97.887643
98.090661
97.665049
98.222658
97.922595
98.355620
97.975611
98.205662
97.657149
98.037382
97.900764
98.347631
97.838893
98.160234
97.474080
98.096062
97.675493
98.247711
97.743949
98.244712
97.759579
98.038227
97.702003
97.874541
97.806398
97.943449
98.023251
97.721770
97.919211
98.851997
98.519662
98.649693
97.768203
98.400338
98.227024
98.476952
97.935427
98.280017
97.933719
98.281898
98.052930
98.490461
98.063237
98.301929
97.697650
98.137684
98.091812
98.393461
97.926430
98.131873
97.689922
98.017728
97.811132
98.369273
97.859143
98.151857
97.733330
98.005643
97.894239
98.319550
97.987221
98.279863
97.800824
98.065093
97.948413
98.302353
97.984103
98.248163
97.590181
98.156548
97.982443
98.291851
97.804529
98.261867
97.676682
98.133127
97.871758
98.359433
97.769531
98.214054
97.624127
97.937695
97.676850
97.984729
97.729670
97.981815
98.061685
97.719846
97.989358
99.081112
98.313042
98.621472
97.823915
98.339812
98.169436
98.504308
98.039072
98.344084
97.816332
98.290360
98.115546
98.489643
98.062908
98.177227
97.860731
98.171919
98.098730
98.407112
98.040041
98.097855
97.806970
98.074613
98.025999
98.238513
97.967098
98.169148
97.620067
98.032660
97.958778
98.457269
97.810707
98.151220
97.576787
98.174080
97.882785
98.330848
98.037182
98.231469
97.615066
98.089403
97.802582
98.429226
97.880816
98.265602
97.596554
98.164372
97.855019
98.216111
98.005448
98.261337
97.726670
98.192184
97.622046
98.024222
97.757549
97.897445
98.029739
97.901103
97.995305
98.739698
98.196913
98.520997
97.788425
98.202118
98.171570
98.399794
98.083612
98.233389
97.681598
98.314713
98.048338
98.399025
97.986242
98.190895
97.566004
98.009491
97.985605
98.371245
97.915452
98.109763
97.755749
98.031802
97.895132
98.212609
97.987916
98.144270
97.713284
97.945737
97.772262
98.238721
97.863296
98.106184
97.754042
98.030570
98.044305
98.265107
98.005715
98.137284
97.794001
98.078995
97.822793
98.244292
98.013824
98.252488
97.825884
98.065541
97.977166
98.276233
97.999495
98.301681
97.823201
98.071836
97.885103
97.925327
97.774122
97.749318
97.706355
97.643628
97.915794
98.835875
98.413346
98.417955
97.654432
98.272111
98.012280
98.460713
97.955550
98.276238
97.720604
98.182340
98.028139
98.603090
98.010556
98.194638
97.576760
98.157683
98.049235
98.472075
97.943559
98.121079
97.514196
98.019747
97.957439
98.385146
97.762455
98.014713
97.673131
97.989088
97.794582
98.374739
97.827165
98.133988
97.564639
97.973020
97.816080
98.263973
98.030908
98.226929
97.780861
98.065013
98.034511
98.305233
98.012700
98.128441
97.586227
97.974154
97.972772
98.291620
97.807602
98.173664
97.573464
97.985949
97.621191
97.832830
97.646672
97.845393
97.866198
97.596240
97.932791
98.869949
98.309626
98.518076
97.722482
98.185638
97.823596
98.435669
97.953258
98.231604
97.723508
98.117644
97.972711
98.433931
97.810532
98.134244
97.662735
98.038128
97.778062
98.337564
97.815449
98.002241
97.549753
97.857480
97.689284
98.342608
97.796796
97.946601
97.459916
97.862060
97.761229
98.250324
97.813500
98.039115
97.529419
97.770028
97.797218
98.155837
97.658845
98.060490
97.622120
97.955844
97.616499
98.104543
97.728594
98.035955
97.528284
97.995540
97.610734
98.153645
97.620308
98.095253
97.479889
97.933845
97.615415
97.805498
97.559388
97.864185
97.899943
97.734175
97.879303
98.704986
98.364215
98.468920
97.802797
98.231154
97.907165
98.344292
97.985759
98.256978
97.454642
98.036597
97.879915
98.297131
97.890130
98.063739
97.481347
97.973475
97.811742
98.356866
97.754367
97.867002
97.441978
97.882288
97.629214
98.246866
97.608256
97.995323
97.415724
97.837554
97.781082
98.107624
97.860529
97.994327
97.510880
97.808532
97.779633
98.145265
97.834691
97.939663
97.551226
97.815121
97.485271
98.130413
97.767186
98.004817
97.507204
97.872683
97.707019
98.019421
97.786990
98.082428
97.570382
97.873343
97.575196
97.847946
97.362188
97.680357
97.716953
97.591243
97.614707
98.996635
99.640753
100.000000
99.627717
100.000000
99.588256
99.067571
99.634557
100.000000
99.655126
100.000000
100.000000
99.394420
100.000000
100.000000
99.895003
100.000000
99.766377
99.172144
99.788710
100.000000
99.461378
99.949369
99.762216
99.265145
99.750439
99.913632
99.207556
99.862661
99.632179
99.077802
99.910858
100.000000
99.714995
100.000000
99.631964
98.773918
99.356050
100.000000
99.680977
100.000000
99.841799
98.805226
99.321740
99.900672
99.109125
99.476807
99.486698
98.486251
99.142299
100.000000
99.245330
99.642307
99.236072
98.226628
98.850698
99.320043
99.303487
99.000593
97.975713
97.908499
98.817212
99.191647
98.640971
99.246843
98.895256
98.002636
98.154116
99.098666
98.004554
98.762333
98.183311
97.737641
98.118768
98.451984
97.542523
98.113312
97.404394
96.660760
97.748721
98.464507
97.845605
98.453845
97.849328
96.825475
97.258208
98.432694
97.379653
98.087561
97.196976
96.478515
96.458393
97.485207
96.200200
97.031037
96.260306
96.075681
96.746173
97.802959
97.044621
97.723612
96.862006
95.799027
96.235983
97.310468
96.107475
96.700877
96.358615
95.317583
95.612035
96.970514
95.842675
96.898190
96.129847
95.359443
96.151854
96.886973
96.716684
95.650206
94.679582
93.545422
94.169847
95.873858
94.347214
95.596586
94.784039
94.609371
94.590499
95.861561
94.809705
96.199577
95.273280
94.720049
94.731520
96.260011
95.320214
96.591471
95.799467
95.382401
95.544890
97.053445
95.504241
96.784041
96.343199
95.811892
95.876801
97.481031
95.825163
97.183882
96.481372
95.837192
95.834528
97.610268
95.847119
96.917592
95.650779
95.224663
95.163478
96.321411
94.670757
95.932751
94.460348
94.325617
93.951950
95.268580
93.402317
94.477786
93.469908
93.173227
92.789970
94.089737
92.216795
93.370809
92.427370
91.731837
92.926996
94.316401
94.500668
93.355684
92.391497
92.890943
92.761772
94.761416
93.141272
94.617140
93.477224
93.379641
92.495299
94.133409
92.356498
94.079594
92.723208
93.024792
92.971756
94.748649
92.864445
94.181962
93.106739
93.105852
93.043760
95.033490
93.236619
94.637295
93.415845
93.273427
93.091004
95.035363
93.225222
94.805144
93.477582
93.406214
93.148544
95.055917
93.134364
94.807239
92.949441
92.875273
92.394116
93.998361
92.618268
94.118234
92.822302
92.767280
92.993040
94.632552
93.047704
94.694181
93.100383
93.083384
92.740395
94.877318
93.036351
94.415034
93.070301
92.607218
92.607979
94.273041
93.885591
92.504726
92.292386
91.453437
91.440144
93.798734
91.935420
93.461439
91.872509
91.907959
90.980456
93.275919
91.314624
92.923004
91.200770
91.480085
90.618376
92.556580
90.823038
92.326785
91.052877
91.241207
90.993839
92.600468
90.892009
92.269598
90.966866
90.952722
91.327145
93.078498
91.245473
92.599267
91.418032
91.411396
91.328777
92.732370
91.478693
92.687984
91.395786
91.387282
90.973335
92.786656
91.271723
92.619322
91.295556
91.525577
91.213395
93.268148
91.449458
92.849525
91.552935
91.879052
92.009948
93.844117
92.248596
93.812924
92.649567
91.974565
92.868032
94.081432
94.218879
93.337502
92.548399
92.739084
93.078280
94.765558
93.113712
94.535657
92.803667
92.471886
92.070633
93.920429
92.220068
93.158048
91.922044
91.786920
91.054580
93.231469
91.208292
92.135043
90.918902
90.748330
90.775570
92.156456
90.718458
91.786282
90.664786
90.235526
90.067263
91.464986
89.943457
91.201470
90.391424
89.693030
90.346392
91.308467
90.604717
91.408758
90.497572
89.683303
89.894931
91.459974
90.344997
91.436693
90.935192
90.247122
90.632453
91.989621
90.599142
91.759222
90.639445
90.120783
90.940257
92.392353
90.903670
92.156043
91.119549
89.738503
91.168161
92.018778
92.134042
91.086269
89.253271
90.647363
91.127199
93.151502
91.535185
93.316075
91.873524
92.039511
91.096623
93.017460
91.182054
92.672117
91.341442
91.509338
90.936704
93.009351
91.268196
92.863633
91.583654
91.716581
91.278200
92.903008
91.547779
92.699065
91.629089
91.852325
91.719702
93.484684
91.900114
93.238580
91.808879
91.564746
91.342049
93.151699
91.431066
92.755254
91.358295
91.529158
90.455671
92.696510
90.690295
91.998134
90.454119
90.800867
89.847528
92.359421
90.265894
91.857337
90.070244
90.425143
89.635006
92.074093
89.779252
91.688047
90.743085
90.386876
90.817702
92.159194
92.342356
90.927370
89.934528
90.679693
90.827009
92.563247
90.442164
91.893190
90.217394
90.517223
90.096331
91.616423
90.004419
91.513586
89.992825
89.797028
90.049645
91.343562
89.843792
91.110762
89.688339
89.787780
89.918596
91.891898
90.378844
91.484132
90.292865
90.044115
90.074380
91.699718
90.117328
91.354824
90.268805
90.128813
89.906901
91.821655
90.425181
92.006142
90.738450
90.306862
90.969149
92.588469
91.110292
92.563935
91.253972
90.803195
91.117791
92.507284
90.855854
92.619675
91.160903
90.363573
91.300747
92.613089
91.652250
92.698776
91.386470
89.291830
91.526789
92.669441
92.773739
91.708571
90.878026
91.306798
91.849644
93.188843
92.600662
93.241989
92.627434
91.634528
92.404173
93.146143
91.638059
92.775819
91.723856
90.804301
91.777545
92.835355
91.423502
92.442535
91.448035
90.408062
90.880889
92.733193
90.995807
92.436453
90.909802
90.463524
90.657175
92.536608
90.729739
91.908069
90.988488
90.525981
90.058003
92.250723
90.692184
91.846977
90.577088
90.373574
90.793326
93.106831
92.320609
92.972909
91.623161
90.548492
92.229689
92.961658
92.019364
94.083719
93.826560
92.727126
94.642049
94.784361
94.496931
95.592409
95.049482
93.105355
96.306872
96.650763
96.892863
96.701269
95.330901
98.035360
99.681888
100.000000
99.806105
100.000000
99.814678
97.801184
99.541366
100.000000
99.686914
100.000000
100.000000
98.297626
99.562994
100.000000
99.922467
100.000000
99.358107
97.624182
97.882282
99.511182
97.753388
98.494794
97.597471
96.057443
95.603587
97.940108
95.626221
96.901406
96.153773
95.013869
94.844373
96.306000
94.559420
95.367773
94.437969
93.154557
93.659722
94.969448
93.824666
94.832130
93.807867
92.006708
93.099284
94.508030
93.052992
94.066209
93.169243
91.668549
92.718196
94.085331
92.885919
93.676709
92.854874
90.143615
92.954346
93.313182
93.122845
92.861270
90.846804
91.118901
91.917596
92.396181
91.678151
91.809759
91.817393
92.485974
93.766891
94.408096
93.886209
94.421568
94.455093
95.552508
95.472065
96.355505
95.831211
96.452762
96.025581
96.838044
96.385788
97.637315
96.388557
97.526575
96.698722
97.368404
96.727916
98.120684
96.542633
97.690364
96.672657
97.371206
96.733289
98.340068
96.592244
97.817113
96.960486
97.475594
96.789923
98.282488
96.604029
97.763013
96.862669
97.583522
96.855671
98.306477
96.678257
98.134019
96.908246
97.452382
96.820366
98.278854
96.644584
98.006430
96.805119
97.284556
96.581139
98.465024
97.848513
96.775390
97.250323
98.102082
97.240266
98.310239
96.634430
97.443087
96.897593
97.604085
96.962553
98.166657
96.795353
97.596101
96.896381
97.533474
96.856705
98.139631
96.540941
97.116652
96.856014
97.455083
96.761883
98.281222
96.664662
97.272115
96.722518
97.509072
96.808160
98.384816
96.848197
97.414640
96.974877
97.664870
96.973222
98.388965
96.857121
97.453391
96.965303
97.695316
97.054976
98.422639
96.744359
97.333925
96.884199
97.618462
96.952226
98.346962
96.674651
97.252725
96.744315
97.571812
96.754475
98.477857
96.749901
97.749709
96.797042
97.392422
96.650633
98.133317
98.020255
96.796097
97.126414
97.849516
97.167191
97.811952
96.694270
97.536235
96.968666
97.796119
96.894173
97.833995
96.581360
97.130133
96.706172
97.509850
96.825141
97.937879
96.579456
97.235605
96.674459
97.408281
96.769153
98.072665
96.683558
97.408387
96.995650
97.461103
96.841224
98.061065
96.618746
97.184756
96.738429
97.462633
96.744768
98.039684
96.554607
97.212802
96.678635
97.379266
96.702317
97.986598
96.561403
97.388836
96.690663
97.358064
96.750752
98.031584
96.433751
97.361271
96.734782
97.379821
96.695461
98.225521
96.541776
97.342611
96.542293
97.155358
96.496535
98.016993
97.942827
96.656550
97.059349
97.770850
97.043600
97.524136
96.427098
97.208334
96.820855
97.629646
96.869456
97.676005
96.502170
97.229684
96.673660
97.397950
96.741919
97.822810
96.501209
97.070553
96.515723
97.212164
96.740095
97.944873
96.506245
97.167277
96.525558
97.220570
96.692447
97.990959
96.508581
97.291474
96.732212
97.300470
96.758019
98.039213
96.505320
97.208238
96.726701
97.303201
96.801782
98.167005
96.620750
97.329148
96.791158
97.284901
96.817451
98.179326
96.672569
97.425127
96.752002
97.228493
96.728235
98.263688
96.558514
97.173467
96.680763
97.040785
96.613026
97.933512
97.836743
96.653748
97.123633
97.860578
97.200295
97.707660
96.647594
97.280507
96.788215
97.562384
96.813290
97.702352
96.576537
97.294679
96.713370
97.480384
96.604938
97.852356
96.365802
97.079856
96.581226
97.234570
96.539768
97.997004
96.414175
97.174456
96.603716
97.235515
96.591018
98.092243
96.521507
97.352896
96.667333
97.307529
96.676374
98.070072
96.543064
97.249385
96.707484
97.337014
96.615774
98.083740
96.491652
97.239395
96.648062
97.281536
96.549417
98.087263
96.466128
97.317929
96.587409
97.240347
96.515859
98.341064
96.403841
97.192012
96.473430
97.110457
96.483874
98.076813
97.984258
96.683017
97.117754
97.802518
96.925530
97.581740
96.485586
97.204149
96.822118
97.631763
96.955152
97.625811
96.530929
97.275951
96.748505
97.472096
96.848280
97.901559
96.587070
97.116354
96.768347
97.341173
96.677701
98.087896
96.624121
97.318244
96.679516
97.284069
96.644707
98.166905
96.583219
97.349893
96.689314
97.336995
96.659685
98.133646
96.592819
97.432955
96.727379
97.346089
96.640197
98.183315
96.479690
97.309110
96.583251
97.246318
96.637978
98.138654
96.421979
97.265792
96.572568
97.245718
96.601484
98.223795
96.504417
97.186971
96.464368
97.065253
96.471033
97.992144
97.003998
96.579461
97.062734
97.708114
96.898863
98.103629
96.442014
97.244091
96.827595
97.491305
96.777231
97.965442
96.437568
97.195097
96.715813
97.399472
96.617950
97.669346
96.414854
96.906092
96.574356
97.341181
96.652380
97.838905
96.252998
97.084207
96.586105
97.307429
96.585313
97.912353
96.362846
97.070819
96.695525
97.365588
96.785801
98.035190
96.497127
97.216508
96.663066
97.343597
96.585030
98.014374
96.475716
97.302038
96.669587
97.377198
96.637374
98.085921
96.488392
97.188587
96.641747
97.318812
96.579141
98.213814
96.482165
97.329741
96.546101
97.181438
96.472003
97.829905
97.787293
96.745340
97.234789
97.749638
96.834560
98.055556
96.358339
97.228059
96.814826
97.479766
96.574923
97.702518
96.416519
97.000353
96.571082
97.390827
96.645153
97.904210
96.406388
97.060783
96.566265
97.282033
96.578533
97.917643
96.470856
97.255880
96.767019
97.395886
96.688950
98.001394
96.427523
97.261778
96.722746
97.398052
96.686164
98.005816
96.494576
97.301299
96.828979
97.409974
96.693869
98.117379
96.547548
97.356424
96.822990
97.344875
96.699296
98.116593
96.573381
97.347237
96.834935
97.434210
96.628924
98.222244
96.541425
97.390103
96.586827
97.216110
96.636581
97.826906
97.769055
96.832010
97.378660
97.796398
97.096372
98.203068
96.620870
97.188639
96.896997
97.587042
96.724769
97.783347
96.483782
96.982147
96.731491
97.427474
96.769438
98.002511
96.588074
97.264079
96.750761
97.376512
96.748939
98.097731
96.574021
97.331798
96.803686
97.456683
96.783779
98.007224
96.574941
97.307796
96.819769
97.455941
96.812797
98.171864
96.607629
97.385469
96.745302
97.416899
96.740167
98.236826
96.598064
97.396019
96.891918
97.476598
96.757466
98.139473
96.576904
97.362210
96.804324
97.464729
96.811724
98.465772
96.691339
97.330001
96.710612
97.248073
96.759080
98.071267
98.061819
96.838884
97.278382
97.870071
97.005305
97.714559
96.485181
97.318398
96.776158
97.617957
96.790459
97.757911
96.515561
97.120296
96.703342
97.455800
96.615970
97.819788
96.397929
97.095417
96.530429
97.391956
96.651031
98.094675
96.468957
97.216716
96.756024
97.367366
96.620910
98.151890
96.522209
97.234380
96.698666
97.358761
96.663986
98.198805
96.410968
97.193700
96.700485
97.379108
96.633199
98.170866
96.491263
97.132534
96.659785
97.296516
96.556082
98.241300
96.455009
97.372838
96.663977
97.262820
96.631707
98.277779
96.417796
97.291731
96.498180
97.051476
96.356661
97.967896
96.799313
96.460923
96.103760
100.000000
98.806682
98.176131
95.892083
96.851277
96.724564
99.286976
98.385668
98.625239
96.999552
96.332956
95.563952
96.846750
95.098340
95.578473
94.817028
95.363365
95.301171
96.477292
94.887734
95.208943
94.326506
95.462896
95.842659
97.308004
96.324851
97.443671
96.936708
97.726229
97.457915
98.000949
95.951758
96.441265
96.016189
97.588608
98.190968
100.000000
99.599823
99.756904
98.123404
98.116911
97.522532
98.878594
98.420411
99.331194
98.276377
98.671864
97.342727
97.967619
96.546196
97.519595
96.823718
97.977271
97.020942
97.554704
96.599090
97.960755
98.049605
97.052590
97.615356
99.127883
97.757645
99.570604
98.656628
99.657500
98.916767
99.721732
96.960921
98.181301
98.196840
100.000000
99.862469
100.000000
99.102582
99.868965
98.935700
99.969282
99.427717
99.937195
97.899394
97.861113
95.545607
95.561331
95.243425
97.075981
95.362523
96.040962
95.024615
96.668015
97.397060
99.269240
98.282318
98.955794
96.886931
97.638221
97.203934
99.029939
98.128576
99.041334
98.160124
99.230866
98.375029
99.453947
97.609086
97.310387
95.232970
96.627741
96.079716
97.966126
97.733323
99.470211
97.832420
97.032628
94.743762
95.860657
95.001767
95.964126
96.191301
96.565473
97.174239
98.750249
96.820648
97.781700
96.284442
96.736746
96.091682
97.803630
96.025957
96.683358
95.282175
96.242448
96.547212
99.029635
97.578443
98.213205
96.779226
97.825833
98.375342
100.000000
99.523360
99.505572
97.214069
96.210598
94.950448
96.785548
95.057823
95.991490
95.449121
97.428636
97.099006
98.177711
97.128877
97.788795
96.256452
96.578801
96.368070
97.902013
96.622741
97.962624
97.191040
97.678098
96.823895
97.879205
96.414208
97.761892
96.911659
97.993642
97.767729
98.972256
97.933425
99.480385
98.640153
99.312820
96.976288
97.299121
96.562977
98.763273
99.201748
97.558711
97.187927
98.667588
96.646127
97.163793
96.146421
97.932892
97.627389
98.801964
97.057936
97.400227
96.068136
97.408780
97.225757
98.740985
97.777339
98.693017
97.523793
98.046903
97.592704
99.034221
97.385058
98.127982
97.083519
98.127499
98.090246
100.000000
99.559611
99.652220
97.820133
98.399026
97.893399
98.708433
96.252932
96.369382
95.240098
96.332915
96.012158
96.953762
95.156506
95.686267
94.471527
95.655545
96.199611
98.083387
96.918576
97.857385
97.104982
98.658035
98.195911
99.281988
97.989371
99.145106
97.972690
98.596654
97.180034
98.148511
96.005414
96.364091
96.212630
95.671341
97.273735
99.133710
96.422506
96.615115
96.002178
98.886333
99.119726
99.594342
96.031603
95.895786
94.916131
96.159843
96.560104
98.206583
96.712141
96.685618
95.199611
96.173987
96.077266
97.840208
96.218471
97.585325
96.936080
97.932614
98.000017
99.554005
97.800372
98.018336
96.442341
96.970501
97.038134
100.000000
99.252421
98.259330
94.834796
96.260313
98.554217
98.386471
95.764266
96.420209
94.602687
95.839931
97.993095
99.009195
95.364438
96.016009
94.501722
96.299563
97.903882
98.550593
96.103862
96.967045
95.395789
96.858648
97.990210
99.101531
96.879712
96.726196
96.573550
95.940358
97.051716
99.163896
96.980635
96.952064
95.500543
97.551708
99.044005
100.000000
96.911275
96.263255
95.133800
96.172837
96.915677
98.172714
95.789508
96.064905
95.605408
97.958250
98.995776
99.330180
96.872109
97.304259
96.333074
97.757996
97.356989
98.463330
96.653508
96.968252
95.761077
96.591650
96.755646
98.801629
97.209730
97.269676
96.126075
97.185542
97.863659
99.005785
95.483671
96.018287
97.079914
98.644920
98.302056
99.417158
98.650553
99.284901
96.483328
96.084945
95.666594
96.861567
95.863659
98.104394
97.875975
98.198471
96.981378
97.206215
96.065299
96.767882
97.449807
97.522402
98.646043
99.740465
97.329117
97.731804
96.645407
97.610762
97.454033
98.173649
96.546782
97.272775
97.542074
97.930934
97.250649
98.649800
97.785430
98.842780
98.206909
97.799129
97.333985
98.620237
97.569894
98.148196
97.251246
97.569111
96.877971
97.993881
96.420707
97.432438
97.602539
98.688954
98.361794
99.320821
97.443795
97.680139
96.625766
97.887792
97.372844
98.516895
97.016076
97.156350
96.145778
98.136024
98.538165
99.011812
97.082433
97.534821
97.064853
97.505997
96.018887
97.158822
96.243010
97.748073
96.470010
97.195424
96.692800
98.080345
97.562882
97.925279
97.322244
96.588345
97.457921
99.284408
98.428531
99.273994
97.772621
97.633333
97.164669
98.331521
96.542458
96.641651
95.434622
96.020235
95.710372
97.305639
97.051394
98.799346
98.345371
97.941007
95.815530
96.742685
95.548062
96.469921
97.065626
98.857283
97.375274
97.660183
96.270498
96.974746
96.450958
97.747857
97.339483
97.963631
96.107589
96.599866
95.812672
96.724831
96.584613
97.939281
96.301980
96.938052
96.092899
97.019797
96.832492
98.396900
97.300909
98.139006
97.591915
98.733631
97.588485
97.140108
95.410426
96.185003
95.766115
97.816907
98.296025
99.328469
96.958123
96.540546
96.441484
96.460569
98.197293
100.000000
99.735395
99.083777
97.141247
97.310161
97.013917
98.505551
96.990192
97.340230
95.985747
96.328594
96.239817
98.430998
96.929612
96.544463
95.363256
96.099636
96.693416
98.309283
96.721010
96.671882
95.785942
97.059371
97.299515
98.506866
97.126984
97.268007
96.456437
96.590167
96.023276
97.290182
95.888855
96.147421
95.516734
96.283358
96.321163
97.997150
97.019368
97.694650
96.966814
97.401076
97.089218
98.257034
96.870025
97.468253
95.949402
96.661116
96.841919
98.711239
97.252533
98.745270
98.541107
99.236800
97.184342
97.004970
95.587306
96.334736
96.841895
97.434494
99.176046
100.000000
98.254578
97.559384
96.346009
97.989025
98.929504
100.000000
98.570554
97.852675
95.917119
96.292109
96.254496
98.025272
96.893288
97.247487
96.241071
97.130898
96.792994
98.060188
96.760678
97.649989
97.740016
97.755223
97.405129
98.159812
96.552395
96.007068
95.126582
95.995871
95.523167
96.644841
97.003888
98.555584
97.585546
97.918708
97.528900
99.061725
98.322578
97.774511
95.522216
96.048650
95.731745
97.834842
97.688865
97.873993
95.773402
96.318904
95.844435
97.280085
95.766033
97.005902
96.114529
96.857983
96.274766
96.927893
95.413444
96.909868
99.232207
99.711974
100.000000
97.184864
96.873998
96.870212
95.947808
96.655323
96.443292
97.314692
96.508089
96.806548
95.833116
96.535260
96.491574
97.225239
96.175150
96.692813
95.921459
96.432154
96.506070
97.377428
96.335648
96.581763
95.814459
96.340053
96.243388
97.252364
96.166943
96.561151
95.789848
96.332789
96.191838
97.188400
96.264607
96.603319
95.801207
96.342967
96.156530
97.304175
96.228757
96.594595
95.719514
96.442318
96.219899
97.153516
96.168867
96.619995
95.682597
96.417419
96.247834
97.146622
96.421044
96.821279
95.663280
96.112287
95.790064
96.454572
95.642416
96.121411
96.259608
96.020833
96.646320
97.921951
96.876129
97.116055
96.069659
96.723678
96.462841
97.573157
96.372942
96.888851
95.923352
96.598979
96.268477
97.375381
96.317471
96.779458
95.694609
96.501799
96.382097
97.322649
96.233996
96.568220
95.595752
96.203544
96.031061
97.146785
96.102454
96.492835
95.415323
96.300395
95.951008
97.052678
96.117335
96.518084
95.391738
96.277237
95.958810
97.050163
95.781075
96.498496
95.409820
95.924556
95.745496
97.034394
95.816314
96.516672
95.219227
95.825477
95.634370
96.879622
95.633822
96.528275
95.137476
95.874532
95.293364
96.225068
95.054366
95.789282
95.543928
95.221339
96.175199
97.636726
96.029608
96.817124
95.242070
96.123489
95.567237
97.072802
95.440546
96.475227
94.930550
95.800796
95.461287
97.005351
95.145881
95.746773
94.224736
95.259002
94.866085
96.470578
94.802378
95.283059
93.898361
94.685590
94.630110
96.381436
94.807109
95.125030
93.739318
94.659558
94.519662
96.134407
94.743133
95.251051
93.867685
94.634393
94.521536
96.117533
94.530912
95.176083
93.770626
94.549562
94.546913
96.097305
94.636165
95.269985
93.738969
94.590410
94.508329
95.992534
94.641026
95.456140
93.833987
94.716557
94.216808
95.224669
94.109972
94.732466
94.847311
94.353511
95.452647
96.994103
95.428436
95.970151
94.377377
95.410071
94.895545
96.444505
94.722461
95.523224
94.051028
95.209681
94.720238
96.308885
94.291768
94.915882
93.507422
94.303906
94.233797
96.112754
94.244429
94.768118
93.116437
94.113870
94.086896
95.936599
94.055755
94.736291
93.203809
94.201579
94.140246
95.904076
94.261650
94.935820
93.376761
94.383558
94.386832
96.091154
94.281463
94.953342
93.494159
94.450909
94.376934
96.071459
94.354474
95.160516
93.755441
94.589641
94.380514
96.018387
94.436754
95.318772
93.958435
94.928239
94.222572
95.047965
94.126722
94.722071
94.764388
94.475829
95.335158
97.115987
95.475881
96.083363
94.544023
95.598362
95.112409
96.496848
94.911884
95.609663
94.182241
95.335903
94.923106
96.402426
94.809914
95.145582
93.663788
94.567207
94.682812
96.361150
94.717830
95.101453
93.664575
94.591234
94.557349
96.068288
94.653795
95.187539
93.832865
94.727506
94.815344
96.197842
94.858397
95.298984
93.997771
94.785320
94.666534
96.130153
94.905974
95.483769
94.065979
94.943635
94.773379
96.210589
94.899583
95.502605
94.143646
94.907682
94.743158
96.123629
94.885674
95.751631
94.260702
95.237985
94.546884
95.356361
94.348625
95.028454
95.149707
94.782899
95.582015
97.218882
95.591273
96.122521
94.706587
95.707627
95.333664
96.509380
95.110335
95.754958
94.564407
95.506132
95.067572
96.318047
94.625288
95.244224
93.817508
94.790362
94.829483
96.429559
94.530843
95.273302
93.830902
94.771291
94.670460
96.194832
94.600075
95.337001
93.752747
94.771253
94.776746
96.206930
94.621745
95.334045
93.883214
94.861287
94.821900
96.275964
94.750937
95.421727
94.033021
94.904345
94.820342
96.253435
94.999296
95.691825
94.214002
95.056861
94.846339
96.199408
95.090767
95.845941
94.312949
95.411901
94.620514
95.512973
94.568186
95.183220
95.253031
94.844210
95.538689
97.160941
95.501147
96.120004
94.617066
95.711892
95.174216
96.413368
94.842601
95.476451
94.064169
95.119361
94.683342
96.213101
94.391358
95.160443
93.542261
94.496544
94.428206
96.096156
94.272251
95.007535
93.362608
94.416952
94.412417
95.945572
94.215839
95.049080
93.285987
94.412343
94.310842
95.987447
94.244236
95.069342
93.432950
94.503241
94.484221
96.025541
94.286727
95.293836
93.646867
94.599157
94.481139
95.966912
94.571316
95.439040
93.870427
94.801772
94.539550
95.959279
94.464048
95.676608
94.136162
95.216091
94.471678
95.233297
94.284503
95.008988
95.132815
94.566910
95.441224
97.220945
95.626580
96.398829
94.502031
95.394150
95.200252
96.782161
94.874193
95.768588
93.958475
94.972131
94.984906
96.599096
94.684871
95.231486
93.595751
94.629260
94.670612
96.393571
94.597709
95.121807
93.658738
94.548072
94.583062
96.121620
94.569192
95.358125
93.789369
94.648259
94.626818
96.149980
94.554751
95.377001
93.977457
94.875889
94.687933
96.245002
94.774901
95.506628
94.125423
94.903579
94.733691
96.168758
94.775908
95.605088
94.176698
95.050615
94.854608
96.156792
95.002850
95.843240
94.377396
95.220735
94.706093
95.614761
94.712702
95.426428
95.542382
95.036649
95.858329
97.198167
95.774661
96.323351
94.876424
95.621798
95.462196
96.771244
95.340034
96.174303
94.745000
95.529176
95.378835
96.696432
95.317429
95.897945
94.643768
95.409394
95.412596
96.822534
95.199201
95.563503
94.473631
95.146890
95.346241
96.742982
95.273489
95.740557
94.557452
95.193473
95.386365
96.558712
95.244864
95.721783
94.631449
95.306777
95.439526
96.556961
95.391069
95.846329
94.752010
95.393012
95.401100
96.604279
95.603899
96.039938
95.012454
95.588692
95.546669
96.566115
95.684548
96.339380
95.262339
95.642207
95.450224
96.078867
95.482277
95.870638
95.901623
95.784192
96.306093
97.676282
96.528573
96.726417
95.683559
96.438230
96.254268
97.226805
96.138742
96.546048
95.521219
96.105385
96.259328
97.292721
96.056393
96.579049
95.580573
96.009946
96.227826
97.290031
96.193797
96.336528
95.544132
96.148051
96.205508
97.309489
96.268801
96.412286
95.649777
96.161704
96.090804
97.164798
96.347206
96.575979
95.909770
96.456203
96.262265
97.244894
96.393904
96.615658
96.015508
96.477513
96.425634
97.395173
96.506485
96.662339
95.920197
96.497550
96.533845
97.261478
96.368067
96.852380
95.962891
96.517544
96.241270
96.706868
96.130816
96.499019
96.633775
96.402652
96.256742
98.602713
97.306796
96.984687
95.326733
95.974837
95.778748
97.335959
95.445713
95.380743
94.829112
95.607932
95.326984
96.813807
94.929936
95.331123
94.938624
96.012480
95.991834
96.856442
95.057540
94.757923
93.464767
94.141851
94.259933
95.452914
93.962730
94.038220
93.161080
93.960403
94.176873
95.645056
94.034745
94.220014
93.588713
94.675843
94.943704
96.366494
94.789267
94.662542
93.816023
94.781633
94.738376
96.191940
94.630155
94.702708
93.405092
94.175122
94.095272
95.335064
94.043809
94.438783
93.432457
94.061455
93.680012
94.653820
93.806198
94.285517
94.301632
93.936861
94.796361
97.421072
96.224711
96.350007
94.923574
95.536425
95.103741
96.433552
94.777590
95.202596
94.232797
95.323221
95.423884
97.365809
95.658738
95.995076
94.559168
95.366833
95.446467
97.608718
96.077162
96.350668
94.560220
95.134090
95.130469
96.979774
95.163970
95.051323
93.707159
94.974810
95.841871
98.413596
96.392829
96.404764
95.017971
95.623335
95.309124
96.773418
94.770114
94.750206
93.127498
93.866569
93.847645
95.579544
93.947705
94.293141
93.117475
93.968946
93.926161
95.382489
93.780838
94.375084
93.091338
93.978357
93.724432
94.875082
93.416549
93.897119
93.963186
93.855941
94.957510
97.799907
95.945859
95.779633
94.074099
94.712064
94.599410
95.910657
94.127896
94.433779
93.522838
94.888545
94.860385
95.827309
93.842605
93.961815
92.914644
93.957984
93.968342
95.360816
93.470843
94.034950
93.281621
94.340556
94.533850
96.043395
94.154638
94.034233
92.604062
93.562134
93.476798
95.488680
95.177986
96.267129
94.741888
95.163248
95.242456
97.003699
94.519265
94.764262
93.575745
94.255988
94.081111
96.075430
93.931468
94.172042
92.735500
93.784245
93.822320
95.810804
94.263296
94.644314
93.112824
93.967801
93.410211
94.894722
94.677573
95.626414
94.613541
93.254784
94.303423
97.521047
96.426923
98.262490
97.316997
97.136649
95.417613
96.318539
94.171406
94.894992
94.962944
95.997794
95.312092
97.059980
94.932566
95.632738
94.946885
95.110641
93.929059
95.291966
93.343984
94.203196
93.792962
94.253384
93.752888
95.346737
93.470355
94.650815
94.295904
93.971173
93.812077
95.611814
94.632262
94.499263
93.168945
94.189012
94.570738
97.062353
95.851190
95.187184
93.438962
94.295392
94.250728
96.061188
94.044974
94.079192
93.042157
94.008479
94.351104
95.942335
93.973520
94.489987
93.482753
94.492730
94.594415
96.232756
94.733302
94.149799
94.110818
94.806786
95.505304
97.865302
96.091104
96.155608
94.388755
94.946622
94.945043
96.691868
94.960770
94.956292
93.531287
94.533880
94.603117
96.549370
94.241362
94.395090
93.127480
94.386863
94.513890
96.228056
94.033827
94.280930
93.271564
94.644758
94.570251
95.550251
93.856854
95.279514
94.978356
95.030969
94.834285
96.491614
95.843619
96.804105
95.310474
95.084977
94.347290
95.977006
94.079876
94.659739
93.498918
94.052016
93.720907
95.389668
93.578691
93.822391
92.492963
93.452061
93.379211
95.394452
94.669179
94.945065
92.796381
93.480155
93.500630
94.711627
93.246266
93.845856
94.433723
94.923515
95.991121
98.265747
95.878156
95.862955
94.479935
95.448015
94.907289
95.978278
93.945951
94.347856
92.958226
93.960105
94.243812
96.791713
95.373305
94.933252
93.459095
94.619454
95.585850
97.381006
93.909797
94.152739
94.859139
95.865927
94.541081
95.317268
93.524438
94.430495
94.280508
95.006245
94.130851
95.322616
93.275879
93.544374
92.387011
93.827742
93.433219
95.380911
94.318108
94.731595
93.225929
94.155622
94.793723
96.382390
93.950226
93.658123
92.684818
94.330318
93.960651
95.547774
94.057141
94.777817
93.738490
94.136218
93.593709
94.660892
93.669764
94.431412
94.708518
94.023281
95.119072
97.250002
95.200641
95.389691
93.596425
94.639223
94.896466
96.485888
94.592114
94.933578
93.956533
94.995740
94.644958
95.914608
93.995663
95.478024
95.025745
95.498995
95.188118
96.881636
94.998629
95.219489
93.949222
94.021459
93.617235
95.393966
93.806831
93.800598
92.706859
93.761368
93.564149
95.042921
93.285758
93.636377
92.627680
94.032861
94.437204
95.309258
93.341326
93.838750
93.716627
94.611510
94.048791
95.255460
93.468032
93.855068
92.891251
94.365485
94.026684
95.491007
93.971959
95.100141
94.052534
94.367289
93.748039
94.814608
93.675116
94.566499
94.755287
95.036931
96.911478
100.000000
98.918259
98.756002
97.157842
98.556059
98.543097
98.971446
94.519955
93.764408
92.781852
93.962455
94.199730
96.122735
93.913269
93.959620
93.053446
94.303545
94.925581
96.892439
95.355297
95.484767
94.174547
94.618643
94.660642
96.240389
94.664513
95.078952
94.590531
95.996441
95.888421
97.179757
95.812306
96.061827
96.065942
97.962647
98.624023
99.967169
97.654577
96.946515
96.156631
96.770024
96.800645
98.757249
98.043022
98.705997
97.510177
97.488844
97.275594
99.275773
98.373646
99.104367
97.802821
98.180769
97.448976
98.280845
97.524628
98.834885
99.145207
99.131408
99.812845
100.000000
96.989787
96.185311
94.684534
96.293529
97.227764
99.109078
96.519995
95.819276
94.032806
94.964396
95.626789
98.270611
97.122248
97.885518
96.712492
96.608477
95.800749
96.846503
94.999643
96.078660
95.721846
95.941094
96.202510
97.844357
96.418302
96.560115
95.693939
96.875457
97.325978
98.488298
95.945484
94.982694
92.900115
93.853512
94.090804
96.164101
95.269925
95.914176
94.964730
95.103817
94.396536
95.725077
93.881615
94.092786
92.986571
94.564899
95.017684
96.358596
93.791657
94.220047
92.893712
94.056301
94.940388
95.776619
94.051654
94.880445
96.037492
95.202496
95.373112
97.576490
95.874377
97.032805
95.622360
95.174388
94.390544
95.659342
93.931311
94.537337
93.706217
94.064922
93.915835
95.621828
93.829624
93.766714
92.682629
94.058223
93.880233
95.237993
93.483857
93.541064
92.777481
94.153779
94.070039
95.244762
93.738243
94.460428
94.548322
95.361051
94.430053
95.407222
93.673992
94.077125
93.378163
94.252361
93.685393
94.944781
93.399065
93.867890
92.555203
93.534090
93.418244
95.086805
93.600077
94.114449
93.337303
93.915591
93.446386
94.933087
93.691058
94.548952
93.848833
94.721411
94.664367
96.118689
95.596240
95.692630
95.401107
94.519533
96.996255
