98.078765
97.750061
97.799874
97.203877
97.422049
97.308719
97.446113
96.992856
97.394756
96.996151
97.396110
97.143130
97.475527
97.258511
97.561212
97.039687
97.412147
97.195741
97.733457
97.293481
97.553449
97.151138
97.502785
97.389613
97.919315
97.254085
97.629323
97.044198
97.602669
97.342314
97.911209
97.218590
97.484210
97.056275
97.588575
97.487367
97.749138
97.480072
97.557314
97.229197
97.513773
97.513198
97.847532
97.488877
97.673088
97.155898
97.600719
97.514562
97.818420
97.325007
97.524999
97.098632
97.361505
97.133929
97.585984
97.277825
97.384191
97.431945
97.460615
97.616912
98.773907
98.197500
98.262536
97.652298
97.944092
97.867957
98.264667
97.808968
97.841690
97.564656
97.915082
97.793530
98.194576
97.615114
97.848647
97.270953
97.659187
97.740570
98.168821
97.654727
97.762379
97.425257
97.717995
97.633404
98.002936
97.622468
97.729830
97.448733
97.698312
97.446243
98.037581
97.417120
97.675467
97.436217
97.569796
97.539449
97.947689
97.674064
97.748272
97.236106
97.572529
97.680465
97.928511
97.589340
97.807338
97.267906
97.611952
97.495571
97.893530
97.612296
97.676165
97.365701
97.512106
97.162188
97.456928
97.135913
97.481575
97.375243
97.316469
97.556777
98.945471
98.030670
98.199378
97.528565
97.687506
97.706752
98.118894
97.679040
97.808122
97.463449
97.751133
97.607957
98.040536
97.541147
97.678615
97.226219
97.523980
97.529790
98.036515
97.755081
97.644583
97.402911
97.615035
97.549095
97.822698
97.499528
97.756623
97.337783
97.556709
97.640998
97.906311
97.474955
97.657359
97.392574
97.527997
97.422327
97.802245
97.444231
97.639178
97.393603
97.539465
97.398243
97.868974
97.271445
97.697699
97.213223
97.501249
97.393069
97.814411
97.338566
97.449890
97.046299
97.252118
97.194744
97.328379
97.160300
97.083390
97.089511
97.281849
97.418849
98.794860
98.313561
98.138014
97.526851
97.759239
97.616876
98.042433
97.612459
97.715185
97.506296
97.692960
97.592854
97.986631
97.472967
97.533936
97.282791
97.548147
97.459161
98.031711
97.603300
97.596027
97.273055
97.344090
97.292502
97.780931
97.319527
97.610016
97.162411
97.436725
97.232438
97.762280
97.323499
97.300169
97.050710
97.466003
97.329989
97.710021
97.370269
97.374637
97.003982
97.234106
97.278718
97.692841
97.214302
97.347667
96.856604
97.318775
97.039045
97.618069
97.161962
97.412429
97.104577
97.277685
97.060039
97.214758
97.155385
97.107019
97.200902
97.065531
97.262279
98.638838
98.270583
98.159863
97.299467
97.620586
97.606567
97.840523
97.423651
97.544681
97.466277
97.642627
97.531961
97.936585
97.485901
97.612078
97.220529
97.566106
97.506771
97.818142
97.405022
97.449493
97.122003
97.353147
97.281825
97.856687
97.312002
97.443536
97.198857
97.311266
97.308023
97.717935
97.382212
97.494594
97.235991
97.337577
97.382161
97.693186
97.401797
97.440975
96.982952
97.406911
97.309067
97.605207
97.263422
97.439728
97.048235
97.338403
97.257061
97.739361
97.154382
97.420560
97.004976
97.097564
97.013284
97.303829
97.033276
97.135630
97.254914
97.106192
97.337994
98.783850
97.951680
98.002823
97.341464
97.598975
97.634080
97.954818
97.509873
97.551682
97.259345
97.570300
97.549232
97.945514
97.544475
97.570837
97.391569
97.597715
97.547830
97.827730
97.450450
97.377594
97.255195
97.443824
97.527859
97.755408
97.455790
97.438473
97.026675
97.315275
97.422974
97.872741
97.255972
97.314373
96.944860
97.424301
97.263153
97.711215
97.407400
97.438124
96.959064
97.251638
97.181829
97.788957
97.287183
97.403421
96.937738
97.412224
97.203734
97.543481
97.361739
97.386395
97.038743
97.333041
97.002157
97.387847
97.088299
97.080675
97.232304
97.215990
97.305450
98.526353
97.866077
97.952526
97.319471
97.544354
97.646040
97.845002
97.489181
97.367703
97.072678
97.577210
97.476002
97.811413
97.405753
97.363766
96.973107
97.259281
97.332680
97.654501
97.269725
97.296257
97.106305
97.328024
97.254266
97.587571
97.363286
97.356900
97.043948
97.198414
97.132962
97.579038
97.224369
97.338526
97.089062
97.243235
97.376165
97.632633
97.327056
97.256932
97.099416
97.259094
97.161805
97.600583
97.371192
97.351017
97.071961
97.164456
97.273107
97.571989
97.302606
97.338885
97.068759
97.104026
97.086787
97.106592
96.980364
96.762401
96.799947
96.868071
97.157019
98.591623
98.089361
97.724434
97.133362
97.490115
97.322604
97.795896
97.356206
97.457372
97.181296
97.487867
97.414160
97.907301
97.336878
97.407508
96.908177
97.393409
97.467960
97.844275
97.368179
97.347883
96.939301
97.288868
97.331564
97.753982
97.124615
97.256547
97.052868
97.290059
97.204960
97.744992
97.254235
97.328451
96.930971
97.231820
97.196251
97.643989
97.394714
97.426710
97.131113
97.294565
97.387768
97.647550
97.349145
97.288841
96.890067
97.128032
97.316561
97.606515
97.174444
97.262791
96.839240
97.072812
96.929329
97.172669
96.934450
96.961595
97.042110
96.954108
97.264446
98.608454
97.966724
97.914793
97.204201
97.446185
97.239715
97.821382
97.358357
97.289191
97.115963
97.279013
97.370701
97.750527
97.180270
97.313313
97.034858
97.265891
97.200127
97.690875
97.210386
97.163941
96.882147
97.148506
97.087303
97.701456
97.184200
97.168792
96.823487
97.120945
97.151769
97.609555
97.157104
97.206003
96.842122
96.938545
97.124281
97.462100
97.002365
97.153887
96.902619
97.073938
96.961448
97.443637
97.098706
97.168909
96.833923
97.131894
96.953284
97.448664
96.928070
97.081323
96.705687
96.935647
96.841264
97.021746
96.811100
96.926324
96.998555
96.983250
97.085284
98.477071
98.074269
97.871486
97.300361
97.538589
97.384482
97.818848
97.461105
97.504427
96.883724
97.211150
97.203372
97.591644
97.211970
97.171734
96.829470
97.110072
97.099874
97.642847
97.076442
97.011983
96.747738
97.103542
97.007332
97.571189
96.881592
97.120360
96.723516
97.079002
97.137880
97.487505
97.217551
97.160538
96.819545
97.032667
97.111494
97.463494
97.179495
97.115769
96.860081
97.014172
96.857809
97.448487
97.094908
97.185011
96.839714
97.092418
97.040353
97.315334
97.087265
97.150059
96.814603
96.978138
96.846224
97.135070
96.692419
96.784026
96.812848
96.849144
96.929718
98.851234
99.346222
99.669310
99.209473
99.574354
99.155864
98.793784
99.371655
99.836510
99.456811
99.906243
99.611883
99.218514
99.544046
100.000000
99.733829
100.000000
99.495641
98.835485
99.170881
99.830025
99.297584
99.308399
99.533444
99.136037
99.155436
99.659008
98.504650
99.149137
99.418464
98.947236
99.323211
99.925792
99.057134
99.398731
98.958604
98.611000
98.970722
99.317939
98.929382
99.327884
98.972861
98.324894
98.644874
98.929404
98.402895
98.790174
98.439057
97.924861
98.142019
99.029786
98.463309
98.855961
98.269162
97.438643
97.843018
98.584330
98.130861
97.840421
97.451874
97.001626
97.204945
98.249163
97.027848
97.819487
97.229316
97.206178
96.540924
97.749951
96.715318
97.652308
96.763654
96.655682
96.194440
97.419158
95.858417
96.575562
95.662936
95.973213
95.296651
96.739445
95.394339
96.285566
95.160596
95.642977
94.733316
96.379612
94.752812
95.724121
94.381777
94.700639
93.596655
94.990816
93.733766
94.829333
93.906977
94.360154
94.229330
95.828178
94.215038
95.186268
94.080717
94.495788
93.169898
94.572036
93.135138
94.295389
93.122719
93.467547
92.420577
93.794507
92.576302
93.825273
93.020156
93.035791
92.768967
93.849183
93.462450
92.199433
92.577312
91.372873
90.845325
92.411481
91.043683
92.693650
91.504269
92.161589
90.497439
92.291043
90.900209
92.688136
91.427439
92.545517
90.675415
92.780947
91.138886
92.784974
91.993268
92.859267
91.700887
93.552186
91.586403
93.152341
92.396233
93.374997
91.981402
93.975075
91.676754
93.364999
92.553603
93.187695
91.668735
94.333810
92.081799
93.356603
91.801845
92.540139
91.562354
93.323569
91.054083
92.801397
90.950266
91.653735
89.877733
91.974695
89.058041
90.786120
89.266637
90.473503
88.247988
90.400185
87.994139
89.555787
88.098922
88.673061
87.794070
89.449532
89.538112
88.073182
88.819326
89.626751
88.122419
90.445775
88.342318
90.350454
88.630489
90.425179
87.312572
89.664622
87.305008
89.124552
87.654829
89.857168
88.117440
90.412712
88.125015
89.488733
88.059628
89.672470
87.383462
90.176294
87.984347
90.106905
87.947691
89.934191
87.879348
90.499581
88.422057
90.469381
88.524281
89.592290
88.283182
90.506262
88.340295
90.369096
88.236134
88.955765
87.125549
89.715980
87.856545
89.747964
88.210239
89.214746
87.801871
90.288871
87.978311
89.621147
88.328764
89.486667
87.821776
90.483504
88.102630
90.061846
88.160876
89.068573
87.391574
89.450856
89.052050
87.539413
88.560939
87.794631
85.418531
88.640243
85.682684
87.702196
86.194534
88.160265
84.397970
87.620493
84.897058
86.856879
84.764491
87.001589
84.075910
87.284112
85.145453
86.857189
85.214625
87.179638
84.866309
87.058867
84.637336
86.635547
84.745475
86.476489
84.358366
87.321329
84.709537
86.744614
85.179918
86.929744
85.576129
87.502587
85.456399
87.194613
85.513472
87.058374
85.205940
87.374149
85.366470
87.148277
85.553273
87.314220
85.427651
87.927254
85.683969
87.885607
85.817109
87.575423
86.728008
88.825398
86.665920
88.874651
87.189300
88.017324
87.050607
89.189721
89.455724
87.830070
88.670629
88.574247
86.876915
89.495604
87.043210
89.145396
86.755659
88.412741
86.097967
88.174051
85.596790
87.147454
85.348732
87.075592
84.175304
86.540866
84.340870
85.582001
83.704996
85.356045
84.478498
86.440356
84.012249
85.938600
84.397838
85.125984
84.400818
85.840091
84.134345
85.572991
84.397402
85.423051
84.023705
85.829339
84.037902
85.942247
83.862752
85.199309
83.567772
85.991878
84.246484
86.124202
85.170635
85.898750
84.427944
86.413553
84.538603
86.148552
84.603268
85.756026
84.382099
86.813012
84.746266
86.639317
84.983076
85.106076
85.165223
86.708102
86.879072
85.128568
85.449201
85.492756
83.991090
86.867528
84.639139
86.974118
84.733090
87.118618
84.520456
86.259561
84.200541
86.826735
84.144673
86.318309
83.762670
86.638102
84.060482
86.309881
84.212763
86.581066
83.921413
87.234316
84.321921
86.783218
85.257259
87.362423
84.813284
88.054746
85.203371
87.417195
84.952670
87.104253
84.596262
87.645299
84.496549
86.629779
84.552325
87.026482
84.033451
86.438976
83.746132
86.012569
83.825150
85.810208
82.813243
86.441970
83.776117
85.492840
83.361141
85.670722
83.069770
85.931880
83.140511
85.956719
84.153156
85.710371
84.590173
86.770904
86.968208
84.820071
85.910549
86.538093
83.978001
86.675309
84.029114
85.913886
84.053402
86.320599
83.005724
86.281611
83.383104
85.523025
83.144527
85.600415
83.371598
85.731399
83.532917
85.605544
83.556631
85.505161
82.793792
86.417844
83.520811
85.935655
84.118216
85.651140
83.078312
86.277054
83.009254
85.679530
84.158958
86.100847
83.395450
86.349384
84.174778
86.139848
84.202644
86.133054
83.698488
86.784091
84.022398
86.784873
84.263998
86.369234
83.591159
86.401377
84.014315
86.217089
84.906341
85.897150
85.069732
87.106416
84.543159
86.817290
84.578526
84.986529
84.712653
86.627808
86.949461
85.173589
85.931775
86.696285
85.113638
87.324268
85.809181
87.740837
85.893531
87.139282
85.433415
87.078297
84.729983
87.254349
85.766656
86.287965
85.295065
87.154499
85.265109
87.237177
85.358556
86.214092
84.858750
86.715197
84.799225
86.722268
84.872826
86.093671
84.037390
86.708894
84.457927
86.238865
84.821839
86.355427
83.849891
86.740069
84.507954
86.370725
84.771246
86.566639
84.466142
87.724021
85.724891
87.151357
84.831606
86.101215
85.044646
87.229379
85.502992
88.696259
88.691763
89.300930
90.705497
90.813533
90.552237
91.760540
91.597805
90.573519
93.468458
93.939649
94.346859
94.032157
93.014578
97.347428
97.472903
98.088008
97.254573
97.997131
97.239956
95.876750
96.900403
97.993533
97.229596
98.539995
97.499883
96.456078
96.565286
98.486831
96.887268
97.467490
96.069250
95.487434
94.860850
96.720582
94.460123
95.336473
93.896596
93.713389
91.207740
94.021744
91.372810
93.184532
92.345240
92.466374
90.123613
92.641000
89.774124
90.984554
89.728951
90.266368
88.727401
90.623789
88.667672
89.827168
88.739900
88.582862
87.809452
89.647625
88.011475
88.873076
88.034713
87.651107
87.073966
89.065110
87.697435
88.975561
87.658939
86.211716
87.149590
88.298245
88.203943
87.214897
86.588089
86.471497
87.809276
88.224606
87.645374
87.688151
87.867058
88.563784
91.463442
91.960223
91.602285
92.076872
92.432747
93.570337
94.259818
94.989084
94.650724
95.186578
95.052564
95.934513
95.566173
96.231555
95.532335
96.229783
95.811377
96.487069
96.104074
97.039928
96.036078
96.719546
96.130982
96.819364
96.314864
97.184828
96.197053
97.144465
96.540434
97.043815
96.479083
97.357985
96.256183
96.923689
96.456144
97.158640
96.512695
97.423393
96.269174
96.908656
96.436915
97.139336
96.520878
97.510447
96.272520
96.741730
96.392378
96.930246
96.292304
97.353811
97.240040
96.464364
96.944975
97.812024
96.979212
97.385082
96.290356
97.056818
96.542824
97.274654
96.595058
97.134872
96.294447
96.746599
96.258279
96.900833
96.354941
96.916130
96.113463
96.672866
96.330043
96.884161
96.331096
96.986011
96.270792
96.889602
96.293068
96.930196
96.434479
97.187338
96.509344
97.037091
96.560015
97.143478
96.581893
97.202321
96.445639
96.961839
96.470858
97.069964
96.626557
97.319683
96.430845
97.002039
96.412680
97.005809
96.490532
97.093945
96.302780
96.937740
96.357401
96.961768
96.356471
97.262064
96.348863
96.972021
96.273651
96.715952
96.209810
97.032022
96.875641
96.393221
96.729318
97.623689
96.886470
97.282350
96.285441
96.883876
96.419509
97.211719
96.416750
96.917959
96.069778
96.607507
96.200848
96.944224
96.372972
96.934485
96.206370
96.749626
96.169934
96.784212
96.330701
97.104219
96.240865
96.790627
96.454418
96.834535
96.357733
96.943513
96.197622
96.650476
96.183258
96.864992
96.283945
96.915832
96.149754
96.681039
96.145407
96.751130
96.197625
96.868230
96.103059
96.728322
96.145517
96.768213
96.259978
96.948173
95.971399
96.705633
96.134393
96.748060
96.229813
97.062565
96.121552
96.736241
96.037533
96.474540
95.975435
96.642281
96.624462
96.151235
96.491287
97.409188
96.682905
97.048621
96.044642
96.610396
96.292176
97.079883
96.368759
96.855316
95.934076
96.371378
96.079220
96.748784
96.209129
96.784982
96.063426
96.521783
95.993587
96.590285
96.261038
96.909762
96.076490
96.642861
95.973165
96.579873
96.159556
96.867051
96.068364
96.773659
96.200679
96.699774
96.254108
96.921902
96.046666
96.630799
96.140451
96.640057
96.271541
97.000495
96.129520
96.704476
96.207552
96.632384
96.307418
97.054487
96.244328
96.779523
96.218569
96.570852
96.226371
97.158397
96.112143
96.841903
96.069393
96.373788
96.031501
96.715103
96.645691
96.101847
96.544754
97.523059
96.885775
97.354296
96.361949
96.904198
96.326702
97.069417
96.393912
96.882130
96.042949
96.486944
96.143515
96.909207
96.176327
96.772341
95.900449
96.441043
96.027479
96.675614
96.073511
96.793703
95.918775
96.495189
96.020314
96.683761
96.138934
96.999164
96.091699
96.671579
96.101421
96.727515
96.223615
96.964860
96.167104
96.729590
96.200290
96.837559
96.243722
97.004849
96.072411
96.713282
96.090490
96.752127
96.157760
97.025235
96.102283
96.713796
96.153926
96.753560
96.088937
96.970757
96.004055
96.718518
96.042966
96.569902
96.103781
96.735733
96.611639
96.053807
96.520864
97.439149
96.584930
97.200012
96.175831
96.746406
96.365338
97.129355
96.492446
96.871167
96.011675
96.462240
96.137299
96.909017
96.345546
96.800528
96.139340
96.562518
96.244526
96.774631
96.231923
96.948775
96.158478
96.673769
96.143838
96.800547
96.263239
96.997441
96.155116
96.724492
96.246935
96.819571
96.287688
96.986804
96.173031
96.750804
96.234501
96.853504
96.225690
96.969711
96.027421
96.634371
96.139953
96.740468
96.233943
96.901134
96.011494
96.677436
96.121964
96.747614
96.253897
97.091762
96.143415
96.885349
96.065761
96.437654
96.051047
96.783516
96.690272
96.137585
96.433396
97.592183
96.732551
97.142999
96.125275
96.737993
96.398468
97.082824
96.346455
96.766495
95.922779
96.466973
96.057715
96.803347
96.071658
96.676957
95.873674
96.301948
95.955700
96.686393
96.143641
96.668914
95.786166
96.372795
95.913889
96.609576
96.063921
96.697282
95.915133
96.480815
96.149296
96.798216
96.269432
96.905608
96.045850
96.609326
96.106294
96.738685
96.145364
96.884748
96.002395
96.677837
96.093211
96.798991
96.220692
96.999164
96.088320
96.669255
96.124822
96.743138
96.202602
96.918499
96.077513
96.637519
96.081256
96.553628
95.971250
96.727790
96.657662
96.102346
96.539088
97.411810
96.525307
97.118343
95.995023
96.694277
96.341047
97.017497
96.190467
96.848512
95.916172
96.481782
96.039245
96.839075
96.194039
96.904210
95.987954
96.530578
96.080238
96.714965
96.099744
96.842191
96.062186
96.710676
96.248616
96.796206
96.177586
96.861659
96.012688
96.714152
96.185076
96.832472
96.225472
96.928867
96.055163
96.706570
96.291289
96.856496
96.273832
96.994581
96.157489
96.800362
96.265257
96.739832
96.236634
96.988787
96.163287
96.746417
96.274363
96.826342
96.247239
96.961716
96.118006
96.686668
96.067102
96.588799
96.022163
96.693407
96.655732
96.159410
96.657943
97.471787
96.753365
97.242709
96.287725
96.826462
96.426154
97.096274
96.309784
96.946039
96.007853
96.501504
96.241372
96.873630
96.282116
96.929299
96.126149
96.678654
96.209494
96.857879
96.291800
96.953661
96.122468
96.783677
96.286193
96.944054
96.329622
96.893843
96.139803
96.739621
96.303509
96.933768
96.348519
97.058400
96.179457
96.752732
96.203024
96.885201
96.308300
97.041792
96.169052
96.854708
96.357779
96.924737
96.361096
97.033688
96.174445
96.798517
96.299883
96.904223
96.401469
97.084823
96.252075
96.770832
96.163964
96.602728
96.266377
97.001502
96.786247
96.182188
96.579172
97.630014
96.717709
97.380702
96.211106
96.862167
96.253353
97.008161
96.240621
96.789472
95.972106
96.514908
96.168652
96.946101
96.216438
96.865775
95.922415
96.591510
96.043759
96.774611
96.230093
96.935267
96.094776
96.731055
96.256730
96.883853
96.241453
97.026946
96.127119
96.723111
96.195193
96.859468
96.273168
96.994646
96.032315
96.746738
96.252171
96.904800
96.284810
97.077592
96.175424
96.718191
96.182122
96.801859
96.160135
97.005171
96.055478
96.721069
96.224697
96.786309
96.255183
96.976361
96.047573
96.670977
96.075922
96.547967
95.907534
96.388273
96.219045
95.797444
95.692668
99.894694
98.085855
96.701127
94.496315
95.109504
95.413587
98.089036
97.223804
97.258252
95.623770
94.665973
93.904451
95.120797
93.454976
93.649512
93.057863
93.508817
93.478333
94.536662
93.047899
93.048595
92.459110
93.440235
93.991584
95.355581
94.605685
95.433567
95.246707
95.951586
95.763565
96.180564
94.185190
94.256953
94.244322
95.717482
96.679692
98.861073
98.265804
97.942495
96.508161
96.205131
95.963284
97.316723
96.908639
97.324881
96.563431
96.678736
95.655996
96.195372
94.913514
95.307221
94.928732
95.497861
95.057607
95.458687
94.758328
95.575893
95.722569
95.161977
95.680137
98.768486
97.176740
98.235284
97.588908
98.314666
97.753581
98.548319
95.696006
96.284050
96.698783
98.434178
98.504064
99.728299
97.711141
97.992441
97.298738
98.264063
97.897447
98.392608
96.501874
96.020683
93.777541
93.543720
93.439067
95.199058
93.591935
93.851056
93.132434
94.721292
95.750403
97.630634
96.735189
97.009045
95.102220
95.677924
95.563759
97.454459
96.539399
96.864593
96.430828
97.315244
96.875729
98.093159
96.148355
95.206632
93.295049
94.420152
94.434356
96.435308
96.306888
97.293059
96.204807
95.062742
92.860083
93.959384
93.148067
93.496565
93.866658
94.762171
95.459046
98.011964
95.955221
96.228982
94.919520
94.952281
94.511181
96.139962
94.455266
94.611374
93.535935
94.670720
95.130975
97.722301
96.085458
96.149541
95.075816
96.085839
96.769509
99.330386
97.841010
97.523874
95.502143
94.370815
93.106180
94.877894
93.237766
93.824902
93.564230
95.389051
95.289550
96.331564
95.382900
95.465511
94.249156
94.585632
94.287437
95.655197
94.706733
95.718867
95.205782
95.703838
94.911096
95.897373
94.628831
95.452831
95.023158
96.022345
96.064258
97.307130
96.372589
97.287509
96.813984
96.873020
95.101794
95.375162
94.749534
96.326770
96.761834
95.682360
95.236204
98.129662
95.923738
95.862848
95.063404
96.512390
96.371533
97.389246
95.724935
95.692613
94.633556
95.894097
95.928122
97.455001
96.440001
96.820674
95.925274
96.237320
96.069754
97.505781
95.886120
96.241686
95.416749
96.313275
96.459988
98.462997
98.020736
97.854853
96.232403
96.639073
96.353488
97.158210
94.640114
94.307891
93.372925
94.334963
94.162202
95.035328
93.283748
93.331410
92.455143
93.480070
94.377634
96.369269
95.289003
95.722598
95.229028
96.462381
96.448961
97.501848
96.211884
96.807553
95.919939
96.043448
95.043733
95.853208
94.032985
93.701165
93.538792
93.325514
94.748547
98.629119
95.702308
95.279394
94.880872
97.567407
98.026972
98.426056
94.827649
94.175279
93.434945
94.574028
95.264029
96.935781
95.320274
94.780833
93.522233
94.294179
94.429872
96.253979
94.701067
95.557664
95.188979
96.247544
96.357029
97.884953
96.194651
95.935117
94.676147
95.203992
95.264740
98.941588
97.794715
96.235360
92.992279
94.558321
97.079052
96.704045
94.055084
94.251864
92.620179
93.865974
96.241265
97.128609
93.589246
93.656508
92.565439
94.355779
96.195148
96.763796
94.334566
94.523002
93.455969
94.864695
96.142410
97.150814
94.980218
94.424585
94.195120
93.975152
95.119003
98.377456
96.005733
95.377615
94.163921
96.073503
97.828260
98.969776
95.632856
94.531273
93.606139
94.471041
95.456372
96.665696
94.345217
94.265242
94.065057
96.334815
97.627635
97.860767
95.393967
95.446583
94.675850
96.071700
95.860134
97.014288
95.083761
95.093172
94.013155
94.778337
95.026395
97.125076
95.571502
95.303323
94.346180
95.290472
96.074360
97.272657
93.777795
94.008941
95.332368
96.835806
96.665293
97.750709
97.092376
97.342172
94.712704
94.078552
93.927428
95.075461
94.212366
96.089419
96.137075
96.115216
95.049334
95.038548
94.009258
94.435077
95.125071
95.530137
96.569923
99.316707
96.676839
96.611854
95.630312
96.310276
96.295237
96.938316
95.263491
95.879736
96.398386
96.668327
96.123859
97.458963
96.724080
97.597641
97.134278
96.471992
96.116514
97.370614
96.312070
96.650370
95.945352
96.134356
95.501825
96.611898
95.156155
95.910980
96.251841
97.245086
97.049336
98.030338
96.148162
95.982346
95.095308
96.248561
95.923331
97.007328
95.537991
95.374138
94.532219
96.379180
96.900329
97.314171
95.548156
95.650755
95.457508
95.647632
94.272578
95.342823
94.562211
95.708643
94.685716
95.100823
94.962122
96.353166
95.881163
95.847812
95.249301
94.851508
95.720064
98.778960
97.744964
98.203375
96.791514
96.311449
95.906601
96.878782
95.186671
95.179625
94.046138
94.532822
94.328855
95.925230
95.762276
97.309672
97.150744
96.608287
94.454083
95.364738
94.141146
94.778711
95.806051
97.527697
96.032573
96.199949
94.772651
95.165357
94.887862
95.931094
95.583131
96.169080
94.434176
94.627191
94.085578
94.791503
94.726420
95.935797
94.524773
94.876668
94.194844
94.929814
94.838085
96.258524
95.335771
95.908095
95.773092
96.825653
95.653240
94.904490
93.429740
93.753917
93.723759
95.461997
96.239652
97.089831
94.955847
94.248527
94.126689
94.385487
95.924114
100.000000
99.201366
98.116256
96.258273
96.140900
95.893572
97.301271
95.783454
95.915174
94.639746
94.839066
94.873173
97.097441
95.560981
94.936241
93.808403
94.457744
95.125354
96.679539
95.134992
94.927136
94.165763
95.366366
95.697462
96.797769
95.499267
95.526746
94.832105
94.817973
94.365122
95.618827
94.265117
94.328570
93.778460
94.442330
94.502872
96.049060
95.297822
95.703631
95.293040
95.561440
95.481876
96.646565
95.272783
95.419962
94.130871
94.601569
95.022017
96.871627
95.529569
96.653559
96.866181
97.143605
95.323330
94.892560
93.605882
94.039345
94.526024
95.458960
97.184569
100.000000
97.440164
96.178222
95.194099
96.654706
97.705811
99.389889
97.324056
96.364219
94.526565
94.714161
94.700749
96.413757
95.348219
95.531440
94.687197
95.443385
95.192659
96.438555
95.185735
95.853020
96.047847
95.845926
95.673379
96.305463
94.830976
94.067314
93.364927
94.106214
93.712436
94.780905
95.387239
96.696250
95.952185
96.071788
95.795576
97.229810
96.622283
95.688144
93.628180
93.966798
93.749828
95.747838
95.826245
95.604336
93.735704
94.053781
93.810336
95.100161
93.700015
94.342868
93.768735
94.171940
93.881835
94.479807
93.113072
94.100532
96.662746
97.575705
97.721531
96.754552
96.418652
95.905329
95.052018
95.452514
95.435565
96.253096
95.464700
95.329571
94.626202
95.140530
95.426751
96.114921
95.154071
95.276963
94.683361
95.039913
95.380416
96.207143
95.216110
95.148831
94.587875
95.009653
95.162742
96.129653
95.079425
95.062065
94.471288
94.887459
95.086833
96.097558
95.205327
95.137712
94.475657
94.874658
94.973318
96.042969
95.039827
95.007354
94.369115
94.870490
95.061945
95.990068
94.934312
94.927827
94.200980
94.769832
95.029073
95.915330
95.145959
95.019126
94.168566
94.608615
94.446984
95.036441
94.250449
94.430868
94.523422
94.504742
95.077135
97.399854
96.270940
96.039526
95.091519
95.464490
95.446806
96.421417
95.355176
95.440869
94.694352
95.184219
95.122320
96.181322
95.181849
95.205934
94.331681
94.981614
95.105821
96.030963
94.973602
94.772978
94.060028
94.511756
94.772627
95.969288
94.902703
94.715591
93.870871
94.510416
94.630927
95.744468
94.783442
94.796092
93.858767
94.566530
94.646706
95.724531
94.431817
94.599671
93.838548
94.385439
94.463624
95.737884
94.478943
94.644128
93.737724
94.314617
94.273895
95.439581
94.198544
94.657038
93.557919
94.120435
93.685760
94.534337
93.451076
93.674689
93.788397
93.506407
94.449323
96.994807
95.217421
95.234521
93.948778
94.682090
94.415107
95.816611
94.204500
94.593419
93.449226
94.299887
94.212664
95.735469
93.920567
94.059088
92.718265
93.634147
93.612083
95.377567
93.519483
93.511628
92.397710
93.179473
93.331413
95.066403
93.352862
93.299979
92.192884
93.046609
93.095739
94.765689
93.204108
93.258285
92.124350
92.948023
93.133410
94.619682
92.978705
93.137092
92.024768
92.816837
93.032287
94.633360
92.958150
93.061513
91.877052
92.696952
92.830856
94.313828
92.770975
92.977432
91.622735
92.280822
92.162441
93.300142
92.294319
92.506595
92.609265
92.445761
93.611488
96.484138
94.487237
94.343153
92.769059
93.472437
93.405580
95.043521
93.116663
93.512831
92.163245
93.095725
93.126657
94.927375
92.925746
92.971759
91.785855
92.568563
92.777994
94.733896
92.529057
92.444158
91.028608
92.059398
92.345860
94.279586
92.188744
92.369226
91.045671
92.082011
92.196786
94.055435
92.227246
92.364517
91.166653
92.163940
92.450918
94.264182
92.273590
92.526563
91.360551
92.354957
92.491698
94.331748
92.334987
92.551160
91.420367
92.377410
92.387094
94.094722
92.396867
92.757921
91.547999
92.245475
91.825769
92.725846
91.805615
92.031343
92.214328
92.174546
93.147713
96.320411
94.275916
94.275888
92.777185
93.518172
93.437082
94.987355
93.178810
93.283790
92.026251
92.988119
92.990886
94.633815
92.825183
92.718011
91.628583
92.540126
92.802361
94.596326
92.811029
92.764782
91.605451
92.586036
92.677934
94.245690
92.503858
92.775663
91.764909
92.629676
92.922656
94.420331
92.896491
92.982685
91.907602
92.682962
92.770091
94.361272
92.933969
93.031655
91.948922
92.769097
92.845354
94.458482
92.945180
93.159098
92.031121
92.837178
92.686996
94.136048
92.633166
93.217770
91.603817
92.236621
92.039759
93.136946
92.017594
92.547267
92.818531
92.583408
93.511983
96.603660
94.532111
94.529300
93.071622
93.940192
93.735450
95.098802
93.210399
93.520466
92.169774
92.972339
93.263633
94.935286
92.857917
93.168591
91.619254
92.470466
92.934864
94.744096
92.541182
92.831749
91.423971
92.352870
92.610125
94.491919
92.570875
92.916781
91.609541
92.640383
92.738945
94.345756
92.431958
92.867566
91.783759
92.772967
92.906322
94.496959
92.836097
93.189796
92.084156
93.049489
93.053962
94.527010
92.965635
93.136083
92.055695
92.997984
92.969642
94.571949
93.082524
93.450311
91.815572
92.427911
92.238869
93.141293
91.996479
92.488617
92.600917
92.393601
93.166823
96.449364
94.292039
94.296629
92.720229
93.575393
93.446263
94.990004
92.915100
93.155282
91.459350
92.509368
92.713466
94.744679
92.353858
92.543847
91.289432
92.390119
92.495860
94.364146
92.232753
92.535153
91.170785
92.231475
92.374890
94.059719
91.971617
92.348114
91.068643
92.248278
92.223712
94.170441
92.086733
92.334197
91.149098
92.194277
92.375120
94.134773
92.069429
92.681506
91.363304
92.621809
92.445445
94.206703
92.446814
92.836376
91.438227
92.267279
92.309426
94.012765
92.314029
93.044927
91.326510
91.990173
91.841697
92.802328
91.918485
92.271341
92.448486
92.035876
93.012356
96.357400
94.411226
94.182773
92.605428
93.462987
93.529067
94.984551
92.893839
92.945415
91.741349
92.831342
93.097357
94.800086
92.661838
92.735460
91.433583
92.559455
92.721870
94.518747
92.550035
92.550029
91.372389
92.368517
92.574931
94.247505
92.462406
92.703923
91.559528
92.475237
92.571737
94.203778
92.459268
92.764386
91.681469
92.644944
92.626207
94.309001
92.765798
93.035861
91.874377
92.714214
92.749110
94.347018
92.700937
92.873431
91.832682
92.753440
92.920404
94.343592
92.950563
93.216743
92.071194
92.834712
92.414408
93.281508
92.438547
92.872948
93.121581
92.832563
93.745782
96.382646
94.769913
94.618959
93.367229
94.092400
93.955141
95.261578
93.772469
93.941798
92.953611
93.796874
93.688963
95.125528
93.586406
93.683049
92.721896
93.586448
93.700566
95.196914
93.568063
93.690246
92.769588
93.554807
93.708344
95.049970
93.474853
93.498822
92.593606
93.448664
93.771009
95.082318
93.606088
93.671985
92.798500
93.653902
93.836838
95.005610
93.694511
93.843098
93.059724
93.832692
94.050525
95.346109
94.073471
93.997146
93.306586
94.025947
94.166813
95.406623
94.153486
94.251816
93.459392
93.896145
93.778483
94.441744
93.746986
93.843854
94.026495
94.139822
94.774684
96.857964
95.609147
95.285292
94.271186
94.818547
94.884650
95.871964
94.828527
94.798192
94.157438
94.732104
94.894279
95.942204
94.722182
94.779927
94.105386
94.683957
94.930290
95.897381
94.780674
94.578310
93.960364
94.564019
94.861924
95.939697
94.915243
94.641358
94.083474
94.549391
94.731741
95.836699
94.971902
94.778048
94.297291
94.769691
94.885286
95.907830
95.043843
94.879199
94.456835
94.848745
95.027940
95.992624
95.164140
94.987409
94.409789
94.898547
95.158070
95.900730
95.040114
95.017139
94.307440
94.750015
94.698321
95.233597
94.603328
94.729208
94.911448
94.882031
94.864924
97.332061
95.940263
95.186268
93.568157
93.968868
93.698294
95.132452
93.296129
93.155341
92.544544
93.314444
93.096261
94.504358
92.712976
92.888017
92.607411
93.630633
93.609047
94.496092
92.743415
92.280154
91.059665
91.540535
91.698612
92.874037
91.482350
91.367365
90.646878
91.341495
91.705980
93.062735
91.642391
91.642119
91.109594
92.098555
92.416788
93.754264
92.297363
91.972122
91.197456
92.136169
92.258015
93.577204
92.136616
91.939063
90.785096
91.527519
91.499857
92.595355
91.318527
91.489505
90.642576
91.147025
90.858137
91.730647
91.074211
91.448322
91.490877
91.144870
91.905454
96.007269
94.711438
94.450510
93.089328
93.473290
93.075877
94.259727
92.611318
92.834426
91.955058
92.916819
93.138699
95.036161
93.340358
93.323592
92.134081
92.841067
92.876812
94.797970
93.415239
93.391775
91.792742
92.388943
92.509750
94.378655
92.732122
92.209594
91.012756
92.246179
93.281264
95.727643
93.671680
93.465723
92.291326
92.904341
92.683293
94.032399
92.174582
91.772333
90.400490
91.097349
91.182406
92.884757
91.392914
91.437016
90.451634
91.235437
91.295645
92.521550
90.873501
91.156615
90.023180
90.783117
90.558593
91.570099
90.269811
90.786369
90.818566
90.689536
91.800181
96.393914
94.309158
93.849758
92.282438
92.711377
92.435727
93.630730
91.882406
91.861418
91.157926
92.536896
92.480008
93.326399
91.414926
91.555611
90.529316
91.460192
91.407440
92.652560
91.008067
91.400185
90.799281
91.892431
92.147079
93.724971
91.855301
91.413606
90.138120
90.925498
90.924882
93.043926
92.804038
93.678763
92.246999
92.496728
92.636523
94.333266
91.858342
91.861588
90.835628
91.306156
91.427208
93.418613
91.091631
91.149364
89.988028
91.032087
91.094723
93.010967
91.456914
91.386453
89.886665
90.616708
90.349394
91.962109
91.802376
92.559578
91.379873
90.165840
91.158020
95.844859
94.627106
96.092068
95.341990
95.011440
93.177059
93.942823
91.739456
92.363920
92.543313
93.338997
92.581007
94.106674
92.101012
92.829972
92.322064
92.475021
91.440880
92.808884
90.733553
91.330233
90.976913
91.271835
91.063403
92.729609
90.830029
91.872191
91.575201
91.067314
91.093015
92.897794
91.992608
91.696073
90.394344
91.367534
91.728188
94.219469
93.158896
92.356024
90.679035
91.521179
91.625181
93.426126
91.398270
91.198514
90.179803
91.104923
91.543310
93.116436
91.015112
91.245834
90.480520
91.457290
91.653553
93.288952
91.755925
90.944312
90.844007
91.694987
92.208210
96.337978
94.358285
93.955818
92.267622
92.697935
92.529880
94.214089
92.480783
92.110690
90.892686
91.853904
91.898730
93.729241
91.505831
91.327592
90.196970
91.473892
91.650426
93.268949
91.106648
91.136385
90.164028
91.454462
91.632719
92.444804
90.832976
92.144428
92.007627
92.033986
91.927631
93.563366
92.933480
93.751431
92.288282
91.951403
91.263993
92.729075
90.926324
91.336561
90.265520
90.735724
90.509644
92.210283
90.396244
90.459923
89.316079
90.199014
90.104080
92.048727
91.411285
91.448561
89.483337
90.087728
90.073155
91.153067
89.843357
90.467621
90.990242
91.626294
92.685773
96.551306
94.025258
93.541476
92.312656
93.165613
92.413390
93.292767
91.281524
91.424376
90.311679
91.277695
91.570921
94.043029
92.843120
92.345133
90.990037
92.066448
93.232459
95.048488
91.512588
91.620762
92.421109
93.374652
92.026614
92.706525
90.915051
91.703722
91.593928
92.148833
91.403322
92.544015
90.559272
90.658352
89.458452
90.683931
90.640727
92.545441
91.560829
91.810611
90.353484
91.186126
92.032547
93.750333
91.207931
90.712751
89.764899
91.387271
91.033721
92.467267
91.011592
91.469567
90.711232
91.044044
90.523527
91.531594
90.540304
91.194106
91.446825
90.752332
91.718422
95.634575
93.293998
93.102975
91.510874
92.372894
92.631546
93.935970
91.983973
92.143146
91.418921
92.459621
92.059962
93.207501
91.423663
92.687084
92.298326
92.736765
92.418465
93.968273
92.224855
92.441470
91.185419
91.278576
91.036256
92.762976
91.168486
90.866193
89.928510
90.940126
90.850842
92.339825
90.558769
90.806494
89.765380
91.084253
91.644026
92.505714
90.684647
90.949673
90.915058
91.754708
91.213952
92.332432
90.607602
90.808368
90.093295
91.476830
91.287357
92.679924
91.039789
91.768315
91.016309
91.287912
90.717124
91.719670
90.621032
91.253663
91.654519
91.908668
93.831039
99.273289
97.269114
96.741583
95.230829
96.594839
96.480692
96.484916
92.143902
91.142576
90.303272
91.289601
91.477786
93.157003
91.265136
91.204482
90.476616
91.665444
92.479146
94.538417
92.920031
92.750538
91.420652
91.696987
91.836750
93.401606
92.035863
92.260834
91.959502
93.256355
93.306675
94.495239
93.168947
93.155517
93.368420
95.254355
95.850371
97.167864
94.909331
94.091674
93.578451
94.074400
94.186672
95.890160
95.216623
95.675707
94.689808
94.669583
94.479581
96.364905
95.504458
95.969538
94.784367
95.177838
94.373773
95.109119
94.487566
95.674260
96.037519
96.264221
96.802639
99.494200
95.299391
94.036373
92.576972
94.126929
95.027958
96.716885
94.142558
93.140507
91.590060
92.450563
92.944323
95.388274
94.501678
95.210329
94.185497
93.963324
93.265918
94.295235
92.407536
93.288437
93.010541
93.074715
93.425487
95.023281
93.771224
93.820789
93.127818
94.383491
94.746126
95.779021
93.354368
92.127936
90.132783
90.916350
91.361772
93.404536
92.579185
93.075872
92.222094
92.225407
91.660298
92.857135
91.051339
90.987402
90.067491
91.467172
92.219354
93.455508
90.986219
91.081718
89.985284
90.951973
91.872567
92.549534
91.136564
91.665215
92.895706
92.186590
92.234559
96.113574
94.275975
95.175167
93.726289
93.007886
92.164579
93.237700
91.568700
91.998958
91.347474
91.701900
91.411713
92.937811
91.294217
91.045199
90.189120
91.541129
91.357678
92.526136
90.869210
90.779524
90.249244
91.646449
91.568951
92.665562
91.149754
91.631581
92.051772
92.736198
91.737342
92.543868
90.928409
91.243232
90.795709
91.638403
91.132424
92.308827
90.713009
90.858295
89.886817
90.796834
90.761495
92.392361
90.932933
91.246024
90.631650
91.126354
90.727110
92.133454
90.974754
91.581530
91.015876
91.730439
91.713197
92.943861
92.750421
92.777706
92.652769
91.843224
93.734622
