98.965316
98.772347
99.545351
98.311700
99.464707
98.682166
99.043343
98.196209
99.673915
98.253453
99.498630
98.617760
98.951818
98.355546
99.600513
98.132900
99.442180
98.433272
98.988451
98.330456
99.610372
98.220663
99.317077
98.517072
99.040541
98.249733
99.754040
98.086362
99.337775
98.447079
99.024725
98.133401
99.700739
98.070287
99.281739
98.542465
98.839433
98.457454
99.603359
98.197997
99.363971
98.665129
99.033295
98.492548
99.714444
98.206605
99.409388
98.643953
99.020318
98.361264
99.659361
98.208015
99.316459
98.416932
98.811031
98.360982
99.377192
99.397313
98.628504
98.659513
99.151615
98.568382
99.702459
98.203794
99.203395
98.637171
99.040256
98.445608
99.636422
98.220814
99.296801
98.648826
99.040231
98.337861
99.567997
98.090079
99.183781
98.585261
99.080751
98.459133
99.258599
98.218855
99.165346
98.561115
98.950023
98.470154
99.399799
98.319472
99.172959
98.422841
99.011775
98.191249
99.416545
98.293330
99.066881
98.559145
98.977508
98.632055
99.457605
98.158579
99.346803
98.682139
98.950054
98.375812
99.559346
98.170153
99.121988
98.493392
98.936866
98.548663
99.557932
98.345009
99.231144
98.331411
98.719088
98.147980
99.547830
99.209246
98.460404
98.786567
99.349966
98.437362
99.776108
98.235760
99.263147
98.572211
99.037977
98.412632
99.595099
98.240373
99.234121
98.522816
98.991198
98.407031
99.269452
98.124557
99.077446
98.462939
98.994290
98.628760
99.186051
98.279796
98.870865
98.542914
98.848645
98.392430
99.450172
98.208388
99.059277
98.605312
98.884072
98.261655
99.594910
98.347389
98.899810
98.388256
98.847684
98.359277
99.578444
98.319488
98.963008
98.401252
98.915478
98.208065
99.643411
98.200437
98.962153
98.514492
98.932938
98.338169
99.653452
98.102926
99.243223
98.352704
98.665479
98.327834
99.319295
99.086881
98.522171
98.791736
99.200138
98.774354
99.717461
98.281504
99.292986
98.544381
99.118984
98.544277
99.645440
98.280337
99.155342
98.554407
99.094225
98.361465
99.152839
98.248073
98.992796
98.398511
99.004005
98.504222
99.282043
98.294391
98.850646
98.382193
98.873296
98.367690
99.340582
98.199244
98.981136
98.315561
98.942744
98.310041
99.384942
98.140715
98.900677
98.383902
98.887276
98.419870
99.347302
98.130876
98.962816
98.456454
98.925745
98.354822
99.405392
97.973309
99.034730
98.257584
98.878070
98.219666
99.538717
98.275864
98.809847
98.278471
98.627309
98.410369
99.187358
99.224250
98.460024
98.628339
99.048939
98.735105
99.474537
98.087543
99.307057
98.686905
98.929405
98.306070
99.503479
98.277669
99.028942
98.459648
98.948419
98.503079
99.350451
98.082589
98.940026
98.627221
98.937611
98.325308
99.246690
98.167033
98.707986
98.343524
98.909016
98.285419
99.297540
98.181541
98.882002
98.385791
98.848906
98.455855
99.332448
98.251978
98.962201
98.440822
98.864257
98.459718
99.365809
98.078923
98.946421
98.471179
98.857063
98.246400
99.423559
98.157000
99.007128
98.361593
98.913311
98.185057
99.490537
98.126380
99.086246
98.284264
98.642991
98.325350
99.168676
99.220199
98.344539
98.656706
99.257426
98.442187
99.544651
98.098978
99.092048
98.602725
98.936301
98.427373
99.354085
98.152690
99.038744
98.601407
98.948050
98.439814
99.036400
98.270732
98.958902
98.538435
98.857715
98.485626
99.258524
98.287334
98.945137
98.620715
98.843466
98.376305
99.342416
98.124357
98.956230
98.419545
99.021274
98.245010
99.402276
98.072378
99.003314
98.426428
98.904729
98.571997
99.335696
98.088390
99.064740
98.322059
99.020870
98.316195
99.451920
98.101090
99.001463
98.376595
98.797024
98.537012
99.512790
98.211494
99.137498
98.169631
98.650264
98.283113
99.091034
99.198295
98.485980
98.569270
98.964349
98.394477
99.478760
98.149113
98.974532
98.657085
98.918156
98.571412
99.474773
98.130375
99.040797
98.533252
98.911921
98.417170
99.321378
97.998936
98.809138
98.458456
98.885202
98.368069
99.186304
98.266065
98.842847
98.443407
98.758313
98.446617
99.250443
98.255292
98.857663
98.260180
98.786386
98.310295
99.213876
98.247671
98.923001
98.578431
98.790419
98.514419
99.339969
98.269091
98.980077
98.288575
98.754695
98.464380
99.468249
98.278024
98.760118
98.464442
98.792506
98.485437
99.581393
98.334820
99.080229
98.424974
98.486273
98.341955
99.168611
98.718080
98.263659
98.556166
99.082135
98.628582
99.430229
98.021477
99.059233
98.605000
99.004788
98.412744
99.221506
98.078163
99.028262
98.507571
99.108498
98.475232
99.089636
98.078478
99.070365
98.487168
98.915472
98.363309
99.271790
97.984510
98.935103
98.457460
98.874577
98.195031
99.275249
98.188648
98.788410
98.335207
98.949895
98.256669
99.367170
98.017274
98.781546
98.364571
98.887117
98.544896
99.419777
98.252906
98.812167
98.581514
98.848522
98.504395
99.409119
98.079911
99.006198
98.499596
98.838008
98.268960
99.275659
98.048698
98.722943
98.127080
98.388151
98.216221
99.146613
98.821444
98.163724
98.503619
99.071162
98.485480
99.549154
98.088436
99.001996
98.406339
98.929407
98.382171
99.464474
98.132846
98.995863
98.440335
98.983482
98.276196
99.020409
98.087604
98.906612
98.260068
98.891203
98.258812
99.229190
98.124628
98.637962
98.269466
98.895451
98.280462
99.258415
98.054206
98.902286
98.318267
98.829912
98.317281
99.272258
98.059861
98.809879
98.374436
98.801440
98.222986
99.306291
98.157067
98.934995
98.217104
98.783846
98.320075
99.326258
98.116290
98.967116
98.187183
98.772269
98.136501
99.400635
97.972715
99.048806
98.281806
98.542147
98.133351
99.140254
99.176104
98.330765
98.446657
98.924465
98.607835
99.522745
98.187110
98.993448
98.428443
98.833965
98.443020
99.337949
97.906601
98.969344
98.422141
98.866075
98.386191
99.039422
97.954748
98.898461
98.386747
98.965812
98.267895
99.156286
98.062483
98.633834
98.220687
98.829548
98.174991
99.197019
97.979907
98.792196
98.406842
98.711977
98.432502
99.216373
98.104968
98.833870
98.371104
98.758729
98.399642
99.232520
98.142043
98.872781
98.146034
98.826891
98.368135
99.316563
98.144357
98.879318
98.382451
98.714410
98.439174
99.411789
98.198019
98.820474
98.207683
98.617914
98.000257
99.113491
99.085361
98.330068
98.267643
99.067458
99.756769
100.000000
99.875233
100.000000
99.868456
99.195125
100.000000
100.000000
100.000000
100.000000
100.000000
99.516573
100.000000
100.000000
100.000000
100.000000
100.000000
99.343692
100.000000
100.000000
99.980288
100.000000
100.000000
99.492837
100.000000
100.000000
99.816829
100.000000
100.000000
99.285389
100.000000
100.000000
100.000000
100.000000
100.000000
98.964972
100.000000
100.000000
100.000000
100.000000
100.000000
98.966814
99.935214
100.000000
99.959757
100.000000
100.000000
98.704879
99.971827
100.000000
100.000000
100.000000
100.000000
98.499091
99.855005
100.000000
100.000000
100.000000
98.485768
98.424482
99.836382
100.000000
99.813327
100.000000
99.968948
98.362604
99.805524
100.000000
99.884452
100.000000
100.000000
98.342080
99.732101
100.000000
99.619647
100.000000
99.578891
97.859794
99.615030
100.000000
99.674534
100.000000
99.756506
97.931438
99.649048
100.000000
99.721295
100.000000
99.686126
97.542206
99.051586
99.818032
99.111701
99.583440
99.277891
97.645039
99.491219
100.000000
99.564612
99.922483
99.668838
97.519122
99.076788
99.837502
99.099761
99.536308
99.228104
97.147669
98.766477
99.321595
98.895508
99.434267
99.111587
97.096758
99.239872
99.622748
99.424301
98.916803
96.719595
96.466606
98.365546
99.230998
98.247405
99.112658
98.657572
96.864967
98.306209
99.034119
98.325721
99.088448
98.711134
96.863440
98.532802
99.319847
98.717781
99.539377
99.186553
97.352334
99.102638
99.869179
99.103370
99.926870
99.424638
97.722178
99.513169
100.000000
99.326707
100.000000
99.741360
97.669857
99.510519
100.000000
99.458657
99.952728
99.284198
97.035466
98.937484
100.000000
98.934982
99.668609
98.827840
96.575573
98.540705
99.283382
98.238089
98.855186
98.202639
96.077373
97.563273
98.589778
97.290874
97.968326
97.339107
95.191278
97.289558
97.984831
98.137366
97.534308
95.447033
95.325499
97.709152
98.685481
97.717436
98.618961
97.984520
95.799768
97.373337
98.330833
97.262666
98.367640
97.720104
95.839863
97.884236
98.850430
97.818126
98.407776
97.873816
95.851910
97.979063
98.850110
98.042700
98.856402
97.994607
96.017257
97.897864
98.958869
98.028095
98.873580
98.046460
95.981353
97.971426
98.734466
97.949509
98.690197
97.902244
95.418516
97.189603
98.266125
97.311309
98.267770
97.750175
95.548452
97.538264
98.660943
97.667399
98.682782
97.918756
95.838589
97.708529
99.013185
97.916246
98.727989
97.954556
95.561443
97.750945
98.541177
98.400971
97.790937
95.386704
94.817002
97.238617
98.614900
97.417566
98.388412
97.391092
95.260778
96.925538
98.306567
97.292795
98.093461
97.030442
94.820617
96.108354
97.832906
96.888077
97.699064
96.998799
94.879556
96.666701
98.140819
97.000659
97.922346
97.057635
94.998742
96.807149
98.108731
97.052484
97.869932
97.017916
95.035363
96.808209
98.016504
96.981329
97.863046
97.006479
94.964303
96.981807
97.698969
96.923326
97.588568
97.190761
95.049386
97.245655
98.160564
97.234306
97.922626
97.230880
95.414685
97.812012
98.779657
97.776838
98.801254
98.109339
95.529387
98.346536
98.975877
99.210319
98.656713
96.141745
95.829272
98.472660
99.530509
98.504856
99.313528
98.418432
95.800784
97.940391
99.040660
97.944257
98.523918
97.925565
95.419274
97.308251
98.570680
97.461152
98.190399
97.294355
94.574956
96.730188
98.257971
97.197511
97.950262
97.203432
94.601511
96.701859
97.885711
96.806800
97.669504
97.026462
94.452509
96.400528
97.647629
96.886717
97.831201
96.864396
94.245981
96.361988
97.537629
96.707839
97.703039
97.123239
94.769694
96.552947
97.802024
96.835923
97.674496
96.972553
94.539560
96.707397
98.012131
97.091846
97.948431
97.236032
94.418696
97.472610
98.101866
98.149227
97.458161
94.579383
94.305967
96.670155
98.251006
97.286051
98.355244
97.590905
95.113656
96.736878
98.519179
96.928814
98.648534
97.513095
95.362739
96.766583
98.688860
97.117710
98.424760
97.532105
95.481341
97.297736
98.792735
97.319124
98.438410
97.994588
95.762137
97.586609
99.248113
97.852518
98.786602
97.756863
95.752818
97.389160
99.054409
97.345042
98.684930
97.471150
95.645429
97.169547
98.484639
96.878251
98.133146
96.989802
94.929580
96.634841
98.288698
97.137151
97.981772
96.969415
94.821217
96.360145
97.752020
96.459088
97.871206
97.119590
94.800021
97.424994
98.399506
98.480012
97.522071
94.981907
94.684096
97.474687
98.654765
97.320960
98.051240
97.112225
94.521207
96.664773
98.034112
96.767312
97.689519
96.679284
94.629867
96.705873
97.715568
96.453821
97.522855
96.507143
94.518175
96.807387
97.922711
96.850635
97.645782
96.934403
94.722296
96.365199
97.824091
96.521000
97.614835
96.833132
94.907137
96.412751
98.057368
96.981594
98.216861
97.115666
95.079612
97.604670
98.893559
97.803588
98.925823
97.849491
95.308265
97.770125
98.578742
97.481123
98.613770
97.530702
95.064612
97.714631
98.558589
97.393919
98.519596
97.299279
94.338509
97.519677
98.313720
98.445133
97.727587
94.966000
94.686309
97.779257
98.848004
98.251770
99.107485
98.194415
95.069285
97.724159
98.819607
97.451750
98.459253
97.546063
94.780498
97.089125
98.175220
97.071719
98.001261
97.182578
94.315519
96.761057
98.105352
96.616371
97.685278
97.161623
94.365981
96.553412
97.860051
96.500963
97.498885
96.654349
94.413251
96.450209
97.893454
96.730325
97.708653
96.829092
94.243358
97.190275
98.797895
98.100053
98.866288
97.740387
94.992629
98.439785
98.745275
98.262884
99.245557
99.274476
96.164732
99.217307
99.377984
99.096294
99.744442
99.290860
96.272888
99.887940
100.000000
100.000000
100.000000
97.509987
98.687740
100.000000
100.000000
100.000000
100.000000
100.000000
98.758875
100.000000
100.000000
100.000000
100.000000
100.000000
99.416393
100.000000
100.000000
100.000000
100.000000
100.000000
98.575121
100.000000
100.000000
100.000000
100.000000
100.000000
97.580976
99.347364
100.000000
99.790318
100.000000
99.809182
96.804795
98.814005
100.000000
98.510878
99.621391
98.892413
95.726662
98.340653
99.390552
98.220605
99.111327
98.441356
95.340475
98.149889
98.941179
98.081340
98.647556
98.184547
94.916989
98.047279
99.013970
98.124513
98.841282
97.953147
94.367409
97.831754
98.354733
98.485486
97.852704
94.887224
94.602834
94.987423
95.611019
94.730947
95.113004
94.806238
95.377009
95.596165
96.456185
95.778460
96.501198
96.191839
97.326478
96.839660
98.738105
97.101953
98.646119
97.531249
97.833461
97.116418
99.291337
97.058326
98.997426
97.297298
97.880149
97.239196
99.480598
97.023892
99.182256
97.387977
97.822686
97.137648
99.527301
97.035393
99.134843
97.570634
97.881012
97.181943
99.511974
97.052805
99.133004
97.362728
97.938351
97.211684
99.548980
97.053047
99.055073
97.551686
97.803826
97.152595
99.474143
97.157207
99.220214
97.518240
97.689094
97.072430
99.217081
99.164930
97.355432
97.663477
98.194110
97.455739
99.154518
97.070727
98.898146
97.269914
97.795038
97.153324
99.174685
97.086840
98.706423
97.277021
97.715408
97.124732
99.192994
97.018232
98.727324
97.281585
97.779187
97.096896
99.310050
97.105062
98.844254
97.258555
97.838487
97.148363
99.384664
97.305328
99.023016
97.443945
97.921339
97.244590
99.409846
97.317231
98.996173
97.433745
97.925343
97.340265
99.453748
97.232562
98.979985
97.308376
97.862186
97.186246
99.396481
97.195809
98.880526
97.244052
97.864821
97.092035
99.436126
97.155550
98.793125
97.438038
97.643214
97.100842
99.234031
99.095505
97.625700
97.788488
98.067470
97.391006
99.244978
97.114298
98.815666
97.422262
98.024659
97.138365
99.397675
97.014165
98.621377
97.320445
97.978641
97.155766
99.341660
97.075867
98.613896
97.256896
97.886654
97.192823
99.427321
97.085520
98.693260
97.534098
97.891309
97.255341
99.422340
97.073423
98.697044
97.362217
97.884233
97.074355
99.410337
97.020703
98.675024
97.331506
97.802435
97.119498
99.350188
96.994200
98.630813
97.262928
97.783989
97.137088
99.410733
96.962447
98.596315
97.289317
97.788994
97.074114
99.386707
97.045809
99.058202
97.362543
97.661305
97.036820
99.178011
98.724332
97.272688
97.480150
97.893887
97.241480
99.064400
96.881748
98.505962
97.357590
97.852179
97.196985
99.263902
96.931519
98.459042
97.232756
97.812285
97.099074
99.336995
96.985288
98.449305
97.207859
97.747447
97.175644
99.367604
96.941951
98.494060
97.174124
97.781831
97.128591
99.338493
96.937097
98.560707
97.333358
97.787861
97.172070
99.364198
96.967844
98.512735
97.353908
97.802966
97.224145
99.386325
97.057621
98.628636
97.389119
97.823346
97.259863
99.481815
97.156926
98.682633
97.441505
97.781874
97.291159
99.472627
97.191110
98.916312
97.702410
97.662039
97.158203
99.090910
99.081617
97.527902
97.686346
98.000541
97.409948
99.083856
97.029420
98.857089
97.262972
97.853425
97.078851
99.140181
96.935714
98.606319
97.227031
97.868863
97.011132
99.285313
96.807737
98.460514
97.188660
97.752821
96.952352
99.317203
96.852248
98.487350
97.194026
97.790187
97.092926
99.353699
96.994170
98.571956
97.219123
97.783384
96.999084
99.340581
97.012222
98.621243
97.233494
97.834483
97.066946
99.417311
96.955436
98.567553
97.193338
97.775757
96.944194
99.317029
96.942956
98.593732
97.281524
97.772482
96.994788
99.376858
96.966513
98.954605
97.532791
97.655867
97.011943
99.159216
99.143172
97.216954
97.582694
97.926218
97.136595
99.050729
96.916054
98.807145
97.299352
97.884684
97.260277
99.237107
96.927976
98.354608
97.413107
97.887797
97.265579
99.323488
97.043656
98.467819
97.338053
97.839495
97.168502
99.358211
96.977922
98.558495
97.212744
97.823036
97.074156
99.389535
96.996402
98.530334
97.295376
97.807213
97.096896
99.313568
97.004454
98.557106
97.314413
97.815245
97.061684
99.371995
96.911555
98.625010
97.232248
97.707498
97.037723
99.348678
96.915299
98.568381
97.264711
97.767864
97.085915
99.328168
96.992041
98.875461
97.504616
97.590407
97.003742
99.102910
99.033838
97.343387
97.610549
97.818895
97.085097
99.058479
96.812228
98.556790
97.295411
97.765955
97.071995
99.296913
96.920164
98.523558
97.207340
97.811332
96.966954
99.191078
96.853998
98.281152
97.286273
97.726033
97.034345
99.231681
96.730892
98.421623
97.123057
97.736129
96.961392
99.235572
96.825614
98.424653
97.251869
97.783456
97.219020
99.339115
96.893512
98.509723
97.168256
97.765280
96.938637
99.320316
96.880182
98.547055
97.156604
97.764632
97.002446
99.376973
96.963419
98.542373
97.264521
97.742511
96.985989
99.377269
97.012641
98.994423
97.515077
97.634689
96.889116
99.153189
99.152273
97.226727
97.651757
97.977315
97.167123
99.039610
96.830314
98.838015
97.365186
97.862170
96.944127
99.211507
96.900695
98.400020
97.396425
97.859182
97.057923
99.320447
96.883583
98.400397
97.184166
97.737946
96.990985
99.325106
96.932078
98.562742
97.309886
97.808623
97.096122
99.342726
96.890288
98.543172
97.270017
97.800935
97.093283
99.316068
96.968319
98.578858
97.324377
97.833254
97.123248
99.375931
97.032490
98.659546
97.334236
97.747857
97.092117
99.360073
97.062632
98.663102
97.398817
97.865316
97.109922
99.408057
97.086265
98.997047
97.606925
97.689874
97.057772
99.184370
99.180061
97.368922
97.772127
98.022629
97.454893
99.184838
97.087639
98.986530
97.481594
97.938787
97.071500
99.263790
96.923224
98.365395
97.544214
97.850882
97.210108
99.382629
97.047707
98.551323
97.250118
97.824598
97.126580
99.384803
97.007627
98.561109
97.322947
97.926167
97.172827
99.373384
97.021437
98.572211
97.375541
97.867339
97.186315
99.416242
97.056390
98.626489
97.285315
97.844046
97.160801
99.451306
97.076626
98.764535
97.438438
97.909805
97.171597
99.422797
97.064311
98.728194
97.391831
97.886233
97.208423
99.578342
97.252195
99.131925
97.483748
97.687942
97.211544
99.294806
99.272636
97.435939
97.595831
98.012693
97.180551
99.279582
97.032295
99.107294
97.357890
97.931861
97.116307
98.979931
96.994634
98.757728
97.287558
97.775530
96.949603
99.417985
96.924632
98.635828
97.174020
97.850457
97.086986
99.391292
97.046368
98.680376
97.369471
97.858930
97.109304
99.388908
97.021169
98.687927
97.338034
97.855312
97.152915
99.360702
96.955285
98.698850
97.317698
97.831706
97.019617
99.369315
97.046767
98.582918
97.265060
97.751955
96.983223
99.468185
96.972457
98.667496
97.441712
97.733627
97.043918
99.465373
96.984099
99.001860
97.372838
97.639293
97.002433
98.897572
98.720109
97.155959
96.396676
100.000000
99.257141
100.000000
97.164700
99.660152
97.938774
100.000000
99.370909
100.000000
98.416002
98.480924
97.000483
98.166485
96.512554
98.396135
96.550148
97.936974
97.058140
98.242948
96.448675
98.250590
96.029754
98.006869
97.553279
98.985629
97.766074
100.000000
98.307983
100.000000
98.946088
99.585962
97.354216
99.392778
97.510936
99.936026
99.503405
100.000000
100.000000
100.000000
99.291683
100.000000
98.824039
100.000000
99.478750
100.000000
99.288542
100.000000
98.699568
99.413384
97.761391
100.000000
97.865386
99.993834
98.480610
99.209940
97.870764
100.000000
100.000000
98.230146
98.969658
99.339198
98.077794
100.000000
99.255435
100.000000
99.778843
100.000000
97.948640
100.000000
99.335127
100.000000
100.000000
100.000000
100.000000
100.000000
100.000000
100.000000
100.000000
100.000000
99.117627
100.000000
97.055388
97.933608
96.643968
98.286694
96.618880
98.655880
96.523778
98.571820
98.725430
100.000000
99.336377
100.000000
98.007728
99.647623
98.447632
100.000000
99.240291
100.000000
99.219233
100.000000
99.532153
100.000000
98.729518
99.906975
96.596036
98.801685
97.425827
99.199545
98.722276
100.000000
98.762573
99.424817
96.257766
97.596013
96.379126
98.500360
98.606730
97.859991
98.704447
98.948290
97.247956
99.337386
97.193841
98.565001
97.045560
98.667520
97.060610
98.771439
96.591621
98.340527
97.798057
100.000000
98.741292
100.000000
98.298725
99.961014
99.728367
100.000000
100.000000
100.000000
98.692963
98.717139
96.673256
98.115354
96.522600
98.595663
96.984461
99.602427
98.574068
99.557276
98.386141
100.000000
97.580033
98.793668
97.742043
99.179802
97.821103
100.000000
98.515650
100.000000
98.137681
99.125103
97.653617
100.000000
98.240939
100.000000
99.131028
100.000000
98.989007
100.000000
99.666495
100.000000
98.196135
98.653099
97.678209
100.000000
100.000000
98.641731
98.514456
98.847792
97.109900
98.720571
97.006946
99.637968
98.474742
99.558026
97.943301
99.344059
97.223487
99.317561
98.332244
99.766831
98.738739
100.000000
98.708984
99.771202
98.817243
100.000000
98.505239
100.000000
98.386596
99.921253
99.255594
100.000000
100.000000
100.000000
98.936042
100.000000
99.127591
99.865955
97.427151
98.807253
96.629630
98.524711
97.386601
98.221392
96.396368
98.403049
95.948078
97.650884
97.543288
99.430684
98.097626
100.000000
98.226808
100.000000
99.411715
100.000000
98.936831
100.000000
98.938829
100.000000
98.362502
99.452911
97.208717
98.865518
98.827767
96.979359
98.611290
99.354238
96.948361
98.271987
96.836442
100.000000
99.964125
100.000000
96.988330
98.015061
96.194392
98.104082
97.678404
99.233235
97.714442
98.800533
96.459364
98.281504
97.373390
99.031748
97.413147
99.780910
98.246939
100.000000
99.153847
100.000000
98.957411
100.000000
97.908881
99.397364
98.327084
100.000000
100.000000
100.000000
96.450080
98.619010
99.676125
99.644726
97.087276
98.873337
96.107199
97.943975
99.259161
100.000000
96.635457
98.540382
95.952911
98.541289
99.222096
99.947374
97.362342
99.322607
96.732378
99.395600
99.311165
100.000000
98.203972
99.240353
99.023557
97.288995
98.507057
99.401344
97.452163
98.734547
96.299737
99.087898
99.747576
100.000000
97.745175
98.371243
96.236665
97.885081
97.923152
99.119361
96.800814
98.415870
96.728155
99.627661
99.820305
100.000000
97.900046
99.570977
97.528181
99.702550
98.608976
99.650472
97.840293
99.270882
97.122861
98.449470
98.065242
100.000000
98.370560
99.519865
97.447852
99.128089
99.096504
100.000000
96.677104
98.526480
98.220597
100.000000
99.389197
100.000000
99.603009
100.000000
97.456262
98.100441
96.975030
98.102490
96.883550
100.000000
98.743183
100.000000
98.256852
98.595188
97.117283
99.083550
99.553233
98.653311
99.902585
99.877052
97.611791
99.329877
97.246847
98.962156
98.275602
98.920743
97.185889
99.091858
98.316593
99.310309
98.138705
99.443635
98.373740
100.000000
98.889716
99.289119
98.270913
99.650973
98.299527
100.000000
98.073016
99.058754
97.897636
99.080271
97.318483
99.359361
98.452041
100.000000
99.253779
100.000000
98.331440
99.565162
97.611644
99.592942
98.412803
99.444402
97.908692
99.158404
97.159358
99.786646
99.530106
99.946614
97.957652
99.912445
98.087708
99.323631
97.246632
98.290929
97.215343
99.836929
97.508664
99.124960
97.973511
99.474664
98.622269
99.894104
99.410101
97.797300
98.797605
99.441697
98.657138
100.000000
98.352447
98.959588
98.043926
99.174699
97.424123
98.635706
96.505350
97.718609
96.816748
98.253217
97.831470
100.000000
99.219756
99.524411
97.053124
98.018104
96.606478
98.860730
98.089240
100.000000
98.481453
98.881424
97.304752
99.184801
97.571788
99.796003
98.494962
99.241117
97.299218
98.973620
97.100905
98.624552
97.917031
99.230047
97.533982
99.416198
97.455139
98.980505
98.095265
99.655281
98.478884
100.000000
98.654321
100.000000
98.731119
98.410948
96.520825
98.911432
96.899229
99.598686
99.530269
100.000000
98.029800
98.724651
98.690529
97.666358
99.432205
100.000000
100.000000
100.000000
97.799223
99.130305
97.885463
99.329019
97.814699
99.297358
97.065445
97.943031
97.338214
99.435956
97.910210
98.636765
96.621742
98.086038
98.003171
99.582536
97.764211
98.824710
96.980916
98.930217
98.457282
99.700599
98.174718
99.405871
97.585503
98.624896
97.318196
98.581811
97.103243
98.473493
96.825602
98.088076
97.550061
99.145959
98.059221
100.000000
98.164923
99.300200
98.357406
99.555470
98.020987
99.803170
97.253751
98.702265
98.085651
99.948978
98.281895
100.000000
99.520371
100.000000
98.517974
98.525025
96.820138
98.923088
99.238223
98.671442
100.000000
100.000000
98.702323
99.503277
97.196202
99.388228
99.713614
100.000000
99.428164
99.408482
96.945826
98.100444
97.362386
99.017124
97.892555
99.207845
97.539161
98.992871
98.121745
99.442209
97.955028
99.931503
98.856153
99.673903
98.701131
99.539857
97.730521
98.516318
96.418555
98.181687
97.016284
98.206693
98.109038
100.000000
98.677079
99.705079
98.778914
100.000000
99.480332
100.000000
96.860045
98.118342
97.101124
99.278698
98.780953
100.000000
97.147004
98.448274
97.422482
98.979425
97.204846
99.401510
97.547045
99.041343
97.853935
98.715345
97.071664
99.893014
100.000000
100.000000
100.000000
97.323239
97.149561
97.939363
96.657282
98.039029
97.142631
97.924323
97.175825
98.317509
96.669362
97.837202
97.301145
98.038840
96.976378
98.360991
96.860134
97.698271
97.281078
98.127097
97.139070
98.271915
96.785173
97.713294
97.112216
98.061706
96.995794
98.323872
96.848698
97.787070
97.079603
98.005197
97.096526
98.377987
96.905146
97.918384
97.121683
98.102224
97.056424
98.444732
96.792823
98.027309
97.151926
98.047357
97.022697
98.480249
96.700608
97.769349
97.171708
98.028051
97.277821
98.703048
96.796210
97.861179
96.929610
97.627413
96.814631
98.171935
98.208989
97.212207
97.713708
98.215501
97.335054
98.765173
96.965759
98.130415
97.271277
98.235654
97.136699
98.731359
96.920717
98.152806
97.180929
98.135857
97.069222
98.549902
96.688125
97.834096
97.187416
98.121937
97.039001
98.328270
96.687932
97.541845
96.983624
98.006159
96.986001
98.391673
96.477496
97.638294
96.881156
97.931500
97.072005
98.412607
96.487275
97.688010
96.891152
97.934738
96.740338
98.448547
96.673202
97.740626
96.830307
97.939032
96.808048
98.517117
96.597765
97.744879
96.820283
97.871202
96.653909
98.683439
96.573218
97.943332
96.701286
97.500903
96.520652
98.102908
97.860615
96.604500
97.300362
98.010945
96.723408
98.372864
96.477985
97.809729
96.758512
97.902541
96.484639
98.279323
96.422625
97.717525
96.697275
97.764386
96.377970
98.048231
95.978180
97.429859
96.284467
97.639486
96.223528
97.683220
95.955609
97.197500
96.281689
97.621722
96.334912
97.974296
95.959208
97.236702
96.346801
97.599068
96.432085
98.079608
96.022852
97.263677
96.310016
97.547897
96.203090
98.043717
95.986552
97.242030
96.366351
97.531607
96.242706
98.120477
95.910953
97.249185
96.233940
97.446072
96.190701
98.134544
95.917455
97.316893
96.069112
96.947473
95.995041
97.643128
97.688927
96.195252
97.053744
97.689995
96.478295
98.240199
96.115925
97.594638
96.394451
97.597076
96.089744
98.050354
95.917501
97.414337
96.243603
97.519587
95.965430
97.761655
95.888500
97.171629
96.067720
97.397516
95.962096
97.622811
95.601850
96.891326
95.926045
97.360634
95.946051
97.596208
95.643413
97.023246
95.960304
97.314149
96.040713
97.682971
95.700014
97.070018
96.138665
97.399318
96.063232
97.704383
95.844189
97.153693
96.171873
97.406653
95.994872
97.827528
95.962803
97.247876
96.085210
97.338216
96.021634
98.126903
96.071163
97.364373
96.134460
96.925827
96.065640
97.601973
97.552784
96.262776
96.892609
97.705937
96.476962
98.268317
96.227412
97.676494
96.485908
97.624417
96.296749
97.683299
95.851018
97.362593
96.283005
97.576944
96.298811
97.636936
95.829357
97.046099
96.336101
97.566700
96.280750
97.903113
95.834335
97.115799
96.299918
97.470456
96.330354
97.966424
95.957387
97.096799
96.547512
97.562917
96.478293
97.965611
96.055032
97.091454
96.314355
97.470935
96.505073
98.115204
96.051128
97.242476
96.411441
97.501992
96.373174
98.204471
96.170853
97.323724
96.373721
97.432810
96.382075
98.231149
96.074052
97.398745
96.285325
96.964655
96.097512
97.506633
97.572791
96.468206
97.101101
97.669280
96.564480
98.264090
96.124198
97.579511
96.602065
97.564526
96.416748
97.632315
96.064194
97.316343
96.503765
97.589653
96.369334
97.668317
95.952982
97.112203
96.440105
97.498198
96.133011
97.700735
95.888879
97.158982
96.374334
97.436313
96.208461
97.690518
95.848869
97.167896
96.384100
97.426232
96.205740
97.843965
96.055861
97.280080
96.462117
97.425607
96.315021
97.947981
96.052426
97.391251
96.387751
97.492836
96.502305
98.113058
96.185683
97.515109
96.457984
97.503661
96.534788
98.420926
96.114497
97.470714
96.331484
97.048555
96.368434
97.660218
97.736807
96.540309
97.099276
97.537851
96.497205
98.211872
96.159705
97.628393
96.444286
97.518741
96.313800
97.574573
95.860518
97.253986
96.169041
97.471663
96.098128
97.690976
95.750816
96.986610
96.200783
97.344075
96.115542
97.684551
95.733754
96.987423
96.292449
97.274345
96.037150
97.659271
95.703992
97.093725
96.125336
97.326247
95.981293
97.714942
95.705720
97.095668
96.184030
97.379316
96.038244
97.826408
95.772531
97.194012
96.225680
97.330139
96.261705
97.867016
95.986892
97.338918
96.275437
97.272605
96.008968
98.348589
96.073510
97.385802
96.231095
96.836696
96.146716
97.715918
97.841417
96.278185
96.914646
97.546368
96.419422
98.144259
95.949569
97.494099
96.534209
97.537202
96.143213
97.862285
95.661845
97.153756
96.344928
97.513597
96.099360
97.521549
95.582368
96.968161
96.191267
97.411149
96.027522
97.818148
95.804902
96.942974
96.213303
97.436786
96.138649
97.914769
95.790875
96.979478
96.192484
97.430985
96.094238
97.901010
95.964442
97.091342
96.196320
97.382849
96.206999
97.982869
95.984319
97.103195
96.236886
97.369408
96.232597
98.072699
96.068532
97.338525
96.435651
97.338643
96.309109
98.449249
96.171319
97.353074
96.405580
97.081117
96.230491
97.692538
97.710363
96.503163
97.141554
97.648742
96.617322
98.104385
96.321038
97.871523
96.636964
97.629673
96.371176
98.069979
96.196878
97.442040
96.582801
97.637037
96.503296
97.960394
96.192706
97.302810
96.588152
97.678679
96.490322
98.028053
96.225825
97.169582
96.767134
97.791012
96.535419
98.075679
96.210532
97.165557
96.784719
97.752358
96.532923
98.061480
96.212499
97.329581
96.835139
97.830546
96.744993
98.197651
96.419135
97.369391
96.735259
97.867357
96.885659
98.303846
96.612338
97.597053
96.904795
97.903678
96.915953
98.670149
96.896208
97.952996
96.987602
97.643953
96.979177
98.164513
98.213308
97.161852
97.600377
98.041592
97.106783
98.319277
96.637756
98.000114
97.120828
98.024560
97.073721
98.333455
96.807895
98.059864
97.198260
97.986675
96.932560
98.219773
96.762908
97.717140
97.236278
98.061676
97.190809
98.215810
96.828342
97.777366
97.253498
98.171085
97.332324
98.305700
96.936787
97.777198
97.149987
98.106452
97.355899
98.416665
97.011188
97.737359
97.209803
98.122082
97.352869
98.404771
97.084241
97.763244
97.291657
98.193843
97.400690
98.515992
96.980092
97.853374
97.469257
98.127262
97.235887
98.805621
97.045220
98.114536
97.321082
97.841188
97.164896
98.279444
98.342694
97.284267
97.114417
99.174395
98.027334
98.745750
96.642306
98.127699
97.356105
98.999618
97.186246
97.747563
96.770941
97.827719
97.168958
98.657621
96.882241
98.056037
97.171690
98.359099
98.004977
98.841761
97.085187
97.723315
95.766082
96.652448
96.307466
97.536214
95.966412
96.840784
95.336920
96.489380
96.204511
97.699939
96.033615
97.163046
95.859216
97.193177
96.889446
98.323452
96.851182
97.798958
96.075716
97.417714
96.771868
98.208984
96.730025
97.706425
95.674978
96.856770
96.310827
97.513872
96.138891
97.600616
95.798611
97.004009
95.962309
96.951103
96.014989
97.347520
97.423937
96.289386
97.248659
98.474284
97.374566
98.420071
96.446851
97.871705
96.877431
98.235215
96.641866
97.852214
96.280869
97.470156
97.301825
99.242512
97.691335
98.682464
96.938852
98.078554
97.624034
99.610182
98.332085
99.223328
97.154397
98.004746
97.486913
99.092297
97.506834
98.102506
96.324497
97.885122
98.287118
100.000000
98.801742
99.305628
97.661007
98.600176
97.696601
99.078900
97.132133
97.835313
95.716364
96.954805
96.369294
97.983038
96.466361
97.528005
95.820865
96.991205
96.549406
97.874973
96.290888
97.633390
95.753653
97.299629
96.439184
97.571262
96.009055
97.116408
97.225686
96.492386
97.535378
99.012596
97.301104
98.082382
96.041969
97.123173
96.562233
97.893107
96.118018
97.205928
95.747842
97.524709
96.830666
97.760722
95.911090
96.865493
95.391743
96.749498
96.253215
97.505625
95.833131
97.322379
95.964476
97.375608
97.010993
98.488649
96.606809
97.332292
95.341713
96.699675
95.998004
97.975244
97.675411
99.500060
97.487711
98.193737
97.695433
99.388378
97.008500
98.033077
96.244646
97.193178
96.607676
98.593856
96.434461
97.704149
95.601091
96.993004
96.460536
98.260512
96.792182
97.784863
95.854969
97.305231
96.213427
97.744438
97.440540
99.002272
97.970169
96.034337
97.014888
98.338810
97.601412
100.000000
99.142446
99.346892
97.276219
97.962046
96.140598
97.678492
97.226660
98.367722
97.190490
98.682745
97.008540
98.518273
97.414284
97.916646
96.415156
97.708121
95.863936
97.289116
96.369374
97.136396
96.243968
97.801068
95.925019
97.731466
96.805253
96.885207
96.317386
98.041657
97.050288
97.790046
95.806696
97.005738
96.978310
99.431895
98.242039
98.410175
96.118867
97.354416
96.901593
98.627805
96.595717
97.579999
95.731971
97.056389
96.994648
98.611941
96.499979
97.802755
96.060547
97.656408
97.325494
99.098079
97.236888
97.427700
97.012266
97.171659
98.044391
99.001988
97.406111
98.313654
96.229284
97.302954
96.698591
98.581565
96.930687
97.365265
95.781849
97.109516
96.815420
98.594264
96.414768
97.264370
95.570331
97.061386
96.642760
98.256421
96.223793
97.174783
95.703722
97.255126
96.798988
97.690256
96.084401
98.129440
97.437924
97.818171
97.232728
98.778851
98.193465
99.646026
97.778445
97.816058
96.693494
98.239504
96.397782
97.736699
96.157876
97.089510
96.229943
97.843969
96.073776
96.895476
95.128692
96.427493
95.912946
97.752533
97.062787
98.133606
95.419471
96.620518
96.020142
97.199837
95.681628
97.117821
97.224418
97.236155
98.333820
99.437749
97.279149
97.930585
96.357112
97.809529
96.843849
97.960000
96.050126
97.277586
95.342333
96.641089
96.377736
98.757093
97.566968
97.935299
95.966278
97.422819
97.889410
99.531147
96.293077
97.311244
97.368227
98.598925
97.003419
97.783701
96.006315
97.509120
96.896380
97.856917
96.677702
97.718200
95.796616
96.841627
95.071711
96.757981
95.993893
97.872860
96.842794
97.883467
95.863376
97.086285
97.365749
98.958609
96.464465
96.939174
95.236814
97.209595
96.370230
97.884706
96.455375
98.111388
96.437113
97.370539
96.350242
97.473902
96.377535
97.450879
97.639002
96.368979
97.475505
98.340318
96.588024
97.794541
95.654105
97.260689
96.938038
98.431083
96.613797
97.546991
96.188546
97.600456
96.732251
97.909728
96.135729
98.188667
97.419185
97.997371
97.271072
98.728926
97.189627
98.168381
96.548901
96.931059
96.149402
97.981081
96.402086
97.197433
95.501916
96.823718
96.208395
97.720172
95.913256
97.014245
95.409149
96.986758
96.993888
97.904330
95.944410
97.137335
96.426214
97.625378
96.557566
97.748893
95.963375
97.312371
95.657937
97.494774
96.678885
98.165658
96.527917
98.314739
96.733735
97.767799
96.678878
97.848339
96.515159
97.787705
98.140445
97.719742
99.532972
100.000000
100.000000
100.000000
98.934563
100.000000
100.000000
100.000000
96.349317
96.570373
94.972431
96.351715
96.058335
97.869158
95.937273
96.978066
95.378949
96.921618
97.312270
99.368399
97.781757
98.573728
96.689358
97.289413
96.963775
98.556930
96.993515
98.075294
97.135535
98.682766
98.250224
99.526013
98.086154
98.847991
98.372109
100.000000
100.000000
100.000000
99.683878
99.665647
98.568114
99.518162
98.998004
100.000000
100.000000
100.000000
99.908214
100.000000
99.540406
100.000000
100.000000
100.000000
100.000000
100.000000
99.755090
100.000000
99.776317
100.000000
100.000000
100.000000
100.000000
100.000000
98.098226
98.386474
96.450431
98.542050
98.977428
100.000000
98.407706
98.357542
96.197427
97.463291
97.522316
99.891638
98.963351
100.000000
98.947601
99.079183
97.980839
98.935461
97.193197
98.759357
98.020071
98.501438
98.465599
99.973261
98.606638
99.182873
98.105385
99.428194
99.461145
100.000000
98.097973
97.725767
95.323627
96.677913
96.203201
98.188891
97.367740
98.692251
97.302156
97.781025
96.678450
97.901416
96.094418
97.368909
95.453448
97.247027
97.351479
98.631151
96.022549
97.513609
95.326424
97.099356
97.321707
98.309790
96.298382
98.023612
98.707227
97.383734
97.705273
98.483391
97.053347
99.042482
97.213066
97.318697
96.160505
97.457330
95.803636
97.106016
95.795955
96.541881
95.877085
97.540292
95.821945
96.497210
94.996706
96.590519
96.043441
97.312933
95.596507
96.463238
95.162999
96.872054
96.361114
97.529820
95.948432
97.319739
96.947637
97.974388
96.686086
97.690710
95.895414
97.030890
95.840346
97.154695
96.159690
97.527567
95.855301
97.097459
95.176861
96.661641
96.005576
97.739989
96.023274
97.326928
95.881974
97.031225
95.920919
97.452128
95.965467
97.787368
96.283058
97.875080
97.056691
98.643987
98.001707
98.658032
98.574753
96.705212
100.000000
