98.493546
98.450195
98.343562
97.877207
97.433351
97.504844
97.098548
97.407440
97.410455
97.366172
97.527026
97.642212
97.978473
97.781863
97.685835
98.005351
97.729087
97.707901
98.151060
97.830959
97.728460
98.165852
97.875230
97.937870
98.349050
97.808615
97.809245
97.924235
97.861379
97.725577
98.226681
97.726970
97.633816
97.943341
97.670987
97.719274
97.750164
97.683642
97.535877
97.891963
97.632825
97.725215
97.815894
97.642939
97.425109
97.780914
97.695195
97.640257
97.702029
97.323608
97.403961
97.562422
97.406914
97.404749
97.103595
97.605414
97.504841
97.447169
97.429295
96.756601
98.192407
97.734661
97.499048
97.334511
96.818558
96.797711
96.239850
96.890978
96.646939
96.832838
97.032732
97.160330
97.545097
97.357975
97.182645
97.430131
97.360210
97.374452
97.789501
97.474380
97.427808
97.752954
97.600536
97.651761
97.903626
97.641420
97.530276
97.764843
97.673329
97.554979
98.088786
97.585881
97.551476
97.908247
97.929361
97.960182
98.041379
97.743321
97.669541
97.861563
97.829472
97.989481
98.115363
97.806981
97.854226
97.757655
97.777080
97.864237
97.987208
97.834199
97.764187
98.005038
97.663060
97.625982
97.324061
97.529524
97.610238
97.600097
97.589644
97.236835
98.398267
97.667316
97.479756
97.247291
96.786613
96.650753
96.392571
96.709097
96.717816
96.796861
97.014682
97.116834
97.584600
97.295894
97.168549
97.364971
97.277272
97.261408
97.747648
97.545284
97.375155
97.612815
97.517212
97.657669
97.868429
97.605077
97.464946
97.698320
97.504714
97.729241
97.947145
97.647114
97.589236
97.752806
97.744805
97.764025
98.076768
97.644658
97.638209
97.860097
97.799849
97.741606
98.059898
97.549748
97.836451
97.756138
97.733724
97.789026
97.932853
97.631181
97.555032
97.871074
97.524368
97.539495
97.201723
97.631501
97.527693
97.577905
97.478112
97.203464
98.278095
97.799089
97.523631
97.356152
96.864908
96.670531
96.032866
96.746159
96.683606
96.780400
97.082098
97.344173
97.640287
97.304954
97.136100
97.546393
97.309746
97.346777
97.790758
97.458606
97.486392
97.591821
97.340775
97.270658
97.818822
97.472188
97.467717
97.666667
97.425149
97.413130
97.815722
97.475874
97.271261
97.708966
97.721253
97.701124
97.899822
97.610839
97.385165
97.656223
97.529073
97.642201
97.921600
97.513783
97.580301
97.571264
97.581516
97.478397
97.728334
97.474021
97.528759
97.758643
97.468262
97.354203
96.977066
97.378428
97.296321
97.305464
97.310168
96.999627
98.169091
97.769850
97.494588
97.176428
96.635801
96.504535
96.117620
96.556285
96.512247
96.687198
96.971641
97.039309
97.566456
97.181092
97.142482
97.384159
97.303446
97.492446
97.702339
97.384282
97.302443
97.536923
97.368101
97.352155
97.807639
97.352829
97.361621
97.651089
97.513187
97.470904
97.880282
97.611434
97.450352
97.687493
97.603791
97.619458
97.888020
97.548606
97.464150
97.688512
97.662848
97.691706
97.853028
97.540028
97.686841
97.731360
97.717604
97.771083
97.998249
97.650942
97.699923
97.891797
97.377619
97.544558
97.073683
97.467525
97.419971
97.475280
97.441825
97.156572
98.377651
97.700157
97.415464
97.201309
96.749108
96.563895
96.327291
96.595388
96.460615
96.611459
97.026005
97.176188
97.572304
97.225211
97.154618
97.436240
97.350939
97.412850
97.704196
97.402537
97.263750
97.542655
97.423297
97.492976
97.664795
97.430455
97.218339
97.587600
97.416248
97.425267
97.903667
97.515872
97.326914
97.677974
97.625991
97.578515
97.870137
97.664201
97.503763
97.615097
97.652266
97.766662
98.061400
97.596035
97.737416
97.666902
97.768905
97.760723
97.868306
97.776441
97.626604
97.766852
97.561826
97.491492
97.185887
97.426534
97.376471
97.424094
97.386271
96.979179
98.104330
97.488822
97.265086
96.950209
96.552244
96.329338
96.027043
96.208216
96.150724
96.243121
96.780600
96.953613
97.262766
96.964358
96.879030
96.926109
96.922999
96.998977
97.440625
97.023455
96.963597
97.244295
97.191909
97.243012
97.484951
97.332665
97.256039
97.542378
97.373885
97.443997
97.830394
97.429211
97.420984
97.561982
97.546581
97.706541
97.824150
97.532603
97.399759
97.552173
97.576887
97.581532
97.858916
97.544266
97.588462
97.485025
97.625126
97.684290
97.919070
97.733810
97.697040
97.841531
97.517898
97.480541
97.054818
97.365687
97.192950
97.196062
97.211029
96.885545
97.939082
97.494094
97.031377
96.908017
96.496714
96.163856
95.833069
96.413554
96.360507
96.618500
97.023811
97.076339
97.471717
97.144820
97.024385
97.179676
97.313415
97.314260
97.492166
97.176248
97.125933
97.320525
97.242722
97.419486
97.725506
97.383724
97.192356
97.542191
97.344759
97.397359
97.834493
97.444797
97.336946
97.566621
97.510484
97.366598
97.816982
97.499641
97.484359
97.501513
97.506681
97.691795
97.814798
97.493702
97.439528
97.470285
97.475487
97.704185
97.745234
97.502151
97.486792
97.574693
97.381765
97.327846
97.090023
97.377119
97.331598
97.386640
97.309224
96.957287
97.992568
97.405993
97.095169
96.638429
96.298885
95.911240
95.696358
96.081625
95.938264
96.118182
96.411430
96.769745
97.116516
96.816101
96.798100
97.077889
96.963751
96.945563
97.353858
97.114230
97.026984
97.260797
97.147019
97.274199
97.678685
97.325373
97.279776
97.507432
97.379146
97.421204
97.714500
97.390118
97.407464
97.560724
97.366335
97.488286
97.767578
97.359513
97.281334
97.416218
97.512067
97.498617
97.820449
97.358894
97.551262
97.493344
97.608665
97.567432
97.742108
97.486801
97.542247
97.618341
97.391064
97.484939
97.012097
97.385307
97.359010
97.358949
97.240570
96.960388
97.851204
97.418700
97.013827
96.697794
96.325010
95.975120
95.870006
96.013525
96.047023
96.130566
96.349808
96.701272
97.086714
96.908334
96.677136
96.934736
96.853494
97.037656
97.448716
97.071153
97.072269
97.268687
97.160540
97.139301
97.615069
97.199692
97.242990
97.403044
97.291944
97.544013
97.656878
97.383930
97.251633
97.427969
97.345197
97.476123
97.754441
97.415222
97.245603
97.466277
97.424747
97.359505
97.821284
97.391498
97.546597
97.431676
97.546064
97.610224
97.694194
97.559227
97.454653
97.587440
97.329266
97.242657
97.016502
97.244040
97.269793
97.137945
97.289256
96.525850
97.271614
98.066747
97.899139
97.992532
97.717896
97.430445
96.291611
98.100490
98.227228
98.311233
98.507627
98.605325
98.215048
99.297422
99.325530
99.441292
99.244760
98.882852
98.002250
99.160585
99.150597
99.219171
99.123304
99.241094
98.434614
99.159804
99.037169
98.999093
99.198595
99.292755
98.471220
99.185652
99.289684
99.399589
99.294730
99.229682
98.317987
99.029065
99.007506
99.402523
99.254990
99.483032
98.423210
98.864795
98.731602
99.269138
98.724562
98.867810
98.183558
98.948390
98.948943
99.279053
98.892592
98.931333
97.853051
98.713149
98.717881
98.897952
98.800853
97.603985
97.873273
98.600398
98.498892
98.534663
98.403521
98.453843
96.778674
98.083884
98.095399
98.139521
98.295278
97.992347
97.035953
97.680118
97.556691
97.610397
97.299426
97.184325
95.844706
97.331318
97.438609
97.739981
97.490778
97.445585
96.156641
97.419375
97.381760
97.617940
97.437326
97.181949
95.453320
96.383203
96.401478
96.494222
96.301909
96.484305
95.721578
96.854515
97.058032
97.216828
96.927903
96.841954
95.347890
96.013948
95.954288
96.583938
95.852685
95.876189
94.853218
95.466097
95.437026
95.677106
95.607642
95.718770
94.380295
95.176020
94.826998
95.281503
94.670664
93.661983
94.915288
94.442048
94.134460
94.283990
94.076957
94.287386
92.421199
94.114724
94.094574
94.237314
94.503333
94.591553
93.423595
94.398822
94.650023
94.966772
94.836279
95.185131
94.030403
95.073807
95.017455
95.283904
95.156551
95.248561
94.226870
95.191338
95.331562
95.551921
95.424880
95.414311
94.197383
94.568046
94.436588
95.464351
94.026048
93.772141
93.066545
93.010686
92.990026
94.671548
92.774931
92.355948
92.247686
92.201000
92.058166
93.109138
91.663997
91.515587
91.549754
90.501086
90.047257
91.205762
89.878740
89.964726
89.624580
89.887796
90.070407
90.879185
91.070428
90.219300
94.071411
91.932942
91.734805
92.092355
91.737883
91.854851
90.592958
91.419830
91.339959
91.368945
91.591716
91.723669
91.629811
91.883665
92.102880
92.424362
91.828545
91.950365
91.834545
91.912951
92.010650
92.529083
92.268469
92.064898
91.893861
92.032756
92.048350
92.592608
92.131027
92.325603
91.990609
91.397886
91.052387
92.622760
91.238174
91.157311
91.330809
90.569487
90.507609
91.927736
90.664381
90.918680
90.732561
90.966157
90.847149
92.355340
90.916758
91.110341
91.782758
91.025069
91.156900
92.458389
91.097951
91.026293
90.674678
90.850297
90.652473
90.609463
90.770892
90.545386
93.280929
89.292675
89.273681
90.917187
89.030294
89.033235
89.884061
88.842030
88.881123
90.178847
88.868960
89.999432
89.788758
89.876614
88.613927
90.582984
88.836173
88.895069
90.222238
88.941748
88.979326
90.585603
89.068322
88.871128
90.117027
89.290400
89.329290
91.039362
89.338920
89.225437
90.531022
89.316990
89.300321
91.048344
89.362311
89.392063
90.543023
89.213490
89.430101
91.143136
89.425770
89.664710
90.941355
89.589321
89.778713
91.335798
89.450650
89.594446
91.829221
90.196361
90.119202
91.784909
90.250838
90.449443
91.491130
90.352284
90.312060
91.903289
90.975770
91.741204
94.042318
90.421286
90.298993
93.167623
90.128837
89.686927
90.503003
89.748473
89.590816
90.958940
89.378102
89.360473
91.266545
87.859051
87.891769
91.155469
87.486248
87.495981
90.802179
87.690399
87.657146
91.039531
87.640009
87.676733
90.265209
89.115958
88.851478
90.621069
88.848431
88.818082
90.189229
87.456006
87.433508
91.034777
87.917301
87.795266
91.018239
87.670546
87.758578
90.919987
87.916751
88.195834
90.858185
88.042118
87.941157
91.216978
87.935346
87.874308
90.623786
87.999255
88.053963
91.337750
88.008926
87.984382
90.490018
88.240264
89.343769
90.858716
89.574568
90.457053
92.360702
87.596483
87.780572
89.923618
87.999787
87.877414
89.337223
87.801023
87.637181
89.254666
87.997394
87.834190
90.625326
87.792346
87.792858
90.120933
88.091763
88.278283
91.118365
88.034750
88.167548
90.461952
88.160429
88.540354
90.648714
88.585050
88.507181
90.723291
88.466127
88.418135
91.157982
88.486077
88.136077
90.458524
88.093038
88.313953
91.239025
88.348762
86.467429
90.300073
86.408558
86.304724
90.749220
86.520209
86.701760
90.533641
88.150246
88.063650
90.552954
87.795743
87.593996
89.957302
88.065972
88.291919
90.016711
86.810034
87.015684
90.014121
86.908860
90.011284
92.651012
88.771740
88.429807
90.369328
86.372559
86.260050
89.156446
88.210468
88.064421
89.288761
86.582880
86.463670
89.939763
86.711099
86.652904
90.176850
86.709591
86.632250
90.105822
88.245549
88.455435
90.554731
86.706682
86.856281
90.306999
88.410024
88.248590
90.478260
86.760193
86.906887
90.412199
86.874065
86.959984
90.810187
87.292761
87.216634
90.479985
87.264728
87.553736
89.765686
87.537461
87.408977
90.817118
87.209682
86.863877
88.938684
87.091451
87.051047
90.398012
87.110596
86.746679
90.398943
86.707752
86.562638
88.590429
86.518939
86.567756
89.686911
86.871780
89.028006
92.274703
87.128002
86.998575
91.040643
87.643467
87.252855
89.211240
86.969571
86.680118
89.381986
86.328201
88.123079
89.866083
88.157103
87.939273
89.848045
87.922247
87.947295
90.332765
87.471247
87.603466
89.493215
87.380307
87.421404
89.844839
87.521346
87.391424
89.482792
87.295538
87.633091
90.059083
85.945671
85.737615
89.708846
85.791271
85.907132
90.095602
88.016130
88.528065
90.696349
88.428788
87.755195
90.062256
87.524666
87.471441
89.355812
88.400165
89.981707
92.286597
89.698471
89.654815
91.709215
90.532881
92.132339
92.359528
92.666266
92.712376
94.164437
92.973120
92.770426
96.387580
96.829788
96.985600
97.850931
96.778877
96.878443
95.183025
97.162707
97.248153
97.928621
97.668887
97.732420
97.405182
97.840946
97.991853
99.605184
97.543434
96.657189
96.692345
95.134960
95.184677
96.997665
94.468565
94.100459
95.105762
92.822248
92.841960
95.365026
91.608102
91.786391
94.246446
91.354607
91.110552
92.683791
90.747749
90.663773
92.353601
90.450892
90.159951
92.086865
90.161244
90.231101
91.953226
90.014339
90.027793
91.927122
89.947050
90.007424
91.650727
89.688283
89.913854
91.869625
89.781776
89.478487
90.220322
89.286894
87.780324
90.583323
87.811892
90.555663
94.316903
93.983616
93.330333
92.826608
92.480284
92.257775
92.136713
92.705172
92.855113
92.752664
93.076736
93.347264
93.830724
93.747477
93.939581
94.324370
94.061985
94.433133
94.607884
95.311773
95.354293
95.195884
95.548479
95.549647
95.493008
95.817237
96.054237
96.137304
96.111078
95.991498
95.869228
96.209928
96.323537
96.607826
96.581703
96.673699
96.337163
96.362102
96.343917
97.063296
96.670368
96.859200
96.611893
96.504515
96.476038
97.095001
96.657017
97.250340
96.642762
96.528493
96.805651
97.211067
97.138133
96.966844
96.175366
96.579338
96.858334
96.539979
97.153202
96.430457
97.032418
96.534534
96.176697
96.558042
95.995751
95.945721
95.125216
96.021174
96.109826
95.997534
96.304802
96.317744
96.328305
96.790317
96.765997
97.374282
96.897951
96.949712
96.723391
96.684246
96.675227
97.413626
96.961191
97.074796
96.895486
96.887703
96.841986
97.382302
96.959495
97.055271
97.039433
96.920330
96.901712
97.330375
96.942542
97.088000
97.070386
97.040748
96.991383
97.273693
96.849384
96.900733
96.974952
96.760194
96.775297
97.280501
96.825593
96.923999
96.966171
96.816527
96.956721
97.247439
97.154528
97.295864
96.392206
96.796773
97.140243
97.083566
97.411613
96.545125
97.048196
96.905681
96.590399
97.095596
96.410084
96.376433
95.636415
96.526828
96.511863
96.458012
96.694164
96.803827
96.782344
97.053436
96.896809
97.440444
97.064491
97.027183
96.911239
96.878136
96.855112
97.492230
96.880349
96.926225
96.938869
96.904835
96.813034
97.515573
96.762329
96.840376
96.909840
96.794474
96.743622
97.283086
96.768084
96.788052
96.854402
96.753616
96.704910
97.205322
96.761049
96.730842
96.818781
96.541811
96.484479
97.011632
96.492461
96.528951
96.801152
96.514536
96.735810
97.127835
96.814175
97.044039
96.235341
96.675460
96.852900
96.873028
97.193166
96.362983
96.918024
96.747949
96.309966
96.493948
96.254311
96.258181
95.459769
96.289887
96.428914
96.243607
96.520527
96.665506
96.676593
96.957081
96.869525
97.438994
96.920868
96.926570
96.801997
96.833559
96.752062
97.103040
96.688170
96.901377
96.838595
96.714048
96.706913
97.061694
96.729976
96.837090
96.842535
96.810323
96.741465
97.132596
96.781240
96.867213
96.873625
96.856764
96.853490
97.182702
96.791482
96.867407
96.921360
96.751546
96.654392
97.271879
96.632868
97.028793
96.866554
96.885759
97.034984
97.219040
97.023439
97.300903
96.338885
96.850867
97.049067
96.898611
97.172983
96.446893
96.981608
96.827561
96.520275
97.021043
96.356546
96.194099
95.444527
96.285119
96.411727
96.296437
96.616991
96.722921
96.733318
96.946707
96.898745
97.379104
96.945977
97.046607
96.910382
97.026808
96.914383
97.455100
96.905734
96.994462
96.818267
96.691601
96.707894
97.531019
96.758237
96.876691
97.016648
96.807847
96.660380
97.163513
96.654970
96.824613
96.868031
96.583917
96.577099
97.163206
96.523544
96.789789
96.783793
96.448215
96.533306
97.071155
96.490656
96.644080
96.783299
96.689229
96.722007
97.469868
96.789146
97.028781
96.305124
96.972471
97.036348
96.957335
97.138981
96.380909
97.092082
96.650778
96.657263
97.021460
96.304740
96.406448
95.568135
96.503024
96.509914
96.239317
96.549998
96.641888
96.770727
97.020070
96.970180
97.482160
97.015016
97.175649
97.014495
97.053343
97.034169
97.612342
97.012718
97.049303
97.027540
96.885397
97.050685
97.530802
96.990872
97.084822
96.997341
96.828766
96.808835
97.503044
96.941201
96.892518
96.911051
96.584031
96.712888
97.100314
96.695212
96.784108
96.727108
96.527423
96.499989
97.069650
96.470024
96.708300
96.747829
96.612669
96.532731
97.028299
96.472127
96.615191
96.020307
96.568540
96.881125
96.779045
97.004210
96.327394
96.915657
96.690412
96.483341
96.842427
96.272267
96.237324
95.347690
96.272378
96.322552
96.179663
96.437571
96.605811
96.648861
96.811810
96.716069
97.371900
96.852774
96.896518
96.867032
96.942880
96.778641
97.283968
96.832982
96.937402
96.965326
96.752119
96.741341
97.310098
96.954843
97.080782
97.027213
96.915601
96.782515
97.424590
96.731072
96.760998
96.813124
96.691754
96.697492
97.133286
96.732185
96.748511
96.783992
96.549418
96.522535
97.112908
96.635435
96.680022
96.694522
96.683997
96.672030
97.428846
96.541982
96.683962
96.235642
96.921090
97.012387
96.886489
97.150582
96.436838
97.153471
96.853973
96.649648
96.978884
96.231276
96.354455
95.474187
96.300384
96.429633
96.310755
96.602982
96.678270
96.683762
96.888594
96.878655
97.413029
96.878128
97.026384
96.897430
96.883266
96.911980
97.484217
97.015585
97.178143
97.018396
96.804354
96.753654
97.499614
96.998147
97.084262
97.019031
96.780419
96.703837
97.198077
96.765544
96.971584
96.910143
96.561936
96.779404
97.177042
96.749150
96.934772
96.795869
96.615307
96.579518
97.177030
96.601351
96.830829
96.798672
96.730164
96.708381
97.540695
96.668667
96.714152
96.315583
96.927387
97.050247
96.940686
97.145159
96.539608
97.199692
97.000354
96.816419
97.082657
96.472567
96.448542
95.617002
96.471980
96.497619
96.340627
96.579678
96.793995
96.741655
97.008198
96.917845
97.561924
97.062848
97.095210
96.991506
97.078882
96.996394
97.511793
96.994943
97.126016
97.085732
96.884932
96.977845
97.531842
97.052886
97.112847
97.086572
96.909877
96.873994
97.233818
96.798565
96.821967
96.905041
96.654332
96.757991
97.239511
96.797425
96.920417
96.941307
96.604823
96.536050
97.172621
96.704405
96.759521
96.880961
96.844792
96.820839
97.616662
96.700651
96.678344
96.267725
96.952156
97.123232
96.983438
97.220942
96.478784
97.210383
96.915290
96.757765
97.050943
96.376882
96.311540
95.519318
96.327741
96.428560
96.419516
96.611351
96.758528
96.760546
96.976528
96.975242
97.432551
96.938667
96.986118
96.987251
97.060310
97.055453
97.519253
97.009556
97.111938
97.054481
96.806975
97.047190
97.563852
97.021664
97.144163
97.085801
96.905625
96.771362
97.124158
96.797950
96.953570
97.073832
96.680931
96.772437
97.181195
96.682857
96.706742
96.777839
96.508404
96.537290
97.133000
96.696492
96.750285
96.649301
96.727603
96.624951
97.383993
96.494231
96.699104
96.022600
96.635511
96.763016
96.714318
96.781751
95.650113
100.000000
98.995822
97.258798
96.916726
95.403693
95.366286
95.671505
97.507080
98.266030
97.317422
96.237695
95.763356
96.145609
95.228176
95.428297
96.621617
95.844670
95.980622
96.692219
95.139212
94.927234
95.772439
95.660732
96.465297
97.543293
96.501094
96.911023
97.662216
97.621936
97.737023
98.163026
95.721545
95.697065
96.548962
97.162583
98.311966
100.000000
99.418189
98.884549
98.851549
97.306362
97.249154
98.345920
97.759463
97.889569
98.155184
97.457345
96.692031
96.884810
95.477177
95.459068
96.832805
95.772764
95.413553
94.912065
94.897712
95.351016
95.421572
94.869220
94.373910
97.971943
96.885113
97.562783
98.469370
97.258358
96.664676
95.875384
94.900008
95.744018
97.070059
98.517265
99.372541
100.000000
98.621592
98.668709
99.758999
99.417319
99.174807
99.180322
97.655986
96.765618
96.425674
94.794018
94.881053
95.839880
94.464192
94.776479
95.427506
96.152147
97.239365
98.784469
97.716989
97.545523
97.154364
96.525006
96.667053
98.364216
97.363601
97.351078
98.326723
98.047513
97.806405
98.680748
96.890891
95.650021
95.366773
94.914309
95.448867
96.753960
96.781219
97.908034
97.957893
96.174801
94.645064
93.226560
94.207762
94.715157
93.930861
95.962310
95.160696
97.375661
95.396976
94.896223
94.690706
92.960904
92.267854
92.173699
92.296309
92.608608
92.582645
93.613435
94.917621
97.041321
96.125948
96.271126
96.795180
96.626634
97.701312
100.000000
98.982875
98.700039
98.100690
95.610047
94.838941
95.725872
94.299563
94.619127
95.966865
96.653246
96.626128
97.333913
96.574474
96.292808
96.556123
95.674170
95.754450
96.839610
95.781892
96.274051
97.461568
96.678481
96.450713
96.854488
95.549995
96.660632
97.228917
97.599505
97.639582
98.223553
97.427815
98.422897
98.719782
98.207210
96.214396
95.383829
95.747010
96.887704
97.048423
96.094736
94.653131
96.794885
94.961606
94.514655
94.881665
94.854523
94.372934
93.899659
94.261001
94.272228
94.134995
95.361719
96.004099
97.171730
96.716303
97.079802
97.610688
96.863487
96.831607
97.794713
96.628122
96.894903
97.484956
97.187630
97.742634
99.613120
99.076775
98.756512
98.432231
97.568216
97.196262
97.425981
95.338456
94.716094
95.363390
95.261897
95.457522
95.650805
94.255813
94.074537
94.834604
95.070793
96.056865
97.324728
96.016438
96.247025
96.884500
98.086531
98.440311
98.686208
97.626156
98.003359
97.732621
97.504072
96.350094
96.126661
95.741168
94.472608
93.563003
94.322871
94.941409
97.309651
94.848592
93.986050
95.132843
96.061686
96.495996
95.179800
93.433918
92.863492
93.086032
94.077828
95.332996
96.632219
95.437673
94.780179
95.225568
94.842330
95.237617
96.642614
95.331491
96.027141
97.217214
97.013035
97.184791
98.451341
97.136237
96.680869
96.837130
96.022572
96.616042
99.692088
99.314046
97.092954
95.708220
95.540463
98.103895
97.136161
94.843311
94.587193
95.097488
94.838998
97.323944
97.843088
94.232282
94.238599
94.217781
95.630656
97.659452
97.467594
95.907413
95.827564
95.380923
95.646146
97.192747
96.923005
95.930751
95.157972
94.283754
94.572407
94.250646
97.450210
95.414081
94.419303
94.135120
94.425513
95.836418
95.764940
94.207897
93.010920
92.989552
93.764669
95.289245
96.206294
94.203576
93.995914
95.083142
96.403915
97.947995
98.157305
96.132446
95.805589
96.452136
96.638828
96.631118
97.387779
96.035637
95.695496
96.068431
95.620073
96.112627
97.767148
96.596762
96.012092
96.425003
96.344036
97.575803
98.195006
94.817477
94.657059
97.253498
98.177645
98.287141
98.938110
98.033509
98.231963
96.276088
95.549874
95.654396
95.982410
95.497319
97.126094
97.496279
97.327637
96.585954
95.377702
95.134386
95.173536
95.212028
96.849457
96.735143
98.274359
95.828914
95.221334
95.002888
94.302032
94.182519
93.266394
93.473470
94.003282
95.408831
95.615600
95.869962
96.747737
96.326030
97.017343
97.471705
96.302570
96.353483
97.367592
96.460801
96.634004
97.010777
96.390159
95.988730
96.734619
95.564418
96.024690
97.465196
97.575530
97.611497
98.170002
96.636998
96.190164
96.669631
97.031802
97.237214
97.687022
96.489828
95.880100
96.292317
97.624291
98.366709
98.204485
96.401856
96.151215
97.079197
96.918176
95.964273
96.300512
96.010268
96.741606
96.461950
96.245635
96.280876
96.388817
97.016590
96.759568
95.285617
95.467298
95.510278
97.476765
96.793816
96.937247
96.529996
94.607754
93.970837
93.481873
93.725866
93.717466
93.500935
93.891432
94.345351
95.379044
95.871308
97.486491
98.267486
96.789817
95.130209
95.693302
94.620998
94.977531
97.203247
98.260284
96.883779
96.820040
95.642462
95.624482
96.411845
96.738247
96.677119
96.971325
95.469833
95.340878
95.968061
96.017917
96.287774
97.018903
95.805135
95.793165
96.411846
96.425992
96.580768
97.532767
96.657520
96.738908
97.876853
98.281887
97.363372
96.257358
95.133348
95.150879
95.860025
96.819408
97.790961
97.463136
96.491664
95.056594
94.864828
95.246545
96.204419
99.370286
98.465798
96.938933
95.488032
94.350342
93.881368
93.748191
94.248236
94.516863
94.052486
94.269851
94.787468
96.515549
95.517980
94.729423
94.808492
94.688436
95.718727
96.917877
95.648796
95.184757
95.414568
95.919377
96.616781
97.551618
96.385239
96.153892
96.411465
95.710860
95.441323
96.278003
95.218658
95.076518
95.672400
95.371836
95.710963
97.050478
96.332074
96.461920
97.053015
96.720308
96.690462
97.413690
96.055333
96.042202
95.698172
96.064889
96.714510
97.764846
96.703798
97.797573
98.658260
98.641712
97.129943
95.166653
94.762923
94.822452
94.775471
96.076299
96.850852
99.807216
96.930430
95.352043
94.960968
95.178612
95.928297
96.391596
95.882746
95.044824
93.940559
94.250193
94.801865
96.030069
95.542483
95.560161
95.855899
95.924790
95.752352
96.682991
95.758076
96.185325
97.489342
96.652619
96.755067
97.304665
95.712512
94.618739
94.825285
94.859394
94.737362
95.614452
96.176654
97.231585
97.540784
96.944642
97.148546
98.386463
97.630443
96.499831
95.484591
95.310505
95.442008
97.012195
97.022708
96.358544
95.672815
95.833579
95.864669
96.421841
95.485817
96.129173
95.701866
96.195565
95.725866
95.163131
94.931019
95.709720
97.114324
99.648826
98.920188
95.631520
95.242564
94.527032
94.284713
93.381353
92.835850
92.407421
93.179140
93.234367
93.468818
94.132349
94.791502
95.514133
94.834716
94.742141
95.212727
95.008273
95.279978
96.023465
95.172292
94.933699
95.373990
95.089423
95.269322
96.097845
95.172472
94.958144
95.389031
95.414301
95.558862
96.190343
95.155893
94.958119
95.417605
95.386072
95.535660
96.266861
95.065618
94.827368
95.370688
95.391481
95.528091
96.120739
95.086776
95.209851
95.304917
95.273070
95.368685
95.811849
95.396501
95.125055
95.195792
94.728030
94.462203
93.832654
94.612724
94.544429
94.281280
94.178918
93.919400
96.504199
95.264467
94.704951
94.556870
93.459586
92.914183
92.530398
93.014813
93.046685
93.303702
93.946279
94.534705
95.595881
94.816353
94.627153
95.134250
94.794701
94.973529
95.700724
94.835774
94.577660
95.266364
94.717932
95.019539
96.032694
95.033563
94.697149
95.343688
94.789331
95.013892
96.035601
94.949105
94.653861
95.364659
94.927570
95.525013
96.063693
94.641865
94.644372
95.351721
95.040368
95.353698
96.038370
94.657446
94.222754
94.887758
95.110535
95.290603
95.775912
95.237357
95.124623
95.106947
94.787804
94.167818
93.829797
93.999268
93.905476
93.302963
93.950626
93.768776
96.350608
94.711783
94.008880
94.307947
92.829580
92.131267
91.710543
92.042760
92.047996
92.339801
93.008336
93.885263
95.268170
94.043864
93.798553
94.797166
93.937793
94.021448
95.223485
94.033760
93.790039
94.920174
94.061765
94.367728
95.635453
93.890735
93.435308
94.331925
93.583850
93.890126
95.252064
93.472679
93.267274
94.171887
93.350445
93.862703
95.107822
93.496956
93.072058
94.121791
93.223915
93.752000
94.949383
93.194740
92.759330
93.948841
92.851610
93.146802
94.460096
93.094936
93.838300
94.328241
93.626658
93.351156
92.145727
93.039017
93.186362
92.178764
92.464805
92.493486
95.811117
93.970217
93.097031
93.715006
91.961468
90.973695
90.861559
91.087082
91.259584
91.409793
92.188130
93.320988
94.814031
93.418369
93.176803
94.486653
93.406299
93.663019
94.747333
93.200588
92.858805
93.720047
92.911405
93.445046
94.788857
93.169362
93.005607
94.348431
93.255492
93.496495
94.861647
93.012713
92.571958
93.848258
92.815718
93.258951
94.921025
93.012941
92.611490
93.855887
92.881697
93.312488
94.889765
93.286585
92.887028
93.784652
92.979699
93.280651
94.396162
93.031243
92.955393
94.224362
93.455056
93.188846
91.938953
93.024054
92.996759
92.044050
92.411619
92.352086
95.562637
93.713956
93.013685
93.511168
91.879115
91.128139
90.679568
91.122368
91.354035
91.566264
92.549286
93.494918
94.848301
93.624184
93.436223
94.523529
93.689759
93.858931
95.028320
93.458261
93.063338
93.907014
93.427120
93.809989
94.988356
93.619851
93.365688
94.556243
93.609013
93.925153
95.083473
93.667394
93.313743
94.079878
93.401341
93.752918
95.055384
93.809543
93.484455
94.668516
93.622033
93.797970
95.065090
93.273129
92.850912
93.952103
93.668589
93.896153
94.582565
93.808935
93.866140
94.226414
93.469073
93.141777
92.061697
93.044354
93.024402
92.162742
92.428618
92.455167
95.508965
93.790821
93.090285
93.463985
91.735782
91.007520
90.768899
91.161001
91.329383
91.588110
92.429028
93.470298
94.769615
93.563621
93.482506
94.458471
93.616617
93.883872
94.919544
93.400384
93.080597
94.482796
93.434553
93.935428
95.068643
93.399925
93.081481
93.989277
93.246604
93.868922
95.053022
93.539513
93.176676
94.140633
93.341679
93.854229
95.163880
93.635233
93.206402
94.141965
93.631257
94.094246
95.457482
93.614491
93.191835
94.083025
93.310530
94.128204
94.725577
93.952780
93.980301
94.354652
93.626783
93.304770
92.222196
93.086317
93.034762
91.671506
93.063573
92.403797
95.791706
93.689117
92.903632
93.547259
91.843225
90.832897
90.510706
90.913608
90.877694
91.127746
91.874282
92.881452
94.227969
92.732660
92.492095
93.590763
92.829334
93.343505
94.685946
92.939392
92.602128
93.633763
92.913740
93.414999
94.696756
93.078435
92.917309
94.157947
93.062242
93.383874
94.783569
92.824093
92.403560
93.604371
92.710888
93.508653
94.803748
93.152380
92.758438
93.735208
93.076405
93.481632
94.727703
93.222220
92.970198
94.254188
93.055007
93.677308
94.298659
93.770763
93.713655
94.192610
93.301936
93.047716
91.866607
92.882047
92.138518
92.021858
92.182881
92.294423
95.289363
93.579953
92.761250
93.118362
91.481586
90.648572
90.118773
90.442829
90.627024
90.910615
91.983503
93.241890
94.558131
93.275582
93.046025
94.086497
93.313887
93.522466
94.719471
93.152091
92.741012
93.497487
93.006837
93.603136
94.719344
93.218306
92.844920
93.671482
93.107704
93.374754
94.757657
93.295860
93.050317
94.262553
93.270521
93.443746
94.823889
93.374672
93.108546
94.325381
93.432553
94.434445
95.007930
93.403277
93.458403
93.697251
93.822412
94.092072
94.529892
93.992496
93.775780
94.188707
93.509328
93.178746
92.467109
93.070984
93.057601
92.592389
93.034419
92.724319
95.848663
94.207739
93.443262
93.579612
92.124035
91.420220
90.936945
91.364634
91.476877
91.801542
92.646691
93.524650
94.845815
93.737865
93.582564
94.474589
93.919579
94.130373
95.038470
93.814955
93.658046
94.666576
94.208475
94.537794
95.573851
94.166860
93.871207
94.710878
93.998358
94.263310
95.272754
93.968191
93.607585
94.231741
93.964364
94.420233
95.398404
94.268253
94.037073
94.846817
94.471980
94.774107
95.464710
94.253655
93.958565
94.895757
94.627325
94.814382
95.298442
94.645297
94.476475
94.786859
94.090241
93.819272
93.249570
93.801234
93.742762
93.462254
93.827764
93.519406
96.170761
94.870799
94.169967
94.103001
92.930193
92.301685
91.927377
92.366705
92.447737
92.770357
93.591227
94.427027
95.390079
94.529426
94.411836
95.036073
94.774201
95.069354
95.965945
94.923273
94.685952
95.230863
94.906452
95.266033
96.114856
95.109122
94.810611
95.373805
95.043898
95.242800
96.163925
95.117508
94.943724
95.445361
95.125358
95.362449
95.947144
95.050250
94.784913
95.478797
95.475586
95.624354
96.189813
95.280098
95.349611
95.465371
95.365025
95.508454
95.812335
95.386334
95.176570
95.272333
94.869221
94.657831
94.032773
94.263926
94.182000
94.301227
94.737120
93.604852
97.595496
96.460200
95.274704
94.606607
93.207504
92.674750
92.720896
93.002060
93.102387
93.472815
94.250047
94.604095
95.515051
94.284124
94.432698
95.585814
95.551469
95.655937
96.236865
94.553507
93.807554
93.850135
93.484146
93.945079
95.001017
93.369362
92.975919
93.314449
93.131539
93.515597
94.635975
93.285809
93.079316
93.698290
93.595693
94.138213
95.322885
93.896397
93.330986
93.804585
93.710795
93.716973
94.848531
93.425369
93.016763
93.123119
92.730079
92.681462
93.536241
92.381484
92.150813
92.409202
91.512084
90.823623
91.082945
91.093413
91.259024
91.218096
90.674124
90.670370
96.363207
95.099346
94.355906
93.806796
92.531468
91.877488
91.760366
91.791082
91.958014
92.064570
93.052024
94.056340
95.678117
94.375899
94.162273
94.620352
94.210721
94.711787
96.547097
95.022092
94.717023
94.762212
93.866716
94.203758
95.573091
94.061669
93.393396
93.947905
93.761472
95.061409
97.214085
95.503187
94.936797
95.248655
94.833203
95.047620
96.156485
94.150473
93.323268
93.332148
92.663528
92.994035
94.206167
92.833529
92.610920
93.198579
92.745599
93.041795
94.127445
92.447539
92.336684
92.496555
91.772921
91.369400
91.357775
90.627110
90.501051
90.532578
90.495258
90.808414
96.988470
94.868223
93.602065
92.814195
91.376544
90.704990
90.387969
90.532144
90.574114
91.033979
92.536336
93.450773
94.100597
92.661591
92.426667
92.958602
92.682811
92.983264
94.007651
92.422901
92.550256
93.448192
93.257175
93.760211
94.997338
93.325749
92.621763
93.025285
92.555558
93.094998
94.899661
94.503195
94.970979
95.164691
94.003150
94.543423
95.853061
93.553444
93.109078
93.688384
92.806285
93.142702
94.771635
92.774180
92.373614
92.931073
92.439210
92.924257
94.518836
92.854716
92.119124
92.565259
91.276380
90.886729
91.552369
91.951125
92.747266
91.316658
90.355547
90.356839
96.141013
94.981450
95.448193
96.133287
93.625455
91.390787
90.361441
90.405461
90.987145
92.317450
93.130695
93.589114
94.749800
93.360322
93.730773
94.951116
93.813905
93.237979
93.970946
92.441467
92.735155
94.078761
93.397278
93.575968
94.763653
92.965564
93.585552
94.702248
93.269772
93.674325
95.072357
94.063123
93.328688
93.473718
93.146120
93.855228
96.046993
94.909399
93.895036
93.609836
93.372655
93.815321
95.328059
93.363102
92.520419
92.972127
92.449746
93.053093
94.304027
92.208319
91.782536
92.382960
91.535101
91.379350
92.059825
91.336668
90.237181
90.385765
91.227812
91.042981
96.847443
94.837652
93.641277
92.870956
91.370848
90.869872
90.954032
91.189019
90.951347
90.992477
91.959293
93.169874
94.600293
92.738579
92.296587
92.958028
92.837167
93.301743
94.505030
92.759583
92.589232
93.364282
93.693999
93.995613
94.614464
93.081478
93.996469
95.235462
94.219011
94.665157
95.918234
95.177096
95.496773
95.498402
93.948427
93.655219
94.726364
93.113625
93.048602
93.612592
92.745409
92.822610
93.949239
92.337658
91.961321
92.416565
91.893055
92.103407
93.505101
92.863933
92.421359
91.938520
90.627831
90.217377
90.114189
89.883050
90.020932
90.816502
91.429753
91.738733
96.675832
94.179067
93.071584
92.680370
91.650361
90.514070
89.794823
89.922305
90.013490
90.249201
91.144982
92.613858
94.762142
93.732041
93.293334
93.394771
93.322949
94.532229
96.055090
92.930893
92.741760
95.163210
94.989462
94.315772
94.770753
93.003590
93.339846
94.804057
94.327245
93.943572
94.718055
92.749349
92.405615
92.901882
92.855614
92.966000
94.383792
93.379768
93.353578
93.377220
92.951816
93.986666
95.219074
92.748051
91.940299
92.570391
92.781391
92.548292
93.657042
92.334315
92.319920
92.905020
91.589079
91.022046
91.325752
90.872900
91.088322
91.551282
90.620263
90.787990
95.765709
93.554724
92.509087
91.978380
90.768393
90.599365
90.418715
90.533269
90.763476
91.167964
92.242131
92.984263
93.869896
92.646866
93.807940
94.840891
94.278501
94.393068
95.655208
94.036069
93.996258
94.148646
93.129928
93.371668
94.846120
93.330773
92.819716
93.379093
93.079279
93.463357
94.671420
92.901618
92.646988
93.184054
93.393047
94.327145
94.869494
92.854977
92.710626
93.960867
93.607963
93.276492
94.059209
92.461698
92.242213
92.882416
92.817747
92.774715
93.793960
92.162741
92.400527
93.032924
91.552403
90.629328
90.642095
90.351670
90.590517
91.185285
92.060396
92.818976
98.730837
96.688190
95.630050
95.041488
94.638736
94.011787
92.502387
90.577998
89.807341
90.110310
91.163260
92.156388
93.331141
92.267782
92.159807
92.770933
93.243967
94.437228
96.169396
94.545505
94.360937
94.188396
93.764121
94.236155
95.334976
93.730075
93.880122
94.749538
95.240622
95.449046
96.487167
94.724158
94.493015
95.881617
96.657212
97.555552
99.114619
96.340565
95.151467
95.795679
95.295731
95.813643
97.568724
96.411884
96.536535
96.733136
95.798580
95.923884
97.513260
96.438253
96.590921
96.816618
95.454232
94.598723
94.309459
95.086870
96.003952
95.926697
96.469769
95.670530
99.092984
94.559445
92.383697
91.980901
91.493892
92.030770
92.154804
91.815803
91.200020
90.734807
91.644590
93.258310
95.510457
95.243615
95.904422
96.518587
95.351704
94.981442
95.508967
94.036548
94.635829
95.771991
94.929874
95.562966
96.664425
95.367383
95.258028
95.897373
96.084173
96.619888
97.522003
95.155696
93.783127
93.378645
92.925566
93.361875
94.956747
94.053868
94.232056
94.826875
93.868813
93.612702
94.554199
92.725229
92.294568
93.269246
93.055249
93.802133
94.850724
92.585707
91.993170
92.600897
91.671422
92.181296
91.975367
91.271409
92.186247
92.763947
92.465371
91.297105
96.288598
94.586255
94.576908
93.947499
91.447286
90.198898
89.732828
90.140496
90.664902
91.141519
91.598555
92.392226
93.483886
92.264896
91.896839
92.467914
92.934640
93.261868
94.186885
92.809416
92.471332
93.277731
93.548395
93.637369
94.466456
92.808966
93.271985
94.603721
94.622548
94.057642
94.690864
92.928915
92.808275
93.566221
93.616881
93.584743
94.511620
92.780102
92.763064
92.848302
92.873705
93.235731
94.463243
92.742650
92.797144
93.142273
92.769052
92.787066
93.667875
92.501667
92.698617
93.492029
92.489855
92.227550
92.744568
93.032852
93.665500
92.616343
92.589724
92.879537
