98.633078
98.380295
98.791598
97.972749
98.741814
98.155881
98.505857
97.827783
98.747137
97.839568
98.597706
98.140007
98.523511
98.075046
98.872172
97.812871
98.757283
98.073196
98.650792
98.073228
98.934091
97.943187
98.836599
98.193096
98.746339
97.999155
98.955648
97.872918
98.887854
98.178984
98.775255
97.957313
98.879329
97.843088
98.813678
98.284102
98.588088
98.262715
98.866792
98.028610
98.804634
98.360242
98.738768
98.245329
98.976176
97.924694
98.838978
98.350003
98.712283
98.139343
98.858392
97.917764
98.693116
98.050025
98.431356
98.109960
98.667315
98.695648
98.268827
98.347762
99.141105
98.502068
99.167731
98.108607
98.931394
98.392910
98.833876
98.292685
99.052122
98.068035
98.944035
98.389540
98.806846
98.142476
98.885832
97.881446
98.491610
98.375971
98.872103
98.281263
98.733720
98.005821
98.558436
98.300251
98.684990
98.242853
98.976106
98.124473
98.643423
98.147703
98.799744
97.966755
98.893499
98.102897
98.521821
98.270608
98.764745
98.425551
98.972897
97.906413
98.559771
98.396924
98.726853
98.204851
98.975616
97.954287
98.570008
98.242478
98.746479
98.370042
99.102903
98.138351
98.598134
98.079918
98.434820
97.932600
98.816948
98.795373
98.216769
98.558139
99.202159
98.345064
99.140819
97.953187
98.370163
98.307919
98.785072
98.208292
98.813643
97.971269
98.496107
98.257434
98.728027
98.130551
98.744156
97.864240
98.303638
98.170457
98.709750
98.376570
98.610122
98.038656
98.382490
98.279431
98.615723
98.191524
98.677429
98.007457
98.506254
98.345304
98.609126
98.084256
98.747215
98.116539
98.547235
98.162314
98.592841
98.138966
98.715000
98.101984
98.596635
98.161310
98.658186
98.005668
98.763934
97.967342
98.558850
98.203569
98.635087
98.091352
98.764549
97.842774
98.343118
98.049420
98.251386
98.016582
98.518097
98.520087
98.212093
98.416266
99.104683
98.680554
99.068616
98.145199
98.811210
98.336222
98.865563
98.338776
98.902623
98.108552
98.386378
98.300397
98.791781
98.156658
98.563255
98.035721
98.511168
98.161885
98.754847
98.292665
98.550444
98.041199
98.318040
98.049155
98.555819
98.090512
98.604121
97.923538
98.455802
98.035053
98.597229
98.064775
98.514277
97.877263
98.538220
98.103462
98.563298
98.155431
98.554168
97.847222
98.335364
98.125816
98.600960
98.057328
98.572533
97.709944
98.481013
97.912207
98.508864
97.950282
98.793829
97.963832
98.227547
97.938455
98.189941
98.062939
98.346918
98.381073
97.995924
98.216990
98.912986
98.592643
98.915563
97.913601
98.683250
98.384635
98.634568
98.064375
98.624443
98.090043
98.529487
98.199875
98.673159
98.225585
98.583395
97.864095
98.395713
98.282924
98.602365
98.064858
98.366244
97.874041
98.270185
98.005194
98.571904
98.012144
98.489457
97.919898
98.312072
98.066055
98.475995
98.125469
98.578296
97.989320
98.356911
98.107624
98.469578
98.134273
98.535562
97.777996
98.461667
98.094991
98.367876
97.912737
98.623103
97.825883
98.250294
97.982216
98.474509
97.861803
98.700164
97.756796
98.155393
97.870323
98.160507
97.890445
98.380950
98.468665
97.922710
98.123093
99.206797
98.400376
98.957879
97.975194
98.722184
98.370847
98.725641
98.230112
98.663578
97.980260
98.638361
98.330621
98.701713
98.245600
98.565024
98.065655
98.494448
98.306042
98.608718
98.235499
98.478423
97.997415
98.255767
98.246127
98.488717
98.143788
98.566759
97.796144
98.183788
98.143049
98.705063
98.010980
98.615258
97.823577
98.547573
98.137877
98.597800
98.274287
98.592009
97.839418
98.288391
98.062263
98.719424
98.107024
98.653475
97.784202
98.342294
98.076895
98.483842
98.251266
98.705520
97.939074
98.385581
97.872383
98.310799
98.011965
98.300076
98.471651
98.178649
98.251003
98.845355
98.282309
98.884112
97.956068
98.586077
98.385592
98.635495
98.294358
98.719948
97.912999
98.685226
98.242633
98.636431
98.206475
98.488342
97.762658
98.302782
98.194510
98.603239
98.115550
98.483368
97.984680
98.357524
98.085049
98.411164
98.153067
98.415661
97.934889
98.255739
97.944363
98.452584
98.051760
98.430997
97.978448
98.342466
98.248327
98.461531
98.209120
98.490123
97.985201
98.375722
98.005044
98.436146
98.191227
98.615541
98.017489
98.349110
98.143188
98.406138
98.147891
98.658114
97.982088
98.199673
98.022134
98.068575
97.938772
98.107411
98.077731
97.884698
98.140993
98.969493
98.500467
98.823729
97.855508
98.680849
98.254423
98.721263
98.166345
98.741741
97.902612
98.282505
98.265255
98.866937
98.217134
98.531374
97.797546
98.525901
98.269988
98.711457
98.152897
98.511297
97.756508
98.345726
98.198456
98.619003
97.948874
98.372673
97.916312
98.203636
98.026832
98.644335
98.036647
98.562681
97.761640
98.219586
98.040408
98.532712
98.247240
98.619748
97.973303
98.265117
98.232004
98.511317
98.195129
98.449291
97.781921
98.150656
98.189890
98.504214
98.009386
98.625239
97.788626
98.180179
97.869191
98.130240
97.923901
98.259712
98.251313
97.883027
98.249353
98.929674
98.357022
98.792022
97.871659
98.486436
98.012192
98.597516
98.101015
98.547222
97.855128
98.368394
98.122993
98.612370
97.979379
98.485361
97.839942
98.351016
97.956502
98.516088
97.981084
98.403176
97.768125
98.073953
97.903390
98.561442
97.980235
98.433749
97.668024
98.113819
97.987185
98.497602
98.036663
98.515576
97.728924
97.989739
98.021695
98.433997
97.897399
98.467270
97.798619
98.162405
97.882163
98.428275
98.002889
98.492450
97.741635
98.165327
97.830455
98.401851
97.826959
98.537266
97.690856
98.343711
97.894142
98.099868
97.801660
98.266646
98.298403
98.013661
98.137161
98.793102
98.455018
98.793984
97.974774
98.544920
98.089593
98.536373
98.180381
98.577182
97.638298
98.376090
98.095091
98.517631
98.086399
98.427226
97.683958
98.347109
98.054848
98.596017
97.968846
98.307119
97.684671
98.070339
97.857428
98.479286
97.808758
98.377074
97.622088
98.045139
98.041666
98.399814
98.106746
98.339927
97.731595
98.004075
97.997220
98.418859
98.096560
98.380244
97.782349
98.027145
97.756435
98.442344
98.036788
98.472402
97.774612
98.163938
98.012319
98.330054
98.080795
98.521457
97.821083
98.081256
97.847206
98.213441
97.656414
98.173175
98.173220
97.922064
97.931202
99.016917
99.477919
100.000000
99.599093
100.000000
99.781448
99.183277
99.925884
100.000000
99.932466
100.000000
99.971880
99.489567
100.000000
100.000000
100.000000
100.000000
99.949581
99.119549
99.759246
100.000000
99.767783
100.000000
100.000000
99.371578
99.676030
100.000000
99.288728
100.000000
99.885781
99.149944
99.776021
100.000000
99.668655
100.000000
99.608772
98.845949
99.527056
100.000000
99.716121
100.000000
99.828653
98.783469
99.473099
100.000000
99.385564
99.822767
99.497985
98.478285
99.482117
100.000000
99.480953
99.793775
99.568486
98.205609
99.353443
99.747642
99.623518
99.413038
98.302181
98.288911
99.179832
99.864713
99.350875
99.910214
99.594651
98.324792
99.086418
99.827702
98.936211
99.547833
99.124674
98.102818
98.715997
99.371867
98.343146
98.855121
98.259942
97.248907
98.288804
99.124901
98.356771
98.910703
98.410074
97.282474
98.185512
98.875198
98.211880
98.685010
98.024977
96.667486
97.411915
98.172610
97.413818
98.018169
97.522427
96.539572
97.868749
98.804328
97.993716
98.575014
98.074156
96.614603
97.560155
98.394985
97.361091
98.037306
97.560685
96.249252
96.963504
97.734255
97.024966
97.728158
97.450191
95.957874
97.419052
97.871933
97.650291
97.033798
95.589631
94.824100
95.850340
97.272391
95.888954
97.029795
96.458293
95.665762
96.123748
97.399298
95.956542
97.265718
96.765031
95.676941
96.297758
97.621367
96.593757
97.660407
97.262832
96.352118
97.051014
98.150528
96.942155
98.038132
97.663597
96.678944
97.431951
98.720373
97.168821
98.417203
97.454213
96.736769
97.435121
98.917193
97.497019
98.210748
97.163059
95.984645
96.338662
98.029811
96.323289
97.635082
96.171343
95.342225
95.574671
96.980329
95.202376
96.349504
95.163198
94.559686
94.619443
96.074401
94.224111
95.217623
94.212655
93.414115
94.436954
95.403716
95.395867
94.633841
93.529880
93.405618
94.516080
96.243220
94.520507
95.927257
95.187838
94.015016
94.341884
95.950186
94.454357
95.753795
94.782452
94.325350
94.603393
96.077855
94.721538
95.715098
94.564243
94.096655
94.823428
96.337705
95.315239
96.554340
95.296875
94.303126
94.854195
96.559286
94.949688
96.066896
95.371660
94.386877
95.105762
96.383278
94.880301
96.054250
95.093635
93.886058
94.369039
95.858883
94.503919
95.823911
94.747587
94.026811
94.701269
96.275076
94.883479
96.255184
94.968679
94.364079
94.795610
96.318779
94.749359
96.034623
94.925077
93.748890
94.739655
96.047831
95.729346
94.704696
93.754071
92.669110
93.805878
95.592783
93.753987
95.137535
93.872162
93.056572
93.357176
95.244207
93.560242
94.774682
93.352313
92.760014
92.555733
94.674652
93.373028
94.516093
93.544214
92.697859
93.187748
94.801584
92.769649
94.647050
93.438572
92.466537
93.374661
94.897982
93.558575
94.812011
93.588079
92.871476
93.457497
95.004401
93.647297
94.753416
93.559300
92.809403
93.205169
94.737303
93.299933
94.705636
93.562413
93.034881
93.507264
94.903889
93.667779
94.580930
93.598191
93.128649
94.199657
95.623057
94.360948
95.588964
94.724196
93.194968
94.872047
95.897539
96.075568
95.224736
93.912706
93.351772
94.899422
96.269202
95.098588
96.089023
94.791463
93.467290
94.247871
95.700858
94.163380
95.227492
93.983872
92.810900
93.277377
95.071290
93.688444
94.575653
93.340121
92.075426
93.305075
94.682677
93.137482
94.181251
93.367672
92.054481
93.124005
94.224333
92.639165
94.128325
93.078580
91.872274
92.691785
94.241482
92.864335
94.278237
92.756847
91.644766
92.732699
94.104707
92.982098
94.124386
93.491446
92.179083
92.960153
94.267493
93.136970
94.383329
93.228364
92.132922
93.352667
94.749087
93.435028
94.648090
93.555780
91.723445
93.663345
94.490258
94.625738
93.721331
91.831343
91.311707
93.058711
94.606508
93.642252
94.881862
93.711499
92.516084
93.137196
95.055961
93.519213
95.150204
93.630447
92.906760
93.287810
95.217949
93.430190
95.353649
93.947690
93.191700
93.623952
95.289028
93.713943
95.266876
93.873538
93.529541
94.264388
95.866625
94.137997
95.772627
94.213865
93.378133
93.837390
95.647777
93.812050
95.341191
93.782864
93.420418
93.183339
95.406257
93.210195
94.401354
93.045430
92.569759
92.613858
94.828561
92.920724
94.093494
92.970494
92.206836
92.141458
94.390804
92.420403
94.109114
93.448293
92.383448
93.333579
95.143077
95.216202
93.837379
92.559196
92.224577
93.324522
95.158903
93.305777
94.494465
93.177988
92.659068
92.536956
94.295843
92.413195
93.936110
92.451647
92.066401
92.457499
94.180894
92.630128
93.812033
92.650148
91.953259
92.724822
94.335822
92.768470
93.781715
92.992144
92.311166
92.689023
94.217371
92.488755
93.700672
92.747828
92.415104
92.489156
94.546639
92.864146
94.381469
92.925891
92.571638
93.227256
95.019196
93.446955
95.176195
93.603099
92.650611
93.744094
94.940332
93.356529
94.911771
93.471295
92.313582
93.752363
95.162706
93.310399
95.104165
93.480175
91.790313
93.284018
94.865269
95.001316
93.931250
92.477282
92.329671
93.935151
95.633370
94.773306
95.618010
94.732812
93.239923
93.958362
95.599747
94.060702
95.276618
93.924707
92.468692
93.554910
95.037351
93.449996
94.844736
93.745719
92.181662
93.484658
94.870425
93.344204
94.647177
93.552649
92.208660
93.072378
94.635319
92.938548
94.272527
93.047362
92.128204
92.424908
94.796307
93.180834
94.467985
93.070517
92.182283
93.135591
95.567017
94.596219
95.606500
94.274188
92.420645
94.681922
95.301697
94.398985
96.309065
96.076431
94.228175
96.339524
96.803635
96.463992
97.304005
96.970377
94.293476
97.652782
97.866194
98.081200
97.852890
96.327342
98.408627
100.000000
100.000000
100.000000
100.000000
100.000000
98.192386
100.000000
100.000000
100.000000
100.000000
100.000000
98.871701
100.000000
100.000000
100.000000
100.000000
100.000000
98.080110
99.129657
100.000000
98.721503
99.679525
98.974192
96.829873
97.035062
99.516519
97.579726
98.487976
97.822775
95.924119
96.350486
97.959170
96.088764
96.915175
96.053411
94.360984
95.294438
96.532923
95.358106
96.108195
95.543924
93.138688
95.059439
96.079162
94.848626
95.536365
95.075886
92.730505
94.838873
96.103266
94.838684
95.538862
94.775036
92.018080
94.522371
95.314218
95.479708
94.745420
92.373589
91.917901
92.641618
93.154638
92.383714
92.519255
92.482043
93.188226
94.279454
94.941400
94.476589
95.027051
94.997834
96.137749
95.962873
96.965106
96.273148
97.064947
96.489122
97.223844
96.674124
98.210208
96.583546
98.214822
96.857133
97.498434
96.861196
98.526442
96.659945
98.150958
96.933442
97.532992
96.862541
98.694033
96.735505
98.203430
97.272625
97.704628
96.959340
98.691460
96.776307
98.171746
97.092697
97.735436
96.981812
98.632428
96.780063
98.382646
97.029371
97.620445
96.971038
98.849233
96.841745
98.287062
96.912449
97.405066
96.773651
98.722012
98.645657
96.960589
97.482623
98.062518
97.257705
98.502326
96.770722
98.185606
97.028203
97.685855
97.022731
98.213131
96.878771
97.960151
96.859942
97.406712
96.826751
98.595139
96.738718
97.897730
97.010984
97.611817
96.895113
98.552295
96.830811
97.978616
97.009430
97.708721
96.983983
98.640159
97.028708
98.039702
97.148384
97.786905
97.087718
98.644744
96.966517
97.955983
97.118415
97.779073
97.174296
98.693940
96.922042
98.125033
97.048600
97.709820
97.015584
98.574878
96.842002
98.031681
96.935382
97.659589
96.843154
98.677419
96.845388
97.951126
96.980786
97.409288
96.746424
98.873186
98.340214
97.132573
97.453388
97.892789
97.195276
98.035466
96.788878
97.805911
97.044969
97.753144
96.893957
98.208232
96.742611
97.610147
96.930183
97.665551
96.927076
98.263867
96.736415
97.641739
96.884509
97.548363
96.915480
98.401978
96.804923
97.787669
97.172927
97.617828
97.024159
98.446855
96.785088
97.695234
96.973542
97.629239
96.846344
98.387548
96.751754
97.689317
96.909722
97.538366
96.838081
98.317675
96.729730
97.784665
96.873292
97.536759
96.889056
98.499710
96.613644
97.740756
96.840900
97.519603
96.840029
98.564479
96.709236
97.787255
96.854466
97.362050
96.725489
98.792984
98.025132
96.946877
97.342747
97.681351
96.978011
97.798537
96.555796
97.544166
96.938805
97.592036
96.930310
98.117117
96.656507
97.448458
96.846864
97.534233
96.864079
98.635601
96.693170
97.538534
96.859297
97.601195
97.000451
98.686579
96.685040
97.556049
96.821477
97.599028
96.937565
98.706843
96.675807
97.652763
97.018471
97.613196
96.983189
98.756952
96.694354
97.577795
96.998902
97.616926
97.041073
98.914071
96.788564
97.710422
97.050150
97.665467
97.076042
98.447686
96.794068
97.679215
96.994783
97.437879
96.925716
98.548649
96.721865
97.561527
96.884861
97.309528
96.765273
98.656141
97.949556
96.818930
97.364326
98.071221
97.374804
98.368338
96.878725
98.071411
97.023322
97.740346
96.958927
97.982686
96.708415
97.630635
96.836075
97.564338
96.704211
98.652635
96.494053
97.391555
96.793416
97.518149
96.748067
98.145048
96.558444
97.455436
96.759788
97.423754
96.753527
98.243880
96.662890
97.578105
96.792694
97.442290
96.814191
98.241015
96.692041
97.627356
96.849602
97.530043
96.783911
98.371735
96.680300
97.598867
96.847167
97.479821
96.739836
98.341294
96.624056
97.670541
96.885593
97.495065
96.676439
98.468135
96.666286
97.724040
96.760366
97.346604
96.691778
98.699513
98.186269
96.879830
97.295102
97.692350
96.839853
98.433338
96.632219
97.646888
96.936687
97.602758
96.992642
98.199889
96.628640
97.444258
96.904422
97.616010
96.976215
98.154264
96.724351
97.504764
96.962905
97.546337
96.893028
98.461752
96.746483
97.699826
96.815154
97.471819
96.779453
98.523339
96.682710
97.636068
96.911395
97.442215
96.794634
98.493887
96.692057
97.702925
96.963873
97.473328
96.762203
98.547565
96.601430
97.736856
96.716556
97.374137
96.766102
98.525151
96.574317
97.686566
96.736051
97.396902
96.743468
98.501797
96.618111
97.638750
96.795093
97.204243
96.650725
98.227014
98.176323
96.902769
97.224942
97.688194
96.902301
98.553645
96.601619
98.303811
97.029439
97.554266
96.844677
98.485256
96.633361
97.633102
96.870182
97.534713
96.709507
98.159062
96.547755
97.435665
96.805863
97.490976
96.790492
98.116719
96.454691
97.549373
96.778528
97.427327
96.687383
98.163857
96.505284
97.540828
96.872148
97.489940
96.939781
98.532729
96.633257
97.623418
96.722033
97.414306
96.668524
98.551448
96.609467
97.759024
96.777873
97.418210
96.695616
98.571306
96.676190
97.802449
96.887932
97.432060
96.708367
98.559082
96.629031
97.672409
96.791666
97.235286
96.502258
98.676606
98.203352
96.851647
97.302687
97.788772
96.873596
98.561508
96.538945
97.768448
97.031311
97.623898
96.687131
98.225597
96.610174
97.556268
96.841121
97.586973
96.829062
98.218248
96.567701
97.486699
96.747713
97.434687
96.721259
98.483832
96.646961
97.710806
96.972353
97.492637
96.782333
98.511415
96.591455
97.673476
96.905207
97.440585
96.787074
98.530579
96.645702
97.766463
96.889780
97.480354
96.817621
98.578126
96.685609
97.801602
96.894524
97.427284
96.799134
98.575992
96.754078
97.941132
97.018834
97.515612
96.783566
98.578456
96.828648
97.659514
96.815560
97.295244
96.739500
98.570118
98.149024
96.897855
97.349880
97.852189
97.200067
98.469485
96.837186
98.230842
97.142210
97.707517
96.825112
98.278243
96.652319
97.564984
96.956676
97.540431
96.903832
98.415915
96.739622
97.627395
96.953552
97.534384
96.884851
98.490588
96.726836
97.852556
96.986008
97.588852
96.904689
98.536569
96.762313
97.875218
96.935124
97.534254
96.914125
98.603194
96.797007
97.907279
96.873262
97.516305
96.862089
98.625435
96.871151
97.935733
97.053699
97.580511
96.907786
98.577768
96.854650
97.876974
96.994914
97.591984
96.908831
98.758627
96.844329
97.867034
97.060717
97.401421
96.935417
98.909999
98.305320
97.041845
97.503826
97.840340
97.012455
98.497906
96.701988
98.193005
96.942435
97.674601
96.848252
98.341092
96.684280
97.552684
96.926746
97.549291
96.719061
98.449784
96.527796
97.647413
96.793806
97.590216
96.818978
98.450956
96.700642
97.759734
96.980239
97.603861
96.831617
98.457021
96.720351
97.779999
96.921381
97.584399
96.840509
98.468228
96.632197
97.817187
96.948397
97.604435
96.793297
98.493897
96.718585
97.721370
96.885187
97.507459
96.720298
98.401100
96.631792
98.238878
96.990081
97.463090
96.698596
98.551493
96.727267
97.608243
96.863062
97.288329
96.611855
98.247608
98.011221
96.734099
96.300605
100.000000
99.020118
99.123932
96.410695
97.612143
97.343307
99.710213
98.761865
99.210130
97.535752
96.995510
96.266211
97.642906
95.882555
96.796920
95.783809
96.569975
96.177351
97.330226
95.718642
96.630518
95.237466
96.385444
96.693343
98.151973
97.092065
98.636085
97.633274
98.537853
98.259314
98.829206
96.657545
97.834304
96.773428
98.400268
98.855040
100.000000
100.000000
100.000000
98.694627
98.838956
98.182478
99.596392
98.932912
100.000000
98.779891
99.382306
97.973216
98.662106
97.166774
98.611846
97.330858
98.642329
97.708638
98.363979
97.240581
98.987312
98.603154
97.583475
98.303489
99.259579
97.881431
99.793939
98.870931
99.961748
99.206740
100.000000
97.365476
99.046797
98.768191
100.000000
100.000000
100.000000
99.657313
100.000000
99.499917
100.000000
100.000000
100.000000
98.447137
98.688076
96.197345
96.319513
95.927526
97.765987
96.014474
97.043380
95.664859
97.315947
97.985884
99.869925
98.761719
99.952973
97.383940
98.336480
97.716226
99.570772
98.629787
99.922706
98.639971
99.890705
98.813631
99.956964
98.160031
98.384579
95.849734
97.355033
96.628448
98.572631
98.177079
100.000000
98.225611
97.779084
95.390755
96.655128
95.720832
97.139586
97.007382
97.140879
97.916712
98.910508
97.021021
98.127334
96.520164
97.134850
96.478424
98.298180
96.515759
97.492520
95.853303
97.012463
97.105663
99.479386
98.090747
99.200871
97.454460
98.687274
98.929785
100.000000
100.000000
100.000000
97.837962
97.062891
95.671068
97.400459
95.737079
97.039884
96.169627
98.085434
97.745460
98.763418
97.657868
98.608339
96.802722
97.434997
96.879298
98.342277
97.115970
98.765212
97.750622
98.587422
97.374591
98.424096
96.950329
98.742530
97.615092
98.942587
98.310916
99.549478
98.412757
100.000000
99.088732
99.777490
97.522619
97.919973
97.043879
99.585266
99.524795
97.941788
97.851980
98.761302
96.820552
97.573070
96.483705
98.407213
97.976978
99.201603
97.482744
98.129296
96.486772
97.839333
97.713176
99.257223
98.248647
99.494994
98.058975
98.661890
98.135462
99.522613
97.889901
99.040926
97.643272
98.706010
98.607056
100.000000
100.000000
100.000000
98.276384
98.921059
98.444765
99.213004
96.768844
97.278892
95.822516
97.016295
96.617018
97.560032
95.744458
96.707731
95.101746
96.271350
96.865124
98.800983
97.552302
98.792606
97.625949
99.237421
98.695125
99.876561
98.404330
99.992751
98.379228
99.158918
97.699448
98.802003
96.549896
97.270472
96.723036
96.008636
97.647206
99.239142
96.561912
96.939483
96.269469
99.303244
99.529220
100.000000
96.521001
96.738952
95.346237
96.631705
97.044436
98.730270
97.140691
97.390469
95.624626
96.634062
96.564261
98.366147
96.760955
98.340025
97.432422
98.617656
98.480730
99.968306
98.324009
98.967963
97.111180
97.865747
97.515967
100.000000
99.699910
99.086012
95.526086
97.259769
99.153453
99.048016
96.391134
97.336325
95.258123
96.594024
98.544272
99.536417
95.959689
96.988722
95.182673
97.209822
98.534389
99.243230
96.683727
97.941386
95.996261
97.838007
98.658437
99.821059
97.469503
97.880883
97.329621
96.649102
97.823304
99.310946
97.229189
97.405087
95.849960
98.104205
99.414154
100.000000
97.312560
96.939600
95.506127
96.396176
97.206432
98.488489
96.182484
96.876098
95.984059
98.334809
99.345043
99.736916
97.345362
98.091895
96.777509
98.288798
97.949642
99.071169
97.213908
97.739692
96.252561
97.124534
97.278097
99.378076
97.724854
97.992618
96.657205
97.686434
98.331309
99.521547
95.953904
96.855249
97.490994
99.103609
98.734669
99.894823
98.999283
99.930412
96.842640
96.570552
96.219069
97.459042
96.337685
98.874648
98.306933
99.014710
97.543632
97.828621
96.572951
97.733703
98.370665
98.158744
99.283172
99.812502
97.438605
98.191026
96.957476
98.123253
97.855979
98.635027
96.849421
97.759196
97.877116
98.378503
97.611234
98.945339
98.058830
99.446225
98.565209
98.351120
97.688180
98.979882
97.863588
98.717094
97.603812
98.111181
97.259222
98.346438
96.794501
98.128382
98.013658
99.274327
98.655189
99.512265
97.710933
98.360563
97.017699
98.483774
97.774725
98.782309
97.309567
97.756130
96.548697
98.620230
98.853456
99.293503
97.409776
98.210562
97.541668
98.197099
96.532449
97.613763
96.666026
98.584026
97.029064
98.111979
97.337227
98.771448
98.089492
98.767996
98.257080
97.245457
98.198417
99.354958
98.522729
99.721375
98.126699
98.169677
97.569816
98.749272
96.969813
97.293566
95.916036
96.593933
96.176115
97.746125
97.344678
99.547820
98.707930
98.573357
96.359327
97.339280
96.001050
97.183737
97.543910
99.502119
97.854335
98.222013
96.729764
97.628338
96.925906
98.283342
97.769399
98.441758
96.649753
97.393211
96.365410
97.374456
97.061399
98.346411
96.772432
97.766069
96.644786
97.556007
97.271709
98.751013
97.677469
98.894649
98.057013
99.199922
97.951615
97.476019
95.796196
96.958960
96.245534
98.613458
98.741695
99.728062
97.330691
97.609610
97.721374
96.891538
98.607705
100.000000
99.884563
99.582764
97.489373
97.941963
97.487694
99.011291
97.383718
97.926631
96.448344
96.865634
96.657298
98.893332
97.373553
97.249463
95.899813
96.678625
97.190539
98.761666
97.107003
97.294314
96.254100
97.648530
97.797156
99.042632
97.571295
97.891646
96.929863
97.141607
96.537741
97.912447
96.468154
96.908396
96.065124
96.963918
96.811781
98.427100
97.474055
98.435994
97.518026
98.103927
97.650277
98.856241
97.381313
98.284116
96.482994
97.165567
97.331303
99.240305
97.748148
99.592309
98.833871
99.677677
97.805954
97.721445
96.122460
97.299655
97.750144
98.126007
99.906617
100.000000
98.447609
98.032872
96.667234
98.490803
99.278288
100.000000
98.970998
98.353912
96.304128
96.787718
96.610492
98.379550
97.243451
97.866377
96.714008
97.656535
97.232168
98.496010
97.213114
98.234980
98.163103
98.299376
97.902167
98.691254
97.037735
96.701827
95.684022
96.701905
96.123565
97.349305
97.484621
99.212083
98.114822
98.577593
98.120524
99.770486
98.889117
98.532527
96.133216
96.795561
96.361870
98.546169
98.242453
98.666823
96.407865
97.148923
96.582250
98.102983
96.503929
97.947958
96.778391
97.832450
97.085474
97.890372
96.283292
97.855781
100.000000
100.000000
100.000000
97.233467
96.976269
97.220828
96.190709
97.012925
96.645389
97.520727
96.741539
97.299430
96.075588
96.782762
96.753971
97.543018
96.497065
97.225673
96.235368
96.721879
96.782696
97.685679
96.663454
97.203208
96.185850
96.750956
96.565166
97.613070
96.509553
97.156266
96.150151
96.682074
96.516554
97.577108
96.617807
97.228660
96.175296
96.708528
96.516960
97.657787
96.551011
97.231915
96.048688
96.700572
96.536587
97.531873
96.518027
97.283517
96.050756
96.746884
96.613138
97.543694
96.781740
97.425332
96.124325
96.858559
96.315160
97.044639
96.223569
96.991058
97.113295
96.498626
97.133677
98.132525
97.129927
97.788382
96.386513
97.061709
96.672615
97.782412
96.673702
97.653884
96.297522
96.935193
96.579666
97.743520
96.638241
97.370625
96.028438
96.795369
96.718040
97.739528
96.567637
97.132501
95.935162
96.470546
96.348700
97.543496
96.473650
97.128139
95.746547
96.578019
96.233508
97.404239
96.496685
97.165130
95.756567
96.641903
96.284394
97.467953
96.153386
97.141696
95.863125
96.383199
96.100409
97.435107
96.234287
97.180929
95.706664
96.369602
96.066986
97.300950
96.081086
97.356584
95.761170
96.467204
95.835816
96.743278
95.602752
96.278718
96.371024
95.692558
96.508597
97.667083
96.204006
97.080466
95.537968
96.746825
95.994414
97.357317
95.845313
96.906055
95.310005
96.176757
95.792308
97.199488
95.592272
96.685945
94.870554
95.962556
95.387399
97.058191
95.482812
96.261587
94.776317
95.662240
95.294557
96.954109
95.445784
96.155465
94.645547
95.679563
95.195902
96.766574
95.485147
96.299542
94.787564
95.664268
95.233790
96.712824
95.206021
96.275318
94.691534
95.650975
95.260955
96.721393
95.352618
96.385104
94.667177
95.648490
95.217087
96.612818
95.397042
96.658816
94.819301
95.685757
94.986114
96.051301
94.954955
95.900898
95.948051
95.096152
95.962748
97.425421
95.895525
96.772466
94.982560
95.989158
95.520748
97.035599
95.336914
96.712643
94.746448
95.638275
95.334516
96.905500
95.071105
95.908255
94.539636
95.645147
95.135338
96.777864
94.970024
95.598073
93.983825
95.150892
94.729144
96.421398
94.717574
95.475316
94.053178
95.217663
94.749602
96.384189
94.902779
95.670248
94.225652
95.344830
95.024627
96.471092
94.901068
95.846473
94.427521
95.547156
95.031737
96.504798
94.896731
95.846241
94.568824
95.588678
95.017862
96.492056
95.103290
96.498415
94.770455
95.575701
94.836514
95.651778
94.877049
95.886855
95.931452
95.290599
95.965456
97.506286
95.981639
96.954203
95.188037
96.130527
95.752977
97.133882
95.536863
96.264321
94.728804
95.871648
95.419149
97.013613
95.498927
96.167459
94.671104
95.621271
95.440181
96.956550
95.403053
96.150389
94.567555
95.639938
95.196224
96.645468
95.315200
96.170374
94.737199
95.744918
95.500004
96.787489
95.507992
96.232108
94.864692
95.699267
95.366113
96.732200
95.597678
96.396843
94.879890
95.809981
95.415041
96.809153
95.528948
96.494202
95.012210
95.826021
95.427193
96.664217
95.562963
96.720290
95.008294
95.904119
95.314464
96.115578
95.149514
96.137554
96.300220
95.500378
96.276997
97.513424
96.071399
96.921052
95.232086
96.230299
95.891039
97.013459
95.579259
96.237196
94.978145
95.976870
95.646590
96.993587
95.381512
95.956398
94.587871
95.607371
95.361787
96.669102
95.078842
96.105972
94.607478
95.615094
95.314671
96.802962
95.282599
96.294227
94.685128
95.693280
95.372964
96.780378
95.277868
96.175648
94.729520
95.763798
95.516346
96.810583
95.399717
96.431071
94.906042
95.815046
95.484135
96.767775
95.577697
96.603892
95.077751
96.089792
95.507940
96.812652
95.735588
96.856392
95.177953
96.176289
95.396553
96.208781
95.287648
96.096944
96.158385
95.539881
96.296874
97.343080
95.964691
96.824208
95.066305
96.078351
95.655270
96.971926
95.389904
96.068525
94.573148
95.703975
95.237131
96.849733
95.158615
96.013172
94.423251
95.441796
95.172529
96.687013
95.140348
96.083642
94.341955
95.440079
95.133366
96.483938
95.001158
96.046019
94.307201
95.373707
94.920089
96.569500
94.933805
96.012954
94.257523
95.459605
95.183989
96.651396
94.990588
96.140696
94.449825
95.564361
95.146668
96.576838
95.262147
96.279749
94.751143
95.741656
95.180620
96.498131
95.207740
96.843392
95.085191
95.983670
95.242005
95.936635
95.185240
96.038701
96.200634
95.424681
96.280884
97.271311
95.900252
96.754718
95.128800
96.272395
95.736744
96.919822
95.291764
96.176020
94.453077
95.533984
95.338706
96.817311
95.075789
95.926668
94.240493
95.310433
95.096567
96.691998
95.042952
95.837938
94.360177
95.263619
95.155176
96.571132
95.137812
96.082851
94.519953
95.493430
95.246598
96.629322
95.138737
96.136995
94.658625
95.567068
95.220143
96.642143
95.294213
96.241101
94.775208
95.618131
95.299901
96.579106
95.302508
96.304161
94.915010
95.832166
95.478746
96.551447
95.501063
96.604560
95.044890
95.936061
95.447618
96.156136
95.268811
96.069612
96.182392
95.547512
96.372625
97.376029
96.125164
96.845411
95.535543
96.501410
95.983787
97.169755
95.801515
96.730802
95.473500
96.459298
95.897409
97.084774
95.802603
96.491518
95.175588
95.939664
95.814128
97.142642
95.751734
96.395055
95.187084
95.881329
95.885381
97.105301
95.800002
96.609030
95.342671
96.136202
96.070364
97.239715
95.841407
96.593833
95.365278
96.204354
96.187727
97.297686
96.127032
96.843461
95.657484
96.397786
96.113674
97.323101
96.234370
96.981815
95.766092
96.289880
96.192745
97.395513
96.327509
97.308478
96.096033
96.683843
96.248187
96.966970
96.226201
96.527071
96.586856
96.345498
96.939906
97.939749
96.875156
97.501996
96.113981
96.904375
96.622230
97.662381
96.636678
97.335718
96.104901
96.750041
96.655823
97.704341
96.458344
97.225130
96.108681
96.713262
96.766447
97.738426
96.707450
97.065823
96.078994
96.700548
96.664138
97.708621
96.744437
97.070397
96.188978
96.682295
96.607140
97.647651
96.837801
97.219396
96.359366
96.878952
96.699535
97.720889
96.845360
97.285185
96.459369
96.938734
96.802750
97.762186
96.927993
97.413648
96.370057
96.939268
96.925134
97.703224
96.807516
97.648084
96.453575
97.113534
96.720876
97.318895
96.601357
97.059232
97.242988
96.912249
96.818391
98.735824
97.513407
97.564250
95.789995
96.763884
96.393501
97.975125
96.087498
96.298810
95.470975
96.289705
96.112238
97.778941
95.803046
96.328888
95.738541
96.748537
96.706230
97.653642
95.832054
95.769441
94.312779
94.956443
95.112103
96.451815
94.816597
94.998152
93.963354
94.819931
94.998794
96.532691
94.847314
95.235808
94.423044
95.362716
95.678558
97.230921
95.672758
95.692709
94.634264
95.637585
95.521315
97.058853
95.482484
95.704992
94.263618
95.119423
94.952156
96.317139
94.955052
95.630038
94.342257
94.982595
94.637295
95.678694
94.790983
95.426055
95.396207
94.904064
95.792929
97.979625
96.747671
97.070226
95.527587
96.385826
95.880621
97.262995
95.601761
96.133820
94.968645
95.994310
96.167268
98.210884
96.508359
97.003378
95.591245
96.407522
96.358608
98.486697
96.912694
97.230532
95.465834
96.113008
95.988325
97.660914
95.940866
95.975822
94.539412
95.792303
96.664860
99.163967
97.293786
97.298621
95.991821
96.658230
96.225084
97.597087
95.633104
95.604534
94.077271
94.922472
94.831642
96.478286
94.956557
95.297844
94.075031
94.939542
94.883927
96.206400
94.639343
95.465240
94.068450
95.078921
94.669755
95.749689
94.310456
94.915854
94.922070
94.753519
95.830279
98.541403
96.722854
96.859961
95.090597
95.740763
95.582172
96.916144
95.104504
95.617686
94.522772
95.945537
95.801639
96.804755
94.802612
95.142210
93.966414
95.083690
94.999464
96.479802
94.578045
95.366186
94.446403
95.561938
95.585291
97.047452
95.200891
95.269224
93.818030
94.831062
94.555478
96.578565
96.256342
97.474690
95.832624
96.315981
96.243863
97.981454
95.565562
95.940329
94.551234
95.195893
95.076549
97.128271
94.917344
95.361327
93.857292
95.007828
94.949160
96.981670
95.433568
96.063365
94.217510
95.117252
94.515444
96.020379
95.883737
97.010783
95.998350
94.487089
95.565802
97.831290
96.878892
98.892726
97.947159
98.007979
96.075950
96.771654
94.813232
95.840184
95.687002
96.605350
95.751085
97.304127
95.527067
96.559917
95.793382
96.039571
94.933877
96.418914
94.345219
95.268706
94.667480
95.194467
94.720058
96.403927
94.492796
95.779750
95.332966
95.089245
94.871752
96.614637
95.651177
95.672226
94.254936
95.237156
95.505512
97.985777
96.799203
96.370822
94.514282
95.420809
95.376111
97.116443
95.144891
95.331006
94.062455
95.012931
95.432161
97.126436
95.071186
95.743141
94.616193
95.839690
95.762507
97.404284
95.682743
95.102355
95.052241
95.638364
96.356990
98.523603
96.760141
97.156821
95.290184
95.969596
95.717529
97.604541
95.795045
95.722332
94.400864
95.530383
95.557273
97.497296
95.191149
95.303452
93.896349
95.159230
95.197218
96.806985
94.705659
95.084908
94.111846
95.615691
95.408038
96.316215
94.725655
96.184144
95.902263
96.042391
95.762945
97.261561
96.725274
97.734010
96.237861
96.087417
95.250904
96.816463
94.900437
95.639174
94.442595
95.021971
94.737366
96.407391
94.558089
94.889373
93.480925
94.430984
94.350419
96.277783
95.520118
95.847148
93.676486
94.476262
94.432454
95.606432
94.211025
95.059655
95.337698
95.757336
96.792146
98.872948
96.560114
96.856752
95.377213
96.423431
95.769224
96.915663
94.798822
95.264967
93.867071
94.932792
95.183464
97.709779
96.335811
96.094616
94.607388
95.807205
96.710474
98.528158
95.072780
95.499249
96.021186
97.068487
95.691855
96.457967
94.582759
95.598820
95.421603
96.218660
95.275388
96.455190
94.405894
94.808554
93.426530
94.834363
94.458904
96.392459
95.289042
95.865962
94.227647
95.123939
95.793117
97.456930
94.981367
94.845292
93.655235
95.268018
94.881854
96.471296
94.942640
95.769362
94.698533
95.177147
94.718743
95.889369
94.900921
95.755941
95.708061
94.832395
95.875751
98.010468
96.043078
96.452245
94.648905
95.781667
95.882913
97.459374
95.568944
96.127559
94.921858
96.009236
95.496336
96.867701
94.944099
96.460396
95.982900
96.434118
96.092982
97.781223
95.919753
96.280555
94.954892
95.051902
94.581477
96.381937
94.869096
95.068914
93.788863
94.831043
94.658108
96.166812
94.343107
94.812989
93.695777
95.114639
95.469888
96.404641
94.408241
94.929278
94.727044
95.643536
94.987312
96.191795
94.424096
95.013414
93.953309
95.346767
94.981548
96.450539
94.911775
96.224985
95.103648
95.512793
94.902769
96.059487
94.795143
95.561089
95.958086
96.012998
97.891692
100.000000
99.286211
99.266236
97.799856
99.272908
99.086077
99.427578
95.132884
94.660627
93.666096
94.820938
94.896722
96.769233
94.647116
94.998668
94.007055
95.375246
96.004742
97.993117
96.394604
96.605670
95.173914
95.666216
95.544557
97.229255
95.614183
96.186269
95.625012
97.067663
96.923258
98.184046
96.729320
96.981189
96.926183
98.792649
99.357813
100.000000
98.361690
97.816689
97.115929
97.820818
97.719721
99.545385
98.797792
99.523305
98.424500
98.527924
98.124715
99.908000
99.154247
100.000000
98.837935
99.271498
98.319309
99.116789
98.345682
99.854699
100.000000
99.896344
100.000000
100.000000
97.416243
96.717635
95.243337
97.127389
97.940649
99.892444
97.269130
96.656326
94.915154
95.954782
96.307494
98.736305
97.733272
98.641627
97.589754
97.597553
96.671218
97.654850
95.792657
97.025848
96.605149
96.856291
97.065682
98.649992
97.240159
97.485493
96.653603
97.789982
98.152423
99.273707
96.842690
96.128728
93.923786
94.803501
95.004721
97.157162
96.205234
97.001548
95.944543
96.119420
95.426209
96.852071
94.929958
95.402508
94.156442
95.683597
96.133683
97.454659
94.822776
95.308962
93.835813
95.035896
95.801901
96.675162
94.972711
96.087895
96.938112
96.030988
96.291181
98.214954
96.604690
97.918913
96.351308
96.003204
95.256130
96.558785
94.792298
95.329192
94.545937
95.004264
94.748878
96.545485
94.712886
94.544504
93.545022
94.888396
94.552182
95.866639
94.231669
94.347667
93.604482
95.070911
94.881207
96.077662
94.529686
95.210781
95.410892
96.215479
95.245607
96.277289
94.489134
94.940897
94.312794
95.346489
94.688551
96.049252
94.335261
94.888189
93.613993
94.745022
94.557797
96.352648
94.620974
95.155961
94.329284
95.023869
94.456519
95.980068
94.722973
95.885000
94.870660
95.787965
95.549681
97.008903
96.535711
96.935101
96.726025
95.391954
98.083525
