98.496715
98.203084
98.375619
97.682863
97.973772
97.783682
97.939750
97.457843
98.178771
97.538522
98.073525
97.753056
98.179525
97.777773
98.101304
97.514690
98.111795
97.678934
98.173801
97.696332
98.223550
97.637461
98.196157
97.859477
98.405444
97.728153
98.291047
97.564360
98.271834
97.910136
98.484722
97.723569
98.258036
97.561682
98.268094
97.997677
98.297834
98.009453
98.235864
97.755910
98.211095
98.086014
98.459683
98.029933
98.327410
97.663224
98.258090
98.061102
98.391935
97.837442
98.340033
97.673003
98.172314
97.763781
98.149448
97.830135
98.167856
98.151386
97.997994
98.097568
99.061122
98.437271
98.748585
97.977189
98.472433
98.214210
98.651460
98.130680
98.419444
97.930455
98.413911
98.166886
98.573951
97.957801
98.395424
97.656877
98.179460
98.111502
98.563081
98.002595
98.220614
97.722459
98.144732
98.025414
98.432021
98.036165
98.275358
97.854244
98.228407
97.848585
98.454383
97.776579
98.214825
97.851323
98.120140
97.980065
98.435845
98.134466
98.325752
97.664519
98.159530
98.082552
98.347991
97.959810
98.344388
97.699894
98.168359
97.937027
98.362649
98.046164
98.310963
97.840665
98.191393
97.670338
97.979550
97.645877
98.156657
98.076833
97.845162
98.142074
99.097115
98.214381
98.561510
97.783216
98.110452
97.993169
98.406115
97.957514
98.206558
97.778968
98.182128
97.939612
98.353922
97.853582
98.142978
97.589864
97.972276
97.881175
98.389520
98.108374
98.087826
97.756494
98.054173
97.962588
98.236998
97.898508
98.176901
97.679215
98.001077
98.001983
98.253849
97.824049
98.124370
97.763543
98.009751
97.831050
98.258137
97.855117
98.105062
97.775019
98.035612
97.808124
98.315998
97.702522
98.203659
97.634634
98.012500
97.831336
98.263206
97.785756
98.031396
97.518391
97.857382
97.731276
97.863520
97.685678
97.763767
97.764044
97.770446
97.949820
98.915604
98.490226
98.527672
97.853524
98.223265
97.956458
98.435946
97.917857
98.259894
97.833849
98.165088
98.006066
98.424451
97.867387
98.083856
97.724593
98.064715
97.841100
98.412208
97.987129
98.071829
97.693244
97.855986
97.707404
98.231597
97.777871
98.149823
97.599664
97.961553
97.683149
98.203040
97.765822
97.886880
97.522183
98.036012
97.747659
98.116129
97.771826
97.959885
97.473230
97.776388
97.693721
98.142350
97.666920
97.963770
97.332770
97.894043
97.544503
98.116538
97.601270
98.025533
97.597376
97.847358
97.549085
97.725218
97.651642
97.657290
97.704627
97.565151
97.793018
98.797140
98.453644
98.503768
97.620015
98.150163
98.042668
98.300020
97.810089
98.099785
97.850169
98.135540
97.916302
98.325700
97.893317
98.093025
97.575328
98.019721
97.977133
98.287330
97.819716
97.990799
97.570235
97.867233
97.694197
98.253483
97.730666
97.998129
97.630858
97.863346
97.778275
98.202960
97.861467
98.060211
97.662509
97.837811
97.830221
98.223680
97.875751
98.014098
97.446141
97.932926
97.781095
98.090939
97.677187
98.003394
97.510319
97.884668
97.705247
98.181960
97.606045
97.971934
97.475752
97.734228
97.478205
97.748858
97.502765
97.743577
97.831772
97.592549
97.846515
99.019914
98.226405
98.423677
97.699109
98.100302
98.040204
98.362660
97.941368
98.151989
97.699828
98.118847
97.977326
98.335440
97.945244
98.055517
97.787435
98.085250
98.020344
98.322536
97.954014
97.988748
97.719983
97.944983
97.933449
98.161372
97.875999
98.039042
97.516142
97.890176
97.867280
98.391254
97.747401
97.973611
97.466605
98.025826
97.782069
98.232366
97.934746
98.095326
97.508047
97.933697
97.721205
98.360166
97.797600
98.100123
97.487572
98.031238
97.776631
98.140177
97.925150
98.011735
97.591391
97.959698
97.519280
97.939605
97.660387
97.738304
97.896427
97.780091
97.863438
98.724346
98.123922
98.330568
97.658616
97.960827
98.014832
98.235094
97.921785
97.938187
97.484470
98.051045
97.860633
98.208179
97.816744
97.934083
97.398596
97.785419
97.782233
98.138820
97.729809
97.905182
97.609502
97.874855
97.728326
98.050916
97.842205
97.964930
97.565783
97.769929
97.583447
98.102195
97.718234
97.936495
97.602061
97.823517
97.866900
98.110096
97.831882
97.875626
97.607565
97.848764
97.649713
98.100660
97.867346
97.965624
97.599782
97.746960
97.772750
98.097199
97.819131
98.006896
97.617692
97.741385
97.650351
97.677347
97.528750
97.434601
97.424252
97.432758
97.727013
98.756358
98.293699
98.176869
97.485313
98.050286
97.858694
98.336768
97.826575
98.103425
97.599250
98.007830
97.863417
98.395563
97.783706
97.932358
97.389721
97.926643
97.901409
98.335408
97.794898
97.921494
97.367157
97.814917
97.790311
98.192337
97.582015
97.846068
97.544692
97.827177
97.650042
98.211361
97.709057
97.902127
97.417076
97.819242
97.679342
98.145176
97.902949
98.062774
97.644489
97.891706
97.877187
98.145234
97.857782
97.924572
97.408514
97.720011
97.813527
98.120580
97.644855
97.905177
97.399747
97.689776
97.438677
97.685116
97.479025
97.564923
97.617240
97.432161
97.785015
98.795225
98.215117
98.320519
97.564657
97.929892
97.644995
98.249524
97.780646
97.940201
97.577333
97.864855
97.805599
98.213190
97.608225
97.846503
97.472395
97.768841
97.612359
98.161271
97.658640
97.785826
97.397282
97.704353
97.545543
98.191629
97.652930
97.793934
97.326237
97.732857
97.620415
98.087464
97.645957
97.882579
97.397611
97.582257
97.642411
98.003483
97.526844
97.829738
97.435048
97.739959
97.489161
97.979395
97.592568
97.787129
97.375022
97.724140
97.428375
97.938889
97.441864
97.771163
97.260075
97.660297
97.419139
97.614952
97.385042
97.616033
97.641513
97.539090
97.669471
98.657661
98.315620
98.259982
97.647203
97.993587
97.752331
98.177045
97.864727
98.067793
97.342479
97.846093
97.736616
98.132243
97.746595
97.830174
97.313588
97.734365
97.684496
98.236870
97.637011
97.707678
97.299193
97.728658
97.497548
98.107819
97.429655
97.815873
97.288027
97.698958
97.657605
97.995864
97.750015
97.851668
97.400206
97.681415
97.666661
98.024981
97.725900
97.767764
97.428285
97.660408
97.383403
98.026852
97.662781
97.874199
97.402218
97.725475
97.590548
97.889553
97.650544
97.860004
97.421597
97.673669
97.444526
97.732979
97.249189
97.453810
97.484676
97.426774
97.472239
98.948535
99.564750
100.000000
99.516340
99.989673
99.482845
99.064573
99.524511
100.000000
99.857389
100.000000
99.896813
99.392468
99.903754
100.000000
99.811929
100.000000
99.612824
99.094999
99.633175
99.871714
99.354945
99.743229
99.584531
99.171501
99.532995
99.562550
98.937395
99.552769
99.362361
98.965074
99.748759
100.000000
99.515657
99.892147
99.402419
98.588423
99.414051
99.885651
99.450214
99.945457
99.653210
98.633599
99.070823
99.680620
98.847552
99.250000
99.260056
98.343501
98.843764
99.863639
99.050167
99.378207
99.015583
98.063271
98.606395
99.003046
99.029946
98.772435
97.754265
97.795613
98.552331
98.921939
98.332640
98.963919
98.544473
97.848031
98.228291
99.100936
98.061685
98.805921
98.165606
97.480419
97.524628
98.512773
97.198137
97.912192
97.478739
96.691832
97.270823
98.098353
97.361928
98.108500
97.356606
96.840385
96.670512
97.902867
96.640898
97.479900
96.265294
95.970370
95.862697
96.876665
95.601397
96.377311
95.734875
95.728241
95.995967
97.113760
96.418583
97.108318
96.260380
95.458885
95.544035
96.582730
95.462857
96.285285
95.623540
95.034451
95.029950
96.215611
95.179563
96.018765
95.406330
94.864082
95.274340
95.943904
95.959012
95.031593
94.154681
93.315681
93.747827
95.415449
93.843481
95.144188
94.392839
94.554533
93.245602
94.867313
93.244739
95.017819
94.096916
94.360627
94.190796
95.638363
94.277213
95.638288
95.077818
94.694680
94.786388
96.266899
94.754206
96.098513
95.215394
94.958882
94.545536
96.406889
94.981876
96.510965
95.339274
95.007734
95.118616
96.772048
94.740723
95.754797
94.540672
94.367421
93.838933
95.460477
93.454921
95.173648
93.598046
93.471345
92.829593
94.777482
92.452869
93.844703
92.396222
92.709725
91.438928
93.490357
91.362435
92.672703
91.590382
91.225766
91.533064
93.277197
93.327527
92.216092
91.517249
91.803279
91.807878
93.568597
91.676636
93.409269
91.897315
92.464890
90.985327
93.380922
91.155508
93.063055
91.531776
92.348486
91.394678
93.550858
91.642811
93.111571
91.512739
92.117855
91.512684
93.659873
92.143195
93.566372
92.037671
92.383266
91.976090
93.657117
92.027071
93.544514
92.339581
92.616904
92.298583
93.697023
92.031304
93.387760
91.871631
91.914176
90.897181
93.317765
91.252745
92.811538
91.878699
92.065056
91.400963
93.812581
91.798012
93.287470
91.792398
92.434350
91.443669
93.552426
91.561904
93.372179
91.740011
91.740640
91.303899
92.902159
92.897122
91.289225
91.577486
91.228811
90.549485
92.746548
90.860622
92.169361
90.839380
91.762667
89.600948
92.003074
89.992557
91.545379
89.716387
90.627614
89.101550
91.514638
89.680838
91.166490
89.948810
90.296578
89.821938
91.260858
89.501309
90.928117
89.377608
89.836523
89.888622
91.623696
89.702613
90.959562
89.790818
90.162865
89.797207
91.437707
89.917649
91.239005
89.889509
90.080012
89.414066
91.312293
89.806648
91.420806
89.910689
90.410723
90.087276
91.748543
90.301656
91.365911
90.256819
90.802405
90.741343
92.282317
90.803212
92.217223
91.235986
90.778397
91.729745
92.764924
93.068466
92.262965
91.523220
91.610120
91.876441
93.238654
91.772268
92.768630
91.701351
91.175053
90.273348
92.418215
90.646854
91.742486
90.384483
90.404274
89.266648
91.728051
89.367214
90.503983
89.089294
89.163704
88.472220
90.646854
88.937764
90.308960
88.830684
88.731690
88.594570
89.984274
88.501691
89.970398
88.622699
88.365194
87.967868
89.893632
88.196700
89.985027
88.538743
88.233607
88.191506
89.838247
88.466859
89.938855
88.970347
88.926296
88.457845
90.262911
88.941509
90.338928
89.061104
88.753921
89.271565
90.691248
89.172452
90.478173
89.415000
88.367842
89.557143
90.614476
90.745770
89.196632
88.367101
88.715568
89.208260
91.210080
89.740698
91.426235
89.796673
90.229498
89.128409
90.946701
89.511063
91.161524
89.464817
89.950188
89.175789
90.900052
89.369343
91.325122
89.854546
90.145573
89.572838
91.380725
89.754522
91.241902
89.853043
90.440990
90.130044
91.830946
90.009392
91.862028
90.127798
90.341592
89.622787
91.765852
89.695564
91.412903
89.642952
90.367777
88.787013
91.262697
89.079011
90.402858
88.918508
89.463377
87.881909
91.016821
88.475861
90.358838
88.958660
89.218099
87.727692
90.538403
87.756513
90.179651
89.233947
89.175661
88.974772
91.017873
91.188903
89.606275
89.583592
89.815153
88.889256
91.214902
88.848160
90.249675
88.901024
89.704908
88.244251
90.522044
88.215679
89.965249
88.393885
88.965325
88.082215
90.097255
88.355036
89.729707
88.439969
88.739088
88.302458
90.398210
88.302153
90.184484
88.573368
89.001608
88.029726
90.149459
87.955972
89.573279
88.642472
89.240871
88.065641
90.657374
88.809595
90.549994
88.677400
89.543092
88.604987
91.356687
89.043553
91.012627
89.796863
90.056849
89.497948
91.061471
89.350906
90.982556
89.644464
89.622431
89.518624
91.104036
89.079082
91.608085
89.741492
88.317374
89.527345
91.329581
91.500484
90.126148
89.509020
89.976399
90.052355
91.830399
90.849966
92.091967
90.796467
90.290546
90.661860
91.661585
90.047750
91.701684
90.084407
89.474957
89.896125
91.271558
90.001169
91.484961
90.151240
89.067684
89.143109
91.183939
89.405905
91.101096
89.634331
89.307951
88.611597
90.963620
88.885179
90.411940
88.984197
89.081339
89.006051
91.160615
89.183275
90.746745
89.246323
89.473650
89.406734
92.057294
90.355348
91.626198
89.772048
89.372301
90.644128
91.743813
90.304534
92.804817
92.846001
91.793067
93.461749
93.704945
93.298619
94.408678
93.976589
93.001234
96.184249
96.408978
96.764656
96.406717
94.825696
98.027842
98.969845
99.964211
99.133820
99.748675
99.124269
97.234953
98.808805
99.813993
98.918681
100.000000
99.459356
98.063245
98.866617
100.000000
99.181351
99.501055
98.534219
97.336337
97.451398
98.935383
97.157088
97.882683
96.840516
95.602780
94.305481
97.098707
94.613964
95.651121
94.674555
94.570530
93.801210
95.811674
93.361760
94.312384
93.187100
92.748213
92.613667
93.802688
92.206106
93.559738
92.704470
91.196139
92.101204
93.319136
91.898856
92.655996
91.906051
90.686037
91.729434
92.907184
91.659906
92.441754
91.546396
89.329626
91.130361
92.196404
92.099864
91.563644
89.784832
90.136694
91.012739
91.521281
90.839843
90.922516
90.951369
91.585793
93.226159
93.810747
93.356224
93.860242
93.978413
95.100042
95.255779
96.113954
95.620781
96.227456
95.910154
96.744652
96.297542
97.333184
96.235926
97.242167
96.469835
97.173745
96.585145
98.072295
96.439780
97.330615
96.627512
97.369168
96.705957
98.256191
96.563506
97.448131
96.923383
97.474903
96.786600
98.333734
96.527809
97.422102
96.826244
97.558959
96.834098
98.345994
96.583155
97.414175
96.809324
97.516036
96.840601
98.366549
96.632179
97.518575
96.738207
97.387644
96.609118
98.018415
98.031599
96.827842
97.423489
97.911543
97.121107
97.607633
96.425854
97.294352
96.797245
97.534021
96.837748
97.673320
96.652069
97.357614
96.658260
97.246513
96.705216
97.659821
96.418025
96.993771
96.637755
97.205389
96.590806
97.807381
96.539992
97.174036
96.601774
97.270980
96.652702
97.824913
96.739156
97.301533
96.819311
97.390202
96.785236
97.900170
96.736088
97.356697
96.846574
97.484939
96.932909
97.938240
96.642593
97.288911
96.758597
97.423306
96.808951
97.851241
96.574560
97.258330
96.694472
97.430871
96.664447
98.027893
96.568234
97.273234
96.669591
97.154548
96.547385
97.950556
97.860553
96.901366
97.178813
97.863140
97.157404
97.943656
96.697246
97.641321
96.851682
97.651994
96.804867
97.566956
96.549375
97.237961
96.611629
97.313976
96.738922
97.580060
96.594766
97.465426
96.609506
97.247223
96.632039
97.707096
96.636475
97.378298
96.834409
97.301931
96.781714
97.657249
96.619987
97.367525
96.586590
97.211775
96.574822
97.595774
96.560110
97.426077
96.553148
97.201352
96.551448
97.523359
96.519103
97.368225
96.527131
97.223005
96.620813
97.635349
96.355554
97.358120
96.542445
97.168377
96.537526
97.828934
96.453718
96.903572
96.370208
96.909349
96.352842
97.541364
97.443632
96.662884
97.009250
97.667308
96.926203
97.505510
96.373504
97.154295
96.717829
97.501283
96.759495
97.413094
96.326792
96.921669
96.466579
97.160841
96.610696
97.395263
96.457502
97.185196
96.456000
97.094063
96.667926
97.537531
96.448729
97.221127
96.432183
97.149103
96.627701
97.548707
96.455917
97.340939
96.613232
97.156784
96.649593
97.552656
96.431660
97.256878
96.619264
97.184440
96.727393
97.649600
96.547640
97.384713
96.675993
97.201426
96.750572
97.687976
96.629101
97.473888
96.718672
97.170266
96.670883
97.873465
96.529261
97.611515
96.565382
96.919757
96.514483
97.587474
97.494670
96.542878
97.000966
97.769257
97.104277
97.873656
96.665960
97.480788
96.693915
97.396804
96.660735
97.367652
96.410750
97.019036
96.493014
97.222273
96.483779
97.401676
96.302951
97.154172
96.467769
97.097338
96.446554
97.460963
96.360936
97.219324
96.490317
97.132997
96.524691
97.629751
96.488160
97.369338
96.542408
97.169362
96.606730
97.614223
96.499511
97.333638
96.584665
97.207064
96.564901
97.616894
96.441496
97.305647
96.501601
97.139865
96.533880
97.634722
96.477192
97.363994
96.565784
97.144348
96.462354
97.787788
96.405845
97.473000
96.455858
96.987949
96.442373
97.518931
97.341615
96.467989
96.885056
97.697846
96.848059
97.715539
96.500057
97.292829
96.669901
97.439404
96.761831
97.371805
96.386446
97.034468
96.580914
97.295428
96.721242
97.519424
96.540753
97.254353
96.662303
97.187619
96.615524
97.602267
96.542457
97.332283
96.542336
97.206686
96.617358
97.691398
96.503937
97.371442
96.618164
97.216424
96.579026
97.674940
96.524664
97.464071
96.702712
97.228347
96.576750
97.631141
96.389251
97.356242
96.520003
97.110653
96.547595
97.560702
96.341308
97.333139
96.564577
97.169984
96.558954
97.776711
96.390787
96.828138
96.344171
96.892576
96.362970
97.380044
97.282364
96.511450
96.860298
97.529839
96.770226
97.625793
96.397955
97.338908
96.691219
97.296462
96.639462
97.510340
96.339386
97.208237
96.493433
97.131069
96.405036
97.401965
96.322897
97.088736
96.432858
97.072238
96.494340
97.464147
96.253894
97.259572
96.420695
97.072411
96.442276
97.511578
96.326006
97.256701
96.559300
97.219239
96.689832
97.664719
96.439412
97.311474
96.503639
97.163452
96.468161
97.550256
96.386716
97.390454
96.528324
97.188137
96.489583
97.633498
96.443301
97.360855
96.529927
97.149166
96.505495
97.829279
96.399953
96.786902
96.371663
96.918981
96.160598
97.490624
97.430842
96.490316
96.903872
97.701112
96.791519
97.732591
96.336319
97.308586
96.695881
97.386443
96.450765
97.382564
96.338059
97.161983
96.465088
97.216680
96.528791
97.534681
96.245871
96.732420
96.378953
97.077519
96.459025
97.552064
96.358360
96.962723
96.544434
97.188798
96.532053
97.658729
96.303300
97.015848
96.570391
97.248704
96.580557
97.616237
96.358612
97.033821
96.623226
97.260531
96.612362
97.712750
96.404753
97.055885
96.598298
97.178096
96.585562
97.785782
96.431277
96.943804
96.607262
97.281372
96.565215
97.952383
96.405006
96.934417
96.517338
97.066583
96.481896
97.626254
97.487205
96.660944
97.200363
97.805130
97.089006
97.851056
96.635947
97.497682
96.857873
97.513915
96.673248
97.552930
96.470531
97.248788
96.680239
97.265259
96.654586
97.610901
96.498353
97.011130
96.536669
97.250969
96.677565
97.662267
96.456978
96.998550
96.597784
97.325957
96.688046
97.623455
96.498428
97.065334
96.665400
97.346597
96.745480
97.791703
96.454966
97.079968
96.597644
97.303197
96.663418
97.865417
96.415539
97.004558
96.726243
97.363898
96.741480
97.883583
96.444635
96.997230
96.660324
97.404229
96.746697
98.101372
96.557494
97.020610
96.660366
97.106514
96.615231
97.732546
97.597876
96.688353
97.120837
97.823975
96.969206
97.924993
96.545691
97.555088
96.722022
97.514522
96.652824
97.437585
96.433725
97.151372
96.602597
97.334250
96.590513
97.655248
96.357714
97.340369
96.463125
97.191924
96.551481
97.802506
96.448841
97.531787
96.630811
97.168792
96.515478
97.839924
96.421148
97.040737
96.542156
97.176500
96.523053
97.892052
96.305653
97.038789
96.502468
97.208331
96.539231
97.815323
96.364779
96.963824
96.485772
97.121875
96.468402
97.858079
96.309275
97.006634
96.536767
97.038121
96.512027
97.866605
96.262975
96.899569
96.444929
96.882242
96.245839
97.508589
97.246782
96.093892
95.937623
100.000000
98.663893
97.767192
95.468916
96.351375
96.371619
98.964707
98.150524
98.226845
96.661101
95.858481
95.122209
96.384975
94.695701
95.100680
94.401561
94.880735
94.857257
95.997670
94.449845
94.617085
93.798278
94.829244
95.268148
96.678896
95.841112
96.951145
96.567934
97.343696
97.094288
97.611901
95.505155
95.815353
95.569092
97.103630
97.775848
99.940110
99.297865
99.324328
97.777284
97.632011
97.144623
98.543891
97.996393
98.788883
97.873473
98.147275
96.993929
97.679879
96.249441
96.963790
96.387899
97.318780
96.528170
97.048810
96.197949
97.246851
97.382973
96.534285
97.048265
99.046984
97.634306
99.198829
98.417562
99.341736
98.568196
99.411969
96.624444
97.712156
97.865386
99.695744
99.554739
100.000000
98.831609
99.476948
98.674312
99.666472
99.209292
99.691546
97.695985
97.407796
95.159040
95.137784
94.915317
96.773714
95.022314
95.604505
94.650508
96.289814
97.069989
98.847640
97.910929
98.468138
96.413893
97.138436
96.883089
98.723564
97.791400
98.559504
97.773770
98.856214
98.085552
99.214163
97.329376
96.845191
94.777802
96.062427
95.757748
97.747289
97.508715
99.043056
97.562829
96.572224
94.444052
95.681778
94.755789
95.316414
95.671082
96.393969
97.197001
98.549406
96.553694
97.319240
95.864327
96.195640
95.603304
97.256880
95.510179
95.951740
94.858911
95.945233
96.228460
98.702834
97.272779
97.803485
96.487988
97.626317
98.018558
100.000000
99.087612
99.001544
96.802097
95.866677
94.534472
96.337918
94.606227
95.450504
95.027610
96.930887
96.701498
97.739569
96.720838
97.156352
95.812561
96.256124
95.907060
97.399605
96.238233
97.403850
96.772347
97.369867
96.402700
97.376117
96.022916
97.139188
96.560948
97.705561
97.387587
98.506082
97.571204
98.922780
98.182865
98.489321
96.434485
96.764344
96.160092
98.009929
98.433943
97.055784
96.646913
98.575541
96.590693
96.917505
95.983409
97.720940
97.330511
98.407172
96.692838
96.944342
95.746782
97.091670
97.012846
98.561077
97.505035
98.212142
97.154788
97.600755
97.345353
98.784348
97.086935
97.623162
96.685203
97.620602
97.659604
99.673812
99.101266
99.119674
97.391416
97.854386
97.481068
98.198110
95.810584
95.892996
94.811216
95.889542
95.619897
96.506956
94.728733
95.126214
94.063244
95.149257
95.843924
97.857508
96.678613
97.416499
96.739952
98.131365
97.790924
98.864310
97.586148
98.646027
97.562769
97.995598
96.752716
97.657752
95.634058
95.590055
95.501988
95.269330
96.960560
98.936413
96.150511
96.207102
95.719944
98.557855
98.842630
99.254057
95.670123
95.369852
94.452792
95.659329
96.215565
97.968140
96.336176
96.105776
94.692206
95.581166
95.614353
97.429123
95.864733
97.074297
96.572590
97.662305
97.605715
99.126782
97.420282
97.406671
96.053267
96.708483
96.653817
100.000000
98.959328
97.816025
94.479283
96.061284
98.293008
97.984850
95.403321
95.876001
94.196709
95.484026
97.637923
98.588688
94.948780
95.231245
94.055551
95.871688
97.550355
98.131536
95.680287
96.201309
94.920525
96.514869
97.554234
98.573090
96.518235
96.219544
96.041121
95.506829
96.589845
99.102463
96.856759
96.530638
95.114126
97.096577
98.690165
99.963192
96.619059
95.754089
94.717436
95.664637
96.502587
97.794045
95.519628
95.647653
95.262030
97.589951
98.656900
98.914883
96.437086
96.714803
95.874833
97.273134
97.065446
98.228295
96.260609
96.530974
95.438494
96.165034
96.333323
98.394126
96.795901
96.728871
95.672264
96.708855
97.478641
98.711182
95.116995
95.475018
96.627558
98.193571
97.918419
99.012617
98.336796
98.723621
96.036978
95.516393
95.182009
96.334949
95.494294
97.620331
97.488596
97.725898
96.473615
96.542507
95.432790
96.052829
96.798540
96.962231
98.014156
99.631499
97.178179
97.437140
96.402038
97.276917
97.183809
97.914958
96.250680
96.925185
97.315522
97.643566
97.028150
98.413938
97.569263
98.573887
98.002143
97.528455
97.078547
98.381568
97.288330
97.813318
96.981908
97.242712
96.591556
97.755938
96.202079
97.066593
97.335109
98.346659
98.089402
99.041841
97.107675
97.239243
96.281724
97.485773
97.030918
98.194721
96.691722
96.691985
95.719684
97.675689
98.121342
98.618254
96.751311
97.008446
96.705457
97.079426
95.643076
96.752322
95.863075
97.275786
96.118589
96.726929
96.356110
97.777890
97.189917
97.320257
96.768214
96.199519
97.113644
99.196515
98.295452
98.987642
97.611865
97.341364
96.857178
97.988399
96.242296
96.305577
95.121333
95.646939
95.379324
97.020873
96.778561
98.421980
98.098278
97.657723
95.572438
96.539777
95.212128
95.983512
96.728770
98.523183
97.188759
97.525669
96.020527
96.482597
96.137425
97.351624
97.068767
97.852988
95.881646
96.212589
95.511835
96.335356
96.276553
97.639840
96.014818
96.498122
95.724466
96.540140
96.437707
98.008331
96.923323
97.634026
97.249820
98.353730
97.171798
96.656951
95.019735
95.559320
95.364412
97.218132
97.857310
98.936130
96.600606
96.022171
96.050987
96.084580
97.828894
100.000000
99.625635
98.869157
96.956518
97.045459
96.739483
98.181089
96.689228
96.963003
95.637617
95.965488
95.955320
98.216525
96.606796
96.086376
94.966561
95.640575
96.326059
97.934739
96.283775
96.187668
95.371314
96.571270
96.886588
98.027615
96.675658
96.725859
96.004390
96.058327
95.618952
96.893376
95.471700
95.623600
95.006730
95.720657
95.763623
97.401106
96.533739
97.073146
96.515538
96.865210
96.693558
97.871841
96.421868
96.888944
95.463098
96.052984
96.394582
98.270946
96.854992
98.204091
98.081232
98.649531
96.756246
96.500525
95.106704
95.673762
96.122025
96.960697
98.721863
100.000000
98.099627
97.132128
96.038999
97.652777
98.642688
100.000000
98.283575
97.410610
95.542867
95.859084
95.853515
97.630585
96.528788
96.825994
95.875221
96.672481
96.339700
97.576570
96.394358
97.181988
97.299685
97.254608
96.956649
97.698336
96.138094
95.467058
94.684701
95.498517
95.021984
96.118806
96.552578
97.970172
97.201807
97.423312
97.154118
98.678785
97.929081
97.178685
95.062520
95.449949
95.206580
97.292067
97.230130
97.262370
95.260335
95.696973
95.364629
96.700226
95.277221
96.278415
95.521847
96.110587
95.697858
96.326098
94.989090
96.161603
98.544561
99.177716
99.397575
97.153818
96.826491
96.662807
95.723824
96.338355
96.192006
97.026391
96.235232
96.386142
95.507984
96.158771
96.251090
97.019927
95.978028
96.390978
95.650995
96.113931
96.238532
97.068852
96.055904
96.218358
95.542744
95.992646
95.998443
97.035341
95.925094
96.163127
95.444821
95.926159
95.914810
96.924729
95.970291
96.185628
95.428139
95.946512
95.852295
96.980167
95.923138
96.160973
95.383374
96.016638
95.932861
96.863833
95.875771
96.240081
95.344919
96.045897
95.987557
96.894566
96.108551
96.322711
95.364522
95.940117
95.557166
96.148694
95.381417
95.740961
95.816774
95.650237
96.279357
97.834175
96.743771
96.892901
95.865542
96.471110
96.236117
97.250483
96.128227
96.531562
95.670656
96.360153
96.076201
97.162250
96.065828
96.281972
95.292239
96.068389
96.108258
97.140504
95.995927
96.121026
95.198165
95.688457
95.660218
96.801765
95.754506
95.952163
94.969453
95.783042
95.597273
96.723894
95.760592
96.024142
94.991384
95.795458
95.647243
96.737811
95.485766
95.960616
95.060429
95.687855
95.431676
96.679499
95.454491
95.898534
94.910707
95.615475
95.377444
96.539449
95.324544
95.990241
94.642028
95.245387
94.853518
95.764343
94.702372
95.315921
95.440278
94.888128
95.713296
97.514731
95.829016
96.298123
94.722023
95.456765
95.294836
96.826011
95.175717
95.979946
94.435277
95.230718
95.042538
96.693362
94.906555
95.585462
93.898514
94.815139
94.661593
96.473472
94.759327
95.091606
93.682596
94.387856
94.455869
96.233581
94.599974
94.839565
93.473511
94.287418
94.222139
95.858940
94.445616
94.897211
93.463466
94.182272
94.218631
95.856040
94.225995
94.740493
93.377113
94.094732
94.166936
95.849921
94.284125
94.731516
93.301549
94.137805
94.190421
95.737278
94.327274
95.087510
93.509740
94.401687
93.794493
94.839811
93.590846
93.916261
93.955980
93.668880
94.788272
96.958267
95.285658
95.689618
93.924754
94.676275
94.515638
96.319911
94.478724
95.197819
93.557879
94.392116
94.215935
96.164087
94.098760
94.686791
93.276560
94.033371
94.029697
95.899606
93.882003
94.323376
92.652815
93.619455
93.756156
95.645428
93.650946
94.202178
92.611158
93.612847
93.723142
95.537376
93.773548
94.233990
92.668444
93.582736
93.831233
95.647183
93.764351
94.420372
93.020653
93.914777
93.891329
95.697941
93.790287
94.541803
93.184744
94.046623
93.878721
95.601029
93.983588
94.830545
93.348155
94.072391
93.565884
94.576736
93.630966
94.213195
94.321050
94.083771
94.991846
97.066717
95.204769
95.573622
93.939444
94.834761
94.738331
96.268618
94.484140
94.941778
93.474616
94.454302
94.444595
96.144635
94.371183
94.598583
93.112372
94.040180
94.263346
95.970888
94.261650
94.494543
93.093119
94.001012
94.009433
95.564421
94.108891
94.582627
93.279655
94.130383
94.335141
95.726913
94.304966
94.728020
93.438278
94.137771
94.232500
95.731116
94.360953
94.907019
93.571278
94.390510
94.404890
95.850848
94.328773
94.938196
93.616568
94.462283
94.356347
95.682446
94.370215
95.170069
93.505936
94.196560
93.774194
94.927413
93.909305
94.618564
94.702674
94.332181
95.221962
97.150371
95.343305
95.752430
94.030501
94.863056
94.936929
96.373121
94.580592
95.100692
93.740418
94.572708
94.686675
96.245164
94.347430
94.648428
93.195453
94.188803
94.363359
96.006123
94.030190
94.579967
93.147174
94.085733
94.123770
95.706653
93.981114
94.674882
93.163228
94.074229
94.229516
95.708498
93.988033
94.714018
93.367500
94.281662
94.313324
95.839245
94.244681
94.834642
93.478616
94.399746
94.362373
95.863844
94.453466
95.079414
93.679522
94.502452
94.436202
95.827636
94.559545
95.307698
93.648217
94.438745
93.932718
95.048320
94.015136
94.727730
94.376932
94.337158
95.250756
96.959098
95.155323
95.573713
93.832066
94.748035
94.577183
96.242755
94.342300
94.956364
93.240487
94.174966
94.196427
96.058929
94.002669
94.450689
92.836093
93.772686
93.863631
95.712861
93.788816
94.371279
92.690104
93.639354
93.787534
95.401667
93.680391
94.327507
92.624779
93.713342
93.779432
95.485558
93.644400
94.313577
92.711617
93.806531
93.958963
95.607942
93.751794
94.489154
92.934404
93.941773
94.016677
95.616555
93.949956
94.623772
93.243429
94.188547
94.009471
95.453899
93.935451
95.117155
93.427935
94.077132
93.662032
94.658649
93.791047
94.473602
94.633827
94.235214
95.155995
96.928321
95.107751
95.548196
93.679775
94.468132
94.601056
96.182057
94.127441
94.641104
93.131685
93.957816
94.336004
96.124956
94.032978
94.238754
92.882252
93.949162
94.019236
95.786856
93.905307
94.252383
92.966540
93.771002
93.913221
95.510977
93.817889
94.337693
93.049131
93.832989
93.942552
95.517074
93.944222
94.524330
93.270731
94.005969
94.026723
95.610619
94.188411
94.694661
93.387949
94.208438
94.222909
95.682019
94.240703
94.888191
93.544466
94.428398
94.409927
95.621343
94.436512
94.981945
93.609342
94.371603
94.150801
95.084684
94.082812
94.690082
94.769638
94.359557
95.196130
97.105676
95.659135
95.954457
94.692476
95.459974
95.188857
96.381248
94.810885
95.489472
94.165876
94.965306
94.838724
96.204167
94.797695
95.168829
94.078316
94.666282
94.727829
96.113981
94.661681
95.085904
94.094855
94.871312
94.987845
96.266972
94.814826
95.113728
94.166301
94.944796
95.103029
96.287921
94.852002
95.189743
94.271823
95.107298
95.197089
96.354851
95.071748
95.377416
94.472943
95.229814
95.244562
96.502294
95.306088
95.572351
94.688005
95.414857
95.370749
96.519581
95.426712
95.876919
94.771551
95.165894
95.042619
95.797389
95.085992
95.312230
95.460758
95.475397
96.106880
97.449182
96.245602
96.260698
95.219062
95.937949
95.860169
96.884986
95.841721
96.080813
95.290734
95.939562
95.931601
96.928692
95.687638
96.053437
95.243156
95.835744
95.990592
97.016312
95.893496
95.871602
95.123275
95.709685
95.841772
96.920723
95.931719
95.943736
95.244048
95.727973
95.798705
96.850962
96.024217
96.059543
95.455524
95.990728
95.944175
96.993058
96.132063
96.161132
95.599274
96.019843
96.040681
96.993409
96.136637
96.187713
95.498039
96.064502
96.200177
96.976653
96.052081
96.384630
95.517964
96.048618
95.818037
96.330360
95.685416
95.918802
96.025542
95.892245
95.839371
98.161667
96.849326
96.459619
94.855438
95.487870
95.280161
96.838035
94.924630
94.890848
94.340781
95.071729
94.815193
96.287569
94.396822
94.713317
94.358162
95.454303
95.428127
96.337709
94.515673
94.165086
92.905690
93.546227
93.652124
94.867609
93.389146
93.372138
92.568061
93.384113
93.618990
95.065848
93.492348
93.605041
92.986787
93.956092
94.302478
95.761195
94.189353
93.942593
93.158741
94.148429
94.164592
95.550539
94.065188
94.019285
92.788663
93.636312
93.459367
94.704096
93.364876
93.698165
92.741891
93.348239
93.019092
93.989135
93.170127
93.596877
93.615715
93.202066
93.994783
97.155884
95.909416
95.928379
94.600492
95.101007
94.670924
95.973118
94.299906
94.542905
93.638828
94.736155
94.902210
97.055326
95.234941
95.327024
94.058859
94.862263
94.934605
96.975056
95.470575
95.648860
93.872639
94.367932
94.397872
96.206949
94.529340
94.289915
92.975392
94.259086
95.196748
97.815605
95.757419
95.670531
94.261021
94.959995
94.741692
96.239849
94.166989
94.033644
92.454182
93.102181
93.167383
94.855761
93.290189
93.554540
92.528145
93.432655
93.424827
94.755990
93.115953
93.592840
92.308459
93.131069
92.946521
94.008053
92.609951
93.174981
93.263645
93.095250
94.211825
97.684251
95.802150
95.408583
93.902924
94.486792
94.232199
95.514029
93.636725
93.766886
93.035536
94.421165
94.276593
95.241755
93.317838
93.593681
92.561626
93.619878
93.587427
94.936472
93.048377
93.663027
92.774419
93.843192
94.167410
95.847979
93.866006
93.567579
92.081822
92.942266
92.818118
94.974497
94.734637
95.871825
94.235965
94.503007
94.665652
96.493561
93.966703
94.142780
92.945062
93.563148
93.562553
95.709938
93.388392
93.607817
92.166048
93.200893
93.202459
95.294107
93.607528
93.800947
92.288612
93.159690
92.727779
94.264843
94.067781
95.129526
94.070989
92.652823
93.683897
97.145166
95.999579
97.637607
96.718508
96.506600
94.845500
95.695524
93.428976
94.078411
94.092196
95.010276
94.386311
96.160702
93.999495
94.656886
94.096403
94.171181
93.023541
94.427089
92.423027
93.155874
92.853538
93.235178
92.784065
94.334455
92.535294
93.674037
93.426567
93.070718
92.951493
94.777308
93.780519
93.646046
92.292118
93.293802
93.626739
96.164809
95.045715
94.443297
92.611716
93.413504
93.400149
95.141377
93.201674
93.414996
92.191494
93.065807
93.444841
94.965819
93.100601
93.374809
92.490670
93.428354
93.626778
95.262838
93.867909
93.271897
93.295791
94.057894
94.714634
97.497309
95.606767
95.500726
93.934468
94.477564
94.313736
96.004080
94.299199
94.210962
92.985308
94.009976
94.029964
95.831050
93.605557
93.572563
92.365922
93.656201
93.773973
95.522501
93.372427
93.526328
92.522659
93.859791
93.806258
94.755759
93.106471
94.481204
94.264134
94.397546
94.266128
95.831696
95.201976
96.112173
94.588543
94.343320
93.639849
95.318146
93.404674
93.839642
92.778785
93.232387
92.972669
94.712376
92.822774
93.056433
91.705763
92.586973
92.539272
94.509549
93.831533
94.025372
91.921837
92.623961
92.639068
93.780246
92.372473
92.964873
93.618154
94.165524
95.212075
97.885650
95.454603
95.260521
93.919030
94.958142
94.335618
95.311175
93.278542
93.594412
92.266839
93.245677
93.548116
96.059889
94.800805
94.379272
92.834032
93.873367
94.933578
96.714661
93.318669
93.677876
94.315945
95.354590
94.101873
95.040889
93.131116
93.931844
93.749602
94.460849
93.634210
94.878462
92.714861
92.968925
91.738052
93.067324
92.859826
94.860591
93.815363
94.210831
92.619975
93.498868
94.206353
95.960867
93.473594
93.103223
92.001069
93.628640
93.212808
94.892622
93.391658
94.003773
93.049102
93.418937
93.029896
94.047017
93.098546
93.678036
93.929778
93.167273
94.274602
96.928875
94.800441
94.767580
93.034661
94.011730
94.333408
95.828647
93.919976
94.231575
93.356890
94.454981
93.988049
95.208046
93.285997
94.760561
94.232692
94.620618
94.273635
95.846225
94.132278
94.533490
93.249195
93.364243
93.088281
94.913509
93.311951
93.278065
92.083706
93.073892
93.016424
94.596688
92.775488
93.013428
92.002479
93.450708
93.919627
94.897726
92.903308
93.275666
93.114712
94.005916
93.462368
94.626959
92.882634
93.250397
92.251244
93.660560
93.460960
95.065063
93.385066
94.279136
93.264355
93.552668
93.139968
94.211723
93.020520
93.758937
94.254936
94.427855
96.315006
100.000000
98.515851
98.278687
96.768683
98.219485
98.120084
98.364756
93.992605
93.260608
92.242832
93.361967
93.680501
95.587214
93.372388
93.377836
92.418315
93.669777
94.491144
96.516423
94.888807
94.912095
93.551230
93.894560
94.011263
95.638993
94.104048
94.469470
93.964009
95.344666
95.420106
96.667654
95.175943
95.276580
95.298747
97.117540
97.791042
99.195008
96.855904
96.137887
95.418287
96.007621
96.085614
97.974632
97.249386
97.828624
96.782226
96.821761
96.530641
98.377537
97.456931
98.183881
97.050756
97.464479
96.594398
97.350247
96.656656
97.902285
98.267059
98.372894
99.118011
100.000000
96.477527
95.545533
94.105978
95.865869
96.662895
98.427336
95.817052
95.028817
93.239910
94.124208
94.720021
97.229455
96.248757
97.054934
95.956659
95.821393
95.132546
96.156173
94.316099
95.316094
94.957809
95.162189
95.600634
97.189489
95.768065
95.840208
95.022662
96.195502
96.697463
97.831553
95.307611
94.240617
92.273247
93.097151
93.372579
95.477008
94.608917
95.141795
94.315441
94.357414
93.745614
95.043675
93.235146
93.334267
92.315569
93.820374
94.422981
95.720422
93.253747
93.495388
92.300670
93.217159
94.202449
95.039818
93.365652
94.016323
95.173227
94.480174
94.679655
97.183467
95.535767
96.540959
95.211141
94.720229
93.934945
95.094066
93.429928
93.910466
93.204280
93.566100
93.254260
94.850805
93.193145
93.040008
92.185737
93.527927
93.347213
94.704591
92.897213
92.958749
92.231537
93.560850
93.463906
94.662856
93.117488
93.763316
94.048692
94.749357
93.905985
94.905546
93.146516
93.470650
92.847004
93.712037
93.257079
94.617073
92.920886
93.229035
92.007966
93.022345
93.089774
94.830109
93.158972
93.585890
92.799477
93.330060
92.895182
94.406779
93.105103
93.944840
93.285742
94.037786
93.956625
95.276274
94.933077
95.104212
94.817492
93.971593
96.287516
