98.240006
98.184060
98.057757
97.592808
97.161462
97.194206
96.817164
97.148781
97.160431
97.099905
97.262059
97.378242
97.751168
97.555208
97.460134
97.720742
97.475132
97.468402
97.928670
97.629620
97.494886
97.743880
97.655492
97.725995
98.180318
97.600795
97.591487
97.684582
97.578760
97.468526
97.881975
97.472165
97.386206
97.661038
97.447870
97.491381
97.534311
97.466579
97.304771
97.637025
97.407829
97.506289
97.597188
97.410635
97.185784
97.536576
97.564926
97.530588
97.629570
97.379441
97.265398
97.571032
97.313371
97.290369
97.009148
97.446284
97.345083
97.298174
97.348757
96.660336
97.969550
97.519212
97.290223
97.048336
96.583646
96.507018
95.956215
96.575069
96.345309
96.520999
96.742038
96.888025
97.259975
97.038795
96.893807
97.109620
97.040321
97.063842
97.505449
97.178082
97.134249
97.398624
97.162083
97.217480
97.493731
97.294184
97.231886
97.459551
97.379536
97.241466
97.822509
97.357519
97.318405
97.663773
97.693076
97.713023
97.817911
97.505925
97.439806
97.571651
97.566195
97.757306
97.889666
97.563650
97.555121
97.480326
97.540332
97.635596
97.797660
97.601989
97.502049
97.698418
97.394955
97.333464
97.113597
97.233188
97.320944
97.300353
97.282973
96.959976
98.204010
97.458672
97.266200
96.961914
96.551814
96.386977
96.085347
96.419139
96.406518
96.497868
96.710066
96.852065
97.312255
97.033479
96.896111
97.058837
97.036000
97.006028
97.493756
97.241324
97.075715
97.284014
97.180567
97.270808
97.465505
97.249576
97.115596
97.352619
97.150357
97.327077
97.550370
97.291874
97.237242
97.402114
97.392937
97.397468
97.775935
97.361780
97.373389
97.573950
97.510164
97.448841
97.798595
97.301159
97.565268
97.496810
97.474184
97.524391
97.701414
97.376031
97.261298
97.591478
97.224704
97.242940
96.938219
97.337649
97.209690
97.269961
97.166047
96.930786
98.066431
97.572539
97.284193
97.048669
96.597137
96.363507
95.740962
96.403359
96.355967
96.480552
96.787901
97.052715
97.328874
97.006387
96.832497
97.230297
97.043005
97.081610
97.524822
97.195714
97.212013
97.292834
97.059299
96.997727
97.559965
97.196081
97.206890
97.346467
97.144346
97.134256
97.526855
97.203658
96.957316
97.411753
97.353492
97.424665
97.662122
97.390384
97.111824
97.366079
97.334303
97.469766
97.779764
97.338022
97.462383
97.350627
97.455475
97.343886
97.615178
97.316065
97.347972
97.535611
97.280480
97.134846
96.873120
97.165218
97.051343
97.078329
97.092568
96.827479
97.947502
97.510705
97.170659
96.764824
96.283393
96.093177
95.734956
96.067584
95.983365
96.202694
96.510200
96.626943
97.134083
96.741820
96.665066
96.806259
96.844944
97.022349
97.256433
96.945794
96.832994
97.020540
96.958208
96.964024
97.493448
97.075511
97.048362
97.317636
97.169728
97.170017
97.499756
97.257273
97.179650
97.379090
97.349673
97.384605
97.671661
97.333399
97.223860
97.420040
97.414906
97.447435
97.647172
97.303981
97.369924
97.322866
97.401643
97.457515
97.758457
97.370518
97.413381
97.569958
97.085549
97.205347
96.760922
97.144129
97.091207
97.135667
97.118342
96.885781
98.175958
97.475556
97.116959
96.796933
96.359159
96.136873
95.908396
96.134483
95.925055
96.116658
96.552386
96.745279
97.112024
96.775005
96.706833
96.914736
96.887801
96.980755
97.254370
97.020307
96.904915
97.199953
97.120663
97.193362
97.362709
97.146689
96.937673
97.280169
97.133194
97.225090
97.645362
97.265054
97.071975
97.404806
97.456995
97.440956
97.721819
97.480565
97.284566
97.468248
97.422501
97.509120
97.803167
97.395377
97.406486
97.396164
97.473195
97.485991
97.630754
97.484012
97.367133
97.538479
97.267044
97.199533
96.889907
97.111220
97.055062
97.122669
97.073982
96.725296
97.915196
97.267632
97.010538
96.672038
96.280538
96.054410
95.769504
95.925074
95.859379
95.970752
96.497438
96.673156
96.990026
96.680092
96.614834
96.606765
96.636920
96.726597
97.146978
96.763266
96.659167
96.941759
96.927532
96.978963
97.224177
96.995463
96.949653
97.059350
97.003360
97.032959
97.424073
97.071966
97.084812
97.216853
97.233687
97.395582
97.531082
97.253009
97.039416
97.255089
97.271177
97.300528
97.621794
97.306356
97.336603
97.199364
97.257615
97.386342
97.666429
97.457539
97.411975
97.587778
97.212753
97.173097
96.734076
97.010039
96.849873
96.843097
96.859179
96.602013
97.939082
97.446243
96.900085
96.615656
96.277330
95.854741
95.527463
96.011637
95.946822
96.224552
96.618920
96.730303
97.105065
96.829925
96.752937
96.891022
97.075228
97.105677
97.250409
96.918683
96.882078
97.062124
97.030989
97.188813
97.492575
97.128811
96.898443
97.232798
97.078638
97.063368
97.569438
97.182564
97.098370
97.289838
97.244278
97.095162
97.562096
97.257014
97.227443
97.228841
97.277084
97.463516
97.585140
97.270193
97.205794
97.243282
97.271131
97.502486
97.577790
97.362298
97.278906
97.369512
97.148131
97.057340
96.900337
97.101785
97.064270
97.122027
96.995570
96.726203
97.747614
97.155142
96.804008
96.317354
95.970719
95.569879
95.372831
95.706602
95.592430
95.772974
96.083210
96.472236
96.809687
96.477121
96.490027
96.712508
96.653385
96.683698
97.058021
96.808663
96.732690
96.928301
96.852586
96.982221
97.403100
97.024580
96.981572
97.178437
96.972258
97.120526
97.406551
97.072755
97.087583
97.124509
97.061620
97.208535
97.510168
97.102475
97.007813
97.141181
97.237078
97.245709
97.584514
97.119106
97.259852
97.210569
97.333715
97.316346
97.526613
97.204095
97.258548
97.331889
97.097023
97.157319
96.786591
97.096942
97.068926
97.048250
97.081367
96.701849
97.618804
97.156571
96.719949
96.373593
96.025449
95.618085
95.557383
95.669268
95.700093
95.774313
96.005676
96.391112
96.768765
96.602759
96.369359
96.546516
96.576803
96.733758
97.148795
96.708299
96.726263
96.929768
96.793937
96.813318
97.311146
96.856173
96.839453
96.960424
96.968957
97.226139
97.362254
97.056092
96.899418
97.126488
97.076178
97.211055
97.492111
97.164283
96.949671
97.190648
97.127740
97.069381
97.566276
97.140257
97.236786
97.138790
97.269834
97.328369
97.444148
97.280092
97.137518
97.263587
96.995692
96.878817
96.738108
96.911464
96.937566
96.759655
96.978276
96.224608
97.228933
98.004003
97.915630
97.974729
97.709280
97.416838
96.324350
98.104744
98.200216
98.297116
98.506318
98.575016
98.192071
99.236202
99.319937
99.396263
99.195162
98.786153
97.953399
99.001955
99.137699
99.068215
99.065481
99.162618
98.389514
98.934000
98.833744
98.923770
99.010987
99.118744
98.420088
99.050501
99.161081
99.093850
99.167019
99.056951
98.224939
98.879380
98.964175
99.185680
99.204840
99.195416
98.351797
98.621116
98.501360
99.040789
98.466256
98.521134
98.114593
98.770507
98.717868
98.875287
98.653099
98.663495
97.659434
98.461723
98.455556
98.425108
98.529504
97.408951
97.705339
98.520377
98.397083
98.498425
97.799955
97.858361
96.703045
97.736011
97.775335
97.747774
97.952318
97.814471
96.537792
97.581777
97.463510
97.538002
97.228774
97.076875
95.768635
96.804587
97.051356
97.276861
97.012896
96.944591
96.166665
96.874718
96.886388
97.138742
96.403460
96.153544
95.105731
95.781965
95.735263
95.834329
95.673194
95.770590
94.883200
95.658931
96.329979
96.576176
96.204306
96.169476
94.844480
95.274363
95.254361
95.788411
95.162758
95.081958
94.191722
94.204139
94.046897
95.513099
94.310214
94.328788
93.726392
94.265922
94.000376
94.510009
93.851014
92.946886
94.847216
93.681217
93.458421
93.612824
93.393657
93.558813
91.864249
93.346645
93.355599
93.429201
93.761478
93.845745
92.898327
93.607628
93.748024
94.149822
94.246237
94.473244
93.517210
93.417736
93.192029
93.687614
93.365729
93.692310
93.582172
93.486952
93.510269
93.737613
93.529158
93.713248
93.520409
93.568656
93.386308
93.593378
92.878141
92.662632
92.439678
92.106618
92.738283
92.807008
92.561223
91.413262
91.560517
91.186506
90.851582
91.838977
90.400103
89.070082
89.941573
88.918805
88.472592
89.919993
88.318474
88.390474
88.445934
88.456764
88.645240
89.757797
88.715528
89.056869
92.856167
89.528085
89.427569
90.735976
89.236564
89.226604
88.718325
90.099455
90.079252
90.122785
90.345797
90.479350
90.605401
90.690942
90.998996
91.253235
90.666258
90.730791
90.111355
90.630455
90.836002
91.382861
90.937406
90.838367
90.236110
89.659547
89.676392
91.398087
90.951493
91.019312
90.362691
89.831979
89.558421
91.435659
89.775692
89.655735
90.314579
89.098099
89.182784
90.803918
89.150293
89.540313
90.521498
89.533816
89.538804
91.282956
89.582479
89.792915
90.903456
89.590198
89.677521
91.357116
88.361959
88.308037
89.664652
87.880908
87.725635
89.100497
88.040749
88.799411
91.876282
87.449500
87.426553
89.319261
87.154365
87.155365
87.942390
87.074483
87.060862
88.526657
87.158337
86.918509
88.713814
86.824900
86.841177
89.018667
87.209124
87.378935
89.265150
87.201542
87.228735
89.101628
87.304886
87.189109
89.041654
87.636288
87.594431
89.553111
87.612869
87.514482
89.576571
87.791480
87.771488
89.629049
87.753109
87.740168
89.553516
87.602004
87.891784
89.649731
87.817304
88.055702
89.917340
86.707502
86.736188
89.810761
86.412557
86.587662
89.970447
87.143611
87.063412
90.390198
87.210495
87.408675
90.474218
87.308948
87.270420
90.346517
87.803153
89.998401
93.353032
88.894836
88.642227
90.620517
88.458433
88.110095
89.264447
86.584112
86.505962
89.356021
86.147304
87.542069
90.187133
87.604294
87.626106
89.582430
85.721133
85.695705
89.858916
85.903531
85.944416
88.127743
85.853521
85.901226
89.262179
85.919342
85.738531
89.005884
85.668220
85.602363
89.267244
85.792111
85.715261
89.586490
86.104187
86.082022
90.077175
86.069856
85.916826
88.077971
86.189185
86.609769
89.811749
86.257890
86.204863
89.714842
86.269217
86.140182
89.606337
86.325507
86.318886
89.762683
86.399032
86.357723
88.446936
86.509266
85.980054
89.209147
86.277045
88.418780
92.360702
86.084512
86.278352
88.561704
86.436899
86.296632
88.523270
86.028624
85.990796
87.610666
86.276493
86.138971
88.791381
86.009168
86.020111
88.502339
86.462693
86.372108
89.174101
86.333423
86.326617
88.806694
86.369881
86.698459
89.603265
86.844222
86.752291
89.119421
86.720438
86.518848
90.264530
85.065196
84.845315
88.750053
84.666021
84.905041
90.255124
84.952750
84.655778
88.688784
84.517235
84.485310
89.759096
84.724796
84.833130
88.933705
84.887022
84.942098
88.602279
84.317250
84.179834
88.283160
84.617157
84.915238
87.883334
85.058149
85.146680
88.214781
85.095409
87.763587
91.808816
85.424178
85.040578
87.173257
84.393628
84.450158
87.028833
84.801148
84.737219
85.879108
84.769910
84.810975
88.856702
85.006444
84.840027
87.197728
84.819643
85.014516
89.071701
85.151381
85.312030
87.574283
85.046197
85.114783
89.263152
85.068329
85.069564
87.407705
84.914167
85.003429
89.338744
85.019048
85.116388
87.789437
85.622728
85.477515
89.432847
85.427527
85.896025
87.991673
85.699137
85.695663
89.779483
85.289235
85.010964
87.336104
85.270842
85.278251
89.282603
85.382894
84.931363
87.328556
84.904799
84.750737
87.234027
84.650859
84.895803
88.048023
85.118417
87.744389
91.479317
85.545660
85.354509
89.398512
85.800053
85.521165
88.046636
85.382907
85.132042
87.741761
86.217498
86.570800
88.863645
86.505677
86.246123
88.248790
86.350182
86.317002
89.349662
84.337877
84.332718
87.858541
84.306064
84.147604
88.936766
85.932813
85.654841
87.842569
84.143989
84.341962
89.108669
84.170330
84.157156
87.999955
83.879545
84.080104
88.295933
86.228106
85.257293
89.157455
84.918954
84.166490
89.025148
85.529816
85.589550
87.557807
86.742450
88.478885
90.446459
88.037849
88.284499
91.512494
89.019998
89.299085
91.529538
91.311724
91.358843
92.964669
92.802681
91.866073
95.898717
95.208341
95.268564
97.064753
95.991995
96.045842
94.490856
96.406546
96.566360
97.980259
96.828975
97.661774
96.969618
97.097113
97.127908
98.922569
96.791998
95.712370
96.481095
94.335617
94.264466
96.128526
93.427850
91.861841
94.480840
91.427942
89.995232
93.217601
90.055198
90.239575
93.001469
89.823772
89.568541
91.402139
89.257540
89.090424
91.521758
87.492407
87.101740
90.688666
88.656323
88.730161
91.161150
88.608590
88.315699
90.547657
88.353078
88.360813
90.738514
87.979852
88.400835
90.537502
88.192960
87.934817
89.054152
86.143984
87.599479
89.154962
87.701501
89.465970
93.676589
93.383844
92.541454
91.853449
91.590332
91.496669
91.449104
92.008788
92.191846
92.003825
92.397031
92.647856
93.159907
93.144106
93.277799
93.653853
93.442869
93.635074
93.843662
94.666100
94.751281
94.638216
94.963203
94.961690
95.068529
95.302011
95.658778
95.651779
95.673239
95.600019
95.527577
95.793495
95.927032
96.168993
96.198495
96.261180
96.026497
95.963903
96.113748
96.240937
96.506837
96.500691
96.302777
96.130554
96.287500
96.288156
96.763751
96.835935
96.369953
96.194799
96.831331
96.842566
96.810074
96.803743
95.869375
96.282452
96.661231
96.244782
96.709720
96.154227
96.820926
96.306483
95.789337
96.055270
95.653223
95.564683
94.889537
95.664366
95.707634
95.647064
95.968685
95.957261
96.030633
96.417365
96.401512
96.932054
96.481406
96.614336
96.452073
96.379421
96.344943
97.058365
96.635117
96.757456
96.705229
96.580431
96.566277
96.996380
96.680140
96.786009
96.857985
96.646757
96.587062
96.941890
96.652640
96.868281
96.907433
96.724826
96.693970
96.920100
96.653004
96.834158
96.853215
96.707360
96.551416
96.909239
96.612293
97.219183
96.842107
96.558369
97.054872
96.962988
97.237070
97.028627
96.205499
96.573531
96.784274
96.756664
97.021808
96.393884
97.021604
96.776643
96.527777
96.686427
96.064993
96.037935
95.613464
96.219607
96.202061
96.144911
96.404254
96.516571
96.676799
96.565571
96.599582
97.092856
96.751985
96.720119
96.693409
96.572293
96.537019
96.781025
96.553267
96.795571
96.711607
96.614924
96.572189
97.170153
96.541398
96.757086
96.713841
96.508819
96.436939
96.879241
96.538675
96.565980
96.663372
96.503305
96.416147
96.809966
96.506097
96.484325
96.666913
96.328566
96.228940
96.673189
96.280361
96.729921
96.666555
96.476203
96.833269
97.172453
96.806331
96.966370
96.030948
96.409067
96.750396
96.540390
97.155767
96.344655
96.914983
96.289523
96.047007
96.087191
95.656540
95.897080
95.210139
95.931255
96.037290
95.905326
96.130701
96.312529
96.400553
96.609177
96.518141
97.036608
96.600753
96.588917
96.567343
96.511917
96.441674
96.718828
96.383836
96.585621
96.635230
96.434703
96.466749
96.714578
96.474220
96.574154
96.658866
96.520847
96.475515
96.767096
96.440676
96.585116
96.715872
96.591172
96.561457
96.844707
96.552538
96.784161
96.779140
96.500819
96.433790
96.920648
96.597826
97.217782
96.761415
96.613489
96.825110
97.173892
97.222254
97.147333
96.147517
96.653988
96.949752
96.575328
97.157624
96.395629
96.981608
96.537371
96.384852
96.642954
95.814848
95.914374
95.220119
95.983072
96.117213
95.904182
96.317192
96.409585
96.475188
96.520062
96.542889
96.943558
96.556175
96.706933
96.588222
96.627560
96.568483
97.047448
96.592281
96.684068
96.580850
96.671955
96.636621
97.141487
96.616131
96.723232
96.631986
96.486599
96.440546
97.106914
96.452278
96.786039
96.854418
96.527752
96.536817
97.110920
96.431414
96.531505
96.584686
96.249060
96.264289
96.714667
96.406276
96.536238
96.586972
96.401860
96.506088
97.100716
96.808906
97.045118
96.103746
96.696809
96.843450
96.647513
96.839771
96.143986
96.936063
96.551081
96.187621
96.618618
95.946602
96.004679
95.223980
96.128777
96.157977
95.907310
96.215753
96.377946
96.525123
96.702274
96.686992
97.082340
96.697304
96.879921
96.835538
96.805593
96.723471
97.237016
96.719585
96.745109
96.855722
96.588505
96.738589
97.177257
96.720126
96.811837
96.822246
96.622667
96.583762
97.217290
96.715879
96.692288
96.894243
96.482125
96.543188
96.793283
96.457895
96.520524
96.539606
96.267712
96.293384
96.755756
96.403549
96.490791
96.567456
96.411151
96.316168
97.081001
96.886727
96.825488
96.016021
96.606576
96.752780
96.643706
96.978668
96.149776
97.105442
96.617309
96.393373
96.921263
96.099378
96.040259
95.382875
96.279454
96.377697
96.180643
96.413213
96.515066
96.501116
96.500506
96.393634
96.994456
96.520485
96.545806
96.542918
96.569564
96.421867
96.897047
96.492752
96.580168
96.559757
96.419857
96.247614
96.970453
96.453760
96.790888
96.827531
96.596497
96.499501
97.070618
96.451915
96.480858
96.601259
96.282374
96.470534
96.745760
96.455657
96.468423
96.584999
96.291783
96.233693
96.756966
96.353105
96.408430
96.532821
96.415561
96.425942
97.077833
96.483049
96.643660
96.067038
96.657725
96.778034
96.702670
97.101001
96.235816
96.941872
96.595133
96.181204
96.533734
95.905250
95.944477
95.110452
95.909075
96.070519
95.950011
96.235763
96.388229
96.415435
96.527953
96.538521
97.032916
96.521978
96.682579
96.666904
96.591648
96.610118
97.107826
96.687318
96.902072
96.811789
96.499709
96.667885
97.083033
96.714899
96.809272
96.805302
96.508066
96.439434
97.121367
96.503195
96.678648
96.661834
96.359882
96.473390
96.790401
96.428832
96.567757
96.579191
96.364328
96.284996
96.775193
96.494584
96.619173
96.679362
96.476463
96.614834
97.144557
97.004021
97.106099
96.139509
96.755171
96.811830
96.766600
97.239604
96.366160
97.202929
96.838803
96.523849
97.067604
96.020195
96.461368
95.640038
96.435930
96.501214
96.332460
96.580340
96.706417
96.618424
96.744102
96.650072
97.214907
96.793369
96.831882
96.887254
96.768592
96.721739
97.166545
96.711463
96.842318
96.908729
96.636537
96.496744
97.177050
96.599995
96.678508
96.925650
96.653472
96.589947
96.888169
96.544390
96.562464
96.711894
96.408279
96.354560
96.854154
96.554015
96.615631
96.738206
96.362080
96.290654
96.838625
96.230879
96.490610
96.661505
96.586146
96.565889
97.279627
96.614590
96.709806
95.961052
96.749483
96.873509
96.811517
96.942220
96.248300
97.208330
96.910444
96.770612
97.026345
96.394816
96.357076
95.490577
96.346254
96.444088
96.406038
96.608004
96.753760
96.728972
96.668608
96.742596
97.415536
96.880839
96.916670
96.850106
96.735934
96.755994
97.125011
96.735201
96.816130
96.839708
96.553875
96.724778
97.176901
96.666503
96.776151
96.685949
96.533077
96.453093
97.085136
96.518611
96.613132
96.732065
96.417640
96.410728
96.759440
96.386885
96.431962
96.556119
96.244929
96.254940
96.774776
96.353653
96.408622
96.405215
96.381622
96.281109
97.029892
96.168350
96.156589
95.716559
96.307735
96.324868
96.375267
96.443804
95.424160
99.960982
98.505993
96.494525
95.455993
94.084294
94.022104
94.616305
96.352211
97.145181
96.260772
95.447564
95.094599
95.676998
94.680188
94.969272
95.953726
95.328746
95.499462
96.219439
94.705325
94.408988
95.061926
95.158387
96.001327
97.172355
96.113221
96.537629
97.505077
97.318903
97.345699
97.815172
95.326555
95.197313
96.037799
96.692128
97.882400
99.944515
98.815804
98.375018
97.827185
96.802379
96.901491
97.959656
97.169624
97.368386
97.582322
96.876983
96.170282
96.431952
94.892019
94.843732
96.006134
95.078931
94.723223
94.326531
94.187080
94.593414
94.627255
94.074199
93.717386
97.639610
96.388476
96.823152
97.442987
96.410931
95.407741
94.757781
93.693678
94.412707
95.745616
97.267309
98.458504
99.396820
97.736192
97.679355
98.549953
98.436070
98.493498
98.815677
96.953040
96.025714
95.110746
94.081649
94.382896
95.351675
93.962279
94.131233
94.710628
95.537572
96.715685
98.318754
97.209126
97.048182
96.526491
96.206032
96.329875
97.936028
96.858394
96.834936
97.648382
97.492597
97.371988
98.254495
96.397685
95.048315
94.576403
94.272586
94.908335
96.336091
96.146577
97.747590
97.203710
95.425555
93.808052
92.508549
93.733080
93.766235
93.144331
95.023205
94.422845
96.982223
94.910208
94.313402
93.980645
92.217885
91.501513
91.304874
91.516495
91.810894
91.849227
92.794879
94.337811
96.478396
95.591635
95.673339
96.146730
96.026796
97.222574
99.634571
98.471946
98.013631
96.993190
94.933150
94.320088
95.227049
93.484268
93.960671
94.895235
95.983087
96.103111
96.830941
95.710818
95.586523
95.384098
94.930483
95.220541
96.369118
95.216391
95.639037
96.345297
95.961246
95.610056
96.296170
95.112183
95.488289
96.446656
96.859401
96.961336
97.669721
97.087970
97.766977
98.050558
97.440767
95.929240
94.676760
95.067222
96.142202
95.744643
95.990415
94.444015
96.794885
94.631848
93.979136
93.989193
93.981944
93.401228
92.908551
93.179335
93.131112
92.945484
94.253846
95.062516
96.265369
95.762305
95.992977
96.443352
95.973693
96.043495
97.286698
96.010429
96.239556
96.392306
96.602728
97.328565
99.203681
98.466422
98.302823
97.463899
96.956288
96.759636
96.954868
94.691328
94.014925
94.222718
94.562165
94.710063
95.113503
93.513446
93.312713
93.633923
94.058321
95.248276
96.674684
95.375586
96.068452
96.158324
97.192001
97.553938
97.966580
97.053711
97.228679
96.990885
96.666590
95.992971
95.134706
94.173142
93.476391
92.796845
93.181694
93.564757
97.309651
94.625813
93.389886
94.190127
95.086947
95.402174
94.263535
92.260672
91.680403
91.879837
92.961056
94.428818
95.757776
94.447544
93.768176
94.053581
93.996379
94.532208
96.168555
94.817193
95.432490
96.528156
96.486529
96.741796
98.001318
96.317994
96.071908
95.730896
95.395359
96.034099
99.241462
98.484230
96.401377
94.417602
94.763712
97.496127
96.646617
94.127918
93.848851
93.814346
94.067729
96.632682
97.319433
93.629635
93.097946
93.487022
94.796494
96.936908
96.899766
95.148299
94.587256
94.632898
94.848846
96.385585
96.105730
95.148316
94.833988
93.114158
94.449853
93.993906
97.014209
94.905131
93.818670
93.459878
93.699488
95.170563
95.071694
93.421386
92.275486
92.302880
93.175803
94.737208
95.623678
93.634873
93.405276
94.459528
95.822485
97.487640
97.637384
95.367154
95.203190
95.394625
95.991642
96.089068
96.869604
95.252251
94.742481
94.939844
94.925179
95.547703
97.234311
95.774932
95.146358
95.351799
95.685487
96.816330
97.688158
94.039905
93.995113
96.304982
97.562805
97.724573
98.463377
97.510379
97.782821
95.657034
94.869602
95.037402
95.425524
94.826444
96.424780
96.977807
96.560830
95.814227
94.659300
94.749452
94.871713
94.767281
95.532157
96.047305
97.927200
95.388036
94.695120
94.398636
93.622247
93.555727
92.626099
92.765199
93.415421
94.878583
95.069617
95.395262
96.256422
95.798624
96.528371
96.912874
95.830471
95.947833
96.892618
95.958804
96.137762
96.429810
95.975460
95.537406
96.321289
95.123581
95.589097
96.908776
97.045756
97.033994
97.675644
96.096244
95.630263
96.020646
96.325067
96.347155
96.937947
95.800618
95.216474
95.611361
96.966334
97.749877
97.633243
95.872846
95.597119
96.451003
96.258694
95.360794
95.769025
95.265610
96.066293
95.750540
95.512530
95.501122
95.767015
96.252067
96.015472
94.636323
95.084072
94.820572
97.476765
96.563831
96.663331
95.865885
93.799279
93.200505
92.600931
92.907753
92.841772
92.655202
93.203096
93.809506
94.919200
95.337083
97.052912
97.699601
96.364997
94.704705
95.255903
93.994468
94.428035
96.343087
97.764929
96.467227
96.419985
95.171075
95.149598
95.655140
96.249769
96.154176
96.519635
94.734326
94.708404
94.990952
95.135539
95.492103
96.452039
95.155398
95.183124
95.690039
95.525688
95.830764
96.944269
96.049127
96.104159
97.176347
97.701672
96.730852
95.646634
94.424738
94.433868
95.175335
96.104923
97.102135
96.882312
95.745264
94.332045
94.236333
94.493086
95.555560
99.047467
97.953023
96.319050
94.922042
93.461113
92.926378
92.678954
93.331428
93.518140
93.092981
93.375755
94.108168
95.937008
95.050647
94.280716
94.300145
94.419057
95.548303
96.858293
95.294130
94.837773
94.963526
95.579476
96.231466
97.117111
95.832220
95.517925
95.607958
95.089306
94.918284
95.852786
94.557529
94.379722
94.778166
94.734990
95.197182
96.580074
95.614712
95.715687
96.153185
95.667976
95.967914
96.753957
95.386524
95.444777
94.981756
95.255240
95.918032
97.089305
96.290235
97.059947
97.930446
97.862897
95.671437
94.325363
93.835650
93.930476
93.996052
95.763219
96.106468
99.477132
96.489449
94.857298
94.373237
94.535417
95.286594
95.751316
95.184139
94.289780
93.125190
93.284222
93.864948
95.003588
94.525588
94.521265
94.771379
95.051434
95.054139
96.093439
95.102922
95.496512
96.710235
95.966041
95.995238
96.406433
94.988418
93.868444
94.063562
94.219317
94.160053
95.001278
95.562867
96.648623
96.814212
96.214494
96.294477
97.588985
96.891705
95.753857
94.708256
94.527413
94.631943
96.271441
96.313207
95.639455
94.938926
94.991116
94.990691
95.762921
94.739909
95.289875
94.820487
95.253298
95.271256
94.227195
93.425176
94.806976
96.387923
98.739450
98.249635
95.232886
94.777664
93.946649
93.357177
92.618934
92.181042
91.860317
92.448544
92.432649
92.718952
93.296763
93.964655
94.582978
93.878833
93.751746
93.983720
93.990600
94.341321
95.094718
94.406495
94.183124
94.617780
94.446223
94.927726
95.532792
94.643653
94.415511
94.729571
94.891209
95.029275
95.681090
94.721452
94.413035
94.770582
94.856064
95.015890
95.784222
94.551528
94.143398
94.418171
94.594403
94.858400
95.520482
94.340268
94.446096
94.315807
94.607795
94.800400
95.415980
94.720123
94.431823
94.580596
93.857679
93.503405
93.209096
93.338644
93.353692
93.381078
93.435128
93.313437
96.504199
95.176938
94.463664
94.166142
93.038484
92.479576
92.156522
92.423798
92.433701
92.633250
93.264530
93.841525
94.772059
93.961175
93.682451
94.015482
94.026729
94.394671
95.273972
94.346436
94.060268
94.701512
94.265609
94.575122
95.616491
94.577534
94.146272
94.750406
94.320601
94.543878
95.607459
94.511642
94.145396
94.751207
94.359923
94.719455
95.634312
94.300341
94.076103
94.636242
94.287037
94.497585
95.275378
93.966934
93.751177
94.533183
94.268117
94.398837
94.984010
94.397896
94.318711
94.360991
93.575417
93.227257
92.844867
93.086190
93.616688
92.548692
93.046237
92.972028
95.926443
94.046717
93.418530
93.512160
92.052909
91.281981
91.053435
91.246658
91.208395
91.485404
92.300689
93.321925
94.748798
93.432073
93.156260
94.112923
93.306893
93.520592
94.748796
93.235603
92.969399
94.164603
93.421861
93.851928
95.176038
93.345378
92.805629
93.597407
92.965080
93.355320
94.761759
92.883154
92.606371
93.443140
92.697677
93.305677
94.636412
92.890534
92.379444
93.316490
92.591722
93.148875
94.424778
92.562909
92.094258
93.140529
92.204058
92.520141
93.910824
92.453391
92.334461
93.420348
92.643582
92.349071
91.352594
92.267786
91.444132
90.814950
92.098416
91.749616
95.351053
93.255231
92.494501
92.909213
91.195179
90.341905
90.057364
90.027495
90.195811
90.313120
91.179073
92.387035
93.802365
92.176257
91.797681
92.941192
92.166382
92.770345
94.181928
92.499338
92.074566
92.907770
92.238957
92.809197
94.247743
92.507144
92.084568
92.931566
92.375449
92.820785
94.319812
92.368649
91.851673
93.020883
92.090822
92.641746
94.410813
92.394981
91.993984
93.127498
92.232732
92.721785
94.369885
92.648735
92.087083
92.902643
92.086208
92.374520
93.393414
92.199211
92.579284
93.334792
92.102030
91.516034
90.554953
91.113366
91.915385
90.663160
91.739228
91.022362
95.098472
93.060164
92.092776
91.985220
90.592192
90.147053
89.926225
90.286449
90.431217
90.791450
91.753954
92.779684
94.299129
92.772326
92.745776
93.687562
92.991541
93.274305
94.494651
92.841973
92.447922
93.130451
92.768305
93.189921
94.487576
92.910438
92.524369
93.277712
92.828072
93.405825
94.604889
93.048189
92.622033
93.345011
92.783374
93.221058
94.567196
93.116562
92.656048
93.351879
92.763091
93.114878
94.549686
92.596138
92.204247
93.182780
92.941134
93.338768
94.014593
93.225067
92.884998
92.811357
92.372779
91.627544
91.347929
91.402655
91.988658
90.872538
91.902436
91.755868
95.516719
93.330176
92.451728
92.869536
91.144524
90.589962
90.198072
90.410136
90.453578
90.765327
91.696398
92.896671
94.267019
92.718247
92.758347
93.714994
92.922887
93.281360
94.404756
92.683210
92.272445
93.148116
92.598266
93.156423
94.563552
92.822547
92.349824
93.252209
92.601531
93.291923
94.595076
92.717530
92.457578
93.370067
92.760052
93.307408
94.677233
92.802457
92.299956
93.331991
92.637568
93.066766
94.532059
92.771858
92.403902
93.301060
92.431958
93.463932
94.198977
93.347437
92.985494
92.802181
92.070934
91.772554
91.506686
92.132083
92.077075
90.757844
91.529580
91.674482
94.853286
92.748340
92.101589
92.386514
90.479687
89.742996
89.566949
89.907529
89.803965
90.146117
90.998339
92.104063
93.505715
91.976979
91.618756
92.622327
92.020234
92.620221
94.083323
92.283090
91.856066
92.790637
92.193184
92.769952
94.129932
92.346198
91.961403
92.733747
92.172258
92.747596
94.196075
92.405070
91.901465
92.758219
92.243795
92.968132
94.272385
92.263045
91.810452
92.911632
92.062268
92.690047
94.184805
92.278406
91.794852
92.860082
92.672816
93.010572
93.806735
93.037705
92.906596
93.240079
92.289674
92.051952
91.062412
91.220708
91.141608
90.966258
91.350406
91.558273
94.800316
92.955809
92.075613
92.198552
90.551077
89.742607
89.304353
89.575046
89.736745
90.073804
91.276414
92.627772
93.962295
92.692558
92.439165
93.237438
92.667377
92.907624
94.175011
92.479386
92.021847
92.701938
92.533914
92.991266
94.205220
92.583989
92.139609
92.880470
92.407802
92.774534
94.210685
92.573632
92.163346
92.856402
92.413871
92.842107
94.312074
92.664246
92.234259
92.927172
92.372871
93.301031
94.066749
92.547739
92.651124
92.884185
93.074843
93.411502
93.915850
93.272895
92.999495
93.363547
92.621018
92.249913
91.705946
92.155022
92.124334
91.689800
92.221795
92.086690
95.428176
93.702475
92.792617
92.792364
91.294601
90.605168
90.200757
90.512300
90.632653
90.921872
91.728317
92.579346
93.796392
92.588156
92.370968
93.031679
92.826667
93.318313
94.467447
93.351770
93.168952
93.897724
93.546190
93.987669
95.081610
93.558210
93.115034
93.494878
93.421224
93.864005
94.807096
93.432376
93.065308
93.598766
93.450179
94.178447
94.982990
93.616244
93.313447
94.150333
93.903317
94.241892
95.013037
93.667198
93.631747
93.750107
93.935614
94.322913
94.848415
94.052342
93.839216
94.064126
93.357145
92.985193
92.582465
92.970607
92.936919
92.926072
93.030841
92.892215
95.770601
94.410182
93.667050
93.413611
92.310714
91.687626
91.346652
91.671256
91.641965
91.969827
92.768704
93.569546
94.454099
93.506502
93.380676
93.836304
93.743014
94.203568
95.107642
94.192496
94.002672
94.578380
94.385940
94.769893
95.652609
94.603894
94.303393
94.759519
94.539239
94.808664
95.768811
94.666328
94.439777
94.812743
94.764568
94.886178
95.534198
94.523658
94.287255
94.532818
94.729147
95.020828
95.640567
94.572512
94.573970
94.471932
94.652887
94.943612
95.385152
94.861170
94.494081
94.626711
94.106761
93.822141
93.481094
94.087253
94.092792
93.781739
93.979787
93.067566
97.227273
95.768510
94.370900
93.161795
91.733795
90.810399
90.701900
91.007915
91.084087
91.569588
92.478786
93.200705
94.212200
92.948791
93.131598
94.226448
94.410341
94.789617
95.509442
93.841962
93.124769
93.046902
92.743689
93.308796
94.355254
92.672819
92.275049
92.553150
92.389418
92.823002
93.915664
92.356799
92.008337
92.549613
92.644191
93.331063
94.600459
93.066798
92.578694
92.974090
92.889762
93.003132
94.144865
92.673863
92.192041
92.233331
91.857855
91.946562
92.804635
91.471495
91.145556
91.205740
90.107020
89.418470
89.342919
89.356655
89.464136
89.435676
88.962618
88.833190
95.863988
94.520888
93.657907
93.073606
91.746505
91.016074
90.911763
90.826697
91.023302
91.136895
92.096775
93.412228
94.894114
93.422541
93.256901
93.578976
93.071692
93.568301
95.276104
93.944043
93.614755
93.688259
92.920619
93.347416
94.764778
93.199233
92.460092
92.952753
92.847541
94.240425
96.414993
94.557293
93.910432
94.212349
93.589833
93.831591
94.920377
93.055235
92.303767
92.255933
91.646718
92.174532
93.317579
91.872643
91.623953
92.163661
91.794220
92.232486
93.261042
91.544457
91.323937
91.368093
90.586509
90.186563
90.229898
89.909589
89.495259
89.865715
89.543101
89.667275
96.497273
94.350836
92.928641
92.004364
90.515359
89.798924
89.545601
89.585985
89.542268
90.249653
91.706422
92.664354
93.320154
91.776228
91.606477
92.040687
91.784510
92.262373
93.196123
91.524791
91.629895
92.537643
92.325066
92.930710
94.185932
92.491174
91.788336
92.151785
91.769456
92.444545
94.228593
93.754096
94.191118
94.323650
93.154318
93.899533
95.131013
92.713864
92.191656
92.712843
91.869425
92.379416
93.913631
91.764157
91.271950
91.756444
91.198011
91.551747
93.017791
91.434257
90.671635
91.097595
89.674494
89.096959
89.457096
90.129354
90.533615
89.512833
88.073053
87.943098
95.039435
93.882331
94.379639
94.980206
92.374530
90.104237
89.087275
89.199020
89.890926
91.305085
92.137034
92.577365
93.799097
92.457025
92.750688
94.009966
92.826823
92.313181
93.065210
91.452522
91.806254
93.144375
92.497552
92.829788
93.997366
92.120475
92.730597
93.875212
92.429650
92.953291
94.352203
93.213113
92.460417
92.592342
92.272316
93.063087
95.256648
93.935959
92.899540
92.461725
92.095356
92.527388
93.960946
92.027033
91.314500
91.754449
91.334967
92.044903
93.298401
91.133924
90.722985
91.266239
90.604854
90.686965
91.640582
90.966828
89.877528
90.052611
91.058958
90.471427
96.337876
94.224376
92.953803
92.010547
90.460996
89.865468
90.098833
90.341331
90.063187
90.104470
91.056239
92.386137
93.816005
91.885041
91.403550
92.113226
92.003136
92.590469
93.710893
91.840218
91.611002
92.262706
92.477968
92.782683
93.308244
91.889562
92.814080
94.091723
92.974039
93.420007
94.544212
94.057963
94.611655
94.604738
93.288053
93.316961
94.510998
92.505106
92.227844
92.450397
91.763351
92.080793
93.157996
91.439923
91.055159
91.441475
90.892851
91.322658
92.645528
91.981258
91.358745
90.710039
89.498323
89.112637
89.083710
88.732928
88.827227
89.625344
90.227998
90.565280
96.127505
93.556389
92.300707
91.827468
90.745657
89.518817
88.866380
88.971380
88.982669
89.317992
90.222928
91.788195
93.915887
92.956914
92.408097
92.516419
92.407477
93.719012
95.248167
92.073955
91.943436
94.284269
94.239696
93.593471
94.084456
92.242996
92.455911
93.905371
93.511824
93.250149
94.048311
92.002506
91.586251
91.994571
92.005424
92.223094
93.669844
92.463220
92.246886
91.930200
91.851624
93.221206
94.393973
91.824739
91.103671
91.610609
91.812296
91.711018
92.807854
91.275401
91.287032
91.681713
90.282679
89.538829
89.501703
89.433499
89.559386
89.970156
89.262061
89.518342
95.190259
92.848478
91.677313
91.054300
89.749584
89.576240
89.509536
89.525007
89.749866
90.231862
91.359520
92.222124
93.123802
91.678507
92.787669
93.751762
93.056756
93.158216
94.302603
92.894256
92.991808
93.203580
92.227150
92.629159
94.079443
92.467261
91.839918
92.287334
91.991460
92.215711
93.301863
91.762030
91.453438
91.999963
92.072308
93.057119
93.476792
91.615049
91.565318
92.846518
92.579146
92.405410
93.187207
91.501368
91.294012
91.862742
91.915314
91.887020
92.884515
91.065936
91.367859
91.932082
90.592853
89.941230
90.255894
89.895951
90.184832
90.774989
91.251684
92.138542
98.158262
96.028533
94.797372
94.122159
93.682160
93.063333
91.579513
89.510040
88.753345
89.151702
90.146933
91.231345
92.406649
91.143293
91.051900
91.834099
92.217231
93.619047
95.440207
93.742229
93.389714
93.339492
92.810267
93.343890
94.668491
92.960779
93.089640
93.882217
94.229109
94.755146
95.815383
94.036701
93.739352
95.096279
95.935740
96.925243
98.530811
95.648403
94.401922
94.986016
94.551058
95.124564
96.892388
95.631124
95.742425
95.944945
94.744019
95.022018
96.719191
95.244309
95.636408
95.794920
94.380932
93.380335
93.245444
93.721834
94.820500
94.700053
95.222905
94.659101
98.034351
93.447551
91.192792
90.703906
90.206549
90.777553
90.864989
90.665679
90.057330
89.647450
90.648733
92.288040
94.521516
94.292067
94.960835
95.534988
94.432244
94.246752
94.705449
93.212817
93.748767
94.927040
94.147990
94.885423
95.968555
94.624754
94.422801
95.075977
95.264419
95.817435
96.814317
94.302812
92.984276
92.539997
92.142515
92.727948
94.266041
93.287788
93.470100
94.026590
93.108858
93.120135
93.849064
91.740094
91.332247
91.805247
92.000177
93.100305
94.041942
91.624922
90.998026
91.460216
90.616012
91.118841
90.945728
90.194555
91.040181
91.779977
91.293601
90.313054
95.776875
94.060077
93.894726
93.107029
90.572391
89.338613
88.851102
89.210618
89.745507
90.283400
90.648946
91.524471
92.665039
91.311181
90.885531
91.422372
91.838265
92.063405
92.869500
91.364802
90.944661
91.677644
92.024480
92.277440
93.085565
91.719233
92.037729
93.635553
93.618339
93.250386
93.866485
92.120274
92.009633
92.700544
92.634261
92.717440
93.769715
91.937122
91.953024
91.946597
92.027802
92.450321
93.623165
91.857023
91.723846
92.238930
91.722057
91.854741
92.822888
91.581496
91.730152
92.343675
91.499408
91.122534
91.637543
92.566778
92.495424
91.638445
91.319841
91.729953
