99.003074
99.231394
99.203143
99.605629
98.861904
99.038177
98.210078
98.855482
98.694526
98.695215
98.731503
98.799813
98.817213
98.991651
98.988212
99.636642
98.967390
98.969146
98.810362
98.695917
98.678041
99.427680
98.706344
98.723632
98.843740
98.757382
98.813236
99.483427
98.851643
98.777622
98.810755
98.625913
98.629315
99.311269
98.679546
98.712797
98.593486
98.714953
98.603292
99.040788
98.717312
98.756763
98.670522
98.705832
98.604237
99.152064
98.841033
98.778901
98.734653
98.541194
98.509280
99.108876
98.519759
98.689608
98.170208
98.530948
98.173443
98.562951
98.248733
97.756383
98.848401
98.615544
98.407673
98.736601
97.972453
98.023989
97.434397
98.174392
97.987659
98.109460
98.260491
98.301643
98.621458
98.446586
98.342668
98.956130
98.470712
98.541128
98.749549
98.616363
98.581228
99.200695
98.666346
98.683499
98.750649
98.662671
98.644040
99.225078
98.830620
98.716554
98.871794
98.602838
98.596846
99.247118
98.800386
98.899314
98.774243
98.721579
98.654517
99.236319
98.641476
98.729171
98.773550
98.679711
98.629521
99.191848
98.559457
98.644813
98.678671
98.634302
98.561947
99.110004
98.520590
98.690477
98.139660
98.446506
98.509222
98.703045
98.532510
98.087759
99.053644
98.608959
98.523582
98.890286
98.177847
98.148093
97.673603
98.180289
98.211402
98.231930
98.410097
98.399963
98.680549
98.604401
98.559775
99.130491
98.553364
98.492600
98.686621
98.795922
98.708237
99.406815
98.757469
98.812628
98.692265
98.766563
98.693453
99.420417
98.595484
98.714023
98.742086
98.751668
98.772259
99.184288
98.743741
98.601636
98.759968
98.596666
98.620473
99.224495
98.765200
98.724993
98.747659
98.598152
98.685151
99.442268
98.593698
98.767898
98.663821
98.693145
98.476994
99.409521
98.519121
98.490658
98.086394
98.541154
98.486674
98.495683
98.462656
97.977139
99.011552
98.761411
98.605314
99.012326
98.258249
98.218404
97.555762
98.345785
98.222641
98.273503
98.513935
98.603709
98.767439
98.590313
98.534689
99.236439
98.638006
98.634223
98.763336
98.762391
98.780421
99.420212
98.688888
98.691198
98.754655
98.630556
98.663346
99.202414
98.758027
98.728137
98.775366
98.752431
98.515736
99.417254
98.682814
98.771273
98.697448
98.760784
98.543377
99.431033
98.544453
98.630729
98.767796
98.624034
98.709515
99.402565
98.720992
98.661431
98.638456
98.472022
98.371937
99.154619
98.464688
98.320893
97.898478
98.404150
98.312637
98.355895
98.360197
97.800364
98.814709
98.622867
98.498422
98.825544
98.067832
98.087874
97.556254
98.151692
98.145791
98.172044
98.353260
98.283907
98.640685
98.530006
98.538272
99.125443
98.611280
98.678046
98.682696
98.728703
98.705489
99.384761
98.750313
98.727254
98.756015
98.572721
98.595397
99.194956
98.642656
98.715018
98.717616
98.782683
98.611189
99.404671
98.626943
98.603427
98.707410
98.737845
98.730050
99.434487
98.776322
98.657278
98.679845
98.584348
98.556356
99.165786
98.582314
98.566041
98.664382
98.520389
98.586018
99.184006
98.318706
98.462282
97.975066
98.602464
98.339885
98.592819
98.434865
98.152422
99.005928
98.485730
98.325278
98.653046
97.960979
97.955247
97.515449
98.017917
97.868002
97.960973
98.291454
98.314734
98.584823
98.500246
98.462192
99.116062
98.582534
98.580427
98.589384
98.728448
98.656038
99.374732
98.768095
98.788991
98.654019
98.746113
98.688302
99.399570
98.759037
98.732760
98.860075
98.638269
98.580406
99.196741
98.649165
98.766112
98.765648
98.841958
98.647109
99.429113
98.644803
98.700284
98.840104
98.636668
98.607996
99.441564
98.766924
98.768632
98.620088
98.638938
98.525770
99.369736
98.461147
98.618617
98.015448
98.357060
98.342594
98.562205
98.490683
97.990797
98.736917
98.433939
98.392730
98.751221
98.076293
98.104018
97.540484
98.065580
98.023780
98.021694
98.389632
98.362286
98.575392
98.482228
98.447096
99.013788
98.469769
98.515810
98.617854
98.624959
98.638462
99.336449
98.575896
98.680109
98.564114
98.717621
98.680025
99.121385
98.527318
98.663426
98.660129
98.530121
98.532021
99.096835
98.595701
98.772623
98.622655
98.639658
98.564181
99.154714
98.679659
98.678496
98.652204
98.621240
98.543357
99.118532
98.509624
98.696836
98.648213
98.585864
98.580527
99.364422
98.473920
98.641396
98.056428
98.570710
98.445901
98.463797
98.801549
98.100564
98.800842
98.571519
98.267466
98.820092
97.956788
98.029556
97.527157
98.239795
98.139705
98.293895
98.569671
98.511245
98.773723
98.663870
98.591395
99.038814
98.862471
98.775019
98.795664
98.775553
98.767139
99.435089
98.643892
98.738242
98.806687
98.787659
98.675072
99.183998
98.605439
98.580236
98.847286
98.633931
98.577146
99.143241
98.585481
98.447151
98.682115
98.648936
98.639593
99.166007
98.574506
98.641106
98.641352
98.610448
98.411001
99.153615
98.476826
98.766505
98.621944
98.529365
98.494208
99.344293
98.405382
98.585462
98.101069
98.409382
98.432562
98.601073
98.675226
98.085586
98.840052
98.507768
98.399684
98.688327
98.027571
97.964751
97.445323
98.085698
97.972826
98.118197
98.266988
98.371134
98.612581
98.537999
98.534187
99.220446
98.620944
98.599416
98.677260
98.766704
98.699762
99.387809
98.580257
98.735641
98.729915
98.540250
98.580693
99.167632
98.573903
98.718485
98.706899
98.564226
98.633249
99.128345
98.500730
98.716998
98.631277
98.543529
98.367562
99.132046
98.560526
98.520049
98.639978
98.542022
98.542364
99.136645
98.585074
98.534436
98.577604
98.489018
98.522483
99.381613
98.385926
98.466394
98.010946
98.376911
98.174901
98.566600
98.397664
98.031677
98.705988
98.538439
98.347312
98.730907
98.074536
97.993936
97.553198
98.020493
98.057062
98.084929
98.186284
98.298082
98.537272
98.592860
98.448550
99.082593
98.497228
98.572697
98.701541
98.619323
98.673393
99.355484
98.566407
98.500685
98.677501
98.495966
98.578786
99.099882
98.540092
98.605039
98.566284
98.607500
98.519290
99.118561
98.469104
98.558808
98.637300
98.625207
98.505842
99.140155
98.540100
98.510625
98.718115
98.585058
98.584522
99.106495
98.559705
98.570421
98.565983
98.576563
98.498929
99.059930
98.412101
98.372407
98.039032
98.282025
98.100676
98.528026
98.342330
97.725626
98.622649
99.749961
99.726949
99.716140
99.690931
99.594904
98.143696
99.893860
99.933007
100.000000
100.000000
100.000000
99.203819
100.000000
100.000000
100.000000
100.000000
100.000000
98.757890
100.000000
100.000000
100.000000
100.000000
100.000000
99.047185
100.000000
99.979359
100.000000
100.000000
100.000000
98.906863
100.000000
100.000000
100.000000
100.000000
100.000000
98.584542
99.839771
99.942912
100.000000
100.000000
100.000000
98.651546
100.000000
100.000000
100.000000
100.000000
99.829371
98.448416
99.915589
99.910203
100.000000
100.000000
100.000000
98.128943
100.000000
100.000000
100.000000
100.000000
98.247285
98.585368
100.000000
99.842600
100.000000
99.776494
100.000000
97.989210
100.000000
100.000000
100.000000
99.955362
100.000000
98.084248
100.000000
100.000000
99.936132
99.685092
99.367840
97.563776
99.692355
99.845085
100.000000
99.846285
99.582567
97.642645
99.361366
99.342170
99.856826
99.418108
99.249038
97.077505
99.027363
99.021539
99.469257
99.014209
98.804025
97.299908
99.134135
99.266655
99.718060
99.511325
99.429626
97.267620
98.910383
98.865373
99.268115
98.851198
98.826163
96.865706
98.240368
98.220249
99.124577
98.402609
98.473128
96.807346
98.562740
98.365487
98.685877
98.294901
96.356965
96.735527
98.553004
98.029028
98.470916
97.983000
98.144848
95.686789
98.059534
98.027979
98.068325
98.311258
98.435479
96.379127
98.294737
98.445537
98.770137
98.705766
98.937852
96.942129
98.835762
98.905191
99.068296
98.951272
99.175518
96.921395
98.750292
98.793776
99.356559
98.837524
99.361299
96.852628
98.839067
98.761043
99.270282
98.500400
98.317770
96.254775
98.448560
98.295216
98.842317
98.320743
98.163143
95.786157
98.101312
97.252015
98.361939
97.133257
96.977312
95.354523
96.912894
96.705098
97.335739
96.545796
96.575602
94.237502
96.524087
96.578562
97.167931
96.729409
94.713733
95.983013
97.029999
96.973261
97.153813
96.978690
97.042714
94.745345
96.791750
96.714975
96.715209
96.903052
96.982082
94.943661
97.161769
97.306727
97.989537
97.102971
97.155007
95.162361
97.223039
97.241623
97.632651
97.409788
97.352163
95.244863
97.313201
97.320248
97.705900
97.399759
97.413484
95.252975
97.489316
97.339111
98.208653
97.374867
97.316220
94.677842
96.849894
96.832557
97.726201
96.973650
97.169212
95.167024
96.670627
96.747452
97.645657
96.775083
96.940009
95.202533
96.848702
96.891686
98.275925
96.919070
96.892959
94.905473
96.777963
96.656163
97.164064
96.797211
94.802869
95.470539
96.594746
96.704127
97.402538
96.566339
96.457854
94.022888
96.555972
96.633015
97.160477
96.679255
96.486893
94.331043
96.375676
96.523555
97.384098
96.641712
96.719723
94.675148
95.874985
95.913308
96.844637
95.939371
96.674288
94.289052
96.104499
96.904329
97.683086
96.905517
96.810940
94.984361
96.184994
96.165589
97.753764
96.181363
96.923976
94.991323
96.028818
96.107497
97.718334
96.119683
96.199080
95.193599
96.267111
96.298477
97.866916
96.180935
96.191096
95.623271
97.503414
96.740952
98.286098
96.725615
96.851602
95.327429
96.905120
96.965109
98.488747
97.405720
96.081073
96.556508
97.147510
97.016660
98.805193
96.971470
96.735015
94.750652
96.667688
96.600187
97.913772
96.478720
96.429643
94.986024
96.402982
96.388658
98.127353
96.221436
96.082397
94.598494
96.279750
96.361882
97.438607
96.301137
96.301526
94.863144
96.224316
96.073616
97.119662
96.035167
96.091090
94.820306
95.195519
95.121930
97.362248
95.451517
96.272459
94.696058
96.135069
96.156474
97.296495
96.358382
96.481545
95.217746
95.533442
95.501218
97.462860
95.474459
96.422196
95.058164
96.412342
95.629348
97.516793
95.593538
95.628651
94.667531
96.551381
96.401364
97.339496
96.487468
94.573905
95.260869
96.209892
96.318816
97.602904
96.475280
96.372795
94.077720
96.215086
95.381543
97.254518
95.603042
95.551799
95.197965
96.389071
96.431475
97.852174
96.700875
96.742988
95.062216
95.826658
95.880313
98.041046
95.985023
96.153224
95.381877
96.289002
96.200239
98.259274
96.144873
96.059374
95.259655
96.127725
96.036416
98.095189
95.898226
95.931042
95.122545
96.007946
95.877663
97.952643
95.646310
95.683501
94.723407
95.805684
95.916243
97.301531
95.919855
95.818759
94.737628
95.627031
95.457334
97.643500
95.827487
96.015047
94.691181
96.153507
96.212738
97.148076
96.211266
94.703904
96.085751
96.457885
96.122090
97.335744
95.725805
95.758474
94.083030
95.882546
95.834292
96.612810
95.868937
95.773479
94.817656
95.856328
95.883824
97.061015
95.729698
95.725568
94.805628
95.898046
95.966613
97.303684
95.896971
95.896064
94.920725
95.901019
95.850988
97.191899
95.899458
95.907151
95.119946
95.231380
95.290312
97.541457
95.584318
95.461434
95.313758
96.471187
96.634667
97.933158
96.837002
96.644638
95.564614
96.571212
96.259181
97.523712
96.433073
96.396877
95.248804
96.396929
96.104274
97.446789
96.187536
95.959410
94.097431
96.117564
96.064603
97.113920
96.351505
94.651466
95.785584
96.438795
96.427973
97.911894
96.678119
96.574846
94.741832
96.305063
96.134786
96.693030
95.832827
95.829038
94.681067
95.807015
95.644118
96.697189
95.478407
95.527088
94.213127
95.223167
95.145078
96.373083
95.116077
95.094479
93.847124
95.072932
95.030777
96.394762
95.073547
95.196943
93.968116
95.182393
95.277073
96.660277
95.294906
95.278665
94.127654
95.820430
96.398901
97.736603
96.398066
95.936350
94.690404
96.002833
95.888813
96.904964
96.377465
97.134978
95.859311
96.714110
97.581065
98.491567
97.771410
97.827368
95.836536
98.021463
98.051340
99.262059
98.169733
96.171250
97.883300
99.826393
99.982433
100.000000
99.809219
99.488035
97.312620
100.000000
100.000000
100.000000
100.000000
100.000000
98.738074
100.000000
100.000000
100.000000
100.000000
99.941618
98.148407
99.142697
99.176131
100.000000
98.774974
98.615013
97.015071
98.510149
98.566794
99.418414
97.800788
97.794118
96.353016
97.460568
97.333635
98.219958
97.142716
97.090489
95.423039
96.924955
96.805616
98.504803
96.889984
96.862792
95.100995
96.754727
96.751657
97.791113
96.667856
96.604072
94.934982
96.530420
96.723334
97.991131
96.629047
96.403248
94.198302
96.249128
96.300841
97.670878
96.220769
94.662457
96.329317
96.273148
96.052791
96.082400
95.502145
95.748508
94.963128
95.955166
96.040469
95.877578
96.165120
96.184234
96.397804
96.559193
96.587621
97.174299
96.696820
96.690319
96.718575
97.260564
97.250057
97.835774
97.417462
97.381530
97.236878
97.977345
97.952441
98.639799
97.966790
97.955217
97.380937
97.733434
97.718322
98.623012
97.826009
97.878732
97.569228
98.006165
97.978471
98.932138
97.827844
97.818008
97.679154
97.803096
98.027976
98.634982
98.013498
97.784158
97.546711
97.820656
97.996452
98.955761
98.003676
98.039313
97.266316
97.980896
97.620734
98.286572
97.701443
97.359137
97.793681
98.112142
97.987436
98.574800
98.221129
97.878785
96.754117
98.264795
97.887612
98.183553
97.728433
97.674629
97.507602
97.917550
98.187321
98.544951
98.235577
98.294192
97.486967
97.676260
97.649664
98.568326
97.686308
97.973467
97.567406
98.046614
98.004360
99.006910
98.128466
98.161488
97.745823
97.873539
98.049078
98.986566
98.080098
98.193703
97.747978
97.964742
97.852858
98.667695
97.817863
98.127584
97.665047
98.144078
97.758033
98.974926
97.833485
97.905564
97.644892
98.027792
98.042572
98.954190
98.024553
98.003758
97.205623
98.024871
97.790920
98.360447
97.828336
97.214253
97.690806
98.122951
98.038178
98.642912
97.934591
97.996584
96.925811
98.004432
97.977564
98.291390
97.829726
98.102166
97.693495
98.411368
98.274319
98.935258
98.064593
98.080724
97.586982
98.060410
98.074286
98.625395
98.312406
98.379713
97.591137
98.068918
97.779231
98.909204
97.754410
98.019379
97.661396
98.007392
97.722165
98.645264
97.964213
98.004546
97.567860
97.710364
97.667509
98.591688
97.723604
97.959544
97.582141
97.746380
97.665945
98.796610
97.727434
97.925431
97.562490
97.937653
97.743089
98.863550
97.684347
97.651150
97.117770
97.879993
97.874375
98.193511
97.845072
97.093407
97.669287
98.028414
97.934671
98.838657
97.859826
97.910578
96.802800
97.878818
97.564521
98.154712
97.663059
98.008481
97.571169
98.348615
98.233052
98.868840
98.282965
97.968726
97.561912
97.848363
97.747369
98.578065
97.936972
97.957816
97.501180
97.946293
97.909482
98.851384
97.934448
97.996638
97.553225
97.770913
97.741693
98.600441
97.708835
97.986711
97.565955
98.033556
97.809493
98.905715
97.763901
97.824891
97.636139
98.070259
97.966411
98.937666
97.780509
97.827577
97.547147
98.005216
97.934096
98.570218
97.619873
97.946630
96.854812
97.927347
97.882059
98.178548
97.549262
96.855112
97.642347
97.966142
97.979436
98.553694
97.846976
97.847264
96.765931
98.202119
97.861011
98.141931
97.974226
97.984627
97.639473
98.254891
98.223239
98.525108
98.212337
98.309111
97.467613
97.998813
97.910263
98.818095
97.894025
98.269956
97.461549
97.968878
97.931751
98.858745
97.975050
98.316551
97.570019
97.946969
97.937664
98.855606
97.711890
98.021876
97.603888
97.968647
97.938400
98.847694
97.910244
97.987259
97.545822
97.701193
97.684057
98.511245
97.692894
97.993785
97.544105
97.952903
97.640825
98.810334
97.629977
97.670227
97.146074
98.277234
97.876141
98.202384
97.848695
97.046659
97.582321
97.995365
97.902135
98.479285
97.786527
97.880652
96.781871
97.923917
97.915944
98.107663
97.895796
98.261715
97.622787
98.332914
97.992365
98.858955
98.016026
98.358428
97.659381
98.028968
97.968616
98.938065
97.977685
98.015828
97.602110
97.978626
97.974770
98.885433
97.957533
98.018609
97.591047
97.983323
97.933269
98.563444
98.030298
98.058959
97.620049
97.733069
97.699541
98.536238
97.704291
97.998410
97.491909
97.926085
97.913669
99.025852
97.675609
97.747060
97.623843
97.916005
98.184216
98.454982
97.827899
97.571495
96.824158
97.824411
97.839589
98.134692
97.769471
96.818844
97.682308
97.968056
97.895606
98.750926
97.816047
97.862353
96.635933
98.135900
97.823872
98.070552
97.616022
97.671904
97.537411
98.175098
98.111054
98.762935
98.148700
98.155442
97.426531
97.626367
97.777047
98.690844
97.820746
98.206487
97.553668
97.882331
97.806839
98.726131
97.902699
97.976230
97.572951
97.986220
97.947376
98.791311
97.932292
97.958307
97.561583
97.704130
97.736483
98.502381
97.713422
97.960193
97.528031
98.255092
97.924529
99.027660
97.709160
97.751124
97.590880
97.924805
97.932611
98.503511
97.562653
97.593625
96.874365
97.863969
97.875878
98.195931
97.842099
96.849345
97.626062
97.792517
97.625413
98.469742
97.779373
97.879044
96.723090
98.138714
98.148326
98.124991
97.919721
97.775123
97.543174
97.964037
97.865156
98.515231
97.858155
97.970833
97.360113
97.857599
97.824865
98.523108
97.926582
98.018601
97.470411
97.912213
97.905788
98.812387
98.261704
98.352173
97.550505
97.968987
97.851650
98.821952
97.972091
98.095156
97.621635
97.779047
97.926223
98.539824
97.934419
98.042338
97.537462
97.717983
97.693451
98.547002
97.978686
98.024765
97.584210
97.735589
97.644482
98.875156
97.677652
97.956297
97.156408
98.229865
97.945259
98.585731
97.900521
97.194594
97.667213
98.038196
98.021273
98.548641
97.891283
97.938426
96.844981
98.219278
97.915632
98.170228
97.750046
97.850990
97.600931
98.351245
98.268553
98.921915
98.307319
98.365753
97.558166
97.988779
97.937796
98.873720
97.933071
98.364597
97.666576
98.010380
97.933087
98.867059
97.763289
98.062732
97.647211
97.806013
98.015727
98.625809
98.040681
98.026202
97.607308
97.787903
97.775009
98.618418
98.026515
98.106609
97.703407
98.018788
97.749595
99.155663
97.801694
97.855654
97.719605
98.073989
98.018833
98.948883
97.742058
97.764489
97.146099
98.305367
98.341239
98.297448
97.916305
97.156025
97.760395
97.901893
97.546184
98.859737
97.607069
97.890724
96.797466
98.197218
98.228096
98.218699
98.010156
97.817348
97.646314
98.011436
98.280141
98.523412
98.233406
98.282531
97.547983
97.990547
98.000097
98.870426
97.976145
98.365702
97.649207
97.978231
98.002036
98.877727
97.966901
98.122559
97.636734
97.823198
97.942820
98.847551
98.000679
98.107028
97.629312
97.764540
97.698895
98.507966
97.686123
97.949083
97.546392
97.967122
97.734323
98.847827
97.742497
97.733804
97.515501
98.304612
97.913202
98.781258
97.867255
97.938477
97.209473
97.824230
97.807467
98.052327
97.722492
96.260217
100.000000
100.000000
99.707717
99.854867
99.029480
98.646806
98.084427
99.860264
100.000000
99.626580
98.034143
97.823308
97.692238
97.387717
97.984277
98.635324
98.211395
98.218005
98.086572
97.402324
97.361613
98.287095
97.844152
98.676500
98.924705
98.590516
99.084831
100.000000
99.731807
99.739762
99.477283
98.266239
98.201601
99.480415
99.373619
100.000000
100.000000
100.000000
100.000000
100.000000
99.459331
99.359490
99.707343
99.602864
99.805807
100.000000
99.561614
99.095528
98.802216
98.326084
97.905035
99.511217
98.383703
98.261777
97.697496
98.314732
98.216715
98.660390
97.884197
97.052482
98.729376
98.437248
99.459853
100.000000
99.925655
99.485831
98.121147
98.302069
98.730103
99.824445
100.000000
100.000000
100.000000
100.000000
100.000000
100.000000
100.000000
100.000000
100.000000
99.632332
98.714422
98.659200
97.108438
97.121172
97.624401
97.473966
97.810076
98.808027
98.653226
99.614161
100.000000
99.900674
99.838078
99.788493
98.891140
99.234779
99.816720
99.480592
99.719176
100.000000
100.000000
99.932136
100.000000
99.273642
98.292177
98.910117
97.705262
97.868969
98.490479
99.137681
100.000000
100.000000
97.929504
96.435480
95.554119
97.125840
96.576533
97.228662
97.788006
96.833170
98.465461
97.737037
97.849617
99.001515
97.544417
96.877196
96.221993
97.102599
97.359013
97.759420
97.734525
98.293045
99.498140
99.694786
100.000000
100.000000
100.000000
100.000000
100.000000
100.000000
100.000000
100.000000
98.165138
97.673801
97.526233
97.035546
97.396942
99.259527
99.170884
99.133656
99.226587
98.998183
98.825672
99.350634
98.221614
98.240303
98.780348
98.420360
98.866895
100.000000
99.186742
98.632854
98.724826
98.277826
98.709630
100.000000
99.450803
99.472166
99.815093
99.359539
99.984416
100.000000
99.926803
98.442854
97.507542
98.100567
99.095631
100.000000
98.546639
97.136352
98.192935
97.786741
97.352699
98.895644
98.755778
98.723003
97.340287
98.445432
98.037603
98.276717
98.618048
98.833706
99.355728
99.655994
100.000000
100.000000
99.739527
99.629858
99.698537
99.462873
99.867103
100.000000
99.922931
99.967361
100.000000
100.000000
100.000000
100.000000
99.869761
99.477240
99.364426
97.937836
97.467144
98.833608
97.940824
97.786789
97.700242
96.965214
96.890119
98.265016
97.144753
97.995261
98.991823
98.552489
98.742067
100.000000
99.668390
99.789842
99.991411
99.455323
99.849568
100.000000
99.069142
98.430591
97.662182
97.388145
96.825582
97.162298
96.727172
96.548511
98.755894
97.577417
97.320417
99.018557
99.990037
100.000000
98.570088
97.738460
96.787367
97.263028
97.401786
98.085093
98.710398
98.102525
98.022822
98.675655
97.970593
98.231295
98.633002
97.933272
98.654015
100.000000
99.470791
99.990295
100.000000
99.640688
99.359453
100.000000
98.812873
99.155097
100.000000
100.000000
99.561322
99.238383
98.321134
100.000000
99.147596
97.856510
97.721037
98.268598
97.572673
99.792163
99.782137
97.260563
96.912261
97.888483
97.813628
99.554014
99.253967
97.825361
97.678787
98.902044
98.100125
99.449221
98.866079
98.294361
97.556391
97.743794
97.219693
96.561893
98.839454
97.817653
97.337877
98.379400
98.070467
100.000000
99.300277
98.448188
97.470602
97.328944
97.666029
98.274242
98.695104
97.630571
97.561395
98.893500
99.483586
100.000000
100.000000
98.910579
98.711116
99.598955
99.388201
99.373029
99.280631
98.417608
98.199836
98.893485
98.164119
98.552268
99.611862
98.965736
98.538140
99.585358
98.721657
99.586596
99.867110
97.237912
97.100620
100.000000
99.857674
99.870178
100.000000
100.000000
100.000000
99.466200
97.162893
97.140770
97.348093
97.039579
98.550868
100.000000
99.284289
98.163346
96.912238
97.713187
97.773236
98.307185
98.418627
98.210534
99.285699
98.221801
97.792912
98.980656
98.231364
98.381400
96.742715
97.614081
97.985264
99.083248
98.913763
98.727019
98.976871
98.997618
99.726191
100.000000
98.931336
98.777962
99.163490
98.869533
99.103807
99.857543
98.823077
98.416766
98.566129
98.033902
98.572651
100.000000
99.889500
99.793269
99.807079
98.741341
98.402074
99.535848
99.359617
99.048342
99.106561
98.508134
98.025770
99.194206
99.193524
99.843299
99.559886
98.400371
98.222363
99.893092
98.768147
97.769005
97.640788
97.893844
98.649162
99.369646
98.310435
98.322466
97.989751
98.640369
98.362263
98.315307
98.107947
97.189875
99.043648
99.315153
99.909359
100.000000
98.397077
98.145550
96.928766
97.897641
97.799132
97.489019
97.123920
97.209845
97.802432
98.734081
100.000000
100.000000
99.457068
97.784412
97.703336
97.408819
97.696470
100.000000
100.000000
99.243757
98.671776
98.215060
98.318712
99.521670
99.285666
99.128579
98.888414
97.809672
97.751922
99.052104
98.162083
98.661991
98.843496
98.088871
98.605453
99.538847
98.848563
98.604784
99.241937
98.802332
99.026196
100.000000
100.000000
99.063931
97.834804
97.326806
97.383677
98.870884
98.952864
99.979688
99.271813
98.202513
97.221188
97.551127
97.467161
97.778655
100.000000
100.000000
99.415910
99.401108
98.126904
97.986798
97.000064
98.188620
98.380949
97.929565
97.900607
98.077120
98.992533
98.309756
98.078064
98.349841
97.920833
98.674405
99.320766
98.542712
98.247806
98.994037
98.729409
99.200648
99.459029
98.846356
98.747730
99.459653
98.270332
97.965175
98.273211
97.800908
97.763835
98.849085
98.053483
98.211550
98.914573
98.490288
98.746868
100.000000
98.697145
98.639153
99.167397
98.492710
98.552926
99.254450
97.987775
98.446164
99.357774
98.613017
99.315264
100.000000
100.000000
98.658415
96.973340
97.648522
97.691235
98.060204
98.475232
98.895222
100.000000
98.858370
97.935759
98.777483
98.487567
99.848911
99.593474
99.340194
98.630630
97.635715
97.609445
97.752347
98.590755
98.690748
98.829971
99.627447
99.023398
98.802412
99.081105
98.391695
98.780709
100.000000
99.106658
99.263696
99.230455
98.433555
97.603626
98.553608
97.882420
97.661584
97.836541
98.641808
99.720437
100.000000
99.282942
99.473047
100.000000
99.865294
98.904315
99.104517
97.539517
97.510471
98.796914
99.418708
99.020130
99.310059
97.871896
97.791401
98.189758
97.659571
98.037119
99.530275
98.127570
98.100997
97.217206
97.381365
98.003954
100.000000
100.000000
100.000000
96.866263
96.944758
96.615478
97.368716
96.090246
96.138265
95.469748
96.630073
96.643560
96.689999
96.996626
97.264098
97.634332
97.162706
97.116841
97.892373
97.233294
97.377987
97.821227
97.273230
97.197348
97.940412
97.194217
97.337113
97.827419
97.254282
97.161777
98.246460
97.237895
97.258619
97.679062
97.025567
96.885163
97.956681
96.978028
97.014791
97.738995
97.210517
97.098438
98.235206
97.200188
97.260873
97.619503
97.133938
97.090603
97.946575
97.249656
97.260048
97.669224
97.268882
97.111766
98.192383
96.937134
96.836902
96.352297
96.734240
96.988758
97.104672
97.727880
96.607036
97.900159
97.404028
97.275823
98.254617
97.007830
96.871335
96.334291
96.812356
96.830354
97.182182
97.072051
97.192769
97.671823
97.285872
97.455024
98.240324
97.539168
97.409779
97.705451
97.313583
97.148923
98.000583
97.162802
97.284160
97.646126
97.316756
97.147627
98.326003
97.200946
97.253558
97.609058
97.071416
96.868306
98.032561
97.042306
97.351813
97.595067
97.172593
97.194998
98.298901
97.190669
97.049093
97.587157
96.940871
96.803803
97.990276
96.848719
96.831727
97.347375
97.047624
97.041806
98.215735
96.579740
96.433372
96.190513
96.638984
96.586657
96.971557
96.621898
95.695733
97.561388
97.191046
96.978974
97.933536
96.454476
96.680309
95.685994
96.602469
96.227017
96.615241
96.874777
97.083154
97.435489
97.001888
96.910649
97.886065
96.959862
96.992485
97.335981
96.699746
96.572825
97.901215
96.630678
96.734341
97.375665
96.714483
96.514577
97.878931
96.629924
96.708003
97.310267
96.636900
96.506932
97.869274
96.541770
96.737113
97.253263
96.623265
96.404087
97.842407
96.491469
96.716006
97.205773
96.237202
96.086474
97.424515
96.099736
96.299126
96.968294
96.110906
95.953588
97.746135
95.853522
95.651918
95.376270
95.504207
95.429083
96.356921
95.570471
95.297504
97.453667
96.682877
96.491227
97.816041
96.168116
96.005367
95.328045
95.919743
95.955419
96.265737
96.152107
96.499862
97.173961
96.381239
96.227852
97.395990
96.277799
96.496840
96.882012
96.351833
96.286487
97.698916
96.279422
96.454362
96.920497
96.304452
96.239407
97.744402
96.430026
96.510112
97.138395
96.162048
95.862380
97.380381
95.984494
96.214298
97.045046
96.034562
95.917516
97.379113
96.073314
96.279475
97.223500
96.213260
95.996808
97.383416
96.044113
96.169868
96.763395
96.018349
95.901775
97.742921
95.803585
95.974464
95.274066
95.314933
95.290216
95.680603
95.815125
95.222330
97.129725
96.499400
96.294021
97.680188
95.961374
95.763560
94.818733
95.774874
95.791667
96.206442
96.202878
96.458411
96.985451
96.380614
96.313654
97.764854
96.511892
96.541013
97.275147
96.501608
96.371810
97.780396
96.458976
96.562719
97.011826
96.403834
96.305456
97.385374
96.421522
96.632703
97.108077
96.219647
96.062491
97.414745
96.425157
96.542968
97.019404
96.293525
96.147750
97.793901
96.246255
96.559504
97.216371
96.182032
96.028764
97.364442
96.073080
96.182318
96.957024
96.359856
96.247285
97.681858
95.759613
95.561654
95.325818
95.743885
95.749582
96.259899
95.832567
95.189509
97.264823
96.552285
96.076262
97.725805
96.115093
95.985054
95.271001
95.871526
95.877150
96.309425
96.271389
96.584091
97.207871
96.561526
96.434093
97.816109
96.462900
96.620352
96.992158
96.406125
96.298284
97.800586
96.429353
96.567488
97.090892
96.468062
96.376175
97.780981
96.474198
96.760872
97.215559
96.278000
96.087018
97.446717
96.160099
96.405574
97.110006
96.264602
96.143824
97.810011
96.281655
96.423115
97.224713
96.315757
96.177395
97.799965
96.176298
96.350012
97.059958
96.139407
96.059099
97.685380
96.127213
95.975202
95.364212
95.775232
95.348093
96.232121
95.897209
95.197192
97.117921
96.511251
96.239071
97.625031
95.914578
95.746822
94.728923
95.625596
95.674706
95.586044
95.976044
96.364687
97.055798
96.250726
96.148647
97.208078
96.172655
96.350764
96.841236
96.214801
96.092898
97.651095
96.194042
96.373188
96.825626
96.159054
96.107253
97.592608
96.231038
96.386128
97.085588
95.944291
95.753074
97.246976
95.859458
96.143138
96.908752
95.993940
95.859173
97.668004
96.029249
96.215843
97.033946
96.034961
95.880473
97.261573
95.951201
96.107917
96.798551
96.184046
96.124236
97.613959
95.919998
95.763293
95.100894
95.265877
95.174249
96.171524
95.354802
95.094743
96.904534
96.248929
96.023179
97.466830
95.705982
95.638732
94.941683
95.418494
95.541888
95.906435
95.867596
96.287120
97.049914
96.232513
96.378848
97.546794
96.520602
96.339995
97.104610
96.259455
96.060055
97.570035
96.218611
96.277212
96.892199
96.186398
96.046893
97.635430
96.256811
96.340460
97.079671
96.194664
96.061980
97.162915
96.185363
96.329501
97.054346
96.251555
96.180160
97.600881
96.273935
96.403674
96.948111
95.977111
95.876508
97.597836
96.266245
96.385482
96.736643
96.205540
96.110372
97.549801
95.991548
95.757460
95.228300
95.703595
95.689906
96.216898
95.746726
95.170012
97.223596
96.493067
96.267998
97.533379
96.305545
96.193052
95.180407
96.145862
95.733147
96.176591
96.206827
96.460588
97.233504
96.714952
96.650625
97.688009
96.779345
96.882504
97.291971
96.485229
96.426921
97.743631
96.744073
96.850696
97.194869
96.494305
96.408120
97.750100
96.543461
96.963693
97.402784
96.614419
96.495490
97.791986
96.618294
96.806247
97.470383
96.629854
96.539998
97.802314
96.618178
96.825987
97.486346
96.669998
96.542769
97.837995
96.706313
96.829788
97.342314
96.663259
96.634170
98.160923
96.789347
96.356429
96.193163
96.299085
96.235581
97.001879
96.677325
96.137855
97.697609
97.154027
96.967563
98.070094
96.684596
96.545729
95.761413
96.523297
96.212718
96.939228
96.615046
96.974514
97.612257
97.096978
97.290355
97.918571
97.127528
97.254087
97.685440
97.156073
97.088065
97.977277
97.165558
97.331190
97.731855
97.230545
97.125166
97.989401
97.217538
97.297895
97.779002
97.082975
96.954186
98.087170
97.139894
97.388228
97.797595
97.325337
97.252950
98.346233
97.344579
97.377985
97.781762
97.170117
97.032328
98.089585
97.153332
97.291386
97.753481
97.328195
97.235199
98.324840
97.097750
97.002148
96.532367
96.845169
96.857852
97.250719
96.882817
95.980852
98.826521
98.745683
98.266786
98.673289
97.682464
97.546246
96.540619
97.793323
97.557626
98.149643
98.108022
97.988890
98.283562
97.662716
97.972716
99.372536
98.765717
98.783544
98.643812
97.989361
97.530246
98.006694
97.081339
97.156757
97.429890
96.489986
96.353546
97.603058
96.494132
97.150317
97.537968
97.025186
96.972545
98.048547
97.066849
97.475812
98.225610
97.232962
96.912883
97.815468
97.130977
97.096306
97.678198
96.935449
96.685954
97.442927
96.602769
96.532667
97.028272
96.488492
96.414770
97.727685
96.076905
95.751757
95.268130
95.789210
95.909296
96.415754
95.614007
95.110708
97.802795
97.273505
97.090843
97.603903
96.326897
96.068098
95.393579
96.178815
96.458368
96.405629
97.102393
97.670219
98.848842
98.023365
97.920741
98.694546
97.707715
97.853490
98.918816
98.506362
98.457605
98.896545
97.776730
97.918509
98.718854
97.965441
97.434028
98.273219
97.679501
98.755778
100.000000
99.167751
98.619194
99.220970
98.262154
98.111018
98.562383
97.537156
97.019526
97.543620
96.474927
96.606094
97.243162
96.274740
96.131708
97.536969
96.283690
96.691925
96.884471
96.404844
96.360417
97.354459
95.860153
95.702752
95.614885
95.789864
95.769685
95.692646
95.712588
94.933314
98.114061
97.141117
96.602485
97.194639
95.766169
95.590476
94.687595
95.527534
95.597357
95.817400
96.760598
97.000422
97.112284
96.283437
96.213635
97.146867
96.444577
96.560905
96.992503
96.263530
96.487472
97.753292
97.102864
97.345959
97.914204
97.048353
96.490815
97.274027
96.274428
96.420548
97.352753
97.911011
98.632352
99.167670
97.441879
98.062451
98.770713
97.036373
96.742922
97.984575
96.448496
96.914562
97.787637
96.361542
96.104989
97.400005
96.145115
96.280749
97.299656
97.044858
96.552974
97.515103
95.773147
95.507587
95.384511
96.546995
96.956109
95.920134
94.844120
94.451800
97.298349
97.462797
98.820295
100.000000
98.355258
96.495181
94.815685
95.846886
96.360068
97.353559
97.768023
97.429130
97.859633
97.269989
97.762053
99.208672
97.778401
96.832221
97.100714
96.332836
96.656480
98.183694
96.989134
96.404488
97.288311
96.410287
97.140732
98.662374
96.761559
96.862789
97.783456
97.203602
96.642050
97.639674
96.517057
96.956211
98.850820
98.326463
97.464656
97.725460
96.808183
96.983239
97.837993
96.508955
95.962478
97.361309
96.141274
96.551532
97.567500
96.045092
95.743568
97.430920
96.072370
96.190010
96.544633
96.092574
95.040602
95.529617
95.662730
95.141208
98.044891
97.187627
96.776768
97.254389
95.870477
95.846681
95.333937
96.438419
96.227628
96.044977
96.567479
97.056861
97.909642
96.731750
96.417727
97.419463
96.780068
96.978001
97.560729
96.544138
96.430288
97.601408
97.124392
96.896750
97.069645
96.398284
97.427114
99.054155
97.551877
97.232956
98.227193
98.107731
98.683596
99.388456
97.270273
96.710914
97.638716
96.535702
96.558214
97.912742
96.363046
96.184377
97.046318
96.004418
95.685049
97.167972
95.762571
95.796210
96.888448
96.842180
96.514468
97.164487
95.267077
95.208069
94.841828
94.818040
94.930905
95.974733
96.058243
95.931313
98.393559
96.860137
96.409673
97.519476
96.157802
95.972323
94.609118
95.547653
95.656400
95.624031
96.063375
96.674650
98.229378
97.748797
97.294926
97.922196
97.170642
98.100215
99.034415
96.588195
96.489087
99.180973
98.211397
97.011916
97.215551
96.375590
96.850863
98.709210
97.745693
97.014239
97.113228
95.908680
95.696715
97.268533
96.300602
96.204300
97.331195
96.776465
96.783929
97.698983
96.476802
97.201568
98.252610
96.281984
95.649988
97.196015
96.417787
96.176884
96.972255
96.139607
96.272213
97.844876
95.908828
95.517425
95.159449
95.384338
95.543979
96.273849
95.153760
94.922030
97.507964
96.334843
95.938695
97.006486
95.331646
96.065224
95.216907
96.056407
96.187635
96.229315
96.553846
96.952024
97.381031
96.527500
97.641562
98.932793
97.778080
97.489476
98.154198
97.332879
97.480018
98.134945
96.579717
96.464890
97.277390
96.373312
96.006175
97.483566
96.270163
96.571858
97.047864
96.000841
95.855939
97.256664
96.425549
96.952154
97.227902
96.150405
95.903439
98.015794
97.159335
96.756885
97.000438
95.872633
95.825041
97.373747
96.569436
96.390755
97.068353
95.995942
96.403083
97.990726
96.166155
95.594971
95.315615
95.284989
95.553472
96.385056
96.204810
96.896240
100.000000
99.382751
98.916241
99.629518
99.253655
99.187854
97.219690
95.993983
95.457596
95.540765
95.953341
96.357734
97.041823
96.079856
96.035110
97.306730
96.691075
97.487926
98.744230
97.906782
97.669643
98.265666
97.101294
97.234351
98.133194
97.154011
97.371391
98.631872
98.452632
98.445582
99.164149
97.779543
97.791621
99.592796
99.794926
100.000000
100.000000
99.591797
98.580344
99.593544
98.681341
98.676382
100.000000
99.640561
99.859271
100.000000
98.979353
98.796411
100.000000
99.793272
100.000000
100.000000
99.088300
98.402033
98.345838
98.703867
99.478958
99.843853
99.972526
99.601114
100.000000
97.758277
96.595581
98.123778
96.940080
97.534061
97.434786
97.392124
96.799918
96.821990
96.637924
97.353238
99.118262
99.131595
99.678353
100.000000
98.997769
98.357554
98.378026
97.268050
97.944744
99.662377
98.170056
98.491032
99.441473
98.479295
98.458553
99.674910
99.100141
99.420609
100.000000
98.265409
96.871353
97.233632
96.130447
96.447055
97.663325
97.412475
97.746976
98.757372
97.401247
96.888152
97.396290
95.985426
95.619370
97.193831
96.446482
97.085402
97.904654
96.129971
95.703239
96.995110
95.434765
96.178874
96.180628
95.828112
95.992201
96.966423
96.371901
95.374471
97.501352
96.790468
97.559278
98.201115
95.831677
95.072465
94.089467
95.213408
95.728632
95.970393
96.060605
96.220115
96.963556
96.054496
95.715735
96.889865
96.400147
96.312540
96.754215
95.910197
95.702429
97.041710
96.697500
96.670190
97.160658
96.194592
96.492830
98.472082
97.757363
96.968551
97.350244
96.216731
96.253744
97.621357
96.880912
96.513094
97.163681
96.165254
96.179406
97.118542
96.230607
96.348128
97.257436
96.222263
96.280863
97.538511
96.323118
96.036046
96.682988
95.959551
96.343250
97.746575
96.557602
96.636981
96.766812
97.276358
97.273978
96.958926
96.351469
97.305452
