98.874046
98.989307
98.943683
99.126817
98.436765
98.612617
97.983005
98.440535
98.451042
98.454011
98.512994
98.554218
98.659315
98.664063
98.617116
99.238324
98.639801
98.611987
98.725676
98.821864
98.792879
99.427084
98.677193
98.733967
98.864972
98.513493
98.648651
99.027186
98.679880
98.588953
98.731977
98.325716
98.417582
99.068249
98.508528
98.536083
98.515872
98.463428
98.406207
98.823175
98.531409
98.583685
98.574255
98.443152
98.403861
98.738758
98.612588
98.580396
98.543540
98.301114
98.252418
98.851328
98.251850
98.215048
97.928276
98.242428
98.109101
98.046482
97.965093
97.416970
98.750783
98.463315
98.236636
98.489023
97.765705
97.815465
97.239060
97.982529
97.808175
97.932936
98.085714
98.134276
98.491594
98.282532
98.184378
98.725737
98.325284
98.362434
98.637810
98.373192
98.365654
98.956603
98.490754
98.516554
98.659005
98.488592
98.438685
98.951127
98.517000
98.377907
98.797208
98.387570
98.385924
99.019043
98.592242
98.591548
98.630933
98.506141
98.431183
98.986804
98.416539
98.571364
98.676760
98.486279
98.440468
98.922009
98.322578
98.380528
98.439412
98.375653
98.304410
98.837738
98.238260
98.228462
97.819321
98.147569
98.191372
98.244096
98.340145
97.914750
98.956528
98.367125
98.265237
98.432297
97.765479
97.726126
97.334069
97.801045
97.841669
97.862030
98.084837
98.094046
98.479161
98.358828
98.275110
98.839955
98.343355
98.279468
98.555193
98.599990
98.487723
99.114519
98.579701
98.614287
98.604708
98.584980
98.497789
99.137414
98.521729
98.624940
98.640572
98.418990
98.432643
98.914954
98.553625
98.549744
98.681167
98.412941
98.416762
98.967950
98.437093
98.368291
98.650636
98.372118
98.462938
98.916971
98.359065
98.555041
98.527093
98.320420
98.405973
98.895265
98.450458
98.273782
98.073582
98.748057
98.728226
98.461375
98.894805
98.224135
98.729106
98.411981
98.220943
98.474781
97.786279
97.728781
97.106248
97.904140
97.793071
97.868956
98.136862
98.280603
98.509078
98.220052
98.137652
98.737482
98.265063
98.263917
98.581950
98.397872
98.424544
98.852935
98.326582
98.282888
98.644940
98.432723
98.455626
98.911040
98.393165
98.512386
98.677360
98.405385
98.279251
98.924932
98.502766
98.441599
98.614189
98.444496
98.281147
98.911208
98.316278
98.531439
98.611244
98.405245
98.322715
98.889848
98.364296
98.467555
98.543584
98.263386
98.556366
99.143385
98.687691
98.692065
97.982317
98.696694
98.574108
98.431777
98.530127
98.033210
98.602220
98.328335
98.170664
98.294237
97.597908
97.586984
97.153303
97.731163
97.690888
97.752022
97.999102
97.937187
98.415381
98.156427
98.162624
98.610378
98.254377
98.364056
98.506974
98.504143
98.457127
99.068626
98.511581
98.505360
98.638705
98.325111
98.351378
98.897961
98.452235
98.376298
98.630466
98.484687
98.416242
98.890507
98.411224
98.418738
98.636367
98.416772
98.383218
98.897743
98.383760
98.428416
98.503098
98.349404
98.339530
98.904669
98.369731
98.536897
98.578804
98.302988
98.478981
99.182344
98.577436
98.692910
97.866378
98.626392
98.666150
98.543127
98.742357
98.058111
98.808868
98.263606
98.042991
98.350840
97.685876
97.654174
97.256425
97.744978
97.575277
97.701596
98.075484
98.130388
98.415366
98.155655
98.114952
98.614038
98.269471
98.307935
98.468618
98.533025
98.433791
99.077781
98.581862
98.592121
98.559939
98.408002
98.284494
98.878252
98.405657
98.377873
98.772049
98.434488
98.360583
98.955347
98.457313
98.446676
98.691833
98.572047
98.458532
98.945371
98.424080
98.470697
98.674310
98.446851
98.380585
98.958985
98.429026
98.380561
98.457168
98.404617
98.619774
98.831338
98.610665
98.591778
97.886758
98.507529
98.590861
98.432058
98.541507
97.833885
98.537036
98.068592
97.986277
98.026094
97.525660
97.481441
97.045844
97.460368
97.398330
97.426783
97.904066
97.938630
98.249053
97.976394
97.908472
98.230082
97.932099
98.003287
98.345679
98.185142
98.185599
98.748139
98.283809
98.277643
98.348269
98.338755
98.276719
98.816902
98.305901
98.488874
98.561791
98.340072
98.349792
98.818842
98.407317
98.538523
98.580991
98.483763
98.362199
98.888783
98.374748
98.522616
98.605447
98.460998
98.355955
98.846831
98.328208
98.818155
98.646695
98.545502
98.806571
98.912322
98.767434
98.615209
98.113564
98.523235
98.437088
98.353329
98.447309
97.836625
98.588560
98.275097
97.920736
98.288286
97.635186
97.525233
97.060778
97.785050
97.660614
97.858739
98.201784
98.157802
98.522029
98.288544
98.198137
98.550743
98.506815
98.473388
98.593085
98.361999
98.344791
98.862306
98.399325
98.497860
98.668778
98.429615
98.278199
98.890062
98.362917
98.363929
98.745000
98.427133
98.349810
98.869439
98.375749
98.230828
98.581379
98.443717
98.421578
98.869440
98.331364
98.415750
98.461730
98.388150
98.176335
98.868807
98.238333
98.405629
98.443764
98.326422
98.605833
98.833680
98.559233
98.545101
97.890744
98.518342
98.504509
98.430737
98.478298
97.897404
98.523479
98.047542
97.866551
97.847334
97.345418
97.204064
96.838397
97.382408
97.240808
97.432627
97.655337
97.841101
98.204308
97.959141
97.944984
98.431610
98.077729
98.045831
98.363246
98.294629
98.236266
98.826165
98.314049
98.339528
98.538546
98.310539
98.330254
98.868330
98.337934
98.342351
98.584408
98.381159
98.393528
98.823032
98.264747
98.363630
98.556634
98.356627
98.321039
98.846973
98.350365
98.346412
98.520025
98.238282
98.337374
98.879680
98.366240
98.649365
98.493533
98.344909
98.653575
98.879629
98.546471
98.580635
97.986098
98.322353
98.295797
98.323500
98.332543
97.840966
98.498469
98.241670
98.007018
98.218135
97.636978
97.500009
97.187239
97.537992
97.590065
97.648420
97.797012
97.956971
98.313540
98.221366
98.030893
98.530528
98.126187
98.252319
98.553894
98.226668
98.292583
98.825597
98.297420
98.266339
98.549680
98.266425
98.343047
98.795174
98.319756
98.412266
98.442958
98.394535
98.307716
98.831850
98.242474
98.333183
98.462183
98.395049
98.266894
98.854636
98.297555
98.247575
98.535573
98.353212
98.343760
98.819899
98.306213
98.326084
98.378754
98.335450
98.247150
98.768622
98.333901
98.473682
97.830345
98.384107
98.477177
98.240179
98.496988
97.582764
98.391984
99.378217
99.290732
99.524302
99.193592
99.066217
97.781534
99.351948
99.470984
99.556998
99.681270
99.740055
99.031546
100.000000
100.000000
100.000000
100.000000
99.880975
98.703648
100.000000
99.976839
100.000000
100.000000
100.000000
99.008461
99.904896
99.813372
100.000000
99.981154
100.000000
98.870568
99.919662
99.925292
100.000000
99.959516
99.906802
98.631867
99.843127
99.975848
100.000000
100.000000
100.000000
98.702121
99.872610
99.784176
100.000000
99.568832
99.598961
98.394687
100.000000
99.907569
100.000000
99.705726
99.496038
98.103155
99.536153
99.557382
99.819317
99.686691
98.193245
98.506007
99.855132
99.644648
100.000000
99.562574
99.629889
97.922995
99.616076
99.583797
99.672987
99.759403
99.725929
97.845203
99.610287
99.502906
99.677655
99.184925
99.118358
97.358133
99.221368
99.388590
99.570329
99.398137
99.326733
97.329660
99.074411
99.019604
99.541467
99.084215
98.942198
96.918622
98.382154
98.371885
98.794826
98.282459
98.422199
96.935669
98.782827
98.971474
99.400869
98.875634
98.782294
97.007003
98.521741
98.501864
98.918666
98.133863
98.140406
96.669725
97.805692
97.825309
98.394701
97.988462
98.104590
96.258530
97.697575
97.471382
98.233328
97.328175
95.714457
96.253463
97.630487
97.430839
97.576911
96.966892
97.156805
95.295562
97.472212
97.466854
97.562181
97.873895
97.918536
95.781248
97.272264
97.473441
98.273473
98.200447
98.470896
96.373821
97.881759
97.891613
98.602053
97.965474
98.163208
96.589564
98.165265
98.192652
98.887130
98.261634
98.371230
96.531148
98.283349
98.115470
98.765435
97.825703
97.194453
95.599056
97.353725
97.220836
97.738602
97.203069
96.965795
95.069910
96.872240
96.639675
97.236756
96.434780
95.639035
94.579562
95.547763
95.239222
96.071168
95.067418
95.130880
93.263526
95.137198
95.240408
95.995226
95.420638
94.270923
95.366464
95.674657
95.586323
96.452918
95.599885
95.655616
93.864530
96.130470
96.107318
96.129345
95.639990
95.633636
94.592846
95.839155
96.048600
96.875161
95.806202
96.556999
94.339650
95.862385
95.864178
96.963639
96.078621
95.982520
94.406632
95.939238
95.944300
97.079159
96.137516
96.148723
94.491161
96.133276
95.993222
97.035701
96.025970
95.866316
93.817008
95.455831
95.502501
96.574091
95.586781
95.828234
94.396581
95.858004
95.880711
96.956285
95.899886
96.067371
94.750375
96.058260
96.043558
97.074343
96.006965
96.087207
94.034573
95.911463
95.737872
96.548699
95.969086
93.926797
94.768922
94.805130
94.929379
96.021821
95.620680
94.725230
93.409434
95.593781
95.691083
95.708651
94.824205
94.675961
93.837298
94.541657
94.691715
95.939000
94.832571
94.954697
93.758297
94.975012
94.903776
96.033909
94.959011
94.885866
93.738973
95.080598
95.136190
96.231831
95.108843
95.037777
94.108055
95.198623
95.140038
96.302919
95.196355
95.181775
94.124012
95.086391
95.185918
96.294811
95.209061
95.286360
94.755540
95.331915
95.389137
96.480659
95.156112
95.307280
94.885038
95.813765
95.801513
96.874963
95.786879
95.964924
94.789842
95.972936
95.992848
97.018375
96.399136
95.250097
96.169025
96.213529
96.100373
97.340360
96.017130
95.738047
94.217820
95.730864
95.595499
96.412079
95.515429
95.478134
94.547371
95.395022
94.508061
96.644106
94.331139
94.234913
94.211841
94.397386
94.485279
96.617354
94.463258
94.421788
93.969571
94.354731
94.163669
95.323611
94.159490
94.193006
93.935485
94.193728
94.105625
96.499865
94.452596
94.315261
93.836412
94.236256
94.307018
95.558600
94.417402
94.703489
94.380059
94.556435
94.412027
95.618156
94.471789
94.538169
94.168725
94.567628
94.601463
95.836380
94.510804
94.601007
93.671061
94.761882
94.469907
95.477986
94.624390
93.604563
94.803237
94.290813
94.505593
96.692038
94.588186
94.584974
93.566173
94.301653
94.356725
96.312570
94.719040
94.550415
94.285633
94.453978
94.449237
96.083214
94.877381
94.908626
94.604841
94.858627
94.888157
96.333733
95.007083
95.159652
94.943170
95.279885
95.196664
96.557705
95.177650
95.097206
94.781322
95.171271
95.007607
96.398002
94.990720
94.007558
94.675997
93.995529
93.853338
96.250799
93.737486
93.698055
94.307503
93.831746
94.018172
96.402776
93.888916
93.916629
93.708048
93.575532
93.408561
95.863865
93.818450
94.024794
93.528547
94.143427
94.308824
96.170929
94.156378
93.466891
95.638404
94.483919
94.290774
96.383089
93.809120
93.800326
93.563426
93.936687
93.867310
95.540810
93.949975
93.858871
93.790102
93.931138
93.961566
96.089912
93.836671
93.831935
93.862647
93.926684
94.098278
95.482352
94.044518
94.042728
94.004648
94.022911
93.914546
95.359843
93.969870
93.959739
94.220814
94.059703
94.167233
95.729748
94.501730
94.491306
94.373033
94.485735
94.710956
96.937638
94.798677
94.657744
94.605977
94.580795
94.261912
95.623713
94.419040
94.425539
94.282178
94.418357
94.192069
96.455818
94.062849
93.949713
92.891365
93.942319
93.968399
96.070780
94.305014
93.392535
95.362719
94.509253
94.478488
96.975874
94.743707
94.641684
93.549478
95.372859
95.066956
95.683282
94.816442
93.948338
93.742468
94.864961
94.616968
95.765029
94.516291
94.515197
93.786781
94.223357
94.230182
95.452487
94.107043
93.123403
93.381233
93.269416
93.114645
95.480332
93.112917
93.325422
93.523283
93.285827
93.257390
95.729774
93.217613
93.298290
93.110545
93.796312
94.348194
96.790807
94.247923
93.912241
93.552684
93.692127
94.786673
95.862513
95.308992
96.178096
95.034427
95.805142
95.901252
97.018720
96.212622
96.452979
95.581037
97.323093
97.358182
98.184651
97.484449
96.236137
97.593180
99.359324
99.487329
100.000000
99.351725
99.046054
96.862178
99.662243
99.730914
100.000000
100.000000
100.000000
98.610389
100.000000
100.000000
100.000000
100.000000
99.566075
97.870876
98.387067
98.460354
99.600236
98.008548
97.836732
96.701780
96.818795
96.860691
98.874016
96.913036
97.009267
96.316899
96.647547
96.488514
97.439134
96.233277
96.169138
95.049699
96.044826
95.912202
97.138823
95.887252
95.970742
94.739265
94.924969
95.805592
97.008141
95.655749
95.705124
94.595295
94.678187
94.928497
97.147386
94.800963
94.591208
93.660408
95.276888
95.316970
96.191582
95.282240
94.080116
96.025147
95.883398
95.481740
95.501445
94.734295
94.805996
94.282346
95.091679
95.264804
95.155503
95.430499
95.506371
95.891480
96.142397
96.292763
96.701436
96.364465
96.345820
96.517933
96.821948
96.878662
97.438825
97.004051
97.004481
97.014285
97.678553
97.623780
98.208204
97.666225
97.632477
97.219279
97.216284
97.139924
98.216686
97.552963
97.634625
97.449345
97.729459
97.706685
98.601498
97.552760
97.529644
97.541953
97.748660
97.739963
98.252909
97.483495
97.521776
97.443523
97.773470
97.733540
98.618503
97.705470
97.745674
97.023937
97.324237
97.313063
97.906508
97.628074
97.160742
97.706959
98.056075
97.728259
98.561925
97.306502
97.268586
96.702421
97.909328
97.861594
97.850164
97.679043
97.673101
97.398431
97.660436
97.560580
98.153858
97.892979
97.956607
97.376953
97.622669
97.625170
98.561678
97.652350
97.759044
97.547474
97.790345
97.755980
98.690889
97.830445
97.913696
97.649337
97.628910
97.772127
98.329102
97.776341
97.923597
97.649630
97.700327
97.592223
98.302885
97.546021
97.841125
97.565246
97.595846
97.464388
98.635269
97.569873
97.875012
97.650541
97.773898
97.539221
98.658259
97.724949
97.710278
96.930039
97.419353
97.498667
98.008397
97.498162
96.959756
97.700237
97.934995
97.830279
98.623904
97.910747
97.700405
96.903255
97.725777
97.690471
98.264263
97.793842
97.865312
97.612308
98.067913
97.916248
98.614124
97.832311
97.778471
97.467825
98.048121
98.025992
98.612138
97.781104
97.822389
97.482791
97.820610
97.729844
98.258372
97.727267
97.751761
97.471450
97.720266
97.673622
98.618434
97.722398
97.736646
97.507650
97.488376
97.408615
98.220902
97.469199
97.705304
97.486013
97.677486
97.421210
98.503830
97.457650
97.475915
97.430341
97.401007
97.688574
98.551699
97.637325
97.327950
96.851574
97.580185
97.286480
97.847120
97.282593
96.684744
97.434420
97.695996
97.571280
98.104170
97.504720
97.540526
96.351037
97.494415
97.520021
97.415662
97.564000
97.684775
97.301207
97.670681
97.869898
98.541650
97.890580
97.642604
97.326683
97.713352
97.642742
98.174826
97.886546
97.892387
97.349880
97.412897
97.414698
98.511933
97.689391
97.733315
97.472061
97.732708
97.696490
98.561951
97.642135
97.722592
97.480998
97.556182
97.697058
98.259862
97.682027
97.721992
97.393955
97.524164
97.466856
98.273329
97.423324
97.759471
97.299624
97.738777
97.401447
98.544207
97.303156
97.621039
96.796571
97.906028
97.576004
98.145160
97.254983
96.824560
97.656088
97.602511
97.517761
98.191300
97.555125
97.509129
96.409080
97.564077
97.548494
97.439641
97.694336
97.700515
97.401028
97.891333
97.870654
98.503229
97.883158
97.972953
97.354144
97.720311
97.622550
98.510987
97.632661
97.912208
97.361383
97.695450
97.400339
98.564004
97.685759
98.000937
97.480453
97.733205
97.416863
98.529585
97.455638
97.793718
97.510724
97.742530
97.925342
98.854070
97.658569
97.608145
97.569312
97.665600
97.656764
98.137793
97.368002
97.552838
97.423880
97.688003
97.613217
98.134940
97.298285
97.347517
96.778279
97.662431
97.631441
97.903831
97.283332
96.683481
97.481529
97.497526
97.362429
98.120040
97.484375
97.528112
96.365089
97.606495
97.596480
97.472932
97.575265
97.655889
97.401146
97.974316
97.929880
98.548316
97.946835
97.993523
97.437016
97.692395
97.661413
98.611393
97.649410
97.924565
97.365529
97.917964
97.683269
98.575981
97.672130
97.727874
97.465847
97.760428
97.658033
98.554828
97.810007
97.802322
97.525659
97.695040
97.675496
98.513260
97.640279
97.977563
97.353459
97.433975
97.169629
98.498776
97.408374
97.481173
97.527381
97.658290
97.578434
98.442506
97.517942
97.285291
96.810609
97.531611
97.535222
97.824708
97.211271
96.807479
97.455087
97.399082
97.301169
98.004402
97.448796
97.477075
96.227583
97.446537
97.489898
97.423350
97.541557
97.542450
97.303123
97.816632
97.750626
98.440145
97.805368
97.823012
97.291299
97.557743
97.483352
98.385730
97.549661
97.837121
97.334588
97.835250
97.492185
98.395383
97.618276
97.710805
97.450561
97.754009
97.709082
98.478593
97.888967
97.697584
97.457100
97.652738
97.441909
98.487620
97.689372
97.714350
97.432642
97.676998
97.423249
98.492211
97.412480
97.475498
97.490175
97.660847
97.638848
98.513901
97.599874
97.573365
96.875411
97.275662
97.578779
97.892019
97.577987
96.846457
97.613615
97.784868
97.630726
98.149713
97.777153
97.844539
96.579205
97.512980
97.537278
97.803258
97.412660
97.741681
97.452864
97.891931
97.827337
98.470502
97.615070
97.948934
97.353348
97.614963
97.566573
98.175136
97.650879
97.981547
97.375189
97.657218
97.388932
98.472845
97.682213
97.991697
97.477316
97.711039
97.382710
98.523720
97.465671
97.870484
97.512531
97.715693
97.676627
98.520919
97.491264
97.843387
97.508062
97.506488
97.415783
98.226068
97.466022
97.789277
97.459908
97.699928
97.604750
98.553563
97.370827
97.421975
97.131569
97.909854
97.915631
97.930223
97.609928
96.969403
97.517910
97.568807
97.488131
98.166992
97.261927
97.610321
96.418865
97.561946
97.570706
97.505826
97.658143
97.739473
97.342896
97.928118
97.902391
98.596548
97.969791
98.002236
97.409716
97.686211
97.641617
98.543827
97.677166
98.005216
97.441039
97.707760
97.663851
98.560389
97.695614
98.005666
97.508338
97.782788
97.507387
98.597928
97.516560
97.774105
97.508742
97.986143
97.755447
98.904508
97.601950
97.651841
97.690997
97.791147
97.700842
98.262140
97.696676
97.550565
97.511465
97.549744
97.472923
98.296122
97.689542
97.711628
96.884191
97.671723
97.437878
98.273194
97.341162
96.910227
97.539609
97.766685
97.891884
98.161435
97.818640
97.560927
96.604524
97.552187
97.283648
97.561356
97.662374
97.735576
97.403202
97.932893
97.917064
98.503860
97.899101
97.964780
97.524340
97.719767
97.734544
98.187239
97.650543
98.014853
97.414219
97.717340
97.682004
98.580136
97.706699
98.041044
97.524156
97.767174
97.405086
98.525500
97.499245
97.829929
97.515012
97.718403
97.680713
98.512391
97.718172
97.695028
97.522433
97.485252
97.457778
98.207026
97.669108
97.947354
97.383417
97.717481
97.610243
98.786003
97.303970
97.678526
97.037139
97.525375
97.223129
97.741917
97.116723
96.093577
100.000000
100.000000
98.903186
99.040632
98.063471
98.105068
97.419880
99.346446
99.990440
99.505115
97.623406
97.366266
97.476920
96.898648
97.146772
98.206229
97.402758
97.401663
97.702042
96.893668
96.818981
97.812765
97.368638
97.911726
98.623663
98.460429
98.994642
100.000000
99.388430
99.347382
99.323069
97.474367
97.713035
98.683712
98.892945
99.860298
100.000000
100.000000
100.000000
100.000000
99.101557
99.016789
99.729016
99.336574
99.731348
100.000000
99.405886
98.586162
98.344970
97.382914
97.331140
99.084109
97.833546
98.100900
96.981233
97.707034
98.066908
98.096250
97.290150
96.619581
98.509137
97.790551
98.705339
100.000000
99.413183
98.946215
97.773892
97.751007
98.238533
99.374817
100.000000
100.000000
100.000000
100.000000
100.000000
100.000000
100.000000
100.000000
100.000000
99.179031
98.304622
98.206826
96.635240
96.641152
97.347923
96.970378
97.329029
98.388888
97.970722
99.243148
100.000000
99.490145
99.470733
99.393346
98.489445
98.784264
99.594957
99.081799
98.879797
100.000000
99.578158
99.540199
99.934036
98.822801
97.787546
97.972257
97.165015
97.403501
98.271289
98.759522
99.582185
100.000000
97.399781
95.814128
95.071832
95.980489
95.997990
96.199065
96.583049
96.404141
97.993142
97.170873
97.245719
98.047267
96.427407
96.116837
95.307523
96.385695
96.708874
96.603433
97.131404
97.797583
99.217976
98.869607
99.241469
99.805418
99.150025
99.977055
100.000000
100.000000
100.000000
100.000000
97.704798
96.846745
97.228227
96.504181
96.916463
98.388410
98.688507
98.703396
98.985292
98.613917
98.397354
98.959190
97.814015
97.810308
98.531594
97.978697
98.470044
99.740127
98.794295
98.205959
98.483369
97.767221
98.284648
99.446264
99.018684
99.042821
99.578225
98.922043
99.530522
100.000000
99.397613
97.835318
96.838188
97.439429
98.540348
99.377119
97.903376
96.377927
98.006609
97.024453
96.915800
98.434390
97.865021
97.779752
96.934608
97.882747
97.486563
97.712997
98.137528
98.329714
98.956882
99.147113
99.557701
100.000000
99.303292
99.197785
99.469581
98.683306
99.050140
99.795230
99.125738
99.854602
100.000000
100.000000
100.000000
100.000000
99.553531
99.232758
99.326254
97.555232
97.001124
97.970448
97.462000
97.340134
97.439092
96.506874
96.393705
97.823434
96.728665
97.587349
98.724780
98.176052
98.356031
99.902309
99.225023
99.407102
99.777006
99.071510
99.103616
100.000000
98.608631
97.920736
97.284176
97.346221
96.309999
96.681047
96.263925
96.527143
98.552927
96.867755
96.483968
98.615210
99.113247
99.880931
98.205462
96.719631
96.294349
96.728855
96.915880
97.645917
98.469546
97.984242
97.533500
98.252837
97.511814
97.784370
98.407238
97.534511
98.203955
99.514179
99.045713
99.578417
100.000000
99.256561
98.973222
99.742712
98.333867
98.773332
100.000000
100.000000
98.812215
98.362534
97.435737
99.791044
98.896478
97.385195
97.224343
97.769204
97.049610
99.328726
99.313751
96.692271
96.419657
97.380708
97.349385
99.163459
98.996577
97.372902
97.178449
98.438068
97.549805
98.958755
98.465465
97.779973
96.993019
97.186224
96.633116
96.209539
98.645012
97.433914
96.892539
97.959238
97.618115
99.395238
98.927235
97.955795
96.960193
96.785629
96.859521
97.846692
98.419723
96.844627
96.673600
98.079613
98.675974
99.980543
99.609929
98.082249
97.886736
98.808949
98.675167
98.653863
99.065036
98.331576
98.146414
98.830997
97.819778
98.255208
99.589150
98.653234
98.160962
99.198450
98.655770
99.182939
99.673843
96.773088
96.649420
99.336711
99.710536
99.450690
100.000000
99.746111
99.677566
98.729042
96.740559
96.715452
97.100573
96.922437
98.485115
100.000000
98.814977
97.677460
96.597833
96.758125
97.391534
97.855442
99.157161
98.196464
99.095037
97.793028
97.393334
98.534160
97.717619
97.867956
96.368393
96.669935
97.099649
98.266570
98.152638
98.317739
98.742929
98.610802
99.353553
100.000000
98.521822
98.387846
98.944691
98.497706
98.713654
99.509220
98.496169
98.119174
98.527595
97.679012
98.200243
99.926333
99.586958
99.486752
99.804758
98.467598
98.021805
98.768288
98.655186
98.673042
98.910996
98.393202
97.664447
98.802706
98.847262
99.497956
99.330992
97.993996
97.834383
99.521799
98.072398
97.032970
97.401627
97.431167
98.208201
98.950122
97.824407
97.849166
97.859732
98.246020
98.675009
97.903764
98.406784
97.200792
98.675165
98.615949
99.136749
99.431672
97.347169
97.077985
96.121232
96.770665
96.784555
96.436476
96.583863
96.742888
97.559637
98.321750
99.951956
100.000000
99.093808
97.374938
97.463834
96.911492
97.231393
99.738904
100.000000
98.911528
98.617089
97.565493
97.621016
99.129128
98.912727
98.742248
98.655037
97.401443
97.315467
98.612196
97.743597
98.207291
98.628037
97.735289
97.821939
99.130385
98.142683
98.144267
98.974747
98.383047
98.619017
100.000000
99.665680
98.684844
97.626019
96.816141
96.852187
98.438802
98.512839
99.118411
98.873123
98.096747
96.748589
97.033555
97.735575
97.745851
100.000000
99.803113
98.719441
98.556559
97.049007
96.857660
96.198482
97.176505
97.425552
96.954320
97.021363
97.254619
98.717484
98.207521
97.632025
98.277512
97.484143
98.282769
99.072528
98.157542
97.861656
98.612211
98.373928
98.879805
99.418917
98.552672
98.350433
99.083438
97.871871
97.553740
98.048046
97.105975
97.058771
98.033138
97.322799
97.520553
98.684067
98.081444
98.336875
99.243696
98.255192
98.263240
98.921772
98.065661
98.071312
98.405319
97.505712
98.004487
99.132439
98.144527
98.896042
100.000000
99.841936
98.172791
96.593322
97.074242
96.670792
97.559618
98.389777
98.867308
100.000000
98.526301
97.469631
98.301364
97.977359
98.863896
98.915101
98.866001
98.158592
97.121992
97.142672
97.331215
98.345457
97.964014
98.383107
98.857001
98.622894
98.387773
98.859218
97.989863
98.722999
100.000000
99.013289
98.857284
99.041387
98.018021
97.167241
98.148870
97.468159
97.200325
97.610616
98.286332
99.364346
100.000000
98.966931
98.825264
99.994750
99.476325
98.498742
98.279156
97.083616
97.033849
98.524597
98.991568
98.541768
98.484898
97.425446
97.334335
97.940489
97.219661
97.543004
99.107052
97.620281
97.578195
96.793066
96.832081
97.493087
99.823172
100.000000
100.000000
96.672335
96.744012
96.234410
96.877657
95.624015
95.608012
95.043628
95.794465
95.828697
95.905428
96.562506
96.911925
97.413534
96.841904
96.753820
97.509493
96.878789
97.017543
97.500947
96.898828
96.813028
97.534972
96.841316
96.961386
97.508469
96.853369
96.769638
97.569922
96.871803
96.948539
97.501662
96.747489
96.610967
97.613474
96.674780
96.916301
97.562522
96.718934
96.590055
97.580623
96.660101
96.765351
97.423489
96.660582
96.553734
97.551101
96.681307
96.687478
97.306528
96.912363
96.708185
97.837172
97.132286
97.295608
95.993029
96.761665
96.968048
96.673801
97.058274
96.228684
97.578309
96.828750
96.671524
97.529382
96.137936
95.919653
95.341008
95.883810
96.261730
96.317253
96.618710
96.642012
97.454691
96.977613
96.878165
97.921022
97.200467
97.268284
97.485728
96.956130
96.809429
97.626114
96.820087
96.950840
97.458731
96.963781
96.768568
97.680641
96.844589
96.914380
97.427911
96.745788
96.534958
97.663747
96.720777
97.024274
97.415650
96.591223
96.522096
97.631424
96.546815
96.710971
97.402939
96.613101
96.478389
97.598275
96.508253
96.526319
97.147030
96.406618
96.356183
97.529367
96.077696
95.886123
95.539240
95.736180
95.632305
96.056108
95.762197
95.486023
97.417357
96.634199
96.347530
97.521931
96.314902
95.757786
95.310253
96.111949
95.723629
96.099104
96.098819
96.390083
97.242078
96.355212
96.488266
97.484768
96.549467
96.638237
97.151115
96.310458
96.081775
97.116818
96.122875
96.289894
96.976786
96.196662
96.024992
97.038498
96.144511
96.268428
96.928078
95.832216
95.581875
96.983561
95.722753
95.947804
96.848426
95.715178
95.514827
96.980069
95.621144
95.932152
96.764701
95.665114
95.532699
96.940832
95.522157
95.655249
96.461365
95.871739
95.724363
97.289472
95.290753
95.015434
94.957716
95.320154
95.287095
95.740584
95.317002
94.883011
97.266906
95.992647
95.667605
96.913954
95.049642
94.861385
94.457540
95.224768
95.294673
95.202899
95.568151
95.962943
96.739995
95.873845
95.695425
96.886802
95.783484
96.056787
96.626928
95.565077
95.386493
96.817205
95.366221
96.052282
96.657694
95.452354
95.340417
96.808325
95.530257
95.675335
96.677513
95.582678
95.300546
96.902931
95.494925
95.737815
96.778359
95.583611
95.414530
96.928720
95.557363
95.727368
96.765745
95.629784
95.398718
96.897785
95.524923
95.688706
96.461001
95.522878
95.391071
97.274324
95.268835
95.014924
94.852284
95.192652
94.625671
95.587297
94.727904
94.338272
96.911120
95.819162
95.836497
96.760148
95.403530
95.144523
94.355567
94.648036
94.682697
95.171121
95.316572
95.774734
96.749941
95.942068
95.841501
96.885324
95.984661
96.063855
96.847371
96.026690
95.835396
96.904139
96.003283
96.165990
96.795973
95.707256
95.546847
96.945415
95.752375
96.300621
96.865225
95.787577
95.610760
96.994388
95.734950
95.872743
96.803764
95.836039
95.656562
96.969354
95.730348
95.802468
96.792100
95.642143
95.471250
96.913266
95.540598
95.651830
96.436767
95.871085
95.791679
97.229311
95.233105
94.976926
94.927003
94.699018
94.684258
95.665100
94.925909
94.821425
96.838629
96.103062
95.861200
97.199438
95.612049
95.417645
94.818949
95.275857
95.259445
95.309016
95.754735
95.927779
96.960864
96.137802
95.926511
96.952316
95.959801
96.245378
96.765622
95.637185
95.472934
96.903320
95.971064
96.204854
96.866836
95.725576
95.521746
96.958886
95.632588
96.289469
96.839089
95.772620
95.540828
96.993820
95.665922
95.925214
96.853789
95.780174
95.577012
96.929876
95.753371
95.900598
96.796445
95.743108
95.605696
96.902065
95.628697
95.811696
96.544434
95.945449
95.832401
97.233540
95.279179
94.987666
94.922020
95.237263
95.167345
95.596126
95.282575
94.806290
96.943725
95.848585
95.511954
97.178875
95.005640
94.733548
94.258882
95.115593
95.070085
95.027111
95.421339
95.893134
96.641353
95.744162
95.650277
96.725077
95.722231
95.935361
96.595067
95.722829
95.612351
96.754700
95.733896
95.958425
96.547480
95.378430
95.230303
96.675201
95.335138
95.907286
96.642917
95.337276
95.213774
96.772553
95.364677
95.693135
96.685981
95.513527
95.338017
96.789213
95.494750
95.778353
96.789509
95.598320
95.348966
96.791529
95.409055
95.546784
96.302748
95.664130
95.666227
97.136847
95.004471
94.793035
94.713252
95.043524
95.043597
95.509329
95.091992
94.682910
96.684144
95.868322
95.586049
96.974402
95.126491
94.944339
94.029127
94.797566
94.870119
95.303292
95.401199
95.886138
96.814581
95.802298
95.634350
97.083295
96.036517
96.126825
96.667339
95.819687
95.602691
97.074259
95.800987
95.911236
96.661457
95.766015
95.621024
97.140793
95.834029
95.877769
96.649158
95.764017
95.620201
96.680785
95.774242
95.873215
96.631447
95.504220
95.333321
96.671931
95.414391
95.640639
96.507063
95.433258
95.289717
96.683160
95.385239
95.536938
96.183449
95.729052
95.626014
97.082381
95.552007
95.285024
94.838215
95.143138
95.087698
95.619099
95.155403
94.807809
97.039826
96.176016
95.844431
97.085729
95.478470
95.297884
94.797433
95.536908
95.205595
95.639575
95.727269
96.093712
96.995862
96.090809
96.238834
97.237366
96.331265
96.432427
96.884930
96.065529
96.001560
97.289258
96.141050
96.474254
96.947537
96.147980
96.030114
97.303306
96.223893
96.416227
97.196867
96.271629
96.142302
97.379478
96.318827
96.490205
97.301459
96.300727
96.147505
97.394573
96.283457
96.540393
97.296949
96.107922
95.856399
97.023588
95.990732
96.169979
96.866644
96.210776
96.150672
97.399672
95.928877
95.661377
95.129597
95.606897
95.573101
95.976925
96.117649
95.291622
97.356557
96.560094
96.299693
97.286645
95.903118
95.995369
95.369111
95.973535
95.652413
96.062823
96.176188
96.639330
97.386085
96.737082
96.669407
97.526290
97.019557
97.136050
97.495296
96.614895
96.511826
97.582124
96.645934
97.015095
97.541672
96.739455
96.750158
97.623073
96.889812
96.957787
97.573660
96.757709
96.627243
97.680166
96.823351
96.914716
97.617105
96.878932
96.706276
97.717488
96.831478
96.918348
97.587210
96.864085
96.739437
97.700889
96.819362
96.907094
97.366658
96.764486
96.576226
97.635627
96.459419
96.803484
96.027249
96.929073
97.032774
96.532627
97.116266
95.690094
98.472981
98.272486
97.415811
98.122902
96.581738
96.367863
96.038802
96.682909
96.792782
97.051325
97.115729
97.167795
97.989461
96.783201
97.347677
98.454302
98.193695
98.276663
98.346141
97.192878
96.574479
97.538985
96.231642
96.633183
97.140898
96.060958
95.881976
97.141460
96.031997
96.321725
97.228276
96.120589
96.039471
97.176756
96.583832
97.029496
97.936197
96.849281
96.432574
97.353093
96.737681
96.791997
97.669248
96.609132
96.219670
96.918039
96.026479
95.854470
96.356138
95.753369
95.699783
96.648021
95.196458
94.883379
94.206088
94.858804
94.973572
94.954606
94.548910
93.967957
97.514209
96.836187
96.588417
97.049695
95.700693
95.340309
94.774286
95.415350
95.678699
95.648195
96.374577
96.946846
98.200209
97.368693
97.309208
98.105641
97.149412
97.285567
98.537569
97.896984
97.822586
98.284698
97.107971
97.204204
98.072067
97.299585
96.726154
97.627827
97.004239
98.022470
99.638087
98.533895
97.956281
98.621623
97.679416
97.553338
98.150766
96.725077
96.105126
96.949547
95.633502
96.042364
96.790999
95.731925
95.548135
96.928787
95.765132
95.757047
96.453020
95.746218
95.607204
96.677904
95.066743
94.741900
94.484517
94.351566
94.339127
94.896211
94.269816
94.196560
97.779728
96.396333
95.713969
96.047743
94.501691
94.095954
93.577952
94.072922
94.228473
94.543551
95.723873
96.144937
96.645089
95.676048
95.567726
96.533786
95.860723
95.958917
96.563846
95.627804
95.855917
97.171734
96.505454
96.793029
97.543038
96.468133
95.865383
96.687554
95.694059
95.796717
96.954840
97.083242
97.738110
98.665324
96.919491
97.235969
98.358022
96.755876
96.490270
97.410066
95.916171
96.061885
97.381427
95.785254
95.444837
96.342323
95.507148
95.691215
96.872766
95.913644
95.410464
96.354729
94.914071
94.571431
94.758662
95.748651
96.097996
95.109755
93.932011
93.719773
96.951488
96.663578
98.211818
99.704450
97.072003
95.008079
93.633184
94.367006
94.978244
96.098333
96.630790
96.527944
97.385972
96.657591
97.109372
98.605031
97.167449
96.247115
96.644400
95.364004
95.679276
97.600715
96.123834
95.856111
96.866531
95.819630
96.493289
98.071126
95.858297
95.900115
97.109930
96.525483
95.923561
96.530615
95.880010
96.402185
98.458325
97.572290
96.607583
97.137511
96.244150
96.140387
97.432336
96.004793
95.407385
96.762847
95.598978
96.009364
97.135917
95.498561
95.135004
96.783416
95.415453
95.412699
95.936467
95.286963
94.227003
94.704279
94.890570
94.468923
97.698715
96.693299
96.264821
96.637849
95.137337
95.031743
94.704401
95.584365
95.408536
95.218788
95.795285
96.343667
97.198560
95.991524
95.690212
96.789942
96.159520
96.374258
97.127492
95.675430
95.506084
96.970826
96.578180
96.606969
96.688357
95.602427
96.577300
98.493844
96.794594
97.009149
97.848906
97.581642
98.079303
98.419930
96.711453
96.225756
97.246012
96.010070
96.035752
97.353138
95.809812
95.655516
96.628811
95.404656
95.069939
96.024242
95.133466
95.241112
96.492213
96.195271
95.794199
95.988715
94.467364
94.325987
94.196718
93.881211
93.963481
94.393283
94.887333
94.658555
98.393559
96.595532
95.948118
96.477331
95.374863
94.550009
93.553233
94.063150
94.246565
94.216417
94.817431
95.712335
97.520823
97.076487
96.619828
97.306568
96.614013
97.532162
98.637135
95.642630
95.459122
98.141317
97.611113
96.531280
96.839037
95.540260
95.970149
98.127346
96.931401
96.138696
96.747252
95.381754
95.157789
96.631476
95.774479
95.655572
96.943666
96.230717
96.206188
96.626559
95.905237
96.713366
97.838615
95.467282
94.706330
96.042291
95.522446
95.381499
96.564448
95.568395
95.676075
97.284752
95.299454
94.756688
94.573744
94.623239
94.776579
95.475964
94.348384
94.279425
97.171079
95.786632
95.275156
95.781922
94.447550
94.497733
94.061148
94.557964
94.762065
94.928319
95.711127
95.967298
96.633023
95.790151
96.993502
98.320912
97.174687
96.896739
97.753625
96.560824
96.591183
97.145017
95.680214
95.884626
96.852046
96.113324
95.431572
96.894743
95.741214
95.738611
96.642831
95.438012
95.250008
96.157252
95.822212
96.490373
96.842300
95.345737
95.355288
97.428213
96.399174
95.929005
96.599666
95.292702
95.227032
96.291301
95.927946
95.835549
96.667990
95.389522
95.703573
96.825972
95.315054
94.760208
94.675774
94.495951
94.682400
95.600336
95.349233
96.227666
100.000000
98.869398
98.305073
98.573873
98.152493
97.905134
96.589129
95.154966
94.579028
94.659527
95.130275
95.529200
96.233839
95.323146
95.300508
96.612830
96.057197
96.890238
98.300797
97.336984
97.066045
97.628886
96.454503
96.511032
97.432167
96.247836
96.475112
97.983994
97.586026
97.756765
98.480176
97.178392
97.125557
98.970441
99.164459
99.759214
100.000000
98.765771
97.722569
99.025322
97.972902
98.220928
99.873696
99.365090
99.579351
100.000000
98.657377
98.254570
99.728534
99.021082
99.242366
100.000000
98.675422
97.548491
97.265862
97.823476
98.626642
98.963362
99.054326
98.407197
99.957387
96.949914
95.416722
96.800042
95.919843
96.456410
96.142306
96.325137
95.778232
95.218300
95.659788
96.515427
98.280819
98.090506
98.604785
99.455615
98.111484
97.571092
97.999567
96.715800
97.328928
98.623156
97.498062
97.797702
98.773019
97.811333
97.837004
98.725586
98.602576
99.011195
99.717043
97.814571
96.371013
96.633392
95.614952
95.923130
97.321229
96.918609
97.273723
98.212506
96.875515
96.361186
97.020449
95.486867
95.060348
96.571716
95.820732
96.357901
97.203912
95.403232
95.015075
96.290693
94.757772
95.550557
95.613538
95.035564
95.180658
96.291131
95.191218
94.759536
97.501352
96.553182
97.061734
97.693278
95.225085
94.335452
93.541766
94.381157
94.925257
95.142637
95.270334
95.444330
96.222060
95.345316
94.990438
96.223696
95.819382
95.745632
96.326930
95.306525
95.042062
96.379695
96.035163
95.981603
96.504620
95.540894
95.838817
97.889459
97.247805
96.520962
97.033333
95.724986
95.705649
97.042501
96.274824
95.808034
96.514489
95.482291
95.463020
96.444126
95.542939
95.568594
96.504216
95.478454
95.541515
96.894492
95.624438
94.960365
95.904436
95.232650
95.541513
97.023011
95.725583
95.223635
95.641381
96.374573
96.339330
95.968691
95.361683
95.855723
