98.721896
98.743438
98.644815
98.492598
97.923538
97.963988
97.566834
97.947200
97.999046
97.857729
98.122322
98.186274
98.423031
98.301484
98.230266
98.741071
98.251697
98.251741
98.538889
98.225457
98.151877
98.503245
98.229975
98.277309
98.638061
98.132428
98.125352
98.378450
98.149706
98.029274
98.423321
97.945487
97.929174
98.216545
98.028758
98.083557
98.089061
98.058937
97.905913
98.187425
98.035866
98.136805
98.192256
98.043336
97.861648
98.235885
98.114525
98.079067
98.082767
97.746546
97.683980
98.085005
97.617096
97.563148
97.439634
97.564992
97.620640
97.391841
97.780456
96.983449
98.647916
98.274302
98.044333
98.048322
97.457832
97.468212
96.919193
97.622888
97.390667
97.539988
97.766255
97.829425
98.204845
97.969862
97.843094
98.234477
98.008384
98.039107
98.386787
98.020106
98.035549
98.330632
98.099404
98.152001
98.343675
98.081453
97.990155
98.326335
98.150208
98.013578
98.468444
97.963279
97.962304
98.401007
98.247305
98.234027
98.384045
98.119515
98.041223
98.323508
98.065539
98.203963
98.353156
98.113062
97.976342
98.239304
97.941167
98.136767
98.222892
98.206047
98.210541
98.504184
98.202477
98.192009
97.640511
98.090702
98.126018
98.145385
97.990296
97.690206
98.576385
97.849913
97.685782
97.498550
97.020078
96.899017
96.607226
96.972121
96.982900
97.062904
97.291311
97.405456
97.856812
97.630262
97.566254
97.810048
97.624789
97.586819
98.000600
97.858606
97.717329
98.103299
97.872525
98.014193
98.123008
98.012297
97.901853
98.184290
98.026487
98.154485
98.275753
97.966558
97.954119
98.195706
98.108785
98.143876
98.377382
97.996081
98.014536
98.313173
98.199971
98.160244
98.378484
97.949856
98.092948
98.262510
98.210435
98.262073
98.312124
98.149271
98.046467
98.334928
98.094516
98.081317
97.677927
98.174139
98.098284
98.097477
98.099646
97.665218
98.452698
98.031847
97.778188
97.751478
97.214816
97.067363
96.441706
97.236216
97.143166
97.213784
97.510784
97.721564
98.022434
97.685446
97.548015
97.995401
97.743740
97.726915
98.164300
97.877971
97.944693
98.119290
97.819256
97.774118
98.283540
97.954545
97.976305
98.217666
97.917087
97.948506
98.340583
97.938876
97.771187
98.245437
98.031145
98.052767
98.287898
98.034271
97.803863
98.204307
97.986937
98.180733
98.362511
98.001736
97.921967
98.175039
98.208497
98.094525
98.244184
98.052552
98.093273
98.303318
98.079776
97.970660
97.556415
97.847192
97.747524
97.922535
97.786914
97.517060
98.483718
98.112137
97.871106
97.660119
97.098859
97.026079
96.658758
97.114663
97.082822
97.202576
97.478331
97.483646
98.008798
97.656717
97.641108
97.896880
97.778162
97.919459
98.108105
97.871132
97.782981
98.132965
97.891766
97.878360
98.302944
97.834789
97.870412
98.196687
97.963002
97.907246
98.275759
98.023769
97.873746
98.205379
97.930164
98.004533
98.225494
97.939238
97.869963
98.219366
98.127740
98.171271
98.234971
97.937496
97.880036
98.243701
98.220254
98.258686
98.394795
98.156028
98.208939
98.342123
97.954861
98.090733
97.573763
98.035118
97.798931
98.011642
97.852107
97.607720
98.377651
97.768782
97.528076
97.490701
96.977688
96.881253
96.590875
96.942910
96.787776
96.980825
97.409995
97.524814
97.897342
97.558481
97.493375
97.843743
97.707505
97.772512
98.014274
97.808432
97.700105
98.066888
97.895933
97.975263
98.149704
97.892627
97.723909
98.117388
97.856469
97.929125
98.309126
97.908921
97.774891
98.220378
98.066540
98.033792
98.274051
98.011831
97.806946
98.054261
98.091388
98.149306
98.384329
97.950009
98.015857
98.109394
98.175568
98.147666
98.204284
98.192479
98.081695
98.251166
98.035230
98.001670
97.535978
97.930824
97.737992
97.912827
97.776282
97.403042
98.292872
97.686948
97.528702
97.338610
96.928399
96.774707
96.412011
96.695881
96.632551
96.720826
97.257214
97.352836
97.705565
97.393428
97.315045
97.446996
97.357893
97.428651
97.850561
97.494180
97.414165
97.761141
97.623860
97.696116
97.899426
97.765642
97.706439
98.049140
97.894434
97.883913
98.150375
97.824295
97.838238
98.078382
97.993001
98.138248
98.195233
97.985421
97.843732
98.183588
98.016117
97.994329
98.227979
97.985132
97.870494
98.120421
98.055873
98.106872
98.252035
98.149540
98.126507
98.272868
97.999829
97.988745
97.447824
97.893249
97.613052
97.740040
97.635686
97.349725
98.325604
97.872444
97.413714
97.331354
96.891806
96.600620
96.261716
96.808605
96.735653
96.989526
97.376957
97.397275
97.830918
97.515703
97.413809
97.593800
97.747373
97.746570
97.976288
97.652458
97.601263
97.885702
97.720475
97.864787
98.140488
97.842503
97.652866
98.127240
97.921435
97.931702
98.294067
97.927394
97.838995
98.159924
97.937674
97.971782
98.327365
98.024711
97.985493
98.185848
98.012587
98.159598
98.211983
97.963791
97.895392
97.988534
98.004487
98.203078
98.194791
97.983335
98.040161
98.187809
97.952811
97.913278
97.572547
97.802222
97.771652
97.924904
97.726749
97.453415
98.205850
97.646063
97.387364
97.092129
96.678072
96.406379
96.147995
96.566525
96.465270
96.648097
96.910372
97.188168
97.615589
97.325559
97.298262
97.631408
97.455485
97.421587
97.822381
97.679213
97.601350
98.023115
97.711287
97.851719
98.106542
97.784945
97.781704
98.106492
97.798199
97.923799
98.155194
97.771676
97.839566
97.925819
97.831014
97.928805
98.133002
97.720656
97.743247
97.912582
97.980933
97.927732
98.185317
97.762934
97.835003
97.987536
98.102648
98.061080
98.149497
97.958839
98.070712
98.213678
97.961091
98.029693
97.504249
97.785092
97.763651
97.838235
97.775774
97.409429
98.075115
97.671744
97.338349
97.168672
96.775626
96.465820
96.350169
96.530468
96.574945
96.652746
96.847865
97.114305
97.559683
97.391357
97.154197
97.456961
97.332575
97.503322
97.906021
97.567597
97.636552
98.000406
97.659144
97.606644
98.009056
97.553672
97.696392
97.792123
97.738243
97.983229
98.048255
97.751509
97.719939
97.884695
97.806259
97.906676
98.114860
97.831019
97.644898
97.961436
97.885398
97.822113
98.186756
97.798554
97.775740
97.929422
97.991670
98.054671
98.080382
98.025468
97.931167
98.044861
97.831053
97.769296
97.476723
97.826222
97.688859
97.703159
97.540753
97.012674
97.844469
98.632517
98.551410
98.682287
98.399032
98.173257
96.969695
98.814197
98.919552
99.017830
99.158763
99.237748
98.676421
99.782653
99.878258
99.943651
99.734296
99.402206
98.414713
99.443256
99.646532
99.663390
99.613053
99.736529
98.812422
99.461683
99.334781
99.532033
99.668831
99.754543
98.696840
99.495022
99.489530
99.809352
99.567673
99.628016
98.548938
99.197219
99.315462
99.925952
99.409306
99.719305
98.604579
99.394390
99.247125
99.730854
99.231136
99.272343
98.372459
99.350175
99.356942
99.685264
99.299551
99.288060
97.839685
99.136716
98.982220
99.319868
99.044453
97.867773
98.079168
99.097608
99.049528
99.151699
98.982217
99.019149
97.196823
99.012545
99.001819
99.051709
99.162215
99.189201
97.445018
98.518368
98.315588
98.746274
98.244911
98.153709
96.980060
98.307995
98.466908
98.670904
98.538041
98.491632
97.374278
98.388016
98.384678
98.591476
97.970881
97.758011
96.143029
97.443194
97.447728
97.516259
97.409872
97.485556
96.138766
97.483283
97.755179
98.232708
97.611037
97.562659
96.062469
97.221696
97.133783
97.206539
97.059534
97.058147
95.478895
96.181045
96.144228
96.942879
96.362373
96.990583
95.204277
95.911238
96.246170
96.719673
96.043037
94.592229
95.671881
95.920753
95.753496
95.821694
95.626796
95.855209
93.555279
95.640506
95.682595
95.810574
96.060348
96.152480
94.558776
95.990446
96.127650
96.600146
96.582236
96.719239
95.199126
95.937338
95.850850
96.855646
96.058459
96.235609
95.359784
96.234853
96.156459
97.028537
96.160253
96.330228
95.339799
96.263168
96.153501
96.963045
95.715990
95.543687
94.285831
95.013800
94.833329
95.664208
94.800515
94.569159
93.603504
94.423044
94.165815
95.019530
93.835354
93.752678
93.010408
92.818348
92.430932
93.341815
92.247085
93.021775
91.366683
92.226703
93.185322
93.148351
93.383461
91.838402
94.554562
93.949653
93.827038
94.120198
93.781430
93.848117
92.043654
92.681038
92.664871
93.458844
92.916170
93.811019
92.960339
94.030704
94.227130
94.478296
93.966817
94.063822
93.176808
93.274738
93.257097
94.623665
93.444761
94.217075
92.731590
93.298309
93.390873
94.657044
93.383094
93.485891
92.776503
94.386221
94.150437
94.618262
93.350662
93.343585
92.635322
92.840348
92.760150
94.009073
92.867157
93.222188
92.815290
93.221973
93.154113
94.509541
93.251524
93.440987
93.183887
93.385880
92.300840
94.632332
92.295903
92.247657
92.277096
92.036278
91.845914
93.801946
92.036952
92.078061
93.772489
92.811387
92.817987
94.080502
92.673208
91.540194
91.480600
91.422420
91.394162
92.613641
91.484406
91.308466
91.459255
92.335578
92.540852
92.929851
91.552918
91.628170
91.866343
91.570969
91.568199
93.075751
91.638972
91.548596
91.755975
91.902937
91.987222
93.323702
91.925028
91.777293
92.226307
91.998892
91.890496
93.374036
92.078262
92.054897
92.216646
91.978521
92.055839
93.492403
92.112908
92.211773
93.157093
92.305489
92.392964
93.754288
92.011462
92.209525
93.244529
92.736571
92.686762
94.116623
92.740312
92.833152
92.999731
92.875746
92.822524
94.212747
93.284428
93.370174
95.264630
93.011877
92.911872
94.485256
92.787857
92.315079
92.183813
92.387339
92.274638
93.423082
92.090860
92.074380
92.800523
91.007397
91.057733
93.703949
90.811765
90.764902
92.414148
90.882792
90.881869
93.564087
90.829761
90.851296
92.010682
91.895391
91.651720
93.142857
91.654834
90.665031
91.923925
90.645742
90.634584
93.597951
91.037305
90.950858
92.525266
90.799056
90.858249
93.470407
91.069136
91.287506
92.493193
91.100038
91.068525
92.527829
91.071538
91.099650
92.314104
91.033970
91.183554
93.763575
91.216586
91.157888
91.438550
91.275528
90.977371
93.297790
91.175380
91.388938
93.770325
90.910029
91.057985
93.767679
91.147479
91.136935
91.265844
90.878739
90.815504
93.260072
91.217339
91.141101
92.401051
91.028316
91.086135
92.861803
91.419938
91.407863
92.751943
91.328788
91.462107
94.154057
91.414112
91.721516
92.404494
91.798518
91.828785
93.400783
91.606333
91.518141
92.878831
91.592417
91.429997
93.130737
89.998984
89.996092
92.886030
90.098387
89.818392
93.042191
89.667861
89.593795
92.387135
91.246072
91.366611
93.103725
89.878137
89.808228
91.593409
91.017294
90.819797
92.598390
89.881487
90.111149
91.943422
91.554888
91.736879
92.668059
90.140831
91.165024
94.092101
90.494538
90.230800
93.045005
89.723727
89.681634
91.167507
89.938938
90.017742
92.104831
89.902452
89.838604
91.739739
90.015886
90.046715
92.924679
90.146806
90.055364
92.580059
90.104125
90.225730
93.171186
90.038037
90.129787
92.085284
90.126866
90.111615
93.149212
90.061277
90.124255
92.165290
90.140731
90.215081
93.418031
90.611410
90.568648
92.352216
90.580819
90.839796
92.698084
90.869980
90.728603
92.591149
90.556750
90.166443
92.158889
90.468114
90.471004
92.169422
90.354453
90.212302
93.169298
90.026753
89.902978
90.595407
89.939080
89.914419
92.637223
91.686219
91.098142
94.400965
92.068851
90.410807
93.711979
91.047306
90.653595
92.078504
90.380147
91.594381
92.313121
89.893153
91.407770
92.420215
91.432360
91.168689
92.483727
91.015087
91.165221
91.923792
90.753869
90.633469
92.181752
89.289023
90.574783
91.553342
89.334780
89.103772
92.222953
89.089579
89.424178
91.684486
89.185841
89.203016
92.385283
90.633657
90.841244
91.742807
91.219049
91.740690
93.464985
91.621370
91.185098
92.035112
89.492061
89.398851
92.329324
91.813022
92.963950
93.720392
92.471261
92.576850
95.173879
93.183665
93.454533
93.800145
94.580858
94.779906
95.923926
95.023374
94.185672
96.918323
98.186212
98.336178
98.500306
97.463696
97.624897
95.922458
98.462952
98.628538
98.717051
98.905629
98.997624
97.811708
99.176453
99.391610
100.000000
98.295509
98.180666
97.304284
96.984040
96.993026
98.457628
95.602872
95.321702
96.007668
95.002633
93.843238
96.440315
93.986221
94.196150
95.343714
93.813044
93.577355
94.888957
93.163415
93.198129
93.621062
93.003784
92.695862
94.363483
92.880481
92.758618
93.317460
92.693785
92.581543
94.286084
92.531297
92.633177
93.018195
92.267484
92.513429
94.230826
92.391652
92.154667
91.786995
91.943727
91.986412
93.077916
91.997947
92.119284
95.233655
94.972664
94.373033
93.907856
93.501491
93.336800
92.986923
93.536314
93.761510
93.579766
93.886428
94.089886
94.607422
94.719163
94.946773
95.415625
95.135321
95.127686
95.482273
95.930159
96.281815
96.115071
96.438092
96.420858
96.249017
96.589241
96.735173
97.029271
96.907858
96.816005
96.539147
96.946864
96.891079
97.525757
97.173036
97.422400
96.897542
96.789254
96.599724
97.533251
97.198823
97.625402
97.084922
96.895578
96.728799
97.537234
97.125727
97.494608
97.121031
97.110487
97.120865
97.934857
97.306597
97.496475
96.737976
96.985375
97.188391
97.274264
97.468876
96.960296
97.452356
97.090290
96.830612
97.432891
96.515479
96.756036
95.766158
96.804739
96.828548
96.725631
96.944207
96.964945
96.848846
97.250056
97.190567
98.125189
97.314549
97.416833
97.150853
97.311920
97.300221
97.834743
97.364933
97.472774
97.281741
97.229026
97.463873
98.045365
97.535774
97.619917
97.393631
97.274111
97.201034
97.702198
97.243854
97.435298
97.404259
97.173818
97.272410
97.615330
97.175708
97.252669
97.303565
97.017371
96.912376
97.649650
97.093518
97.188611
97.043226
97.067244
97.117268
97.976030
97.055825
96.993501
96.495848
97.317018
97.424795
97.383380
97.108282
96.759863
97.222640
97.219664
97.098969
97.493571
96.797302
96.810840
95.902051
96.902801
96.921761
96.847539
97.098178
97.178356
97.047913
97.460536
97.304619
97.845663
97.432275
97.460935
97.212139
97.485313
97.450614
98.239399
97.475907
97.522360
97.310773
97.485150
97.431253
97.908019
97.397622
97.453960
97.308467
97.118501
97.056952
97.949273
97.151872
97.412266
97.211029
97.121631
97.032212
97.588498
97.109848
97.076899
97.231326
96.911478
97.059562
97.421693
97.008189
97.091099
97.143930
96.873411
96.810913
97.509163
96.692101
96.623689
96.482878
96.854408
96.868338
97.187392
96.914769
96.568538
97.419894
97.239785
97.024778
97.753395
96.810071
96.824311
96.090494
97.178490
97.211753
97.060376
97.005856
96.914049
97.136953
97.077235
96.983272
97.498057
96.960034
96.960588
96.846561
97.126568
97.006210
97.495440
97.009296
97.031643
97.056569
97.347547
97.339155
98.191689
97.358118
97.435264
97.227637
97.186585
97.139455
97.875453
97.073948
97.202452
97.252254
97.202497
97.189962
97.876643
97.129258
97.226539
97.245552
97.052917
96.946097
97.623377
97.087257
97.183479
97.139353
97.162476
97.051997
97.852753
96.945080
96.986454
96.517725
97.305842
97.239226
97.222890
97.191875
96.662393
97.354344
97.237931
97.117948
97.464789
97.145112
97.095286
96.051479
97.114988
97.206605
97.099516
97.332021
97.143268
97.146700
97.282082
97.268743
97.416503
97.256048
97.375671
96.985247
97.336840
97.264866
97.824648
97.304557
97.382592
97.183392
97.411126
97.370375
97.900032
97.406593
97.479551
97.347283
97.157426
97.052626
97.851185
97.073745
97.444309
97.229257
97.128260
97.097730
97.859518
97.040051
97.148359
97.144374
96.999851
97.026607
97.780159
97.031950
97.161005
97.115247
96.868285
97.001276
97.503078
96.890935
96.895038
96.503482
96.911634
96.926594
97.228050
97.219480
96.465996
97.441766
97.243521
97.054200
97.787922
97.153261
97.226098
96.121270
97.262962
97.281056
97.077820
96.969130
97.350798
97.201094
97.457477
97.448859
97.865546
97.405841
97.472607
97.143428
97.389504
97.340087
97.931329
97.319376
97.407575
97.198688
97.380926
97.366417
97.875108
97.311564
97.442760
97.196017
97.192051
97.096058
97.860638
97.247488
97.241822
97.247179
97.138450
97.096084
97.832445
97.093672
97.170154
97.116805
96.856466
96.835171
97.452429
96.999946
97.028156
97.095615
96.798993
96.711126
97.419605
96.872639
96.843102
96.418530
96.829543
96.852125
97.167009
96.790654
96.428390
97.289114
97.113775
97.169431
97.667076
97.110546
97.128851
96.182555
96.763781
96.824219
97.389754
97.197841
97.522102
97.139720
97.479039
97.147417
98.077239
97.252226
97.279224
97.135899
97.303337
97.148560
98.002254
97.215113
97.296441
97.170542
97.318938
97.152861
97.722426
97.284012
97.420849
97.205339
97.200784
97.084823
97.798190
97.054734
97.095784
97.188376
97.049594
97.076178
97.511381
97.026339
97.067056
97.000069
96.864399
97.001474
97.477741
96.995423
97.024715
97.075968
96.991673
97.014821
97.801797
96.879461
97.193424
96.476061
97.217084
97.242262
97.223268
96.903070
96.471012
97.338302
97.186400
96.974614
97.738655
97.050101
97.126127
95.949832
97.110313
97.192080
97.103295
96.854244
97.102656
97.115117
97.068080
96.953133
97.442189
96.884862
97.016515
96.845084
96.858599
96.903406
97.488508
97.048000
97.202687
97.025425
97.301050
97.543879
98.118886
97.618577
97.223047
97.207939
97.085997
96.988641
97.489034
97.352018
97.460662
97.090033
97.062657
97.056810
97.866908
97.378420
97.490393
97.162630
97.145056
97.095813
97.839822
97.131470
97.183565
97.179798
97.066493
97.010965
97.919911
96.965109
97.012495
96.527349
97.298012
97.293492
97.279360
97.206394
96.572747
97.364605
97.285804
97.166430
97.822654
97.228584
97.225556
96.146782
97.178755
97.232890
97.130313
97.070512
97.229290
97.151588
97.158485
97.026095
97.597356
97.089404
97.125151
96.962653
97.068644
96.992855
97.526446
96.997643
97.104123
97.111213
97.373339
97.303488
98.176936
97.361531
97.465245
97.277487
97.233364
97.425895
97.935683
97.440233
97.432071
97.255190
97.209198
97.105431
97.901560
97.163301
97.261735
97.296135
97.128570
97.047842
97.581138
97.080437
97.136093
97.207345
97.151462
97.122716
97.942613
97.004209
97.029972
96.492044
97.304599
97.379248
97.622941
97.253419
96.645210
97.360026
97.178726
97.044530
97.419953
97.117190
97.114903
96.030793
97.160677
97.216822
97.148062
97.035745
97.148590
97.150855
97.320056
97.323207
97.455002
97.267191
97.276756
97.050483
97.307299
97.347548
97.822972
97.341381
97.500087
97.223500
97.356452
97.374975
98.194151
97.615448
97.764483
97.386740
97.057601
97.058705
97.789907
97.100472
97.464974
97.258453
97.137039
97.077398
97.825788
97.002255
97.312210
97.119110
97.041014
97.051156
97.828106
97.027152
97.098040
97.073579
97.115971
96.952703
97.739226
96.835848
96.916336
96.399331
97.110011
97.094046
97.061388
96.993971
95.721121
100.000000
99.501894
98.010560
98.024040
96.832776
96.861324
96.599182
98.176499
99.370843
97.962094
96.904813
96.205741
96.856410
95.872803
96.083507
97.211438
96.375119
96.441099
97.073421
95.887503
95.767757
96.860119
96.448070
97.040821
98.127629
97.080113
97.751421
98.718330
98.394996
98.404369
98.516593
96.607386
96.525533
97.667962
98.012037
99.072900
100.000000
99.894691
99.508769
99.421917
98.135380
98.044611
98.973221
98.402160
98.767892
99.268227
98.391263
97.553237
97.608659
96.498711
96.504887
98.071479
96.974522
96.707898
96.028424
96.357037
96.752016
96.751322
96.244247
95.595463
98.272650
97.268134
98.033640
99.151618
97.958697
97.277196
96.453037
95.669434
96.393856
97.654755
99.047832
99.740346
100.000000
99.138056
99.173216
100.000000
100.000000
99.809385
99.869803
98.639931
97.768975
97.217501
95.996082
96.136067
97.041770
95.736973
96.037671
96.904355
96.980419
98.200390
99.509549
98.633435
98.512779
98.428123
97.577931
97.598704
99.134925
98.234787
98.296219
99.471980
98.940001
98.475547
99.097186
97.806518
96.679068
96.838199
96.022504
96.264360
97.548182
97.700733
98.542990
99.237208
96.082277
94.210800
93.982127
94.924538
94.972692
95.337526
97.422787
95.770092
97.725458
96.160265
95.991706
96.469059
94.608741
94.068110
93.775805
94.271523
94.626878
94.639260
95.321895
96.398030
98.287248
97.771497
98.022797
98.777254
98.133064
99.120334
100.000000
100.000000
99.871884
99.436643
96.678318
95.881137
96.599865
95.426406
95.840791
97.379326
97.791340
97.841077
98.438878
97.468092
97.130344
97.446887
96.440197
96.763523
97.694321
96.685010
97.108513
98.275564
97.397987
96.879999
97.565517
96.443586
96.921959
98.441022
97.695150
98.399374
98.752340
98.575090
99.400704
99.973760
99.191813
97.799558
96.063638
97.296038
98.321551
97.662599
97.719124
95.914790
97.144022
95.592489
95.347413
96.191497
95.908009
95.668600
94.988846
95.353839
95.416154
95.238623
96.259947
96.665583
97.616015
97.293672
97.626203
98.361426
97.480102
97.572782
98.539978
97.591177
97.881261
98.766563
98.151449
98.616093
100.000000
99.898584
99.658260
99.701897
98.626167
98.237740
98.552408
96.537879
95.961549
96.869943
96.538133
96.433979
96.878134
95.509128
95.322547
96.315659
95.670356
97.036828
98.070725
97.189939
97.292972
98.582341
99.057941
99.285746
99.314622
98.498281
99.220560
99.064126
98.418893
97.775796
96.932764
96.668045
96.110518
94.659975
95.948001
95.608914
97.668304
95.298578
94.506816
95.847202
96.837670
97.676916
96.302321
94.624048
94.191238
94.315247
95.169440
96.275672
97.455748
96.526743
95.890751
96.649889
95.952367
96.266695
97.439580
96.410665
97.057473
98.526107
98.110396
98.458987
99.537646
98.276958
97.931441
98.274914
97.170096
97.653225
100.000000
100.000000
98.070674
97.183586
96.642019
99.049956
97.976346
95.920589
95.712672
96.586948
95.721792
98.219007
98.602522
95.586007
95.215226
96.254419
96.220130
98.604595
98.191437
96.431137
97.021551
96.853043
97.179480
98.627951
97.765620
97.404877
96.752537
95.213179
95.676564
95.522888
97.770301
95.960439
95.168008
95.224031
95.666608
97.363158
97.139450
95.757159
94.648225
94.587914
95.270166
96.545002
97.453960
95.671591
95.467401
96.965648
97.785279
99.091262
98.965815
97.118738
96.872743
97.759390
97.634421
97.639518
98.176252
96.965563
96.656723
97.285762
96.601655
97.023885
98.510923
97.511887
97.031807
97.719899
97.273646
98.225399
98.880473
95.689980
95.533578
98.377557
98.776145
98.924791
99.456612
98.935205
98.804403
97.728453
96.476661
96.521161
96.503401
96.594710
98.225010
98.924940
98.540700
97.441646
96.159030
96.487319
96.551085
96.454676
97.677042
97.324469
98.274359
96.111533
95.665709
95.783679
95.040900
95.000163
94.128918
94.358761
94.904175
96.250538
96.416604
96.589565
97.462107
97.024068
97.771797
98.522630
97.096124
97.042457
98.058777
97.330144
97.527012
98.178495
97.397271
96.984514
97.773295
96.538287
97.055147
98.652389
98.540107
98.944468
99.202629
97.632384
97.192359
97.853524
97.904316
98.197462
98.485182
97.371997
96.813207
97.477925
98.402786
99.205081
98.890454
97.277537
96.997498
98.260397
97.957231
97.016237
97.021257
97.077564
97.948928
97.677697
97.196921
97.209015
97.367990
97.940691
97.633761
96.493946
96.894964
96.166781
97.818106
97.369758
97.802495
97.758152
95.587510
94.968720
94.489663
94.856924
94.815284
94.561594
94.901022
95.226013
96.220112
96.676666
98.302204
99.439463
97.665615
95.941952
96.493044
95.489544
95.821050
98.382742
99.109509
97.741726
97.605192
96.498772
96.544056
97.671751
97.691732
97.659123
97.793428
96.407764
96.277770
97.191562
96.759856
97.280851
97.812516
96.705286
96.790816
97.702368
97.184060
97.607589
98.327985
97.380526
97.660140
99.064914
99.256225
98.516719
97.065918
96.389656
96.174868
97.067257
97.866349
98.887724
98.525663
97.439811
96.510162
95.971914
96.682961
96.926781
99.370286
98.561738
97.212619
96.192958
94.700904
94.281358
94.123525
94.858663
95.073890
94.705554
94.966573
95.523353
97.306380
96.492797
95.798017
96.197067
95.852098
96.818546
98.114516
96.920163
96.457974
97.111159
97.096264
97.622993
98.352650
97.301403
97.066868
97.685819
96.685588
96.346020
97.162073
96.158256
96.051565
96.960495
96.444960
96.896579
97.926889
97.245351
97.425613
98.296917
97.865537
97.824098
98.276694
97.030460
96.909032
96.971769
97.238372
97.794020
98.591802
97.291421
98.940303
100.000000
99.596146
98.001352
96.135610
96.368325
96.408633
95.695864
97.702100
98.017632
99.807216
97.182782
95.779111
95.831814
95.826244
96.634729
97.128531
96.731519
95.952926
94.876928
95.143968
95.600574
96.865859
96.511029
96.558124
97.152102
97.019869
96.860237
97.875606
96.861941
97.163786
98.713419
97.760758
97.726362
98.153758
96.841916
95.804482
96.617613
96.166777
95.943236
96.770921
97.180587
98.203474
98.748016
98.016650
98.176705
99.271860
98.666253
97.526997
97.259024
96.250936
96.606846
97.882585
97.994763
97.380993
97.444414
96.604830
96.962557
97.284586
96.207277
97.358056
97.689327
97.370127
97.340884
96.220239
95.499651
97.360563
98.358837
100.000000
99.968741
95.919171
95.734582
95.234452
95.329837
94.399438
94.005880
93.710688
94.309497
94.322831
94.748762
95.256351
95.714341
96.331712
95.669587
95.586589
96.190611
95.836657
96.011963
96.704461
95.938284
95.738456
96.307913
95.875310
96.002233
96.781458
95.920114
95.765730
96.318295
95.893455
96.358403
96.838758
95.845295
95.735612
96.358090
96.003382
96.305906
96.885364
95.918542
95.680268
96.324697
96.226291
96.317794
96.758601
95.702393
95.534174
96.287616
96.191832
96.289022
96.653802
96.223759
95.996123
96.239645
95.726686
95.555973
95.004302
95.490223
95.476132
95.130948
95.523012
95.062764
96.846433
95.781980
95.458912
95.641798
94.791691
94.484961
93.989554
94.569265
94.608283
94.738742
95.201027
95.552174
96.397074
95.716059
95.577633
96.210633
95.795131
95.988479
96.738713
95.840930
95.604340
96.344294
95.626577
96.047924
96.718909
95.866948
95.568282
96.375871
95.700450
95.818165
96.699955
95.650329
95.540521
96.371894
95.764876
95.941829
96.688750
95.448733
95.364836
96.314899
95.515878
95.869311
96.428304
95.369594
95.178208
96.284679
95.994366
96.054157
96.289773
95.671187
96.173376
96.121374
95.629915
95.458857
94.676315
95.218469
95.296709
94.508482
95.378069
94.769540
96.662456
95.191147
94.859392
95.485261
93.756114
93.540119
92.907224
93.489549
93.526628
93.672584
94.224397
94.825097
96.066519
95.051145
94.913512
95.974720
95.010603
95.081274
96.002951
94.817356
94.942170
96.075989
95.104528
95.347270
96.369852
94.923253
94.510825
95.548818
94.649827
94.879473
96.081901
94.744404
94.411617
95.450958
94.553556
94.910995
95.920664
94.557871
94.286740
95.446033
94.445922
94.802512
95.823151
94.281088
93.952606
95.269500
93.968011
94.242631
95.368586
94.283555
94.083995
95.639553
93.863070
94.572627
93.402417
93.885884
94.698258
93.732372
94.924728
93.668934
96.552487
94.800895
94.257984
95.236982
93.286138
93.179428
92.826058
92.938032
92.986115
93.012173
93.522993
94.288756
95.358209
94.077313
93.893435
95.227597
94.173185
94.548744
95.647437
94.397766
94.216751
95.674710
94.306830
94.550975
95.712098
94.371269
94.208055
95.705561
94.425854
94.539775
95.741786
94.127266
93.749753
95.239670
93.993860
94.307364
95.816371
94.460222
94.263084
95.789413
94.510627
94.618836
95.793887
94.223447
93.898523
95.211910
94.067273
94.181184
95.326500
94.258654
94.046402
95.612079
93.717618
93.374962
92.840743
93.685079
94.598675
93.435223
93.948089
93.185444
96.339051
94.729564
94.215093
95.066417
93.374301
93.061527
92.756422
93.005486
93.081776
93.138668
93.898952
94.631134
95.814520
94.565984
94.387093
95.791450
94.845570
94.970945
95.930785
94.659586
94.418728
95.772119
94.662685
94.854987
95.896396
94.660737
94.512674
95.832739
94.748436
95.007587
95.959691
94.543716
94.193984
95.416101
94.341071
94.636307
95.893986
94.532912
94.247412
95.374862
94.315254
94.560694
95.907687
94.606022
94.458520
95.774833
94.438689
94.513239
95.391806
94.372601
94.376952
95.585968
94.994564
94.882501
93.417402
94.012803
94.424788
93.765140
94.850039
93.815527
96.277616
94.617543
94.056129
94.998869
93.543686
93.185779
92.798852
92.967805
92.949018
93.097859
93.714293
94.440077
95.353094
94.306528
94.129760
95.184695
94.360269
94.769372
95.766476
94.506439
94.328869
95.824022
94.620556
95.006751
96.227951
94.742290
94.516155
95.892715
94.649771
94.985574
95.936670
94.676387
94.371682
95.460618
94.572279
94.934371
96.033210
94.487608
94.184558
95.368328
94.438644
94.663985
95.913405
94.681114
94.419979
95.348727
94.432235
94.684460
95.559603
94.455505
95.043711
95.616105
95.135641
94.954005
93.510677
93.990138
94.327296
93.697536
94.170739
93.794551
96.135270
94.697621
93.884945
94.911894
93.398768
92.964143
92.517537
92.802961
92.785171
92.905587
93.514344
94.347027
95.620118
94.231463
94.375157
95.569124
94.524015
94.748128
95.606692
94.186007
93.897453
95.145844
94.326388
94.711429
95.935066
94.422921
94.192411
95.549288
94.314855
94.463597
95.670406
93.953375
93.920870
95.067591
94.184572
94.618768
95.703615
94.053655
93.774012
95.093678
94.024912
94.319842
95.572027
94.018123
93.754380
95.019096
94.100456
94.246429
95.163232
94.025888
93.988795
95.430949
94.805816
94.734689
93.167821
94.073795
94.630028
93.547648
94.701430
93.610948
96.062439
94.369892
93.743535
94.688632
93.073309
92.254467
92.339084
92.370276
92.438445
92.580054
93.388774
94.604338
95.569660
94.493796
94.306629
95.431312
94.602475
94.842625
95.997512
94.522376
94.226644
95.544452
94.481469
94.725068
96.007519
94.563065
94.214968
95.598602
94.441767
94.498107
95.699263
94.121713
93.863022
95.014108
94.218736
94.444950
95.678048
94.105521
93.868146
95.004921
94.005208
94.464377
95.513272
94.336139
94.157504
95.511160
94.323211
94.877981
95.091059
94.873123
95.011063
95.458087
94.924579
94.757358
93.340235
94.603070
94.755888
93.795095
94.051366
93.726490
96.191020
94.686478
94.298894
94.835226
93.361373
92.868004
92.156987
92.769046
92.938668
93.201923
93.908131
94.506452
95.745918
94.830258
94.681109
95.706920
95.080784
95.330773
96.228173
94.966328
94.770154
95.875838
95.178682
95.420209
96.352258
95.002607
94.687414
95.386800
94.808818
95.158371
96.103200
95.005204
94.825685
95.925519
95.085831
95.262266
96.248431
95.051192
94.902356
96.039577
95.163983
95.479997
96.522072
95.275818
94.987005
96.051848
95.594432
95.721441
96.106287
95.749087
95.649491
95.982848
95.425568
95.256963
94.307250
95.259234
95.261553
94.581245
95.302644
94.595750
96.857272
95.667426
95.146855
95.394254
94.054759
93.476649
93.185059
93.691816
93.732173
93.977638
94.667643
95.401392
96.290307
95.462955
95.396137
96.132470
95.631965
95.890307
96.723367
95.775559
95.627802
96.325616
95.824700
96.026287
96.834468
95.793470
95.569503
96.341019
95.731122
95.982658
96.864038
95.876391
95.629514
96.442697
95.908710
96.049703
96.931029
95.956036
95.738216
96.489541
95.909076
96.489902
96.932244
95.940221
95.737105
96.477800
96.362669
96.480676
96.698189
96.288175
96.131898
96.351772
95.954344
95.795364
95.265655
95.705243
95.688398
95.298836
95.683115
94.802775
97.610636
96.727295
95.953390
95.669232
94.363065
93.856323
93.729097
94.243424
94.405169
94.789000
95.417764
95.640017
96.415747
95.356796
95.610972
96.991175
96.690090
96.712335
97.156837
95.900073
95.284732
95.676588
94.905176
95.104025
95.957006
94.559763
94.261066
94.788180
94.527839
94.919952
96.093638
94.687121
94.460304
95.210532
94.926973
95.367625
96.400841
95.171700
94.724472
95.326660
95.161340
95.306739
96.469355
95.096756
94.626884
94.961270
94.461971
94.460965
95.345144
94.531016
94.349111
95.160439
93.754056
93.194598
92.797795
93.060690
93.201227
93.220869
92.729204
92.571924
97.183904
95.952922
95.261389
94.804462
93.490573
92.827661
92.715148
92.837730
93.066736
93.135661
94.177837
95.111913
96.884052
95.729817
95.638461
96.168142
95.516844
95.921946
97.649269
96.368710
96.138971
96.299684
95.363939
95.518524
96.745371
95.539143
94.855279
95.564812
95.231599
96.358429
98.356741
96.898054
96.302176
96.773233
96.162823
96.247860
97.254948
95.489760
94.734340
94.922189
94.167192
94.353060
95.469241
94.235549
93.997797
94.786234
94.077835
94.170727
94.950256
93.850602
93.572676
94.327772
93.231010
92.894924
92.983985
92.552828
92.476420
93.033968
92.762518
92.588133
97.429310
95.554116
94.481177
94.061443
92.714171
92.097883
91.843047
92.030728
92.090181
92.497734
93.889962
94.616881
95.260714
93.938218
93.775719
94.453798
94.097108
94.305850
95.199307
93.906050
94.093774
95.143478
94.883546
95.376731
96.611272
94.942214
94.256265
94.702825
94.068654
94.413033
96.059920
95.830938
96.398623
96.683374
95.500923
95.888790
97.088962
95.010641
94.650307
95.340822
94.344811
94.614216
96.014231
94.240815
93.833016
94.622883
93.922735
94.045077
95.342031
94.286879
93.695916
94.407808
92.953763
92.470973
92.511700
93.599756
93.989009
92.935632
91.579174
91.303294
96.571882
95.750703
96.699033
97.655915
95.175430
92.848068
91.817143
92.044941
92.663110
93.996695
94.688015
94.907473
95.961726
94.858930
95.278769
96.608475
95.329504
94.499822
95.210326
93.882701
94.186576
95.634531
94.781031
94.792398
95.887121
94.289721
94.918638
96.177722
94.590055
94.872805
96.210892
95.373227
94.687409
95.030441
94.517308
95.103909
97.181751
95.977121
95.208507
95.052814
94.497446
94.688981
96.070984
94.460104
93.816140
94.568852
93.930922
94.438297
95.620960
93.800699
93.488747
94.406776
93.563301
93.625660
94.438800
93.543652
92.797861
92.779827
93.088132
92.861476
97.297301
95.531297
94.630118
94.102292
92.722794
92.286768
92.471610
92.801873
92.566189
92.586746
93.416752
94.408529
95.807892
94.182737
93.814294
94.602444
94.292461
94.615546
95.735352
94.196964
94.055012
94.939221
95.011648
95.227932
95.714829
94.401063
95.293420
96.661072
95.539499
95.776760
96.980360
96.479945
96.869923
96.955584
95.326812
94.877134
95.919678
94.351323
94.455136
95.233619
94.246023
94.145339
95.175499
93.469093
93.091351
93.608706
93.323465
93.432250
94.933623
94.410288
94.179310
94.045575
92.512746
92.254910
91.988561
91.792332
91.844408
92.355238
92.833816
92.849402
97.650842
95.409543
94.467433
94.349152
93.363621
92.337858
91.646793
91.753433
91.865726
91.949482
92.806625
94.035479
96.078274
95.301222
94.837579
95.125605
94.819426
95.835973
97.281149
94.304658
94.130709
96.720408
96.448915
95.449812
95.907430
94.355636
94.727398
96.264036
95.655087
95.141791
95.837039
94.165091
93.846993
94.534324
94.336778
94.306286
95.627213
94.497782
94.414196
94.504163
94.087750
95.333035
96.473585
94.013757
93.532022
94.323011
94.316958
93.873657
95.061306
93.944228
94.079208
94.938670
93.325796
92.687198
92.443592
92.482756
92.593113
92.771508
91.973805
91.908629
96.780628
94.828699
93.966444
93.720154
92.513452
92.347892
92.285313
92.371602
92.553136
92.845668
93.834820
94.398449
95.259561
94.075590
95.200516
96.255175
95.479388
95.237793
96.359453
95.216790
95.218002
95.631408
94.422268
94.525655
95.933915
94.640257
94.166117
94.893127
94.450333
94.666017
95.750974
94.289402
93.966050
94.692914
94.680816
95.459283
95.975914
94.008206
94.076001
95.527297
95.019001
94.617085
95.310125
93.706838
93.591420
94.634902
94.433628
94.286553
95.208109
93.801001
94.108450
95.062871
93.510601
92.663937
92.481358
92.321481
92.561248
92.876108
93.022906
93.869292
99.685679
97.882580
96.975186
96.646451
96.296024
95.718561
94.315390
92.313181
91.521682
91.831715
92.726043
93.550836
94.696928
93.478578
93.452922
94.429904
94.443871
95.559314
97.310221
96.184120
95.903833
96.262041
95.301739
95.445599
96.507974
95.091495
95.233047
96.236301
96.398090
96.737020
97.634617
96.065605
95.879152
97.256712
97.982284
98.811249
100.000000
97.606660
96.508039
97.203678
96.596162
96.986695
98.677738
97.798499
97.946795
98.292248
97.027908
97.079677
98.745244
97.776294
98.202431
98.704971
97.210567
95.997537
95.937121
96.139193
96.956896
97.389923
97.770741
97.056589
99.957387
96.031250
94.280418
94.544023
94.011987
94.380091
94.401252
94.255488
93.637036
93.121590
93.933237
95.188929
97.320545
96.880496
97.445809
98.127064
96.839757
96.221776
96.711039
95.408104
96.050960
97.379256
96.353370
96.785184
97.854226
96.690136
96.607976
97.397173
97.410634
97.793275
98.575299
96.477995
94.897274
95.093796
94.286502
94.575839
96.079644
95.435860
95.744219
96.831468
95.613096
95.007194
95.740918
93.994242
93.596651
94.362096
94.381358
95.141886
96.144305
93.862183
93.330552
94.647896
93.116218
94.017564
93.624068
93.131296
93.298239
94.583981
93.606230
93.227933
96.759771
95.279559
95.544376
95.151962
92.768029
91.604979
91.220074
91.587598
92.191758
92.589642
92.932472
93.550636
94.695820
93.582308
93.254706
94.027214
94.245419
94.424811
95.333701
94.106329
93.840577
94.905437
94.835092
94.857862
95.581299
94.316135
94.584707
96.007123
95.885590
95.194932
95.778020
94.200555
94.091595
95.026802
94.720650
94.527195
95.580068
94.044249
93.889873
94.373402
94.012307
94.429054
95.578657
94.099676
93.956503
94.776807
94.041263
93.858645
94.883528
93.769820
94.218378
95.447738
94.169924
94.017920
94.285991
94.723144
94.635864
94.241991
94.015118
94.328683
