98.421387
98.089182
98.192901
97.567079
97.885233
97.699559
97.920453
97.374633
97.907763
97.442666
97.961465
97.600554
97.948355
97.631122
98.077281
97.435011
97.964801
97.638685
98.201373
97.673742
98.077246
97.528039
98.045632
97.769505
98.312628
97.628894
98.100450
97.443899
98.058362
97.736909
98.304378
97.602949
98.036009
97.453891
98.081927
97.848012
98.080154
97.840495
97.987099
97.615083
97.938852
97.903596
98.281883
97.862235
98.104402
97.496170
98.008253
97.879377
98.203251
97.699152
97.989235
97.484879
97.786296
97.522038
97.968004
97.626982
97.803181
97.768026
97.736080
97.832535
98.967789
98.375229
98.511652
97.845763
98.219630
98.086359
98.504845
98.021440
98.183742
97.800222
98.208020
98.019780
98.396904
97.800691
98.186091
97.513469
97.990135
97.993198
98.415356
97.872582
98.003460
97.601826
97.949680
97.896860
98.305880
97.879012
98.012884
97.656162
97.932799
97.642486
98.242801
97.596880
97.969988
97.688727
97.850614
97.800440
98.214276
97.930330
98.041231
97.479997
97.901139
97.933778
98.215178
97.839126
98.064623
97.488976
97.878687
97.760094
98.183056
97.894589
98.070479
97.633804
97.841095
97.421532
97.692757
97.431538
97.840082
97.736576
97.629429
97.922269
99.058857
98.182360
98.451610
97.725371
97.984072
97.922851
98.343342
97.858410
98.002958
97.677951
97.988959
97.828361
98.269083
97.756928
97.982892
97.461059
97.796974
97.731495
98.241794
97.963319
97.881085
97.625344
97.884874
97.819886
98.128051
97.789285
97.991087
97.541777
97.789562
97.845137
98.108200
97.683240
97.922652
97.635260
97.803049
97.676198
98.064941
97.681839
97.866724
97.608953
97.776856
97.602069
98.092791
97.486535
97.983049
97.472324
97.827931
97.638033
98.064781
97.609067
97.836635
97.353594
97.636555
97.516300
97.626731
97.468833
97.512219
97.535202
97.587934
97.758999
98.885852
98.428333
98.382556
97.770027
98.092390
97.887075
98.357762
97.896141
98.075765
97.713321
97.954825
97.861009
98.303475
97.729524
97.832083
97.541373
97.802508
97.643129
98.215459
97.788809
97.831601
97.495468
97.622141
97.534038
98.014537
97.573600
97.935115
97.418683
97.750050
97.494515
98.004823
97.575864
97.592217
97.299817
97.810974
97.576018
98.031902
97.646330
97.722109
97.288272
97.532751
97.575836
98.030619
97.525423
97.697776
97.138671
97.639298
97.327263
97.903209
97.423642
97.712740
97.410215
97.538195
97.325260
97.478573
97.401583
97.399702
97.464522
97.301193
97.464066
98.774306
98.424732
98.402736
97.525499
97.984624
97.917276
98.173460
97.695665
97.862017
97.699325
97.923570
97.764920
98.206739
97.752503
97.889123
97.436632
97.797702
97.761757
98.064886
97.626019
97.754124
97.394451
97.655800
97.539388
98.109815
97.589938
97.758169
97.454810
97.613462
97.543854
97.943943
97.626896
97.812940
97.497598
97.640234
97.652444
97.980393
97.672461
97.775513
97.258448
97.733047
97.630825
97.967969
97.545967
97.778673
97.348902
97.658239
97.517735
97.996619
97.435652
97.720690
97.271959
97.432326
97.297385
97.560416
97.314002
97.507620
97.595019
97.353561
97.570978
98.965931
98.153144
98.279085
97.584524
97.926997
97.903663
98.239397
97.786689
97.862161
97.517488
97.878953
97.800262
98.204714
97.771458
97.812891
97.608948
97.826324
97.806342
98.078783
97.717640
97.665465
97.501661
97.710386
97.767455
98.010684
97.709403
97.762466
97.287224
97.598849
97.646306
98.081915
97.491831
97.660662
97.243652
97.773280
97.565016
98.025657
97.724194
97.792681
97.290347
97.639800
97.493186
98.113341
97.598929
97.816849
97.281487
97.764261
97.496977
97.831937
97.650145
97.716654
97.347513
97.680969
97.280561
97.692685
97.404625
97.405245
97.559067
97.512643
97.592942
98.610472
98.009171
98.184800
97.544162
97.827365
97.864935
98.070067
97.747228
97.727853
97.346160
97.905389
97.717564
98.055791
97.657331
97.670858
97.202110
97.531625
97.591101
97.942723
97.512416
97.589830
97.341500
97.575724
97.489229
97.791808
97.592136
97.659412
97.319437
97.464662
97.372159
97.822633
97.472474
97.622920
97.353715
97.539801
97.618253
97.859442
97.574418
97.597982
97.384853
97.549829
97.392232
97.792266
97.604320
97.709909
97.381727
97.523157
97.541960
97.843452
97.596762
97.734978
97.388562
97.519290
97.436116
97.459792
97.304734
97.153814
97.145183
97.188578
97.465085
98.715210
98.223622
97.960144
97.333413
97.775285
97.612694
98.099671
97.659662
97.805836
97.417017
97.749689
97.648123
98.162008
97.579779
97.696257
97.195044
97.713716
97.696986
98.082404
97.583752
97.667911
97.176305
97.595677
97.612762
98.043058
97.424928
97.623696
97.339941
97.602745
97.472954
98.003040
97.514943
97.623410
97.211896
97.520065
97.471089
97.972941
97.709471
97.787058
97.428733
97.618426
97.666650
97.935212
97.629257
97.625790
97.148207
97.433750
97.555420
97.849046
97.442363
97.651453
97.171616
97.427214
97.213265
97.417240
97.211118
97.294597
97.363297
97.237813
97.586490
98.659126
98.080268
98.140761
97.414358
97.738029
97.496639
98.106543
97.625565
97.638856
97.363812
97.596718
97.632445
98.055353
97.420997
97.600589
97.266742
97.502061
97.388862
97.923381
97.441339
97.494550
97.170493
97.418880
97.285883
97.871715
97.395841
97.502116
97.092510
97.442804
97.388216
97.873713
97.454794
97.611209
97.174558
97.320632
97.428190
97.794623
97.309970
97.557805
97.212519
97.446009
97.250677
97.750623
97.368599
97.522155
97.132858
97.473975
97.228677
97.722438
97.206797
97.473147
97.013323
97.323497
97.144741
97.335869
97.097047
97.258471
97.279992
97.225226
97.332787
98.543303
98.192244
98.098806
97.498351
97.782601
97.592364
98.016108
97.677961
97.785363
97.103813
97.514289
97.500373
97.895875
97.496635
97.507990
97.096919
97.468349
97.441996
98.028547
97.427772
97.445208
97.082120
97.456085
97.268016
97.811110
97.147842
97.439418
97.012075
97.405085
97.419707
97.780681
97.488735
97.493134
97.115668
97.361336
97.383475
97.744677
97.456519
97.472616
97.175263
97.354411
97.131143
97.772931
97.408359
97.572149
97.154543
97.471752
97.338246
97.619356
97.387130
97.538736
97.164123
97.380106
97.197325
97.487958
97.003777
97.119552
97.131831
97.136657
97.185861
98.866941
99.446801
99.875400
99.373906
99.791899
99.377872
98.994114
99.344818
100.000000
99.747753
100.000000
99.847216
99.332501
99.774733
100.000000
100.000000
99.967603
99.760824
99.021918
99.528754
100.000000
99.220707
99.642796
99.737983
99.266896
99.505636
99.902539
98.911593
99.535539
99.394539
99.074884
99.622386
100.000000
99.324081
99.715040
99.253463
98.755737
99.268150
99.704818
99.236265
99.632072
99.318052
98.528940
99.088124
99.314262
98.859938
99.283323
98.903026
98.183515
98.565342
99.453303
98.603053
98.958702
98.840398
97.817558
98.367408
99.090416
98.728826
98.394714
97.925060
97.274610
97.678062
98.809589
97.495221
98.223812
97.753042
97.501565
97.169215
98.312417
97.049692
98.370710
97.525418
96.982525
96.979536
98.228206
96.662990
97.449780
96.460372
96.490531
96.314831
97.630232
96.305340
97.111927
96.222113
96.250413
95.844653
97.269451
95.822697
96.596397
95.409140
95.402235
94.812428
95.998149
94.865616
95.713461
94.979124
95.163727
95.332270
96.795753
95.475254
96.409782
95.439065
95.206773
94.214624
95.548361
94.243977
95.353250
94.397889
94.349258
93.735096
95.039073
93.806989
94.949082
93.956622
93.915761
93.925383
94.835222
94.717740
93.615228
93.229301
91.978437
91.964436
94.063753
92.233729
93.865228
92.762769
93.318791
92.328263
93.559776
92.127566
93.966560
92.360959
93.310581
92.450168
94.225273
92.634319
94.163666
93.396799
93.635596
93.173369
95.095012
93.333161
94.827365
93.716415
94.366303
93.678024
95.651497
93.559334
95.232303
93.713708
94.571020
93.409000
95.904470
93.787352
95.021693
93.381134
93.626162
92.737079
95.056358
92.627642
94.259016
92.374912
92.878413
91.802377
93.549012
91.269809
92.549802
91.208850
91.871391
90.132656
92.411934
90.131840
91.644839
90.096835
90.424609
90.060283
91.421109
91.511381
90.390928
90.728227
91.396101
90.502216
92.371714
90.472311
91.958481
90.866052
92.121122
90.107787
91.578598
89.820137
91.099434
90.104511
91.343218
89.810122
92.223114
90.419303
91.584606
90.378397
90.916897
89.836090
91.909724
90.451379
91.791520
90.340691
91.345239
90.045028
92.134305
90.640541
92.080379
90.857608
91.255298
90.692976
92.082663
90.464834
91.891548
90.396972
90.784298
89.687428
91.480081
89.771428
91.267759
90.226469
90.871387
90.080729
91.906995
90.201896
91.673796
90.450116
91.182027
90.285713
92.028840
90.189741
91.580247
90.217263
90.265387
90.029333
91.450650
91.415308
90.116229
90.293908
89.875948
88.297818
91.113379
88.486102
90.367385
88.868483
90.455945
87.354329
90.302181
87.381201
89.541956
87.560119
88.903912
86.854137
89.509941
87.672540
89.342604
87.629733
88.695813
87.090739
89.320230
86.941451
89.115690
87.238019
88.326642
87.361672
89.826130
87.758458
89.580627
87.991974
88.576550
87.952934
89.519364
88.087700
89.394188
88.111336
88.727370
87.358570
89.522118
87.811721
89.372514
88.077536
88.933781
87.989882
90.175764
88.262905
89.820480
88.212193
89.080180
88.842755
90.807065
89.125439
90.959724
89.560602
89.470272
89.604719
90.993406
91.203165
90.128638
89.912125
90.092661
90.090863
91.450829
90.012843
91.306751
89.756077
89.906191
88.232114
90.607762
87.665099
89.896131
88.527839
88.628951
87.038876
89.972971
87.191375
88.667405
86.755419
87.911507
86.701988
89.008751
86.762398
88.419753
86.494936
87.284354
86.002924
87.987546
86.007036
87.929914
86.058596
86.919951
85.688642
87.971469
86.142782
88.114021
86.304829
86.743509
86.126143
88.105829
86.344948
88.170901
86.908411
87.402893
86.789785
88.184910
86.844287
88.140034
86.876609
87.067253
87.192478
89.236769
87.413463
89.135192
87.660391
87.235842
87.574745
88.963428
89.064185
87.712807
87.296263
87.734231
87.299912
89.708855
87.619091
89.946555
88.064576
89.158035
87.460022
89.667390
87.488286
89.743029
87.396565
88.851165
86.973126
89.805266
87.299897
89.439292
87.619621
88.942268
86.784979
89.690433
87.444439
89.328621
87.736509
89.065689
87.800838
90.479706
87.651809
89.956781
87.838053
88.797330
87.232925
89.952047
87.228215
89.234425
87.284970
88.863548
86.558395
89.066610
86.363958
88.350876
86.514293
87.783078
85.834291
89.396294
86.785977
88.704040
86.481291
87.865917
85.394043
88.516008
85.998796
88.499380
86.993493
87.598799
87.208888
89.213759
89.103227
87.513223
87.903007
88.240081
86.605502
89.245343
86.509010
88.454535
86.652184
88.213327
85.976671
88.492819
85.750549
87.659054
86.309308
87.422654
85.996097
88.603378
86.306874
88.014472
86.216564
87.415459
86.070542
88.915028
86.673017
88.412018
86.548291
87.872634
85.528613
88.740625
85.572137
88.396959
86.642186
88.075240
85.934949
88.922588
86.289375
88.273510
87.134016
88.264096
86.881316
89.705275
87.462697
89.702700
87.629349
88.702184
87.019710
89.197860
87.330402
89.142624
87.470878
88.258506
87.463706
89.232404
87.291747
88.974681
87.314899
86.824274
87.279591
89.156065
89.360388
87.813851
87.864574
88.355837
87.956703
89.512370
88.190292
90.305367
88.357648
88.849161
88.015244
89.704831
87.862843
89.393257
87.746553
87.919773
87.657864
89.314110
87.388475
89.410457
87.656420
87.859951
87.372138
89.140838
87.365517
89.098270
87.261560
87.761373
86.743783
89.110520
86.906018
88.538756
87.025718
87.895832
86.691105
89.325409
86.822502
88.672488
86.824402
88.074238
87.500345
90.135208
88.567675
90.071237
87.832003
87.969496
88.459639
89.471913
88.114273
90.869488
90.992621
90.635262
92.203220
92.365740
92.386009
93.247177
93.121150
91.797645
94.838855
94.994042
95.457057
95.148071
93.494708
97.486939
98.483874
99.205738
98.382629
98.900725
98.290136
96.735671
98.283221
99.155953
98.575472
99.606129
98.756734
97.405916
97.979284
99.845705
98.206134
98.788888
97.582711
96.837910
96.307072
98.001112
96.007931
96.754453
95.531205
94.959170
93.048395
96.071752
93.353714
94.368024
93.386267
93.702132
92.497553
93.661844
91.842940
92.820744
91.762422
90.964214
91.196852
92.594008
90.944158
91.753353
91.069604
90.101852
90.423303
92.117836
90.397095
91.482926
90.419428
89.515736
89.668476
91.309190
89.762779
90.583888
89.752273
88.164965
89.406011
90.423419
90.282124
89.528142
88.494784
88.380951
89.505840
89.965120
89.268445
89.376447
89.505953
90.201942
92.459702
92.942072
92.570798
93.065406
93.318196
94.538564
94.812727
95.622870
95.219650
95.793378
95.559768
96.419366
96.057193
96.970742
96.027871
96.925526
96.214453
96.895855
96.420314
97.659850
96.289620
97.278740
96.439540
97.186429
96.595777
97.866040
96.451648
97.385065
96.746838
97.325991
96.655202
97.987966
96.421781
97.112398
96.718759
97.401445
96.719272
98.011566
96.480987
97.316831
96.734878
97.338469
96.675616
97.900831
96.544446
97.194825
96.646656
97.147892
96.473938
97.772127
97.711700
96.706378
97.115493
97.903506
97.099825
97.741473
96.455873
97.375292
96.746421
97.434519
96.762741
97.474434
96.515002
97.098060
96.452587
97.061286
96.509845
97.267559
96.375456
97.116800
96.532495
97.081777
96.488484
97.265181
96.443313
97.261407
96.481663
97.150549
96.591792
97.491320
96.694062
97.385463
96.741168
97.300203
96.699734
97.456686
96.641706
97.316451
96.687646
97.257997
96.786802
97.544539
96.589586
97.342948
96.563661
97.197573
96.672754
97.498330
96.504431
97.300257
96.544862
97.199611
96.512948
97.606618
96.525758
97.351376
96.442949
96.885802
96.349821
97.375697
97.291448
96.628925
96.983571
97.732400
97.020150
97.602223
96.544622
97.246692
96.656867
97.469636
96.631017
97.207554
96.317543
96.919646
96.440190
97.173756
96.577076
97.240480
96.403702
96.998301
96.367493
96.977166
96.473809
97.358110
96.421731
97.042666
96.579653
96.971749
96.545956
97.241878
96.407411
97.026990
96.400536
97.001011
96.426073
97.225975
96.338867
97.059296
96.307794
96.846366
96.341575
97.334282
96.333659
97.132460
96.304894
96.864154
96.378648
97.332030
96.180276
97.092778
96.336324
96.909973
96.373751
97.478474
96.345727
97.138396
96.228039
96.618669
96.172784
97.030143
96.957739
96.334791
96.633025
97.582449
96.841887
97.349672
96.299700
97.024894
96.573374
97.336431
96.600886
97.147008
96.181041
96.711278
96.351569
97.054464
96.488855
97.157052
96.328823
96.906236
96.275251
96.885911
96.496042
97.291878
96.292173
96.925419
96.226080
96.899747
96.439966
97.278350
96.330199
97.152711
96.424820
96.909295
96.470047
97.422503
96.352847
97.120541
96.486606
96.968000
96.558654
97.469510
96.434873
97.151642
96.530331
97.025664
96.627971
97.418459
96.489382
97.207534
96.536255
96.945383
96.487254
97.479826
96.312220
97.195943
96.393607
96.774725
96.368981
97.155685
97.005645
96.286155
96.783638
97.621466
96.994860
97.552406
96.511733
97.144015
96.525545
97.297273
96.557560
97.118526
96.255374
96.739066
96.340230
97.096647
96.370478
97.156080
96.121892
96.804796
96.234988
96.887640
96.278993
97.222218
96.173703
96.896339
96.308332
96.937931
96.328768
97.257712
96.288702
97.050879
96.392559
97.041919
96.494784
97.247495
96.341834
96.986172
96.401798
97.072572
96.449110
97.399376
96.339001
97.095954
96.370298
97.025364
96.357056
97.368911
96.320056
97.074444
96.428282
97.004233
96.294399
97.402917
96.229499
97.176988
96.295170
96.805044
96.367824
97.202500
97.046251
96.284609
96.707475
97.542643
96.701805
97.394617
96.336042
97.034243
96.544234
97.333768
96.719095
97.272113
96.256394
96.863639
96.421462
97.135112
96.578612
97.208849
96.426892
97.006773
96.531783
97.033110
96.445434
97.361748
96.403219
97.051686
96.346091
96.998698
96.450559
97.399160
96.335834
97.030688
96.413036
96.982435
96.405684
97.276503
96.378786
97.129833
96.467772
96.986337
96.365668
97.409455
96.244506
97.050036
96.281923
96.831000
96.364775
97.329982
96.219428
97.015472
96.295833
96.878158
96.354528
97.487385
96.276197
97.201757
96.236044
96.643444
96.206908
96.974923
96.875523
96.284077
96.602361
97.426580
96.669298
97.343914
96.304188
97.129394
96.648275
97.262971
96.583005
97.177583
96.214779
96.936427
96.391628
97.023932
96.298869
97.034014
96.129016
96.728771
96.281110
96.976383
96.380523
97.035695
96.023963
96.815780
96.192360
96.916200
96.305416
97.109344
96.181425
96.977755
96.418082
97.019814
96.528580
97.360212
96.320564
97.045300
96.375186
97.000872
96.356047
97.258093
96.290136
97.135564
96.372536
97.014855
96.429689
97.407644
96.310446
97.071270
96.352716
97.003548
96.417169
97.447022
96.342808
97.171612
96.323619
96.811043
96.189325
97.173324
97.185349
96.382506
96.868146
97.619381
96.714154
97.466322
96.191918
97.056026
96.600271
97.284621
96.299523
97.144700
96.172628
96.888124
96.308061
97.035235
96.370701
97.189289
96.175500
96.817065
96.265704
96.923695
96.325238
97.129260
96.289745
97.067184
96.475100
97.039662
96.433510
97.262848
96.232023
97.037104
96.410915
97.013260
96.442756
97.206194
96.281059
97.026241
96.511449
97.078128
96.513795
97.441465
96.415344
97.152351
96.525803
97.017245
96.499888
97.354950
96.367278
97.142109
96.539560
97.110784
96.474374
97.536033
96.396646
97.282683
96.338973
96.844979
96.367168
97.199232
97.088949
96.446062
96.992757
97.646701
96.913478
97.484006
96.459198
97.121088
96.639570
97.334454
96.484709
97.174361
96.258436
96.888720
96.476678
97.044699
96.455534
97.244973
96.357176
97.084648
96.448782
97.038784
96.503377
97.265360
96.310578
97.033409
96.493496
97.133902
96.535773
97.285272
96.381808
97.109472
96.553579
97.140977
96.568135
97.400281
96.394410
97.181672
96.460520
97.076485
96.465630
97.385696
96.381444
97.197907
96.608670
97.154820
96.570517
97.365203
96.388021
97.118501
96.508097
97.168986
96.583760
97.660500
96.506709
97.284218
96.456941
96.839833
96.488505
97.224036
97.073144
96.371651
96.779456
97.646990
96.820128
97.726869
96.419534
97.289374
96.498643
97.305619
96.491261
97.046157
96.189352
96.782646
96.415624
97.171956
96.474388
97.324793
96.200939
96.950153
96.229946
96.931109
96.374140
97.431781
96.349873
97.227001
96.439528
96.925802
96.362803
97.398167
96.333276
97.079549
96.365328
97.006368
96.414350
97.352602
96.261409
97.135305
96.393743
97.022815
96.423143
97.417107
96.350661
97.103672
96.367294
96.968973
96.306983
97.468420
96.308225
97.185269
96.432571
96.922632
96.370600
97.541972
96.223804
97.226265
96.326581
96.785013
96.086741
97.028113
96.773263
96.044464
95.863981
100.000000
98.408923
97.342355
95.092306
95.813003
95.963503
98.592350
97.739997
97.745360
96.241372
95.383394
94.685261
96.023805
94.216800
94.418721
93.754830
94.175878
94.193039
95.249899
93.725041
93.790073
93.091025
94.084598
94.622048
95.933557
95.233263
96.215107
95.931345
96.680225
96.556180
96.940000
94.959994
95.061147
94.947284
96.458941
97.247471
99.422061
98.883092
98.689018
97.197322
96.951926
96.520807
97.872671
97.491855
98.166629
97.358186
97.579820
96.501507
97.060521
95.698552
96.151612
95.695616
96.431739
95.918296
96.475324
95.594913
96.537970
96.560614
95.826609
96.300106
98.950796
97.473840
98.791957
98.014323
98.858499
98.269760
99.098318
96.177938
97.088939
97.329333
99.075744
99.043837
100.000000
98.346905
98.786909
97.966488
98.910802
98.566508
98.966457
97.136992
96.787656
94.574964
94.408491
94.192967
95.917101
94.342438
94.799999
93.986640
95.597406
96.496991
98.356190
97.402033
97.878227
95.939981
96.513361
96.311341
98.158392
97.171253
97.749304
97.100073
98.010732
97.343480
98.413221
96.678140
96.068659
94.097428
95.200499
95.011365
96.924536
96.816697
98.138845
96.922049
95.954903
93.530040
94.501460
93.832258
94.420581
94.693314
95.421917
96.062812
98.441759
96.361999
96.854711
95.503681
95.680606
95.153391
96.921932
95.140768
95.463723
94.393113
95.449230
95.715222
98.237489
96.765844
97.005770
95.940561
97.017230
97.555554
100.000000
98.636012
98.301622
96.272665
95.262031
94.027988
95.828983
94.070791
94.783490
94.478316
96.337498
96.112293
97.158398
96.166841
96.524829
95.242406
95.664133
95.371609
96.886715
95.707240
96.811817
96.235327
96.809363
95.860463
96.852852
95.489792
96.512019
95.979620
97.032423
96.801728
98.002382
97.012257
98.199606
97.639739
97.804595
95.847458
96.104128
95.491840
97.260892
97.783512
96.480415
96.100306
98.418738
96.314719
96.466951
95.595229
97.187041
96.943796
98.034986
96.384674
96.456820
95.281740
96.579900
96.556522
98.057377
97.007672
97.634723
96.681942
97.063984
96.863136
98.342175
96.639896
97.142315
96.243278
97.062973
97.189273
99.206494
98.588526
98.516981
96.928892
97.315648
97.030449
97.867080
95.293836
95.176842
94.192468
95.173622
94.952668
95.821335
94.089336
94.367624
93.377930
94.391738
95.229735
97.230580
96.103568
96.614536
96.018834
97.397394
97.177495
98.247709
96.984144
97.813164
96.818424
97.122986
96.045465
96.906125
94.989448
94.861814
94.675404
94.490303
96.126107
98.805611
96.002947
95.712840
95.294733
98.053493
98.525079
98.960846
95.407712
94.931328
94.097043
95.260368
95.803999
97.427768
95.927667
95.636970
94.312452
95.180115
95.281827
97.090821
95.431865
96.441879
96.041375
97.103476
97.167913
98.718909
96.953092
96.791178
95.572942
96.101481
96.123454
99.783044
98.546853
97.138760
93.829899
95.350699
97.786927
97.423052
94.867931
95.287558
93.585534
94.874709
97.044536
98.004582
94.416715
94.707335
93.552920
95.369205
97.063616
97.654772
95.099177
95.409190
94.217820
95.676846
96.943103
98.012294
95.888134
95.459618
95.293985
94.853007
95.908052
98.869650
96.554808
96.087092
94.782837
96.674734
98.366950
99.582343
96.260912
95.281783
94.328989
95.195616
96.097635
97.352993
94.992406
95.052862
94.740564
97.004752
98.266574
98.500904
96.067198
96.199060
95.389406
96.760927
96.526788
97.674682
95.711120
95.805002
94.748052
95.490675
95.784418
97.883811
96.230158
96.007151
95.052292
96.050643
96.875189
98.088111
94.543313
94.809991
96.039024
97.547377
97.373446
98.463920
97.848644
98.169885
95.540796
94.953325
94.707638
95.832874
94.960015
96.997035
96.940087
97.013027
95.929796
96.027046
94.966879
95.473340
96.221535
96.556011
97.736762
99.465708
96.906449
97.026486
96.000463
96.752712
96.767765
97.431504
95.848600
96.477846
96.930266
97.217217
96.667201
98.000139
97.203802
98.120722
97.620636
97.046648
96.631171
97.914636
96.858046
97.281614
96.516342
96.728225
96.180380
97.266570
95.788285
96.545943
96.871970
97.868729
97.605415
98.549062
96.718331
96.671572
95.762461
96.934727
96.559154
97.714003
96.240979
96.118236
95.207487
97.121083
97.610291
98.044032
96.232997
96.472149
96.174735
96.499114
95.104071
96.164706
95.398120
96.608583
95.541615
96.003285
95.755782
97.170200
96.652363
96.739568
96.192105
95.719154
96.684681
99.042878
98.111184
98.743020
97.295629
96.926605
96.460171
97.500244
95.781370
95.841801
94.744739
95.222614
95.061250
96.687875
96.368142
97.956153
97.688114
97.225307
95.154134
96.108633
94.859874
95.566642
96.444328
98.145754
96.753841
97.039521
95.617642
96.053835
95.733189
96.904303
96.614026
97.337122
95.440630
95.622472
95.026104
95.815744
95.821968
97.226865
95.519996
95.848673
95.151872
95.921846
95.827609
97.423342
96.398831
97.022031
96.700489
97.794754
96.617065
95.976684
94.364001
94.809986
94.621913
96.447571
97.156559
98.037500
95.862775
95.272880
95.181931
95.266423
96.816881
100.000000
99.502294
98.564560
96.687008
96.645571
96.373403
97.855404
96.311315
96.509028
95.217550
95.449264
95.462133
97.720229
96.146284
95.554109
94.471117
95.066414
95.745524
97.373465
95.781245
95.583306
94.768261
95.983034
96.288267
97.416765
96.118714
96.123497
95.420429
95.468550
95.039964
96.292049
94.886255
95.025822
94.460602
95.153369
95.264720
96.868916
96.018398
96.431477
95.904260
96.249600
96.063822
97.243707
95.866585
96.182008
94.821300
95.327394
95.716532
97.641909
96.276876
97.469959
97.585293
97.939277
96.117195
95.763234
94.377118
94.880442
95.390248
96.207316
97.903886
100.000000
97.846772
96.726404
95.718829
97.215587
98.270843
99.994637
97.924495
97.058872
95.190984
95.384464
95.440056
97.164923
96.073225
96.271408
95.388604
96.153150
95.862781
97.151137
95.890983
96.524462
96.733248
96.598738
96.424041
97.110555
95.608354
94.882043
94.145390
94.990724
94.559650
95.736661
96.182101
97.508113
96.728375
96.849036
96.567151
98.054208
97.382439
96.499599
94.439589
94.701055
94.539737
96.544758
96.589940
96.468301
94.568539
94.981326
94.706121
96.066823
94.673428
95.449111
94.787341
95.295949
95.049874
95.793892
94.336542
95.420245
97.872728
98.792777
99.093792
96.914559
96.578545
96.235113
95.386874
95.891089
95.781243
96.601991
95.865620
95.877739
95.115934
95.733127
95.919040
96.697051
95.663109
95.899324
95.206725
95.603975
95.865103
96.720688
95.683771
95.679500
95.094543
95.522654
95.643456
96.634534
95.538291
95.645427
94.999677
95.410387
95.517973
96.548076
95.645667
95.694171
94.995028
95.458120
95.447798
96.543414
95.488262
95.597406
94.918156
95.519644
95.598918
96.536160
95.518663
95.663275
94.857174
95.447088
95.580822
96.484204
95.703106
95.712848
94.786241
95.286779
95.027352
95.667185
94.875267
95.144419
95.205351
95.144442
95.745904
97.661818
96.565052
96.534247
95.544784
96.043323
95.870465
96.877277
95.797930
95.969933
95.187838
95.778867
95.661108
96.732730
95.711175
95.859793
94.945176
95.645828
95.748728
96.738163
95.570866
95.564798
94.742396
95.242715
95.339948
96.484908
95.395907
95.422304
94.506511
95.230684
95.202253
96.356067
95.361027
95.510029
94.489870
95.243975
95.204862
96.295549
95.003203
95.371095
94.544153
95.161788
94.990136
96.232233
95.043241
95.303869
94.360470
95.031586
94.932075
96.118348
94.836104
95.388649
94.074734
94.624910
94.288704
95.165489
94.043342
94.464377
94.654695
94.246398
95.142406
97.328371
95.660238
95.981814
94.659004
95.444057
95.010932
96.408793
94.719875
95.310847
93.889710
94.668325
94.674560
96.319245
94.513078
94.877249
93.284471
94.131915
94.142867
95.913925
94.215569
94.439494
93.102830
93.833391
93.943216
95.710744
94.068528
94.168811
92.882144
93.708352
93.790077
95.524557
94.023970
94.267021
92.930429
93.649951
93.797800
95.342114
93.698672
94.037001
92.710900
93.434388
93.732330
95.315962
93.763723
94.200291
92.742617
93.479492
93.635798
95.209520
93.721367
94.236480
92.629007
93.293536
93.046335
94.313311
93.177901
93.637600
93.734683
93.405246
94.514675
96.837867
94.933645
95.091032
93.293157
93.890039
94.048667
95.780750
93.903756
94.287271
92.676112
93.531457
93.745637
95.712103
93.465425
93.550006
92.157002
92.831107
93.255686
95.328892
93.321917
93.470790
91.759222
92.697571
92.996752
94.890632
93.044499
93.416375
91.930181
92.838206
93.072959
95.011432
93.196425
93.397864
91.844337
92.726084
93.175207
95.056389
93.147703
93.515181
92.117626
92.980418
93.263067
95.113733
93.194644
93.699982
92.348415
93.155143
93.229666
94.901553
93.390255
94.040986
92.497685
93.159366
92.715936
93.787821
92.738272
93.232043
93.344606
93.227812
94.228162
96.734074
94.779230
95.045376
93.333409
94.119216
94.185973
95.735691
93.994518
94.380113
92.808536
93.744165
93.918020
95.706917
93.792860
93.862556
92.509869
93.359869
93.687329
95.539250
93.711784
93.839369
92.447071
93.336615
93.428923
95.083764
93.511806
93.798681
92.580145
93.417571
93.755716
95.172024
93.739526
93.993925
92.732264
93.482108
93.625480
95.230191
93.826224
94.069625
92.728808
93.572585
93.686504
95.250465
93.757422
94.061463
92.797713
93.622767
93.614548
95.091088
93.700647
94.308930
92.796186
93.414490
93.024946
94.054359
93.059699
93.698668
93.805324
93.612256
94.572010
96.822464
94.878263
95.190116
93.534042
94.322089
94.450966
95.872432
94.166820
94.555089
93.164491
94.048599
94.152754
95.834802
93.834789
94.162392
92.681946
93.509275
93.738693
95.415772
93.465434
93.913335
92.415792
93.437819
93.585495
95.276443
93.468630
94.030961
92.506302
93.491227
93.643282
95.299749
93.505552
93.956114
92.556535
93.465363
93.720769
95.335347
93.643897
94.166381
92.904211
93.643938
93.793010
95.392300
93.911764
94.315077
92.933368
93.760598
93.856703
95.393570
93.988580
94.547947
92.931241
93.555305
93.170223
94.354079
93.290792
93.761821
93.819716
93.607284
94.550549
96.698551
94.757756
95.096457
93.268273
94.060007
94.105985
95.714993
93.761596
94.100470
92.505509
93.438593
93.660876
95.613490
93.404967
93.786054
92.187755
93.102602
93.341192
95.278224
93.255391
93.645225
91.995289
92.986072
93.203088
95.014669
93.077671
93.509237
91.912978
92.947805
93.110990
94.941475
93.049701
93.460247
92.072592
92.929070
93.269391
95.040761
93.152638
93.795459
92.213538
93.226516
93.376938
95.125108
93.397048
93.856671
92.416960
93.311402
93.403373
95.071990
93.383169
94.329948
92.575922
93.144898
92.932201
93.900871
93.100927
93.479860
93.716349
93.372420
94.435362
96.617921
94.802118
94.989868
93.478292
94.377819
94.259235
95.732457
93.712665
94.202277
92.726633
93.545230
93.879687
95.602293
93.693005
93.881035
92.481796
93.563627
93.616326
95.323330
93.362818
93.614923
92.427927
93.383276
93.527032
95.194058
93.377193
93.686251
92.482389
93.407608
93.418887
94.959515
93.319604
93.798520
92.577835
93.493451
93.434707
95.143827
93.554028
93.893574
92.775792
93.596007
93.546974
95.046905
93.478666
94.008389
92.819870
93.628147
93.720168
95.048485
93.682361
94.179502
92.767728
93.490297
93.289546
94.206109
93.357153
93.836212
94.024908
93.714682
94.573062
96.804062
95.176189
95.262529
94.086039
94.840246
94.671571
95.933970
94.445074
94.857946
93.837649
94.709605
94.565683
95.916373
94.436730
94.636792
93.603448
94.318265
94.360940
95.895488
94.271830
94.336664
93.365621
94.175290
94.413024
95.737486
94.254332
94.355943
93.427195
94.201326
94.479305
95.720045
94.294504
94.447626
93.577585
94.419212
94.617307
95.830643
94.508130
94.617749
93.769507
94.489206
94.644493
95.914834
94.704060
94.741057
93.987349
94.665045
94.743408
96.003448
94.843688
95.026900
94.196004
94.612949
94.415423
95.087618
94.460504
94.637188
94.738303
94.828403
95.512052
97.140940
95.973344
95.801644
94.811660
95.417693
95.483436
96.473362
95.465281
95.502531
94.782162
95.392087
95.506432
96.565203
95.270113
95.467608
94.736348
95.332589
95.571731
96.649658
95.495745
95.409106
94.712177
95.304159
95.509731
96.564857
95.557098
95.404345
94.795902
95.307637
95.485298
96.568092
95.651545
95.574242
95.039296
95.516571
95.512872
96.477084
95.652588
95.620090
95.154057
95.599864
95.672373
96.678616
95.767407
95.666122
95.031503
95.553109
95.777118
96.531557
95.591397
95.753749
94.986429
95.468701
95.342256
95.869245
95.250580
95.467809
95.577217
95.508542
95.439272
97.886238
96.530976
95.993722
94.403428
94.922611
94.736562
96.257670
94.278702
94.146535
93.620787
94.384418
94.165340
95.637496
93.734207
93.982020
93.665755
94.714082
94.626711
95.507620
93.710107
93.337580
92.115323
92.746613
92.931004
94.244180
92.687492
92.564421
91.745875
92.458639
92.705292
94.111322
92.586095
92.628958
92.159577
93.064973
93.450235
94.929706
93.321493
93.061743
92.335815
93.267301
93.283804
94.650716
93.210666
93.039383
91.908478
92.673133
92.583613
93.761640
92.490165
92.818629
91.873484
92.396838
91.964029
92.819638
92.166097
92.600103
92.695705
92.407432
93.276531
96.635325
95.283455
95.195182
93.876810
94.358290
93.990471
95.250008
93.579617
93.808672
92.978487
94.000236
94.184959
96.190994
94.399886
94.451489
93.216900
94.040159
94.144327
96.278393
94.736882
94.730739
93.115566
93.697928
93.629545
95.307756
93.698009
93.470900
92.312715
93.631949
94.610249
97.069327
94.973727
94.801590
93.521103
94.232990
93.989066
95.441899
93.370413
93.182551
91.701497
92.424398
92.417980
94.143014
92.460836
92.602093
91.592786
92.439980
92.393554
93.669618
92.122396
92.520373
91.405138
92.234998
91.920521
93.006893
91.589479
92.058704
92.167965
92.142313
93.211915
97.074912
95.126193
94.763024
93.210180
93.730118
93.481238
94.678985
92.861477
92.946436
92.210955
93.632319
93.516995
94.430229
92.566200
92.592556
91.602857
92.535556
92.484588
93.778086
92.049944
92.574568
91.867790
92.982155
93.252324
94.808237
92.930420
92.573512
91.295579
92.129881
92.117016
94.169312
93.896949
94.855623
93.376417
93.746981
93.914170
95.679952
93.146752
93.252242
92.151585
92.739109
92.688453
94.721139
92.437476
92.599886
91.146006
92.110733
92.199559
94.221935
92.575080
92.637696
91.138566
91.992099
91.718636
93.264770
93.113911
93.997464
92.913173
91.667617
92.739285
96.528545
95.331597
97.003372
95.982202
95.628346
94.108617
94.886683
92.755296
93.453899
93.447953
94.301713
93.672845
95.260957
93.169941
93.760168
93.240251
93.392277
92.411058
93.922940
91.764291
92.289393
91.972951
92.317870
91.866447
93.460565
91.588655
92.670246
92.447714
92.017868
91.934976
93.691535
92.858686
92.763053
91.391829
92.220148
92.637656
95.046696
94.029579
93.448585
91.743227
92.552657
92.469401
94.111094
92.311576
92.402216
91.373129
92.230968
92.554654
94.051860
92.151936
92.567199
91.629287
92.482659
92.684850
94.218669
92.773873
92.150116
92.103069
92.740171
93.202322
97.248540
95.288465
95.105770
93.459953
93.920390
93.747494
95.406867
93.646040
93.451241
92.184229
93.170932
93.248894
95.150255
92.736014
92.717534
91.446545
92.741725
92.907339
94.610504
92.372014
92.586047
91.620961
92.988844
93.071885
93.960793
92.218841
93.513242
93.332356
93.311581
93.238262
94.864566
94.282843
95.185298
93.645611
93.306386
92.670340
94.292692
92.418734
92.937843
91.753120
92.208752
91.939217
93.630896
91.862632
92.005039
90.665772
91.646349
91.611170
93.656873
92.905973
92.973144
90.920146
91.549423
91.538029
92.562679
91.277051
91.842284
92.420536
93.110264
94.201944
97.107459
94.658290
94.410787
93.188667
94.144473
93.508509
94.510633
92.453901
92.589091
91.265075
92.252658
92.639255
95.139627
93.930151
93.500206
91.987366
92.983302
94.077251
95.754982
92.422643
92.732985
93.504816
94.510467
93.219247
94.152920
92.292336
92.993628
92.921787
93.515535
92.784744
93.959276
91.930809
92.100694
90.885166
92.163800
91.948681
93.859342
92.868835
93.225957
91.680938
92.537498
93.368444
95.029027
92.481892
92.096751
91.021668
92.603278
92.392617
93.934502
92.486135
93.036437
92.195560
92.503710
92.062122
93.059524
92.084000
92.604186
92.827016
92.098834
93.169297
96.452736
94.243799
94.082706
92.515188
93.450147
93.737025
95.181121
93.202461
93.372588
92.578900
93.664200
93.279649
94.464486
92.534572
93.996686
93.469108
93.831678
93.664247
95.249000
93.458982
93.730990
92.372863
92.404615
92.238991
94.090819
92.434970
92.280188
91.248696
92.320152
92.316463
93.869062
91.946229
92.176652
91.072704
92.390917
92.914809
93.817377
91.921543
92.272666
92.114034
92.925398
92.428826
93.516054
91.897025
92.250154
91.422665
92.823486
92.619012
94.094203
92.414165
93.223301
92.279704
92.565201
92.106682
93.124800
92.006244
92.706058
93.177420
93.455010
95.372330
99.760435
97.894893
97.516143
96.049909
97.468727
97.345838
97.490350
93.169873
92.387357
91.339763
92.322705
92.594305
94.314924
92.331764
92.433496
91.557274
92.825054
93.672276
95.767188
94.092468
94.039425
92.600653
92.976150
93.146097
94.809289
93.229536
93.616724
93.193163
94.404186
94.390962
95.640521
94.230703
94.403484
94.516313
96.299128
96.988278
98.396755
96.111726
95.244594
94.671271
95.242094
95.359439
97.223607
96.552752
97.049975
95.929792
95.962431
95.696545
97.526159
96.580069
97.288018
96.047397
96.443453
95.646791
96.373706
95.596887
96.955461
97.282900
97.451692
98.010144
100.000000
96.019637
94.895168
93.425398
95.133944
95.973296
97.732869
95.204229
94.434292
92.648095
93.497953
94.238770
96.853855
95.672994
96.363025
95.303046
95.063227
94.396682
95.556214
93.544314
94.487067
94.123932
94.310283
94.667093
96.220872
94.874375
94.942314
94.174619
95.355671
95.914093
97.047384
94.522088
93.433204
91.407487
92.263016
92.601167
94.613815
93.773206
94.354419
93.521747
93.510203
92.903794
94.163121
92.367041
92.452607
91.458875
92.845807
93.555569
94.776933
92.341225
92.472014
91.402352
92.468738
93.359874
94.143742
92.463192
93.090753
94.259764
93.467608
93.592223
96.734709
95.041120
95.900238
94.593529
94.024604
93.258419
94.441816
92.731338
93.163393
92.490521
92.852884
92.671189
94.349802
92.548426
92.278018
91.371211
92.718380
92.538254
93.752788
92.037457
91.992528
91.347237
92.741825
92.599584
93.737982
92.243642
92.811271
93.157897
93.930853
93.027080
93.908137
92.295259
92.506602
92.020354
92.911447
92.425288
93.750391
92.094004
92.253902
91.191008
92.201831
92.162726
93.804009
92.175087
92.504522
91.860816
92.460272
92.029280
93.465650
92.224728
92.892881
92.337069
93.060814
92.974239
94.296786
93.957791
94.057857
93.832991
93.012275
95.106118
