98.768854
98.459792
98.786121
97.956819
98.625852
98.112046
98.434245
97.745098
98.820963
97.870333
98.701826
98.160176
98.577014
98.079800
98.803063
97.840707
98.662786
98.035779
98.636288
98.063300
98.687983
97.865257
98.587544
98.183802
98.698692
97.975529
98.925815
97.807981
98.696141
98.144406
98.752675
97.949702
98.890527
97.821019
98.683103
98.295027
98.618347
98.262237
98.818294
97.973662
98.558204
98.376453
98.762777
98.262786
98.982699
97.871420
98.543343
98.327978
98.696765
98.091432
98.914258
97.872241
98.431601
98.067494
98.494397
98.073297
98.585784
98.577107
98.245550
98.334085
99.110940
98.473337
99.038503
98.030938
98.539636
98.359018
98.828156
98.255072
98.910025
98.015656
98.529113
98.328465
98.752152
98.112318
98.765877
97.840406
98.359404
98.328518
98.820756
98.221342
98.584816
97.940133
98.463958
98.245371
98.642147
98.194987
98.565848
98.042578
98.490075
98.030753
98.632294
97.895395
98.485567
97.990564
98.216165
98.132906
98.604212
98.287016
98.576915
97.787407
98.436140
98.280613
98.563778
98.077062
98.682221
97.867091
98.454295
98.106842
98.551122
98.229221
98.750032
98.045426
98.554253
97.889485
98.254652
97.793875
98.494074
98.416739
98.064306
98.372787
99.149430
98.297843
98.843169
97.943859
98.446167
98.210779
98.671625
98.125557
98.564836
97.954080
98.484309
98.147979
98.597320
98.015671
98.472215
97.772315
98.275871
98.073464
98.589426
98.274100
98.360134
97.955246
98.334136
98.204346
98.502722
98.108909
98.478174
97.868807
98.254596
98.211528
98.483265
97.990667
98.444747
97.978515
98.295157
98.011267
98.438648
98.016334
98.393906
97.968496
98.340697
97.997266
98.502569
97.857978
98.550918
97.835058
98.350583
98.043637
98.457359
97.959257
98.523203
97.738076
98.377605
97.962600
98.146284
97.894382
98.279102
98.335790
98.075229
98.286695
99.079748
98.650465
98.908801
98.091256
98.684569
98.241382
98.742758
98.207209
98.670821
98.069062
98.516716
98.245477
98.732260
98.095856
98.433616
97.957667
98.375067
98.058682
98.626922
98.189912
98.407152
97.961486
98.223809
97.977571
98.477466
98.018203
98.474299
97.839726
98.278937
97.909553
98.467631
97.988563
98.316944
97.781563
98.427712
98.006363
98.475384
98.082694
98.382279
97.740617
98.178766
98.020033
98.496293
97.963917
98.345730
97.600373
98.277238
97.804268
98.403611
97.849622
98.459982
97.903288
98.238930
97.814704
97.978267
97.925334
98.209171
98.238657
97.877348
98.062559
98.925749
98.582509
98.765456
97.827954
98.489113
98.304787
98.564099
98.021442
98.477861
98.025485
98.414850
98.127909
98.549932
98.115037
98.431900
97.787793
98.285604
98.200275
98.522380
98.006719
98.283337
97.799594
98.191960
97.935587
98.501104
97.921039
98.330020
97.850235
98.179592
97.988198
98.396200
98.066567
98.415399
97.908209
98.183487
98.048746
98.421629
98.091645
98.410808
97.704637
98.303854
98.066943
98.397469
97.900135
98.406351
97.785804
98.267358
97.959784
98.446605
97.831253
98.440893
97.746669
98.171922
97.790210
98.064978
97.823731
98.195459
98.272707
97.889765
98.130070
99.156955
98.353611
98.818451
97.917111
98.528424
98.255931
98.597563
98.138142
98.517707
97.913801
98.471576
98.250312
98.629189
98.173144
98.387571
97.995017
98.348341
98.220703
98.519786
98.152708
98.286492
97.926619
98.250258
98.151467
98.385425
98.055277
98.355271
97.749185
98.208275
98.043661
98.545806
97.883429
98.339240
97.691777
98.359181
98.009038
98.481703
98.176633
98.420311
97.762942
98.305781
97.941358
98.565548
98.006541
98.416431
97.722560
98.340944
97.963779
98.338187
98.126250
98.405930
97.838399
98.331840
97.732497
98.161357
97.899638
98.129144
98.242790
98.029045
98.081033
98.798709
98.228757
98.683574
97.870538
98.356969
98.268790
98.520289
98.200645
98.483547
97.796953
98.492009
98.164415
98.545679
98.110398
98.345448
97.701798
98.184932
98.094678
98.473619
98.000092
98.258867
97.865306
98.182798
98.029285
98.355657
98.095564
98.295409
97.815292
98.060616
97.845884
98.338342
97.940058
98.250802
97.860377
98.155358
98.136441
98.355731
98.097156
98.290419
97.877143
98.207113
97.912329
98.353174
98.103495
98.311582
97.863893
98.131754
98.043342
98.361575
98.089919
98.485146
97.930109
98.240242
97.979951
98.004137
97.880196
97.992884
97.961953
97.823994
98.113148
98.921058
98.460829
98.587374
97.749673
98.475197
98.141606
98.602486
98.047375
98.502288
97.837122
98.392330
98.160204
98.731580
98.088692
98.352276
97.696327
98.332868
98.174561
98.591423
98.026966
98.255298
97.604991
98.139220
98.054129
98.494222
97.861319
98.244544
97.852130
98.201670
97.941787
98.503024
97.944049
98.326458
97.685173
98.188442
97.962467
98.447673
98.157778
98.401277
97.902244
98.226148
98.138577
98.403955
98.106378
98.315380
97.722490
98.163866
98.073089
98.373903
97.898874
98.401777
97.704417
98.146673
97.760749
97.998570
97.807765
98.077881
98.116087
97.781100
98.144075
98.912121
98.330383
98.618645
97.758669
98.250657
97.873291
98.478028
97.998406
98.341331
97.786182
98.262798
98.022825
98.479704
97.840287
98.221695
97.725593
98.131878
97.857777
98.439575
97.905003
98.186834
97.672553
98.022620
97.746831
98.366599
97.871210
98.190870
97.628670
98.078655
97.870528
98.363701
97.929611
98.289987
97.683067
98.007649
97.948630
98.336175
97.802045
98.255932
97.746912
98.168938
97.764176
98.285847
97.881304
98.225434
97.673556
98.132751
97.719463
98.255078
97.734521
98.262872
97.581073
98.126991
97.727044
97.902194
97.655341
98.031756
98.052831
97.865524
98.011609
98.721951
98.402458
98.564611
97.870839
98.378937
98.012145
98.481640
98.117616
98.470545
97.591165
98.276148
97.993790
98.411273
97.999040
98.245749
97.598694
98.165441
97.969491
98.528780
97.889273
98.127558
97.623229
98.110883
97.792065
98.355666
97.698701
98.238440
97.569984
98.090060
97.941961
98.280373
98.016731
98.259778
97.695845
98.061422
97.932882
98.309599
98.005329
98.207899
97.732459
98.084385
97.668392
98.319660
97.938948
98.273573
97.705805
98.132877
97.922245
98.225151
97.970913
98.344197
97.754412
98.177256
97.756063
98.036921
97.530621
97.898134
97.920433
97.778668
97.824687
98.972611
99.494818
100.000000
99.655301
100.000000
99.665095
99.131395
99.759146
100.000000
99.780741
100.000000
99.857985
99.436927
100.000000
100.000000
99.910337
100.000000
99.712874
99.023470
99.771499
100.000000
99.516847
99.983827
99.783227
99.214175
99.776459
99.974345
99.304567
100.000000
99.722454
99.040406
99.791812
100.000000
99.812763
100.000000
99.775185
98.788722
99.409232
99.994415
99.563127
100.000000
99.777413
98.818169
99.345026
99.755019
99.132164
99.443247
99.303158
98.370696
99.290116
100.000000
99.421023
99.820127
99.358537
98.107870
99.135774
99.594991
99.607583
99.250818
98.202347
98.152093
99.005324
99.681505
99.177566
99.766762
99.367222
98.248796
98.824858
99.624368
98.675210
99.347356
98.821536
98.000820
98.479175
99.142402
98.116945
98.639407
97.962516
97.089747
97.886260
98.826789
98.000963
98.609316
98.201048
97.048755
97.793479
98.964564
97.993626
98.593197
97.835016
96.656319
97.200469
98.049246
96.991771
97.685384
97.186406
96.553548
97.550880
98.473886
97.715604
98.312762
97.686803
96.371708
97.117078
98.056557
96.971682
97.564177
96.977729
95.964883
96.466742
97.345052
96.519849
97.331227
96.983049
95.612751
97.020082
97.546798
97.224845
96.506768
95.274796
94.331793
95.249128
96.660052
95.253204
96.387796
95.757169
95.104956
95.421258
96.778658
95.741045
97.010269
96.147553
95.262105
95.660733
97.045888
95.714740
96.999279
96.461278
95.961251
96.324502
97.623277
96.213168
97.482382
97.027931
96.248532
96.696899
98.184825
96.564023
97.820068
97.151458
96.247692
96.762416
98.317361
96.636365
97.767471
96.332516
95.604628
95.853321
97.246946
95.552625
96.815956
95.572375
94.899563
95.110152
96.286429
94.452994
95.387349
94.411017
93.969203
93.995534
95.132342
93.470646
94.516992
93.534245
92.651433
93.680117
94.951694
95.021891
94.077152
92.891382
93.143995
93.911953
95.510275
94.048319
95.520408
94.361099
93.783373
93.538430
95.181155
93.380424
94.765407
93.726490
93.783033
94.161124
95.783730
94.144658
95.071664
94.009955
93.822148
93.835025
95.742156
94.376119
95.744227
94.341989
93.990189
94.000098
95.711587
94.529666
95.679682
94.345849
93.867526
94.233549
95.763302
94.291884
95.709206
94.385156
93.353853
93.461929
95.034451
93.801827
95.054101
94.144948
93.470262
94.094555
95.353447
94.103676
95.382281
94.132270
93.773589
93.865045
95.786089
93.920863
95.291645
94.119604
93.274120
93.983222
95.166588
94.928817
93.879940
92.999970
92.000980
92.563934
94.659062
92.828794
94.250389
92.945203
92.487017
92.137155
94.315463
92.377675
93.847011
92.111178
92.011005
91.510158
93.706589
91.805077
93.329594
92.100273
91.940720
92.030229
93.931021
92.256003
93.834078
92.268176
91.807724
92.152761
94.015633
92.392626
93.938599
92.488009
92.149357
92.127990
94.051660
92.297119
93.915832
92.312739
92.016667
92.145477
93.802456
92.090208
93.866933
92.690030
92.161922
92.524911
94.434489
92.809031
94.174345
92.876713
92.576107
93.539669
94.970719
93.605745
95.011632
93.973949
92.691472
93.841326
95.322384
95.518023
94.621960
93.448852
92.856365
93.680612
96.013566
93.971979
95.299966
93.670744
92.964358
93.406627
94.659420
93.098222
94.310491
92.954499
92.061272
92.067084
93.925001
92.536765
93.341864
92.153354
91.284670
91.763493
93.214802
92.020616
93.238594
92.062486
91.006143
91.884965
93.316287
91.529110
93.003297
91.770334
90.779293
91.536565
93.141371
91.873107
93.282404
91.836739
90.813253
91.206183
92.996911
91.706495
93.083623
92.224929
91.289943
91.854035
93.294795
92.015370
93.221700
92.052390
91.167507
92.156845
93.663527
92.225175
93.481056
92.486511
90.884326
92.630226
93.456903
93.564868
92.494575
91.066454
91.812593
92.449566
94.513788
92.925960
94.581957
93.037470
92.878187
92.435551
94.346837
92.524150
94.478861
92.793715
92.514331
92.255659
94.434313
92.611382
94.291982
92.816866
92.769369
92.267003
94.340448
92.791104
94.132376
92.868307
92.804233
93.076323
94.736545
93.221705
94.578646
93.090587
92.662458
92.356435
94.432278
92.413190
94.126923
92.644206
92.689247
91.803604
93.864165
91.948444
93.426700
91.796805
91.818759
91.242739
93.685306
91.836194
92.845557
91.843191
91.368534
91.237157
93.285394
91.437454
93.042266
92.018297
91.531307
92.197882
93.362425
93.283277
92.269533
91.031488
91.669956
92.223761
93.572742
91.976234
92.856769
91.871675
91.420275
91.456802
93.089025
91.307450
92.808601
91.266295
90.903380
91.152689
92.641741
91.618705
92.469716
91.694041
90.947097
91.407528
92.953891
91.952691
92.731075
91.934126
91.127847
91.560012
92.759969
91.676305
92.501974
91.826398
91.371748
91.282385
92.947396
91.539986
92.965309
92.179035
91.518770
92.236798
93.836633
92.600124
93.950938
92.841319
91.845600
92.608138
93.793314
92.254317
93.761563
92.563112
91.603952
92.459757
93.841891
92.749955
94.010007
92.698370
90.639525
92.731266
93.922300
94.051122
93.125122
91.039137
92.329671
93.091604
94.895895
93.677511
95.285450
93.722193
92.722753
93.461852
94.667898
92.986932
94.201035
93.050461
91.704715
92.722426
93.992980
92.700496
93.855730
92.786158
91.404147
92.291269
93.710256
92.359730
93.640189
92.409642
91.404017
91.925366
93.577422
92.086981
93.400107
92.142774
91.341170
91.378614
93.797598
91.941729
93.368598
91.997509
91.404442
92.522800
94.760092
93.407557
94.528106
93.142510
91.872834
93.327574
94.724267
93.443148
95.463693
95.238658
93.701094
96.133110
96.282066
96.045357
96.811835
96.501727
94.600032
97.706566
97.920294
98.349092
98.003152
95.720171
98.262737
100.000000
100.000000
100.000000
100.000000
100.000000
97.936191
99.798911
100.000000
99.981882
100.000000
100.000000
98.604612
100.000000
100.000000
100.000000
100.000000
99.675290
97.817516
98.377686
99.941703
98.313508
99.006843
98.232427
96.430279
96.322812
98.604722
96.394853
97.367269
96.561790
95.511238
95.776176
97.126154
95.611102
96.335076
95.587049
93.823523
94.556945
95.904292
94.614530
95.573121
94.839128
92.695641
94.108360
95.588360
94.442998
94.943184
94.326040
92.289593
93.752624
95.153904
94.217229
94.708363
93.984843
91.207665
93.837221
94.479005
94.480261
93.739244
91.569150
91.997739
92.707400
93.237556
92.440306
92.552760
92.523888
93.164987
94.086474
94.753152
94.237233
94.754931
94.693492
95.771261
95.708245
96.624478
96.031541
96.737203
96.275059
97.037480
96.522486
97.814506
96.510978
97.762913
96.681473
97.343237
96.751659
98.109753
96.585901
97.953114
96.787848
97.400120
96.779161
98.278251
96.677859
98.152247
97.062323
97.494730
96.844405
98.279195
96.695795
98.145898
96.944198
97.612926
96.871471
98.638259
96.739091
97.799925
96.996671
97.454343
96.857481
98.612427
96.761866
97.858434
96.820840
97.341028
96.662588
98.377666
98.316909
96.967694
97.347977
98.045071
97.238253
98.227906
96.673743
97.879768
96.933676
97.618668
96.967624
98.256883
96.819420
97.682673
96.945231
97.557249
96.909159
98.243221
96.671741
97.504698
96.957772
97.534098
96.843248
98.243010
96.783059
97.782560
96.963431
97.598320
96.876679
98.403019
96.980569
97.925976
97.169216
97.674543
97.033266
98.401299
96.947143
97.893910
97.125614
97.706087
97.112624
98.451258
96.860187
97.852938
96.989270
97.636229
96.972316
98.430417
96.768288
97.764780
96.860453
97.607273
96.814911
98.480921
96.840940
97.787304
96.884191
97.387778
96.735880
98.697960
98.087829
97.027890
97.376928
97.837775
97.149126
98.406918
96.776080
98.144893
96.968933
97.650388
96.902442
98.126239
96.719624
97.396473
96.841848
97.592950
96.838085
98.553388
96.741020
97.573317
96.837455
97.596475
96.894710
98.632816
96.763833
97.527569
97.111423
97.655389
97.005920
98.493095
96.753328
97.424267
96.870219
97.626237
96.820362
98.437861
96.700948
97.385805
96.824100
97.572243
96.856534
98.348488
96.661855
97.372420
96.756395
97.581488
96.883389
98.495244
96.492692
97.412548
96.784343
97.537936
96.808633
98.572110
96.718648
97.864257
96.782237
97.391231
96.713226
98.292205
97.546985
96.748709
97.138676
97.908021
97.143410
97.839534
96.606095
97.601386
96.944033
97.710273
96.967688
98.093777
96.565898
97.222370
96.847902
97.610806
96.909701
98.197790
96.664221
97.375390
96.759810
97.430674
96.905577
98.430541
96.586432
97.141501
96.622537
97.437422
96.811171
98.348325
96.567909
97.235324
96.765939
97.462879
96.845183
98.416446
96.579442
97.220697
96.769508
97.435818
96.904795
98.511823
96.700524
97.351428
96.870235
97.468411
96.911930
98.570941
96.812751
97.825551
96.938645
97.418810
96.865901
98.081945
96.633412
97.762186
96.708318
97.076599
96.635508
98.233976
97.413620
96.587965
97.126145
97.977497
97.293269
97.919057
96.759582
97.525235
96.977385
97.684331
96.937851
98.052689
96.679704
97.382208
96.887082
97.671511
96.746675
98.166279
96.496088
97.422029
96.778738
97.427973
96.645961
98.279515
96.503077
97.109758
96.740681
97.468538
96.753443
98.304462
96.591597
97.252940
96.809068
97.530225
96.824720
98.331154
96.631161
97.190792
96.816045
97.543790
96.772480
98.313972
96.606869
97.277134
96.781272
97.518638
96.702854
98.359488
96.532632
97.207208
96.792599
97.479639
96.628060
98.577762
96.602711
97.788897
96.712814
97.368000
96.702157
98.308758
97.533750
96.592686
97.072666
97.798292
96.925248
97.857476
96.629058
97.575546
96.898304
97.709450
97.040282
98.060415
96.586164
97.343603
96.867106
97.581665
96.973499
98.250155
96.723300
97.337994
96.933874
97.486746
96.809224
98.430273
96.635455
97.151600
96.640519
97.409305
96.746620
98.434257
96.604289
97.133869
96.725106
97.421974
96.730561
98.445841
96.628305
97.264363
96.778578
97.472705
96.730011
98.453514
96.521285
97.182911
96.625318
97.369692
96.727391
98.462028
96.561069
97.667117
96.728521
97.377776
96.730395
97.824544
96.531799
97.575820
96.542406
97.005543
96.484093
97.503928
97.403257
96.640515
96.977338
97.852439
96.985410
98.522342
96.573648
97.516441
96.923355
97.634785
96.866262
98.245696
96.593734
97.454164
96.871928
97.570685
96.715956
98.054982
96.507399
97.246175
96.731757
97.446174
96.739025
98.184880
96.332733
97.036420
96.690943
97.390571
96.626440
98.204908
96.394030
97.045558
96.686208
97.433076
96.857932
98.343590
96.562144
97.154418
96.624003
97.368746
96.618981
98.484710
96.597053
97.657633
96.704586
97.403215
96.664024
98.524195
96.589384
97.579679
96.713428
97.445409
96.650758
98.638172
96.666121
97.745365
96.684760
97.267997
96.502014
98.288735
97.532422
96.767562
97.083811
97.837033
96.922413
97.762083
96.455156
97.443436
97.007089
97.646671
96.702744
97.994810
96.517322
97.329409
96.723069
97.563721
96.790430
98.179958
96.547978
97.418709
96.660223
97.391494
96.641116
98.215984
96.526810
97.171361
96.819092
97.429575
96.695992
98.347217
96.486529
97.196563
96.807879
97.422977
96.726290
98.330914
96.545310
97.247607
96.785057
97.435229
96.751471
98.544479
96.647438
97.698761
96.827179
97.374004
96.771279
98.083258
96.710869
97.891158
96.811321
97.341806
96.695761
97.978511
96.626429
97.610235
96.619765
97.118309
96.576444
98.234343
97.690780
96.721970
97.212867
98.013637
97.287754
98.209447
96.868834
97.781982
97.076441
97.736669
96.809567
98.083370
96.590811
97.372959
96.983056
97.674950
96.941319
98.472992
96.717800
97.314903
96.903301
97.531487
96.870765
98.591632
96.616531
97.234035
96.802886
97.533207
96.832621
98.466140
96.614945
97.280175
96.844535
97.582582
96.881374
98.544971
96.674327
97.307427
96.764317
97.545891
96.852948
98.633851
96.678069
97.365159
96.896924
97.566302
96.870527
98.640255
96.703209
97.294596
96.820934
97.580539
96.905596
98.861032
96.831452
97.815601
96.878170
97.372528
96.867726
98.363883
97.710526
96.730315
97.153266
97.942036
97.038155
98.083683
96.669033
97.732111
96.876887
97.760431
96.875462
97.975410
96.556874
97.292584
96.877926
97.659732
96.739099
98.398331
96.429068
97.050661
96.693051
97.468442
96.729407
98.529263
96.563884
97.192496
96.717952
97.466954
96.721239
98.493545
96.610793
97.223198
96.699517
97.521533
96.789420
98.522090
96.504036
97.200251
96.731555
97.511661
96.742332
98.569253
96.634274
97.175181
96.642848
97.419086
96.621446
98.557464
96.526999
97.214933
96.748750
97.397441
96.658626
98.624789
96.552034
97.470192
96.634305
97.244474
96.519538
97.413490
97.171793
96.297062
96.044147
100.000000
99.002663
98.591776
96.256595
97.427985
97.063805
99.484328
98.542289
98.843380
97.213720
96.599078
95.863043
97.264978
95.441593
96.028490
95.217714
95.810104
95.640049
96.729596
95.194981
95.733972
94.690008
95.860663
96.163397
97.611123
96.641467
97.951067
97.308686
98.209097
97.836041
98.307184
96.261541
97.072961
96.467702
98.135742
98.532570
100.000000
99.879640
100.000000
98.471289
98.496700
97.866716
99.222872
98.684440
99.644751
98.507318
99.103186
97.648878
98.289715
96.848341
98.031204
97.122985
98.448524
97.424435
97.957365
96.950708
98.518948
98.619070
97.363441
97.970015
99.194939
97.768895
99.747457
98.726277
99.576147
99.053987
99.910577
97.163098
98.562851
98.383570
100.000000
100.000000
100.000000
99.347792
100.000000
99.208201
100.000000
99.702842
100.000000
98.184806
98.280127
95.971406
96.120095
95.624925
97.395097
95.651454
96.534412
95.442817
97.139570
97.687633
99.504343
98.517362
99.422718
97.053166
97.826653
97.444595
99.341999
98.399486
99.520048
98.344628
99.408104
98.685641
99.832390
97.921246
97.783421
95.455792
96.737198
96.437805
98.484903
98.103900
100.000000
98.191477
97.639126
95.225036
96.560002
95.556492
96.698483
96.941945
97.072853
97.683656
98.855132
96.979458
98.094557
96.529041
97.062655
96.359624
98.031590
96.250094
97.032757
95.478046
96.614377
96.788927
99.266869
97.824266
98.642438
97.076946
98.239355
98.689311
100.000000
99.743940
99.756758
97.446118
96.484823
95.222286
97.032263
95.317267
96.432258
95.783598
97.645885
97.347196
98.385562
97.326009
98.102039
96.437003
96.913339
96.510217
97.974921
96.821453
98.257569
97.408434
98.093703
97.055055
98.087547
96.678059
98.225861
97.224369
98.462147
98.040045
99.213296
98.212649
99.956209
98.801320
99.271071
97.265425
97.680374
96.916721
99.212205
99.782010
97.849880
97.489335
98.729615
96.813636
97.574210
96.468257
98.406040
97.843930
98.924293
97.224631
97.850628
96.298134
97.456434
97.431959
98.996436
97.988632
99.101632
97.792006
98.195307
97.870689
99.358677
97.646513
98.562111
97.377594
98.243741
98.302308
100.000000
99.754171
100.000000
98.126572
98.576409
98.153343
98.924788
96.506188
96.870760
95.553938
96.533533
96.304494
97.273551
95.456339
96.225367
94.813384
95.928132
96.555852
98.519600
97.318568
98.379692
97.336955
98.782538
98.503340
99.639767
98.247642
99.601610
98.189911
98.642918
97.484227
98.486621
96.389792
96.835360
96.765975
96.109659
97.801328
99.135829
96.515006
96.882541
96.214700
99.242069
99.307789
99.831178
96.280766
96.386738
95.220350
96.313487
96.772659
98.406572
96.881823
97.023255
95.418164
96.312524
96.304571
98.112512
96.470847
97.963575
97.143035
98.199894
98.235232
99.793812
98.101496
98.430993
96.807899
97.483160
97.340190
100.000000
99.527831
98.703736
95.119425
96.849416
98.884208
98.704780
96.076198
96.921560
94.897584
96.165402
98.333103
99.319674
95.769195
96.622187
94.862325
96.758704
98.307483
98.991758
96.490389
97.379742
95.760922
97.289476
98.376177
99.565689
97.280766
97.293373
97.285803
96.352432
97.444843
99.274677
97.124716
97.191061
95.753597
97.920726
99.260145
100.000000
97.166558
96.639965
95.383746
96.474763
97.128733
98.352472
96.006146
96.552264
95.878623
98.085526
99.167538
99.551155
97.129830
97.686045
96.633532
98.159833
97.779996
98.932673
96.970673
97.427831
96.097617
96.868786
97.033424
99.134853
97.508488
97.683778
96.433645
97.461241
98.128830
99.288366
95.712270
96.445363
97.291313
98.783640
98.507321
99.640978
98.842623
99.609578
96.673513
96.201152
95.904711
97.151490
96.154645
98.570589
98.119907
98.721725
97.331743
97.579293
96.268297
97.165297
97.873171
97.869999
99.041935
99.747799
97.333204
97.929435
96.783877
97.826415
97.693166
98.421426
96.664642
97.539548
97.744549
98.136708
97.452515
98.832263
97.902276
99.120491
98.421012
98.083148
97.538540
98.874486
97.716693
98.399231
97.451746
97.871275
97.117324
98.270399
96.656135
97.738547
97.822625
98.949148
98.586683
99.534083
97.611194
97.992414
96.849314
98.234576
97.644112
98.802563
97.326391
97.546755
96.427281
98.455451
98.755144
99.194303
97.296127
97.870291
97.348942
97.905369
96.332936
97.444106
96.517171
98.238904
96.842467
97.736511
97.113750
98.544158
97.853563
98.432347
97.994595
97.067333
98.032975
99.358091
98.451598
99.482579
97.902706
97.862572
97.344136
98.502389
96.686920
96.916226
95.665218
96.265815
95.890177
97.488575
97.147695
99.127315
98.517899
98.246893
96.040741
97.004340
95.783062
96.744125
97.248846
99.135228
97.541124
97.894275
96.449541
97.303621
96.700785
98.025877
97.534062
98.169113
96.379278
97.025940
96.116215
97.126912
96.861857
98.185408
96.614841
97.411896
96.486291
97.470110
97.200670
98.774274
97.613876
98.509926
97.893372
99.115771
97.920084
97.479259
95.741507
96.709110
96.092981
98.258768
98.631496
99.685041
97.234175
97.230692
97.290346
96.836041
98.537414
100.000000
99.824393
99.324573
97.309881
97.610129
97.257643
98.796962
97.189372
97.625591
96.231057
96.622055
96.488192
98.726715
97.147706
96.876674
95.628875
96.376832
96.918445
98.537426
96.893219
96.975380
96.036945
97.352011
97.527785
98.728554
97.294837
97.520960
96.675107
96.848336
96.329076
97.677485
96.176202
96.490475
95.762257
96.537493
96.508885
98.096445
97.212755
97.983644
97.228266
97.731209
97.386747
98.612282
97.195995
97.877174
96.253703
97.023361
97.139424
98.972673
97.499978
99.194980
98.848442
99.853631
97.587699
97.410007
95.866070
96.873414
97.281416
97.800890
99.582157
100.000000
98.341619
97.760886
96.469050
98.224316
99.084738
100.000000
98.759662
98.122113
96.101120
96.540006
96.412820
98.176468
97.020408
97.537618
96.492002
97.410778
97.024554
98.286736
97.015093
97.981840
97.966004
98.029972
97.681444
98.456893
96.779051
96.362964
95.391309
96.306587
95.776006
96.915726
97.195355
98.861579
97.820410
98.241762
97.773989
99.335389
98.567227
98.155105
95.865241
96.463268
95.970139
98.074889
97.920382
98.298596
96.139474
96.784001
96.257800
97.695197
96.130289
97.467568
96.499993
97.419632
96.808367
97.602773
95.948366
97.317178
99.670267
100.000000
100.000000
97.204857
96.910677
97.069855
96.083951
96.797420
96.535790
97.374853
96.619261
97.051456
96.000698
96.741835
96.677595
97.429686
96.374507
96.974099
96.115757
96.684617
96.674043
97.526316
96.518983
96.901986
96.045316
96.673430
96.442394
97.458483
96.367405
96.893841
96.037894
96.610269
96.396512
97.396338
96.465641
96.981588
96.074042
96.662375
96.378930
97.493969
96.418735
96.953038
96.007331
96.722314
96.400263
97.345336
96.323933
96.896459
95.891171
96.711539
96.472595
97.343167
96.627990
97.168254
95.890940
96.468629
96.060376
96.752507
95.975039
96.622864
96.712225
96.318728
96.950375
98.054250
97.029396
97.552721
96.206143
96.728929
96.589315
97.719564
96.541604
97.239738
96.069648
96.659359
96.433289
97.615466
96.519135
97.035553
95.812713
96.505264
96.525470
97.559601
96.397979
96.797279
95.703217
96.233594
96.144745
97.337646
96.261511
96.776752
95.513309
96.346328
96.087804
97.227376
96.297360
96.836708
95.551342
96.349299
96.109772
97.223700
95.957812
96.849553
95.697000
96.334509
95.940336
97.231830
96.036415
96.819608
95.563630
96.293579
95.901327
97.086989
95.864948
96.937691
95.514850
96.377927
95.616936
96.475013
95.328648
96.001817
96.068668
95.391047
96.216511
97.650465
96.116314
96.902599
95.521283
96.537779
95.789217
97.131834
95.571613
96.597566
95.139046
96.229623
95.628245
96.963495
95.325745
96.261336
94.510140
95.548427
95.179163
96.809189
95.233801
95.962122
94.472880
95.290611
95.049309
96.726902
95.206652
95.828902
94.339468
95.342589
95.009183
96.537379
95.181812
95.980330
94.429473
95.274593
94.946755
96.504594
95.013257
95.965165
94.378277
95.244486
94.978533
96.474608
95.117475
95.970881
94.292986
95.205782
94.891551
96.399656
95.042688
96.080441
94.353246
95.328691
94.616744
95.674847
94.679575
95.518478
95.617189
94.892901
95.890308
97.431137
95.789431
96.490137
94.800182
96.030133
95.364852
96.835944
95.026635
95.976123
94.238129
95.232894
94.827654
96.654786
94.700155
95.482170
94.014555
94.842197
94.647739
96.383973
94.665583
95.394626
93.695460
94.735747
94.404489
96.186406
94.477680
95.377466
93.799183
94.805084
94.576461
96.285587
94.707501
95.453871
93.900703
94.876254
94.788829
96.421387
94.723697
95.538117
94.047474
95.051033
94.809329
96.443000
94.824538
95.720688
94.220589
95.064187
94.654281
96.281628
94.840712
95.923022
94.412322
95.271159
94.598724
95.462884
94.607934
95.281685
95.339711
94.926186
95.772412
97.293732
95.661295
96.332191
94.883577
95.937959
95.437462
96.797131
95.268027
96.053160
94.582081
95.817866
95.220418
96.711939
95.093628
95.654302
94.080588
95.029703
94.999749
96.600937
95.003455
95.585718
94.074476
95.026402
94.895649
96.367276
94.986503
95.701076
94.259387
95.189624
95.142283
96.460087
95.157349
95.805112
94.423215
95.293682
95.028820
96.459332
95.276097
95.964912
94.523489
95.389808
95.136794
96.448659
95.185782
95.998474
94.531089
95.415820
95.081224
96.379512
95.163674
96.162149
94.579217
95.439235
94.904759
95.736538
94.758850
95.484363
95.574972
95.083550
95.871718
97.337955
95.843749
96.611573
95.164445
96.275684
95.826143
96.892240
95.480983
96.184192
94.901439
95.893286
95.539673
96.853798
95.217943
95.877740
94.328966
95.223457
95.188297
96.582826
94.867253
95.852461
94.278928
95.234024
95.093568
96.532978
94.939889
95.817653
94.245516
95.253877
95.105096
96.555440
94.948274
95.850191
94.406447
95.396925
95.193151
96.506120
95.046768
96.006812
94.478158
95.464315
95.180395
96.567313
95.292961
96.155422
94.615547
95.426188
95.188814
96.487573
95.324374
96.284158
94.642728
95.623466
94.971428
95.844530
95.012794
95.725102
95.776245
95.247458
95.992397
97.225660
95.722108
96.430368
94.919858
96.060374
95.504411
96.738135
95.215854
95.927562
94.254846
95.269766
95.024292
96.674876
94.823681
95.534739
93.965719
94.938734
94.842552
96.484811
94.746228
95.536049
93.845453
94.897521
94.820641
96.226647
94.643991
95.570455
93.881866
94.949251
94.733435
96.321150
94.631242
95.528671
93.900480
95.051062
94.866192
96.319408
94.621168
95.765340
94.097749
95.176763
94.885279
96.345830
94.996269
95.940031
94.312985
95.256367
94.976769
96.264504
94.874437
96.189246
94.459420
95.295029
94.780717
95.579066
94.715693
95.535196
95.692338
95.043975
95.910540
97.189456
95.647051
96.386449
94.832086
95.871760
95.485165
96.746907
95.057307
95.832063
94.335601
95.418947
95.171198
96.615636
94.883023
95.531469
93.927164
94.885113
94.800886
96.462688
94.888209
95.856858
94.323520
95.231417
95.028038
96.567743
95.035636
95.947040
94.371341
95.374234
95.124834
96.601296
95.017074
95.991362
94.535202
95.399836
95.012005
96.563432
95.151941
96.047806
94.626027
95.515821
95.137514
96.529533
95.074133
96.039827
94.593759
95.379890
95.234283
96.448380
95.364240
96.362878
94.839491
95.721818
95.167299
95.970280
95.066108
95.628185
95.625181
95.105468
95.869758
97.460512
96.079591
96.753970
95.257700
95.980420
95.794907
97.027430
95.596319
96.618843
95.212304
96.039541
95.667888
97.082637
95.622592
96.286790
95.003967
95.775316
95.681515
97.088840
95.621647
96.117531
94.901264
95.629569
95.745101
96.992700
95.585405
96.150399
94.917046
95.659204
95.758452
96.904034
95.595786
96.230903
95.019868
95.747385
95.847074
96.987748
95.801342
96.309082
95.215183
95.918167
95.885447
97.139415
96.024736
96.551865
95.449639
96.117714
96.012546
97.116194
96.043556
96.840839
95.718204
96.257237
95.964095
96.684536
96.029967
96.387927
96.432229
96.266000
96.847001
97.702159
96.593271
97.022615
95.752342
96.432049
96.385079
97.424647
96.386906
96.910974
95.842665
96.432278
96.490058
97.483171
96.243626
96.737708
95.772352
96.309296
96.489760
97.514198
96.476105
96.690765
95.827021
96.446241
96.393551
97.422627
96.502340
96.703441
95.868573
96.270092
96.304588
97.406265
96.566360
96.821383
96.103811
96.536343
96.479596
97.485970
96.658471
96.919414
96.214739
96.582297
96.590417
97.550558
96.703514
97.010868
96.082908
96.625878
96.743769
97.517531
96.635998
97.250114
96.163706
96.669002
96.437695
97.049566
96.357029
96.731164
96.918742
96.645261
96.545061
98.638985
97.386128
97.293524
95.608275
96.388859
96.168421
97.788096
95.849991
95.925012
95.203671
96.015260
95.817013
97.501042
95.461942
95.912015
95.360899
96.367521
96.361241
97.267692
95.469921
95.372790
93.934315
94.567481
94.725889
95.980697
94.401188
94.541276
93.560013
94.372945
94.693717
96.250132
94.532222
94.803814
94.046341
95.043172
95.324233
96.831096
95.243930
95.193872
94.223687
95.194567
95.206408
96.648127
95.094515
95.220669
93.836638
94.703520
94.612421
95.892106
94.518080
95.064512
93.997977
94.708716
94.284580
95.265507
94.337733
94.975881
94.948891
94.520853
95.418465
97.796190
96.533620
96.722144
95.308852
95.971316
95.503893
96.844205
95.182161
95.627139
94.693263
95.749848
95.851462
97.875601
96.128085
96.564879
95.104609
95.861883
95.894534
98.048806
96.565356
96.877540
95.067988
95.672044
95.605096
97.506003
95.688686
95.654438
94.303569
95.559066
96.351033
98.836172
96.820248
96.768182
95.405650
96.092400
95.649043
97.010414
95.099837
95.119425
93.593375
94.426352
94.299594
95.934061
94.427757
94.708199
93.634571
94.528406
94.470717
95.773851
94.240434
94.900893
93.548830
94.511083
94.095556
95.189190
93.863916
94.584168
94.699556
94.552195
95.665476
98.236926
96.394857
96.342170
94.666750
95.302728
95.156003
96.489621
94.682298
95.024841
94.064987
95.473787
95.328796
96.319150
94.371129
94.590645
93.503204
94.571801
94.542578
95.901604
94.055683
94.763874
93.896692
94.995534
95.061957
96.584525
94.761273
94.757460
93.310560
94.340786
94.069612
96.113997
95.788734
96.979861
95.367838
95.798011
95.797225
97.548288
95.087241
95.437397
94.151167
94.841229
94.673946
96.691903
94.466828
94.902208
93.442871
94.534734
94.459335
96.425503
94.939965
95.448031
93.687277
94.542707
94.090181
95.641711
95.400431
96.355469
95.341267
93.998995
95.209685
97.474070
96.573175
98.412802
97.578443
97.551317
95.700268
96.484008
94.507642
95.345003
95.252003
96.177699
95.444012
97.017780
95.201131
96.150822
95.393981
95.579361
94.481063
95.931563
93.930710
94.770913
94.302172
94.816496
94.306541
95.939045
94.009358
95.278620
94.817354
94.576585
94.428449
96.191439
95.163202
95.132430
93.765089
94.762443
95.083285
97.536334
96.359122
95.857259
94.054616
94.967995
94.949007
96.712927
94.747361
94.852392
93.669376
94.663616
95.011854
96.630390
94.610970
95.225428
94.146785
95.353761
95.328471
97.034441
95.431797
94.880505
94.814532
95.486609
96.297333
98.245731
96.437802
96.667767
94.862864
95.467837
95.329788
97.200397
95.386444
95.262401
93.990782
95.090214
95.172953
97.134682
94.752682
94.742870
93.541195
94.787023
94.763604
96.359027
94.275683
94.538782
93.604010
95.029716
94.950478
95.813804
94.231920
95.657593
95.396872
95.508477
95.249618
96.746890
96.237992
97.243882
95.727690
95.598497
94.779054
96.413261
94.499219
95.094632
94.042978
94.628232
94.281412
95.992871
94.194486
94.381908
92.955675
93.932450
93.914267
95.856105
95.114505
95.373971
93.175945
93.909993
93.989642
95.196279
93.758040
94.572148
94.872685
95.407355
96.401936
98.742882
96.313562
96.446918
94.995769
95.995292
95.457816
96.606316
94.577587
95.057966
93.656207
94.643617
94.802879
97.353091
95.948907
95.588525
94.124707
95.308536
96.267702
97.994015
94.529246
94.927831
95.535441
96.619475
95.234683
96.006087
94.153034
95.076487
94.910722
95.674622
94.842526
95.977003
93.886106
94.209007
93.030762
94.415186
94.002743
95.971316
94.882581
95.352676
93.789331
94.783503
95.355085
96.981054
94.536878
94.296417
93.243731
94.951718
94.591903
96.212949
94.736657
95.548350
94.453359
94.864801
94.351198
95.489465
94.435743
95.195923
95.310816
94.591538
95.824126
97.554311
95.571667
95.931352
94.156928
95.187703
95.401349
96.921919
94.947750
95.220946
94.353115
95.541275
95.143810
96.477720
94.500011
95.976068
95.509150
95.946904
95.449687
97.063005
95.322935
95.719655
94.424336
94.567506
94.147797
96.027277
94.477400
94.606849
93.438094
94.515128
94.276619
95.767371
93.968317
94.295005
93.217797
94.721737
95.042558
95.977577
93.955772
94.404969
94.251196
95.167489
94.527218
95.759925
93.988855
94.506853
93.571411
94.999189
94.566641
96.001723
94.542958
95.735857
94.749524
95.266109
94.546776
95.650069
94.444177
95.378542
95.444921
95.600923
97.484318
100.000000
99.314921
99.267420
97.604592
98.976869
98.968346
99.310910
94.934962
94.303408
93.361597
94.566214
94.728328
96.627660
94.399509
94.546078
93.582405
94.847612
95.496934
97.527950
95.909906
96.035485
94.667921
95.076497
95.028401
96.657562
95.121027
95.612039
95.132519
96.522099
96.400839
97.678148
96.246718
96.360709
96.382181
98.267662
98.795493
100.000000
97.885526
97.285774
96.568933
97.254125
97.196801
99.002099
98.280127
98.967402
97.842222
97.939143
97.635689
99.496224
98.678860
99.627610
98.272501
98.678632
97.709115
98.536309
97.807676
99.259609
99.681126
99.476952
100.000000
100.000000
97.223634
96.662653
95.021465
96.738210
97.657937
99.566206
96.917530
96.151950
94.455048
95.478059
96.034720
98.693241
97.536310
98.240688
97.195625
97.074922
96.154943
97.087495
95.335526
96.456902
96.151616
96.439152
96.654436
98.222196
96.815762
97.000590
96.195086
97.425835
97.802068
98.907143
96.473752
95.567814
93.492701
94.414405
94.644205
96.783034
95.878236
96.613559
95.602081
95.834152
95.006869
96.376747
94.525917
94.872309
93.718520
95.240576
95.679920
97.016974
94.503172
94.988323
93.612055
94.831377
95.626101
96.673860
94.768758
95.649655
96.650313
95.639139
95.734250
97.962483
96.305537
97.595101
96.009945
95.574460
94.936959
96.234714
94.429574
94.865378
94.153527
94.624657
94.426516
96.246583
94.449209
94.378637
93.241621
94.577929
94.395208
95.737377
93.980161
94.130458
93.318537
94.743510
94.664153
95.979300
94.312530
94.976714
95.075230
95.893109
95.045321
96.096433
94.270599
94.662669
93.953076
94.940111
94.407767
95.798010
94.074308
94.444719
93.168451
94.265644
94.174343
95.978356
94.313728
94.892442
93.947921
94.597172
94.073457
95.654626
94.344324
95.343556
94.422548
95.280729
95.346743
96.922070
96.288620
96.382293
96.115805
95.105686
97.858123
