96.361914
94.797094
96.098574
95.088734
94.379761
93.305903
93.499503
92.868003
92.974894
94.810990
96.006691
95.610250
95.386740
95.509391
94.951856
96.833004
96.088821
95.799532
97.367717
95.391644
95.248922
96.674902
95.509041
97.233772
97.610483
94.957353
95.170068
95.396154
95.621309
96.397495
96.110329
95.123037
94.859925
95.741788
95.685197
96.387202
98.925284
93.947909
94.035560
95.034884
94.143833
96.632608
97.233347
94.829911
94.421465
97.075590
95.635702
95.878398
95.734704
94.930878
94.253107
94.444395
93.788673
94.968366
93.844396
94.658051
93.737990
94.542836
94.885721
93.690440
96.721382
94.929414
93.934143
97.665433
93.857019
93.955764
93.032041
92.837002
93.142018
94.316526
93.899274
95.867381
97.344431
94.572899
95.770901
95.392726
94.446885
96.002489
95.881975
95.754058
95.932955
96.086777
94.776672
95.314105
96.088437
97.024386
96.628048
95.498542
93.970618
94.451572
97.727679
96.651631
97.082870
94.840960
94.035629
95.594799
98.847645
96.930477
95.422166
95.323036
94.405305
95.585033
96.992051
95.002413
94.362670
95.714264
94.654791
94.842317
96.799107
94.852252
94.985916
95.848710
94.276808
94.195090
94.533175
94.707917
93.619872
94.198485
95.712347
95.357547
97.156112
94.964901
95.240494
95.253866
93.205226
93.218682
93.602374
94.326257
94.215739
93.778069
94.250978
94.520298
96.299005
94.884711
96.456065
95.804091
94.688716
96.556984
96.238526
94.450798
94.018754
96.002037
97.337194
95.303074
96.085896
94.101027
93.476818
98.200162
94.895226
94.709420
95.737353
95.331714
96.428260
97.021856
94.505263
95.150686
95.929819
96.166406
95.509167
96.506836
94.032651
95.298322
97.562351
94.679352
94.720752
95.217483
95.023304
95.248585
95.822863
94.698267
93.199292
93.791163
92.900717
95.467638
97.438270
94.178171
94.115234
93.138577
96.219590
97.729419
98.334984
93.598209
93.770282
94.176157
93.205360
93.307481
93.182476
92.378681
93.296432
92.793031
93.312935
94.441725
98.392063
93.787238
93.123734
94.620487
93.544347
94.972548
100.000000
93.710584
92.953542
95.051356
97.317528
97.709428
95.990438
93.672568
93.890087
96.829740
95.441583
94.262953
95.521299
94.533013
93.762297
95.053158
96.077200
94.295665
95.744769
93.777185
93.335649
94.629985
93.941335
96.238963
96.103921
92.396396
94.093192
94.583522
93.642788
96.081484
98.265652
96.758610
96.735072
96.072376
97.094361
96.306256
93.272179
91.909853
95.550455
93.668239
93.871325
95.716095
96.148348
94.039185
93.430179
96.533947
95.117815
94.865060
96.934941
94.997098
93.637575
95.912043
96.901801
95.904986
93.744291
93.206287
95.318064
93.701636
93.485201
94.229155
95.511463
94.269080
93.687092
94.292801
93.926603
96.073789
97.661823
94.885744
94.201229
96.364071
93.577528
94.753929
98.720794
96.461446
94.106743
94.557655
95.362609
96.735325
96.945053
95.296317
96.149155
95.652959
93.478260
94.833844
98.027565
93.321535
92.425670
94.801633
94.650314
93.925371
95.251863
93.288478
93.823824
93.951843
94.910169
94.407315
94.498367
93.675575
94.118310
93.312465
94.024402
95.930334
97.575901
94.680266
93.831452
94.443111
92.486026
92.243406
92.875164
92.508938
92.190358
92.653993
93.170132
93.494763
95.815803
93.928538
95.732239
96.043765
93.674456
94.381460
95.658170
95.540895
94.894127
95.209364
93.950176
95.556923
96.097446
94.713890
93.692792
94.541577
96.318326
94.117837
96.265045
93.885526
95.673990
95.423505
94.112688
95.095359
97.666257
94.838937
93.920359
95.833692
94.359264
95.619701
96.596056
94.904817
94.554612
95.384551
94.083159
96.957677
97.196983
94.235446
94.830317
95.233574
94.969977
95.832139
96.081880
94.299909
94.992362
94.062761
95.719728
95.391106
96.944714
94.573988
93.476693
93.776637
93.856818
93.216757
93.945800
93.034918
93.132017
94.126447
94.208011
94.451179
95.852479
93.995261
96.768443
97.107927
93.874421
94.624771
95.546072
94.502628
96.525855
95.314035
93.876227
95.031992
96.686168
94.104340
92.738317
95.194174
94.355205
94.072552
95.623277
93.622694
93.827972
93.934901
93.093750
93.772732
95.843301
94.415100
94.533425
94.760100
93.581063
95.558723
96.089511
94.136068
94.319856
95.916651
94.047542
94.872236
95.495179
94.221549
96.341703
94.726688
94.258707
94.285146
94.945793
93.985039
93.971372
93.282436
94.322561
95.193579
96.764876
94.482143
93.153426
94.888243
92.253360
92.135603
92.042933
92.520444
94.659785
92.913405
94.617011
93.812254
97.106033
94.333579
92.154376
94.676452
95.957265
93.856202
94.506419
94.256826
91.794630
95.587977
94.216823
93.902992
94.124240
91.958804
92.710657
95.310400
93.085074
94.048745
97.161470
92.341781
92.526924
94.624658
93.468274
96.920421
96.515975
92.792836
92.850768
95.161869
94.742261
95.670656
95.710892
93.108434
93.208698
94.374083
94.132992
93.617787
94.913509
93.323484
93.079900
94.241790
93.336122
93.919197
93.230127
92.958601
94.387046
93.126613
93.173045
94.378297
97.876933
94.230956
92.365010
93.162645
92.537780
91.977702
91.322769
91.374554
92.173257
92.578679
92.162258
93.253620
95.044854
94.032992
92.204673
93.628118
94.541924
94.781204
94.553744
92.873771
92.834857
94.532582
90.905561
91.467757
97.726432
95.467821
92.025755
93.392667
94.338182
95.098597
94.539637
93.191585
94.266349
93.982600
91.550307
92.780607
94.593267
93.281648
93.964429
93.362867
93.472993
95.038348
96.367215
95.226113
94.826585
93.742108
91.068058
92.846712
97.137845
95.289237
94.748676
94.930155
94.394857
95.747190
93.272899
90.607223
91.970012
92.242070
92.862671
92.312156
95.903179
93.458027
93.879158
95.292943
93.732224
93.658545
96.056780
92.503018
92.755754
94.807670
92.923440
93.172779
95.712908
93.148192
92.368403
93.714748
93.348137
94.467940
98.034934
93.973834
93.727022
95.224081
94.800214
96.326273
97.446909
95.041935
94.507851
96.605480
93.819160
93.992345
96.117701
92.243337
93.002397
96.674046
92.986987
92.992530
94.749965
92.473569
93.053160
93.884194
92.466578
94.544154
96.427904
91.937481
92.325361
94.261609
91.922783
92.006169
95.415589
92.679218
92.205433
94.199715
90.599290
90.872901
93.908488
93.309487
92.497647
91.534842
91.039122
95.652211
99.833757
96.771659
92.927870
92.695765
89.452760
93.093873
94.349923
89.616791
91.040728
91.328948
91.853602
90.818065
94.347527
94.765971
96.041470
96.556003
91.116847
90.276720
97.398083
95.275257
93.739907
93.419108
91.531751
91.978629
95.806419
94.309723
94.057605
92.574241
90.767667
92.691367
99.970585
94.183974
90.343860
91.094678
93.488632
91.680867
95.796017
89.787114
94.940822
97.505830
94.703560
94.231660
94.699078
94.462635
95.161450
96.163871
91.957163
92.265695
94.736084
92.124878
92.099675
92.740690
91.489115
93.548249
92.041822
90.600713
92.135052
94.393093
91.578338
92.484642
97.624026
94.358238
92.444007
94.325555
92.761996
91.886578
92.722969
92.088421
92.180705
92.598540
92.800087
93.891246
95.869550
93.624999
93.535691
94.411109
94.009964
94.495715
96.201322
94.368018
94.083377
95.320844
93.338117
94.136699
96.196894
93.838117
93.070953
94.311547
92.660175
93.408012
96.855122
93.219741
92.946906
94.159401
92.763545
93.695222
96.701598
93.590703
93.800836
93.902315
93.235009
94.542250
96.047932
92.968108
94.026061
94.938567
92.794814
94.614265
96.320318
93.740764
93.209555
95.505196
94.119224
94.539988
93.757263
92.690355
94.209630
94.805202
94.347906
95.097271
96.455273
93.985603
93.096720
94.593969
94.278916
92.587181
93.118100
92.248552
94.054601
93.735030
92.638553
93.336021
96.395065
93.578140
92.646650
96.049380
93.736184
96.102726
97.991081
92.626352
91.690151
93.582505
93.460497
97.110544
99.510502
89.831463
89.911567
94.244561
96.377955
96.160055
95.324297
90.444951
92.799705
92.503399
90.349970
88.660568
97.827670
95.981521
95.929318
94.849465
89.769444
89.900204
98.059782
96.572239
92.944921
93.888634
91.898351
93.913976
97.463728
92.904199
91.205186
96.007175
90.648472
90.710042
91.443439
92.238975
95.220320
95.935558
93.354255
94.705939
96.547497
96.080005
96.749916
92.809004
91.319063
91.839522
93.255908
92.295695
92.226573
93.721597
95.788106
95.953269
97.050891
94.832144
94.551595
94.308600
94.187750
95.235694
94.883955
93.900749
93.908634
93.124323
93.527088
96.344466
97.056586
95.166287
95.769137
96.362908
95.860198
95.922834
96.276569
94.234459
95.523097
95.804215
92.226878
93.294674
95.798830
93.983083
93.072037
94.975210
94.905230
95.202416
96.353034
93.235295
92.372551
96.531511
95.417725
94.361821
94.934948
94.510607
95.768653
96.982394
95.457066
94.471392
92.016823
91.172247
95.352980
94.600797
93.058273
93.221321
96.291643
93.213621
92.994757
94.979993
91.833678
92.449265
93.171518
91.964813
91.962559
93.820999
93.694209
94.587277
96.142575
93.482381
93.427292
94.349143
93.386670
95.153320
97.687779
93.467025
92.864754
94.519838
93.820198
94.755585
98.165196
95.268702
93.736634
94.672849
95.463620
97.352750
97.373586
94.730167
95.825101
95.518243
93.852712
95.373172
95.653416
92.536969
93.167974
94.383178
92.859118
94.360848
96.025494
92.932644
94.599905
96.339385
95.512089
96.038141
97.888108
93.093554
93.696769
97.094669
96.349068
94.125137
92.648354
92.631735
93.089029
92.543639
92.922951
94.262544
97.945357
92.870277
91.807260
94.045018
92.755607
92.378049
93.435964
91.645820
91.733206
92.906337
94.670383
93.528809
95.889855
93.132475
94.597614
94.541350
93.194628
93.434101
95.464898
94.104104
93.785078
94.389723
93.905583
94.670035
97.302371
93.863610
92.941174
93.947406
94.916686
96.096723
96.850377
93.228348
92.214044
93.350429
93.858733
94.536825
95.669150
92.808160
92.214159
93.775947
92.746854
93.536384
95.495253
95.391817
92.723141
94.561373
92.998521
93.751954
95.504798
93.257874
92.241366
95.084461
94.795104
94.728440
93.209024
92.668978
94.863044
94.323137
93.720037
93.947686
95.861085
93.733600
93.191057
94.978813
91.475333
91.489791
92.429679
93.336536
91.724911
91.597340
92.087215
93.376381
94.487464
92.646224
92.876445
95.004332
94.667928
94.434239
95.435917
96.475070
96.891212
97.774388
98.305791
98.575772
99.527445
100.000000
100.000000
100.000000
100.000000
100.000000
100.000000
100.000000
100.000000
100.000000
100.000000
100.000000
100.000000
100.000000
100.000000
100.000000
100.000000
100.000000
100.000000
100.000000
100.000000
100.000000
100.000000
100.000000
100.000000
100.000000
100.000000
100.000000
100.000000
100.000000
100.000000
100.000000
100.000000
100.000000
100.000000
100.000000
100.000000
100.000000
100.000000
100.000000
100.000000
100.000000
100.000000
100.000000
100.000000
100.000000
100.000000
100.000000
100.000000
100.000000
100.000000
100.000000
100.000000
100.000000
100.000000
100.000000
100.000000
100.000000
100.000000
100.000000
100.000000
100.000000
100.000000
100.000000
100.000000
100.000000
100.000000
100.000000
100.000000
100.000000
100.000000
100.000000
100.000000
100.000000
100.000000
100.000000
100.000000
100.000000
100.000000
100.000000
100.000000
100.000000
100.000000
100.000000
100.000000
100.000000
100.000000
100.000000
100.000000
100.000000
100.000000
100.000000
100.000000
100.000000
100.000000
100.000000
100.000000
100.000000
100.000000
100.000000
100.000000
100.000000
100.000000
100.000000
100.000000
100.000000
100.000000
100.000000
100.000000
100.000000
100.000000
100.000000
100.000000
100.000000
100.000000
100.000000
100.000000
100.000000
100.000000
100.000000
100.000000
100.000000
100.000000
100.000000
100.000000
100.000000
100.000000
100.000000
100.000000
100.000000
100.000000
100.000000
100.000000
100.000000
100.000000
100.000000
100.000000
100.000000
100.000000
100.000000
100.000000
100.000000
100.000000
100.000000
100.000000
100.000000
100.000000
100.000000
100.000000
100.000000
100.000000
100.000000
100.000000
100.000000
100.000000
100.000000
100.000000
100.000000
100.000000
100.000000
100.000000
100.000000
100.000000
100.000000
100.000000
100.000000
100.000000
100.000000
100.000000
100.000000
100.000000
100.000000
100.000000
100.000000
100.000000
100.000000
100.000000
100.000000
100.000000
100.000000
100.000000
100.000000
100.000000
100.000000
99.970090
100.000000
100.000000
100.000000
100.000000
100.000000
100.000000
100.000000
100.000000
100.000000
100.000000
100.000000
100.000000
100.000000
100.000000
100.000000
100.000000
100.000000
100.000000
100.000000
100.000000
100.000000
100.000000
100.000000
100.000000
100.000000
100.000000
100.000000
100.000000
100.000000
100.000000
100.000000
100.000000
100.000000
100.000000
100.000000
100.000000
100.000000
100.000000
100.000000
100.000000
100.000000
100.000000
100.000000
100.000000
100.000000
100.000000
100.000000
100.000000
100.000000
100.000000
100.000000
100.000000
100.000000
100.000000
100.000000
100.000000
100.000000
100.000000
100.000000
100.000000
100.000000
100.000000
100.000000
100.000000
100.000000
100.000000
100.000000
100.000000
100.000000
100.000000
100.000000
100.000000
100.000000
100.000000
100.000000
100.000000
100.000000
100.000000
100.000000
100.000000
100.000000
100.000000
100.000000
100.000000
100.000000
100.000000
100.000000
100.000000
100.000000
100.000000
100.000000
100.000000
100.000000
100.000000
100.000000
100.000000
100.000000
100.000000
100.000000
100.000000
100.000000
100.000000
100.000000
100.000000
100.000000
100.000000
100.000000
100.000000
100.000000
100.000000
100.000000
100.000000
100.000000
100.000000
100.000000
100.000000
100.000000
100.000000
100.000000
100.000000
100.000000
100.000000
99.542764
98.970572
98.731155
98.516767
98.560648
98.561609
98.794526
98.592296
99.201604
98.599992
98.508064
98.835972
98.978973
98.754355
99.289973
99.373234
99.328205
98.989987
99.822958
99.896922
100.000000
100.000000
100.000000
99.749454
100.000000
100.000000
99.921211
99.835437
99.395036
100.000000
99.999127
100.000000
100.000000
100.000000
100.000000
99.319917
100.000000
100.000000
100.000000
100.000000
100.000000
100.000000
100.000000
100.000000
100.000000
100.000000
100.000000
100.000000
100.000000
100.000000
100.000000
100.000000
100.000000
100.000000
100.000000
100.000000
100.000000
100.000000
100.000000
100.000000
100.000000
100.000000
100.000000
100.000000
100.000000
100.000000
99.323336
99.271531
99.711753
99.886460
99.576537
99.638544
99.762730
99.643013
100.000000
99.756099
99.719542
99.619325
99.231514
99.430833
99.996885
99.503971
99.585796
99.328063
99.670869
99.919193
100.000000
100.000000
99.196702
100.000000
99.659432
99.456168
99.816960
99.090442
98.856485
98.357486
98.985688
99.242433
99.037736
99.191581
98.800279
98.960165
98.879662
98.810578
98.965127
99.052943
99.014330
98.815054
98.933823
98.948922
99.296631
98.972439
99.203001
98.686994
98.788432
98.721375
99.409861
98.823627
98.958892
99.188354
98.938603
98.973021
99.440151
99.099794
99.222661
99.223933
99.267745
99.152513
99.805204
99.457690
99.521473
99.463531
99.065954
99.125288
99.646808
99.044627
99.169444
99.128173
99.196492
99.018404
99.562932
98.910708
98.978258
98.576387
99.170046
99.176407
99.636278
99.103837
98.880983
99.756312
99.382601
99.265312
99.833202
99.544178
99.449633
98.304389
99.293648
99.145621
99.298545
99.491989
99.562730
99.376212
99.331489
99.482520
99.689407
99.336394
99.541515
98.975340
99.009425
99.011612
99.645832
99.277732
99.655405
99.159055
99.544698
99.169339
99.855109
99.343950
99.534887
99.455732
99.328928
99.342182
100.000000
99.618579
99.945364
100.000000
98.907417
98.415190
99.788299
99.124060
98.956416
99.431936
98.754484
98.383739
99.118547
99.055859
98.987363
100.000000
98.598345
98.481956
99.499991
98.319377
98.447601
98.523903
98.404433
98.201459
98.701103
98.335867
98.516391
99.344750
99.089320
98.663957
99.192759
98.554156
98.212532
97.916147
98.800264
98.930315
98.852962
98.426155
97.978624
98.766908
96.182060
95.520631
94.389748
93.542516
90.081654
94.906557
93.263182
93.380804
94.575960
93.936081
93.059416
94.474243
92.844409
93.002221
94.011145
92.713666
93.618637
95.958139
92.988893
93.110754
94.989139
93.748344
95.174445
96.791314
93.645304
93.397962
95.750898
93.889840
95.115212
96.888912
94.036574
93.952264
94.682195
93.958509
94.576016
97.678706
96.213783
95.504985
94.360553
93.839798
96.319073
94.888933
94.217052
94.374233
94.392597
94.284795
95.498550
97.836800
94.593554
96.602894
97.001422
94.134815
93.817697
95.216395
96.727683
95.565996
94.583730
95.022736
96.309365
98.210122
97.577409
95.847575
96.012886
94.778827
96.296642
96.952235
96.175908
95.178254
98.588208
96.041382
95.533420
97.582032
95.953661
96.507117
98.429728
95.485533
96.222507
96.785985
95.323432
97.225232
97.533793
95.447804
96.081036
97.265522
95.651394
97.098560
96.362327
95.739559
96.384592
98.689575
95.774424
95.355270
96.645122
95.532334
96.783878
97.799936
96.065899
96.606720
97.371968
96.539427
96.146915
96.288252
95.205344
95.783144
96.253311
96.560975
96.242837
96.954176
97.715888
96.536158
95.653836
93.958273
94.092146
95.413649
96.928433
97.086917
94.620604
94.318946
95.890563
99.769671
97.485536
95.993078
96.126684
95.503333
97.464406
98.216013
95.779791
95.958854
96.965951
96.266349
96.936154
97.437686
96.389235
97.778758
96.233054
96.289462
96.901477
97.829020
97.526696
95.885683
96.523092
96.910232
97.515513
97.748508
95.831565
95.639140
96.146862
96.343749
96.926336
97.787035
95.628156
95.579969
96.202556
96.292644
96.872067
96.903186
97.154513
96.615504
96.171376
95.975323
96.118894
96.866839
96.833215
96.410550
95.930881
95.749329
95.966419
97.710862
95.903593
95.287303
95.416286
96.644600
97.343445
94.786532
94.466816
96.077943
97.376598
96.313323
96.695785
97.193260
96.260496
95.539384
95.778078
95.802541
96.660497
97.287783
96.217052
97.004915
96.754684
96.239364
96.918925
97.939410
98.088352
96.865950
98.098808
96.834292
98.363728
97.677239
97.403217
96.924759
98.435981
96.441175
97.316537
97.527021
98.297059
96.625869
96.506408
95.614390
96.592784
97.624326
97.023715
97.045082
97.334340
96.957182
97.750393
99.102511
98.671039
98.457387
97.705830
97.146682
97.312994
98.257537
97.363772
97.144542
97.222649
96.723437
97.066725
97.966329
96.387817
95.850327
95.970848
95.655680
95.614450
95.775896
95.819680
95.983633
95.909712
96.069560
96.992840
97.623630
96.685192
97.191393
96.968846
98.486680
97.832335
97.802101
96.669732
97.678047
98.513266
97.224597
97.764833
97.685763
96.747819
96.535721
98.339076
96.013411
97.191092
97.179753
96.710338
97.253218
97.075003
96.428866
97.910162
97.959929
96.630928
96.873221
98.070852
98.094707
98.095443
98.093485
97.755405
98.814729
98.580106
98.471234
98.597008
98.261740
97.321332
96.777369
96.585015
96.583545
96.544634
96.401798
96.926702
97.066146
97.083904
96.686755
96.523324
96.844914
95.879258
95.230506
95.168355
95.259249
94.386941
94.228535
95.167019
94.883660
95.084952
94.937444
95.186827
97.034745
95.450498
95.814327
95.865228
96.126643
96.600555
96.295850
95.990987
95.793180
96.399196
96.587527
96.654938
96.429297
95.700155
96.656790
96.657883
96.492057
96.670845
97.282005
96.212170
97.182329
97.152220
96.808348
97.380409
98.972026
98.440367
95.455601
96.032216
96.318962
97.507109
98.854978
95.375300
95.142962
96.149146
96.528185
97.073187
96.839916
96.541560
96.325419
96.191996
95.967366
96.383571
95.386542
95.822149
96.089272
96.152578
96.328770
95.591513
96.932925
95.628691
95.333911
95.826928
95.829794
95.019421
94.595473
94.774855
96.089128
96.272283
96.008574
96.069626
96.846492
96.317101
96.991081
97.653100
96.678328
96.655514
97.231927
96.959809
96.855834
97.563023
97.006858
96.422525
96.672460
96.665674
96.789988
97.257749
96.363577
96.458181
96.956731
96.321524
96.465170
96.955895
96.547881
96.358648
96.819422
96.356797
96.246194
96.893340
96.299319
96.506304
96.720804
96.291857
95.819820
96.116393
96.559292
96.709456
96.529541
95.900547
96.447313
96.688467
96.094670
96.134009
95.233362
96.113982
95.927600
95.469411
95.775712
96.007280
99.011915
97.811765
97.045704
97.314533
97.668035
98.266453
98.950110
97.183056
97.324129
99.157998
97.380604
95.245672
95.610595
97.230991
96.677068
96.324272
96.013277
96.262435
97.449239
96.641946
98.987078
96.919410
96.538691
95.895461
97.645486
97.463353
98.319858
97.042604
96.383914
96.843888
97.076931
96.754848
97.962996
97.069870
96.771665
97.495850
98.670291
96.934759
96.146358
96.863642
96.420247
96.804039
97.909130
96.012605
95.853287
97.291168
96.503734
96.849846
97.211275
96.057576
98.101588
97.483942
97.253611
97.055132
97.021321
97.506141
97.529676
97.599860
98.402748
96.998985
97.707860
99.323709
97.653993
96.724024
96.176610
96.416517
95.766327
95.767038
96.994057
97.037376
96.506163
97.334240
98.540725
97.014783
97.059036
99.921999
98.058066
98.621821
98.998109
98.381625
99.513881
99.669146
98.543237
98.244554
99.309204
98.705546
99.759913
99.068992
98.590163
98.703551
99.764990
98.682116
100.000000
99.048356
98.840821
98.929698
99.503938
100.000000
100.000000
100.000000
99.724957
99.500717
100.000000
100.000000
99.952655
100.000000
99.677970
99.172276
100.000000
99.133530
99.105197
99.892393
100.000000
100.000000
99.289240
99.748976
100.000000
99.103090
100.000000
100.000000
100.000000
99.577522
99.356232
99.442977
99.222898
99.010100
99.238033
100.000000
100.000000
99.544527
99.773706
99.883408
100.000000
100.000000
100.000000
100.000000
100.000000
100.000000
100.000000
100.000000
100.000000
100.000000
99.192638
100.000000
100.000000
99.548144
99.220923
100.000000
98.011979
99.092690
100.000000
99.971110
99.288942
99.202609
98.462549
99.727298
100.000000
99.104975
98.053571
98.712363
98.879555
98.513180
99.201542
98.654549
98.124349
97.759130
96.267900
99.570049
98.581397
97.800798
97.200064
98.567723
98.445860
96.536345
96.690036
99.454330
98.107348
96.993042
99.761327
99.992471
100.000000
98.994143
99.354323
99.477088
98.922045
99.214093
98.224992
99.240586
99.060308
97.974572
97.783017
98.848882
100.000000
96.505290
96.539136
100.000000
95.478299
96.317160
100.000000
96.911279
95.847356
98.573609
98.726727
97.942064
99.001512
97.631010
96.849466
98.110623
97.727427
98.485923
98.635183
97.911889
97.867692
98.817551
97.748559
99.325890
99.537984
98.556947
98.501682
99.048051
99.123530
100.000000
100.000000
97.487211
98.279984
99.662001
99.868885
100.000000
100.000000
98.557764
98.576053
100.000000
100.000000
99.491093
97.200896
98.939443
99.266810
99.075818
98.640573
98.970526
100.000000
97.804457
96.953171
98.469930
98.504491
97.876882
97.834783
96.165892
96.516962
98.971368
99.031494
98.796749
99.328854
98.381934
97.815283
100.000000
97.246525
97.059636
100.000000
99.693222
97.540435
98.703112
97.890252
98.909650
98.454762
98.031309
97.251691
99.010290
97.976000
96.882759
98.630885
98.328165
99.039448
98.100488
97.126687
97.692895
100.000000
96.969638
94.537613
97.485926
97.769301
97.765610
96.500030
95.244658
97.611657
97.410848
95.027079
96.429640
99.562520
96.127480
95.228273
97.758919
95.711768
96.398854
95.367560
94.767577
96.159601
96.320169
95.233397
94.649812
99.842517
97.059913
95.440815
95.185961
95.413926
96.246988
94.761587
93.735326
94.511157
95.246553
94.549448
96.010121
97.195726
94.468368
94.248796
96.231795
96.119460
96.143314
97.242338
96.033357
95.175285
95.552677
94.141476
95.322863
98.749354
96.637718
95.077283
95.376448
93.552923
95.773452
96.524220
94.805829
94.833473
95.422900
94.007556
96.671125
97.456879
94.716740
94.182612
96.385621
93.882269
94.316837
97.070175
94.671864
93.399151
95.341355
93.512142
94.317628
96.578681
94.073846
93.446358
95.152412
93.511120
93.711967
94.773962
92.789005
95.685056
93.886025
93.440526
95.492411
97.695125
94.971258
93.563658
96.273793
93.563589
93.735024
93.749133
93.081645
93.706326
94.521504
93.781566
94.739742
96.487591
94.770318
94.780594
95.319998
94.305776
94.248988
96.818987
93.471522
93.462693
95.386422
93.207589
94.498238
97.088017
93.445098
93.549462
95.202615
93.704138
94.294995
97.012949
96.055649
94.597501
96.680729
93.987453
95.687991
98.830365
94.062463
94.704447
95.412486
96.199563
95.626815
95.787794
93.279610
93.454043
95.162200
93.425559
95.990790
97.265534
93.233298
93.227047
95.743890
94.753941
96.027329
94.848392
93.871272
93.930642
93.921029
95.233678
94.987478
97.566546
94.600193
93.353830
95.039033
95.390037
93.480609
94.520207
92.842676
93.280389
95.520378
94.831954
95.329309
97.407967
94.652296
95.122094
96.094269
95.076392
96.443220
98.318344
94.437132
94.426457
96.636441
96.184411
96.298730
97.607974
95.355122
94.989822
96.335578
96.753405
97.450454
98.058048
94.897782
94.675885
96.334690
94.943649
95.798641
97.724004
95.172043
95.135156
95.950516
95.856914
96.299212
97.660345
95.247837
94.563940
96.490794
94.801402
95.401321
96.575856
95.109419
96.221747
96.169505
95.854472
95.468190
95.964555
94.840111
94.827704
96.226159
95.832884
95.452418
98.490526
95.141847
94.217896
95.442158
93.878466
94.931958
94.234198
94.256347
95.189762
94.951524
94.616100
96.142712
97.823583
97.093843
96.731647
97.538662
95.520110
96.523034
97.730639
97.310240
96.254154
96.971526
95.741544
96.642882
97.796601
95.385719
95.090919
95.749345
94.220261
96.034711
99.677756
93.215376
93.640523
97.042406
93.988489
96.707051
95.265130
94.356141
95.139007
96.420036
94.618943
93.264856
92.482272
96.408126
96.421661
95.726928
97.168068
93.058462
96.925049
95.551011
96.136910
93.869598
95.677395
95.478810
94.310636
95.774978
92.497943
92.985936
98.745123
94.092908
97.245982
94.697175
93.793737
95.762491
94.115214
91.689471
97.251361
93.360790
94.208010
93.016086
93.897481
96.767218
99.378160
95.957272
95.074786
96.885425
96.535414
97.724085
96.725451
95.516531
97.198796
95.890974
96.282759
95.603323
98.918237
98.498363
96.082218
96.799076
95.433147
95.617371
97.542753
97.320256
95.485559
98.110374
96.557130
96.331018
97.578911
97.665269
95.758584
96.524245
95.775800
98.435009
98.157294
96.324929
95.548667
97.064754
95.737820
98.329748
97.174193
95.369481
95.406870
97.075552
96.732841
96.322400
97.545939
96.572957
97.490830
95.835900
97.082389
95.833696
98.607853
96.203188
95.499241
95.195550
94.759042
93.251558
92.307033
94.597800
94.635650
95.145358
94.458200
95.608014
96.660843
96.863791
96.592747
98.496874
96.369408
97.189350
97.372482
95.381250
95.489097
97.007584
95.924329
95.745144
97.766389
96.408252
94.930120
99.250195
96.605303
96.358346
97.002864
95.464256
96.571274
99.061615
95.559993
95.663892
97.390220
96.914203
95.884718
96.782248
95.016283
97.743125
98.485040
96.278509
94.862012
97.687241
97.333703
96.670095
97.767734
97.228441
95.826151
96.640274
98.482109
96.701210
97.150945
95.910143
96.030108
96.634780
96.500615
96.822571
98.891534
95.928022
94.940573
95.666177
94.807818
96.096808
95.225022
94.001723
94.409670
96.017376
95.700500
96.941633
96.919963
95.383556
96.221932
97.120442
96.302522
96.233684
98.224367
96.606184
96.456126
97.188629
94.886668
95.705939
98.677893
96.705425
96.284488
96.874842
96.162261
97.162983
98.719605
95.625921
95.655422
96.926256
95.680223
96.737273
98.007380
96.242488
97.106488
96.816992
96.419406
96.947323
98.520844
96.104010
96.163369
97.836002
96.240356
97.006049
98.729716
96.907972
96.701891
98.163423
96.798798
98.006933
98.014009
96.928256
98.338148
97.724762
98.096639
100.000000
99.757993
98.425937
98.266270
97.397267
95.311382
95.743565
96.330256
95.479801
95.179947
96.284908
96.358069
96.897849
98.474899
96.410844
96.197299
97.169125
95.893303
96.932686
99.034299
96.250510
96.154596
97.474077
96.730217
96.585781
98.065580
95.441167
94.779104
97.069765
94.854117
96.393486
98.055884
95.655862
94.275650
95.413557
94.565023
94.441918
96.767478
95.755860
94.039728
95.482809
95.158969
95.297880
98.404832
93.165466
93.361765
95.284480
93.809687
94.620502
96.890828
94.364919
93.121697
96.813531
93.614216
94.910385
94.967764
93.761574
95.312822
94.995956
95.313688
95.110902
97.162663
95.505727
94.382046
94.609498
93.275433
93.703848
96.465422
93.803304
94.617903
94.348115
94.829713
95.222639
97.319391
94.543498
93.427655
94.939144
93.467957
94.290161
96.935764
94.080879
92.831271
95.309046
93.625161
96.539295
97.675920
95.816401
93.520303
94.877497
93.448204
95.092207
96.014824
92.511740
92.443358
94.624178
92.477854
93.866383
97.263000
95.193472
92.595098
94.503326
92.454029
94.007934
96.802768
92.432976
92.897087
96.073457
92.422592
92.956330
96.169077
93.000987
94.456450
94.723129
92.436635
93.622513
94.082139
92.223436
93.019546
93.069848
96.382162
95.515222
95.670717
94.955783
91.979610
94.182435
91.400820
91.265412
95.679241
93.883416
91.999351
93.032199
92.001966
92.815479
95.899782
93.808927
92.760890
95.778804
93.783243
96.880189
99.754653
97.245054
97.453613
98.497296
97.609850
99.245746
100.000000
98.703387
99.623717
99.456942
100.000000
100.000000
100.000000
99.564543
100.000000
100.000000
100.000000
100.000000
99.827628
98.516217
100.000000
99.853021
100.000000
100.000000
100.000000
99.509935
99.078582
100.000000
100.000000
100.000000
100.000000
100.000000
100.000000
100.000000
99.966221
100.000000
100.000000
99.184131
98.875531
100.000000
100.000000
100.000000
100.000000
100.000000
99.472142
100.000000
99.802208
99.775303
99.010449
99.298561
100.000000
100.000000
100.000000
100.000000
100.000000
100.000000
100.000000
100.000000
100.000000
100.000000
100.000000
100.000000
100.000000
100.000000
100.000000
100.000000
99.793422
100.000000
100.000000
100.000000
100.000000
100.000000
100.000000
100.000000
100.000000
100.000000
100.000000
100.000000
100.000000
100.000000
100.000000
100.000000
100.000000
100.000000
100.000000
99.781526
98.565711
99.379825
97.972687
98.175006
99.448470
97.011030
97.148549
98.748090
97.363411
97.330955
97.405846
95.602629
96.036207
97.740052
96.044265
97.708606
100.000000
97.146880
96.575068
98.680093
96.351089
97.077336
96.911543
96.121929
96.472133
97.346442
96.893824
97.330546
99.099554
97.315740
97.117215
98.874135
96.396755
96.956107
98.347869
95.643718
95.546906
97.533571
96.581607
96.796412
98.552149
96.603727
96.198007
98.159909
96.715675
96.931231
98.674261
96.183298
96.465743
98.633853
97.788443
97.719610
99.820461
97.509012
97.064868
99.261177
97.456911
98.715286
100.000000
98.412991
98.499343
100.000000
98.652215
99.772160
100.000000
99.146365
99.342994
100.000000
98.800245
98.880075
99.213691
98.590219
98.530361
98.700259
97.580702
98.455549
100.000000
97.746623
97.410826
98.803586
97.087623
97.153196
96.924294
96.958998
97.644065
98.254945
98.109455
98.322196
98.525471
97.110346
97.609241
99.862262
97.923645
98.440114
99.353247
97.468598
97.494893
99.449621
98.088112
98.004539
99.487151
97.641567
97.888774
100.000000
98.063227
98.383501
100.000000
98.552996
98.120781
99.095950
98.040389
98.358104
99.674876
97.796808
97.843390
98.908114
97.983975
98.241369
99.234838
97.836010
97.149231
98.260882
97.098750
97.228355
98.155607
95.969044
94.657641
97.259157
94.579459
95.536245
97.658446
95.815347
95.545264
96.647638
95.665864
97.170790
99.350292
96.556680
96.026553
97.730813
95.620618
95.624682
95.724532
95.559670
95.873272
96.795225
96.023195
96.032983
97.837868
96.586454
97.018660
97.463056
96.178520
96.757855
98.309798
96.788455
96.287623
97.770085
96.572912
96.474876
98.045631
96.223097
95.947337
97.489407
96.130331
96.766512
98.429381
96.611693
96.522318
99.272448
96.745853
98.261409
100.000000
97.615824
97.866704
100.000000
97.984641
98.072802
99.291308
97.828510
98.309458
99.091544
97.535034
97.455278
99.008560
95.449125
95.299595
97.720194
95.827885
96.321364
97.322369
96.039520
96.036690
96.285785
96.999379
96.979629
99.867639
95.903164
95.389501
97.310262
96.841226
96.742063
97.627443
97.589883
97.587264
97.238352
97.213340
97.229208
99.385601
97.831758
97.956210
98.942563
97.785551
97.336091
98.789375
97.819753
97.273750
99.009515
97.605283
97.435847
98.438131
95.355568
95.863837
97.022214
95.515629
95.540011
97.515460
96.046726
95.360911
97.505012
95.411841
96.070076
97.279576
95.182463
95.687568
96.549987
96.486912
95.034385
97.320762
95.735789
94.684546
95.899681
96.346874
95.839188
97.537863
96.202254
97.753165
96.822462
98.170555
97.224700
97.095455
95.932658
97.285301
96.885913
97.510145
95.716657
98.897191
96.112498
95.265723
97.131348
95.769447
95.758408
95.770833
95.926240
97.542597
97.911298
97.964399
98.727873
99.425107
97.942498
98.184636
99.207411
97.929181
99.103166
99.957284
98.466049
98.725909
99.575796
99.100270
100.000000
100.000000
98.361976
98.388904
99.865301
99.202320
99.718838
100.000000
98.557148
99.028963
100.000000
98.651675
100.000000
100.000000
99.138677
98.961056
99.763679
98.791474
100.000000
100.000000
99.081785
98.785104
99.785322
97.966438
98.296598
100.000000
98.822001
99.112382
99.874655
100.000000
100.000000
99.912260
99.344198
99.967635
99.449784
100.000000
100.000000
100.000000
100.000000
99.538425
100.000000
99.371838
99.737668
99.525444
100.000000
100.000000
100.000000
99.766082
100.000000
100.000000
100.000000
100.000000
100.000000
99.901928
100.000000
100.000000
98.352296
98.759818
99.498154
98.718912
98.879036
98.909590
99.022179
97.894418
99.616188
98.557760
99.118908
99.397815
98.256937
97.989703
99.759755
98.456526
98.844520
99.810035
98.720494
98.413177
99.101003
97.781581
98.986961
99.373928
99.774165
99.549554
100.000000
99.469652
97.394605
98.284611
97.824288
98.532724
99.657391
96.993362
98.024417
100.000000
99.595809
99.336811
100.000000
100.000000
100.000000
100.000000
100.000000
100.000000
100.000000
100.000000
100.000000
98.926852
100.000000
100.000000
100.000000
100.000000
100.000000
100.000000
100.000000
100.000000
100.000000
100.000000
100.000000
100.000000
99.912565
99.697765
100.000000
100.000000
100.000000
100.000000
100.000000
100.000000
100.000000
100.000000
100.000000
100.000000
99.254923
99.007837
100.000000
99.622359
100.000000
100.000000
99.866823
99.287575
100.000000
99.696533
100.000000
100.000000
99.646479
99.907405
100.000000
99.526387
99.399559
100.000000
100.000000
99.704260
100.000000
99.434783
99.024179
99.345721
98.444942
99.043361
98.969477
99.370641
98.803901
100.000000
100.000000
99.030215
99.978728
99.204442
99.008520
99.069270
98.488431
98.992148
99.212932
99.010123
98.940305
99.647057
99.461215
99.849257
100.000000
99.392875
99.510594
99.856571
99.423644
99.298808
100.000000
100.000000
99.739658
100.000000
98.486999
98.337275
100.000000
98.561499
98.525179
100.000000
100.000000
99.678758
99.470608
98.538654
98.465844
99.745605
98.171857
97.967768
99.562251
97.924288
98.691823
99.264243
99.296779
98.623890
100.000000
98.659621
98.676989
100.000000
99.173412
99.139980
99.723798
99.279726
98.969034
98.320620
98.759737
98.740660
99.336216
98.937954
99.482970
100.000000
99.018535
99.188511
99.650508
98.601280
98.934651
98.240829
99.455367
98.941951
99.893865
99.069166
99.101160
99.992223
100.000000
100.000000
100.000000
100.000000
100.000000
100.000000
100.000000
99.852503
100.000000
100.000000
100.000000
100.000000
100.000000
100.000000
100.000000
100.000000
100.000000
100.000000
100.000000
100.000000
100.000000
100.000000
100.000000
100.000000
100.000000
100.000000
100.000000
100.000000
100.000000
100.000000
99.788379
99.824742
100.000000
100.000000
100.000000
100.000000
99.498379
99.077839
100.000000
98.912590
99.281764
99.521964
98.994127
99.446198
99.447979
99.326836
99.100295
100.000000
99.663298
99.595909
100.000000
98.944392
98.843070
98.868465
98.968023
98.632063
98.898431
98.182515
98.370848
98.446076
98.175988
98.158249
98.825597
97.761418
98.154699
98.110628
97.354128
97.735568
98.564568
98.004215
97.560233
98.758228
98.676421
98.534704
99.244841
97.866047
98.047610
99.045070
98.519693
97.954200
99.207282
98.097670
98.043994
98.906640
98.565632
98.401074
99.210867
97.561328
97.080947
99.259061
97.675241
98.317831
100.000000
98.875281
99.415144
100.000000
99.601270
99.605773
100.000000
99.503433
99.463029
100.000000
99.299136
100.000000
100.000000
100.000000
100.000000
100.000000
100.000000
99.464092
100.000000
99.747798
99.849972
99.890544
99.905256
100.000000
100.000000
99.802580
100.000000
100.000000
100.000000
100.000000
100.000000
100.000000
100.000000
100.000000
100.000000
100.000000
100.000000
100.000000
100.000000
100.000000
100.000000
100.000000
100.000000
100.000000
100.000000
100.000000
100.000000
100.000000
100.000000
100.000000
100.000000
100.000000
100.000000
100.000000
100.000000
100.000000
100.000000
100.000000
100.000000
100.000000
100.000000
100.000000
100.000000
100.000000
100.000000
100.000000
100.000000
100.000000
100.000000
100.000000
100.000000
100.000000
100.000000
100.000000
100.000000
100.000000
100.000000
100.000000
100.000000
100.000000
100.000000
100.000000
100.000000
100.000000
100.000000
100.000000
100.000000
100.000000
100.000000
100.000000
100.000000
100.000000
100.000000
100.000000
100.000000
100.000000
100.000000
100.000000
100.000000
100.000000
100.000000
100.000000
100.000000
100.000000
100.000000
100.000000
100.000000
100.000000
100.000000
100.000000
100.000000
100.000000
100.000000
100.000000
100.000000
100.000000
100.000000
100.000000
100.000000
100.000000
100.000000
100.000000
100.000000
100.000000
100.000000
100.000000
100.000000
100.000000
100.000000
100.000000
100.000000
100.000000
100.000000
100.000000
100.000000
