96.911099
97.316738
98.000418
98.069554
97.254281
96.475446
95.907534
96.658927
96.619512
97.717678
98.280624
97.670308
96.993879
97.335626
96.836488
98.110092
97.675462
97.399183
98.270207
96.718687
96.559345
97.740242
97.202802
98.490531
98.368006
96.698631
96.945815
97.702737
97.435197
97.962416
97.239092
96.438811
96.207319
97.053235
96.906254
97.629731
99.672660
96.121181
96.141609
97.401878
96.182089
98.075709
98.179496
96.696697
96.337544
98.591816
97.202388
97.319188
96.761716
96.616627
96.057139
97.201054
95.430858
97.004424
95.507316
96.829648
96.041914
96.614219
97.126460
95.399697
97.566108
96.278739
95.578489
99.840096
95.765619
96.487068
95.058247
95.756854
95.911576
96.879406
96.511328
97.707545
98.679122
97.089069
98.004559
97.774225
96.806851
97.527530
96.880024
96.895746
97.052449
97.375331
96.317861
96.905477
96.706414
98.427600
98.084525
97.994219
96.235881
96.375376
98.802928
98.243275
98.664806
97.400530
96.113669
97.168451
100.000000
98.505344
96.949492
97.309570
96.026837
97.427147
98.061515
96.955930
96.090549
97.645063
96.375912
96.538284
98.184485
97.035208
97.211945
97.902584
96.308047
96.795625
96.210264
96.906669
95.640897
96.267208
96.151890
96.574271
97.442360
96.649645
97.314262
97.770731
96.093590
96.297649
95.460222
96.529789
96.355265
96.449776
96.738693
96.630819
97.565025
97.231390
98.294649
98.238332
96.671204
98.300359
97.560438
96.903140
96.596579
98.437904
99.502003
96.955314
97.328774
96.049751
96.091098
100.000000
96.718236
96.364836
96.774606
97.239338
98.280962
98.833818
96.391001
96.849021
97.216498
98.225060
97.567672
98.794129
96.415390
96.844776
98.645047
96.650797
96.977244
98.007650
97.592303
97.572856
97.776334
97.657073
96.372633
97.625590
95.528993
97.059571
99.362219
96.872532
96.034146
96.422255
96.931808
99.297788
99.656178
96.301372
96.889972
98.156002
96.849719
96.806458
96.217398
96.139905
96.832042
96.868356
96.676979
97.262839
100.000000
96.709914
96.187875
97.253906
96.745800
97.226919
100.000000
96.491802
95.930829
98.184792
99.221597
99.588829
97.501108
96.428092
96.730093
99.489649
97.903448
96.559135
97.151214
96.688751
95.884254
97.414858
97.927643
96.625662
97.224769
96.180304
95.932756
97.650264
96.207873
97.539432
97.666520
95.249784
96.660659
97.494774
95.194180
96.695675
99.510501
99.105621
97.835200
98.982084
98.309333
97.683328
95.102687
94.899992
96.880388
96.466199
95.579638
96.912467
97.682098
96.742428
96.523830
99.963337
98.632059
98.519900
99.921251
98.092590
96.320179
98.959483
100.000000
97.864724
95.125456
96.552300
97.948532
97.613897
96.533809
96.945476
97.654746
97.122653
96.611215
98.088107
96.688116
98.186560
99.228520
97.364281
96.974653
99.563584
96.336808
96.801056
100.000000
98.654710
96.667311
97.651641
97.958711
98.843377
98.288603
97.621410
98.305131
98.372336
96.332330
97.101483
99.491868
96.091716
95.842539
97.856130
97.397411
96.405362
97.091579
96.099892
95.781072
97.337019
96.524848
95.912071
96.420410
96.419238
95.646162
96.771917
95.370878
97.350655
99.495473
97.491158
96.879353
98.571692
96.073649
96.578758
96.823938
96.814914
96.252792
96.650062
96.365965
96.278335
98.023209
96.792804
98.269429
98.789989
96.333138
96.684107
97.299328
98.459269
97.786027
98.520179
96.699833
97.827686
97.607225
97.179932
96.178419
97.451370
98.584640
96.263651
97.704182
96.349186
97.770926
97.726812
96.105334
96.573345
99.192031
96.892911
96.319606
98.577183
96.774671
96.632218
98.106586
97.232353
96.786429
97.686652
96.414225
98.293787
98.731169
96.680817
96.165200
98.248866
96.368462
97.203573
97.727341
96.143704
96.322652
97.292906
96.879027
96.623377
98.632447
97.281822
96.686480
98.184370
97.459516
96.642028
96.883443
96.327612
96.215357
97.174936
96.988437
97.049981
97.882023
97.037785
99.157920
99.782921
96.698845
97.244029
97.559812
97.209879
98.807956
98.203846
96.619136
97.329424
98.325634
96.860178
95.957535
98.628565
97.013890
96.581365
97.563656
95.895917
96.245257
97.051243
95.697876
96.347183
97.489236
96.902834
96.874386
98.178360
96.041249
96.402133
97.667369
96.551648
96.614464
98.278340
96.377692
96.268074
97.059054
96.738973
97.976554
97.911672
95.771790
95.732247
96.694919
96.517417
95.448326
96.653992
95.657934
96.473092
98.198396
97.029788
96.177501
98.645178
95.957116
96.052908
95.704409
96.338305
98.207984
97.271212
98.209549
96.638175
99.133715
96.807463
94.893889
97.851015
98.785927
96.600249
96.181963
96.912629
95.445226
98.693731
97.239919
96.010034
95.783176
94.691879
95.453944
99.000510
95.934441
96.057194
98.829302
95.167893
95.278445
97.754934
96.193244
98.916544
98.210544
95.572122
95.615489
98.333514
97.393096
97.918277
97.498413
95.920902
95.919660
97.786850
96.966714
96.225709
96.945090
96.234686
95.974576
97.750176
95.620461
95.783040
95.998471
95.748548
96.093058
96.345573
95.414086
96.568925
99.265168
96.618535
95.787296
97.380266
96.239774
96.110170
95.973712
95.454597
96.016421
96.680283
95.609617
96.189388
97.611870
97.767953
96.039473
97.166515
97.068303
97.281146
96.873774
96.052923
96.176993
98.461258
94.691047
94.880254
99.185725
98.455763
94.787073
97.147921
97.356949
97.738819
96.529192
95.710179
96.714943
97.326579
95.496508
95.876291
96.399255
96.286400
96.980072
97.945965
96.759313
97.587666
98.110001
98.073630
97.632090
98.145430
94.910305
95.901905
99.743464
98.492588
97.358622
98.591136
96.733426
97.559123
96.341792
94.771826
94.334521
96.063260
94.860548
94.842591
97.714026
96.295584
97.121912
99.415824
97.244389
97.645625
98.752712
96.719142
96.496447
98.419701
95.581324
96.036470
97.728609
96.356786
95.870102
97.828898
96.616515
97.247502
99.855694
96.986450
96.927945
98.552070
97.856838
98.961557
99.069510
97.856422
97.551608
100.000000
96.921148
96.725032
98.006978
95.487924
96.088636
99.190379
96.146633
96.110980
97.305986
95.962124
96.394143
97.500064
95.832562
97.480409
98.429715
95.276788
95.593098
97.763058
95.503933
95.311498
97.589792
96.309955
95.650662
97.903692
94.959968
94.806823
96.750709
97.102037
96.430254
95.923859
95.176474
98.449897
100.000000
99.407704
96.976021
97.025442
94.283813
97.071221
97.555564
95.081291
96.122998
95.869626
95.922677
94.702371
96.679031
97.545287
99.261696
99.968110
95.014918
94.567463
99.390279
99.121620
97.138202
97.581971
95.322527
95.380371
97.806430
98.301732
97.451748
96.845004
94.834494
95.890474
100.000000
97.303751
94.138689
95.556247
97.027206
95.194522
97.872024
93.711995
98.012129
100.000000
97.614695
96.812033
96.470726
97.206688
98.252977
99.306778
95.571273
95.506650
97.344589
95.645716
95.677845
96.900370
95.368878
97.107391
95.094330
94.423758
95.762723
97.422100
95.055654
95.583872
99.340035
96.828440
95.509039
97.728587
96.071406
95.132403
95.503175
95.608030
95.677421
96.524075
95.946021
96.461854
97.882828
96.553901
96.166301
98.376820
97.067421
97.172765
98.388774
96.897622
96.471742
98.460576
96.289939
96.671711
98.059622
96.521696
96.122233
98.191021
95.610443
96.509823
98.773973
96.221302
95.962136
97.959540
95.350323
96.317848
98.639224
96.457249
96.686406
97.184200
96.112947
96.967120
97.904180
95.817508
96.930362
98.721029
95.873692
97.276833
98.266222
96.757606
95.545645
98.162087
95.685161
95.767853
96.414943
96.244772
95.870375
97.921432
96.289797
96.636936
98.217564
96.881178
96.689421
98.747131
97.940834
96.522749
95.667665
95.318072
96.980487
97.092612
95.501731
96.243119
98.726286
96.783040
96.034537
99.288974
96.890121
98.547756
99.746416
95.653903
95.038763
97.364895
96.065992
99.265539
100.000000
94.774218
94.861632
97.913625
99.180775
98.784005
97.282163
95.008074
95.902686
96.834123
94.601676
93.965579
100.000000
99.235762
98.173104
97.854772
93.559457
94.370956
100.000000
99.241611
95.492147
97.068539
94.505863
97.103603
99.694790
96.260073
94.953756
98.937467
94.309610
94.432121
94.525793
95.989227
98.977521
99.492082
96.492872
97.584784
98.229458
98.425210
99.437341
96.796855
94.628128
95.331574
96.320192
96.105045
96.178130
97.844716
98.918919
98.677863
98.828298
97.365453
96.931317
98.004222
96.785453
97.566668
96.769598
96.434426
96.394534
96.950133
96.258629
98.408030
98.877914
97.860191
98.476769
100.000000
98.282314
97.908353
98.046452
96.895247
97.991037
98.320795
95.248492
95.869089
97.787622
96.824430
95.846274
98.211480
97.490219
97.382049
97.782199
95.582852
95.109539
99.565538
98.140123
96.717390
96.617789
96.813718
98.147373
100.000000
98.344542
96.009455
94.388795
94.616346
96.942153
97.764708
94.934281
94.783596
98.331173
95.986707
95.651397
98.342407
95.637187
96.190450
96.059952
94.946659
95.010149
97.106551
96.363347
97.219838
98.382400
96.430394
96.317324
98.056998
96.231875
97.477423
99.349985
95.701497
95.214297
97.729043
96.642681
97.280730
99.817893
98.354076
96.899297
98.077113
98.682474
99.830550
98.942146
97.278843
98.309189
99.210786
96.697203
97.604787
97.614428
95.825145
96.301363
97.782843
95.872033
97.007980
98.271450
96.006719
97.535004
100.000000
98.420068
98.634123
99.856530
96.442796
96.521640
100.000000
97.532273
95.537005
95.438708
96.042326
95.560191
96.056577
95.336548
96.513103
99.643702
96.026180
95.458834
98.253086
96.572671
95.682613
96.311614
95.324808
95.360462
96.366728
97.852432
96.472191
98.102731
96.292321
97.499344
97.887738
96.167527
96.195683
97.387574
96.431787
96.204579
97.784846
96.274698
96.822254
99.068387
96.224455
95.479381
97.387549
97.191090
98.339624
98.373413
95.862272
95.114940
97.381365
96.677066
97.169416
97.412506
95.646960
95.052677
97.280947
95.738448
95.887374
97.609010
98.222698
95.445290
97.863432
95.861283
96.339008
97.611889
96.261865
95.498868
98.533116
95.946667
96.070652
95.929506
95.469903
97.073737
97.426097
95.995050
96.053114
97.729839
96.690514
96.144273
98.418759
95.423931
95.063328
95.328932
96.843414
95.507263
95.461559
95.704193
96.515489
97.274778
95.668756
95.828414
98.562308
97.806502
96.941450
97.441558
97.345750
97.809157
99.229167
99.291840
99.731257
100.000000
100.000000
100.000000
100.000000
100.000000
100.000000
100.000000
100.000000
100.000000
100.000000
100.000000
100.000000
100.000000
100.000000
100.000000
100.000000
100.000000
100.000000
100.000000
100.000000
100.000000
100.000000
100.000000
100.000000
100.000000
100.000000
100.000000
100.000000
100.000000
100.000000
100.000000
100.000000
100.000000
100.000000
100.000000
100.000000
100.000000
100.000000
100.000000
100.000000
100.000000
100.000000
100.000000
100.000000
100.000000
100.000000
100.000000
100.000000
100.000000
100.000000
100.000000
100.000000
100.000000
100.000000
100.000000
100.000000
100.000000
100.000000
100.000000
100.000000
100.000000
100.000000
100.000000
100.000000
100.000000
100.000000
100.000000
100.000000
100.000000
100.000000
100.000000
100.000000
100.000000
100.000000
100.000000
100.000000
100.000000
100.000000
100.000000
100.000000
100.000000
100.000000
100.000000
100.000000
100.000000
100.000000
100.000000
100.000000
100.000000
100.000000
100.000000
100.000000
100.000000
100.000000
100.000000
100.000000
100.000000
100.000000
100.000000
100.000000
100.000000
100.000000
100.000000
100.000000
100.000000
100.000000
100.000000
100.000000
100.000000
100.000000
100.000000
100.000000
100.000000
100.000000
100.000000
100.000000
100.000000
100.000000
100.000000
100.000000
100.000000
100.000000
100.000000
100.000000
100.000000
100.000000
100.000000
100.000000
100.000000
100.000000
100.000000
100.000000
100.000000
100.000000
100.000000
100.000000
100.000000
100.000000
100.000000
100.000000
100.000000
100.000000
100.000000
100.000000
100.000000
100.000000
100.000000
100.000000
100.000000
100.000000
100.000000
100.000000
100.000000
100.000000
100.000000
100.000000
100.000000
100.000000
100.000000
100.000000
100.000000
100.000000
100.000000
100.000000
100.000000
100.000000
100.000000
100.000000
100.000000
100.000000
100.000000
100.000000
100.000000
100.000000
100.000000
100.000000
100.000000
100.000000
100.000000
100.000000
100.000000
100.000000
100.000000
100.000000
100.000000
100.000000
100.000000
100.000000
100.000000
100.000000
100.000000
100.000000
100.000000
100.000000
100.000000
100.000000
100.000000
100.000000
100.000000
100.000000
100.000000
100.000000
100.000000
100.000000
100.000000
100.000000
100.000000
100.000000
100.000000
100.000000
100.000000
100.000000
100.000000
100.000000
100.000000
100.000000
100.000000
100.000000
100.000000
100.000000
100.000000
100.000000
100.000000
100.000000
100.000000
100.000000
100.000000
100.000000
100.000000
100.000000
100.000000
100.000000
100.000000
100.000000
100.000000
100.000000
100.000000
100.000000
100.000000
100.000000
100.000000
100.000000
100.000000
100.000000
100.000000
100.000000
100.000000
100.000000
100.000000
100.000000
100.000000
100.000000
100.000000
100.000000
100.000000
100.000000
100.000000
100.000000
100.000000
100.000000
100.000000
100.000000
100.000000
100.000000
100.000000
100.000000
100.000000
100.000000
100.000000
100.000000
100.000000
100.000000
100.000000
100.000000
100.000000
100.000000
100.000000
100.000000
100.000000
100.000000
100.000000
100.000000
100.000000
100.000000
100.000000
100.000000
100.000000
100.000000
100.000000
100.000000
100.000000
100.000000
100.000000
100.000000
100.000000
100.000000
100.000000
100.000000
100.000000
100.000000
100.000000
100.000000
100.000000
100.000000
100.000000
100.000000
100.000000
100.000000
99.883965
99.738950
99.148746
99.318242
98.966980
99.716743
99.597912
99.834269
99.327271
99.081572
99.280815
99.629512
99.440120
99.958983
99.993003
99.855802
99.361958
100.000000
100.000000
100.000000
100.000000
100.000000
100.000000
100.000000
100.000000
100.000000
100.000000
99.796621
100.000000
100.000000
100.000000
100.000000
100.000000
100.000000
99.922015
100.000000
100.000000
100.000000
100.000000
100.000000
100.000000
100.000000
100.000000
100.000000
100.000000
100.000000
100.000000
100.000000
100.000000
100.000000
100.000000
100.000000
100.000000
100.000000
100.000000
100.000000
100.000000
100.000000
100.000000
100.000000
100.000000
100.000000
100.000000
100.000000
100.000000
100.000000
100.000000
100.000000
100.000000
100.000000
100.000000
100.000000
100.000000
100.000000
100.000000
100.000000
100.000000
100.000000
100.000000
100.000000
100.000000
100.000000
100.000000
100.000000
100.000000
100.000000
100.000000
99.910069
100.000000
100.000000
100.000000
100.000000
99.899525
99.686358
98.963492
99.524454
99.560647
99.626129
99.515237
99.539712
99.358670
99.957361
99.899840
100.000000
99.766207
99.792304
99.330096
99.479249
99.487898
99.929033
99.504231
99.885019
99.166131
99.530858
99.296807
100.000000
99.417373
99.734490
99.573225
99.712950
99.582195
100.000000
99.673650
100.000000
99.616053
100.000000
99.517623
100.000000
100.000000
100.000000
99.916671
99.685666
99.746887
100.000000
99.673338
99.780914
99.517120
99.771424
99.681964
100.000000
99.825733
99.660297
98.997920
99.828131
99.773392
100.000000
100.000000
99.425342
100.000000
100.000000
100.000000
100.000000
100.000000
100.000000
99.291047
100.000000
100.000000
100.000000
100.000000
100.000000
99.758919
100.000000
100.000000
100.000000
100.000000
100.000000
99.495822
100.000000
100.000000
100.000000
100.000000
100.000000
99.712254
100.000000
100.000000
100.000000
100.000000
100.000000
99.809683
99.890778
99.948173
100.000000
100.000000
100.000000
100.000000
99.909206
99.507052
100.000000
100.000000
100.000000
99.960016
99.945329
99.390537
100.000000
99.800420
99.677207
100.000000
99.735879
99.609109
100.000000
99.460281
99.549403
99.237482
99.554344
99.481276
99.767731
99.569485
99.259858
99.890515
100.000000
99.791512
100.000000
99.759597
99.435241
98.762326
99.504456
99.648387
99.816801
99.294070
99.434854
99.409796
97.674260
97.282906
97.436301
96.203306
95.347038
98.388953
96.748294
96.759044
98.551757
97.425027
96.440532
97.035226
96.323394
96.507777
97.598095
96.149461
96.691780
98.369096
96.159706
96.088682
98.040444
96.687490
97.801659
99.104776
96.461480
96.212141
98.624358
96.558209
97.465087
98.687931
96.752301
96.668346
97.662038
96.750648
97.046105
99.439172
98.866691
98.316428
98.223750
96.843040
99.724628
97.608436
97.924917
97.349726
97.609372
97.233049
97.807908
99.504748
97.212624
99.105762
99.729169
97.053739
96.860271
97.040717
100.000000
98.306011
98.045958
98.282256
98.885956
99.901967
99.568377
98.334932
98.761599
97.386052
98.636059
98.549679
98.393732
97.719411
100.000000
98.526094
98.028926
99.388624
98.389469
98.834381
100.000000
98.035046
98.561573
98.667433
97.492299
99.276699
99.983925
97.611708
98.061410
99.146830
97.883914
98.960146
98.973885
97.772945
98.435475
100.000000
97.919731
97.586510
99.213279
97.861347
97.913279
99.415948
98.310284
97.920014
99.879920
97.921570
98.006366
98.288479
97.115731
97.439652
98.512848
97.789505
97.878064
98.674187
99.837607
98.887037
98.507381
96.624698
97.234001
98.015997
99.528489
99.456557
97.775191
96.949971
97.844555
100.000000
99.728514
97.826443
98.695563
97.452100
99.637643
99.681395
97.973055
97.837284
99.778054
97.905155
98.866570
99.152938
98.604048
99.679514
98.996481
98.254703
98.261922
99.423727
99.534427
97.738860
99.040767
98.317571
98.638517
99.044338
97.915163
97.764937
98.749725
97.333846
97.891683
98.942920
97.170245
97.259311
98.296163
97.258861
97.504626
97.902865
98.088950
97.577542
98.414155
96.963323
96.974311
97.826391
98.072180
98.320544
97.648358
98.064619
97.413483
98.596711
97.519906
97.189364
98.100224
98.780864
99.487344
96.995869
97.179276
98.460847
99.642647
98.228950
98.280906
98.813148
98.540259
97.861612
98.440854
98.073996
98.318097
98.527131
97.816747
98.406954
98.504985
97.785000
98.175239
99.116995
99.575625
98.526517
99.956645
98.477604
99.293273
98.743923
98.871125
98.539263
100.000000
97.938265
98.136790
98.475054
99.714653
98.202783
98.135935
97.250854
97.303790
98.379380
98.417812
98.634893
98.721011
97.742168
98.387189
99.482120
99.207613
99.425978
99.133975
98.622086
98.856904
98.893955
98.794733
98.546957
98.403405
98.499527
98.048808
98.479208
97.412011
97.083025
97.847681
96.894146
96.947208
97.232888
97.579595
97.877020
97.642759
98.257698
98.655330
98.650948
97.661390
97.976047
98.777727
99.414336
99.102268
98.773061
97.888921
98.822446
99.826999
97.487059
98.522982
98.575117
97.726186
97.671102
99.525700
97.269605
97.759870
98.054794
97.788983
98.173865
98.350240
97.622748
98.246455
98.736859
97.814482
97.679523
99.299896
98.918088
98.612009
98.794665
98.540419
99.200529
99.665528
99.146572
99.354243
99.050334
97.763245
97.755998
98.051894
97.792399
97.646806
97.403843
97.837955
97.756649
97.941654
97.833618
97.356123
97.289749
96.767579
96.165736
96.892091
96.443064
96.086547
95.418344
96.825481
96.454658
96.515883
96.507984
96.499011
98.126610
97.297900
97.225801
97.847089
97.237280
97.596421
97.292337
97.231167
97.098214
97.203361
97.131762
97.218232
96.912660
96.872317
97.562274
97.698927
97.076354
97.080288
97.778445
96.974988
97.801043
98.234884
97.230826
97.764005
99.387761
99.095834
96.369689
97.493549
96.707474
97.996944
99.370596
96.475242
96.300400
97.586147
96.926224
97.382656
97.431788
97.169419
97.003133
97.294786
96.423962
96.862215
96.182935
96.733038
97.096934
96.982934
97.268883
96.414093
97.506180
96.666111
96.420264
97.727763
97.153737
96.867552
95.913600
96.657338
97.717078
97.952233
97.634215
97.623777
97.945586
97.881288
98.270390
99.080225
97.967938
97.863557
98.096934
98.208362
97.994034
98.613769
97.905249
97.331466
97.336759
97.590332
97.628014
98.009609
97.180091
97.286968
97.385215
97.110913
97.248192
97.976258
97.297668
97.363835
97.211509
97.501345
97.119160
98.010700
97.299288
97.122976
97.476416
97.607517
97.090846
97.383477
97.106984
97.120218
97.081708
97.106529
96.934372
97.536083
96.841936
96.661475
95.788628
96.914608
96.709391
97.043778
96.677941
96.655597
99.577082
98.856919
98.329002
98.951956
99.207212
99.922615
100.000000
98.930178
98.985721
100.000000
98.680927
96.882473
96.685904
98.985423
98.490412
98.268420
97.814482
97.960556
98.307336
97.754202
99.850543
98.368937
97.942227
97.379709
98.167252
98.424431
99.180014
97.896349
97.201653
97.422677
97.597592
97.682449
99.175526
97.915680
97.870814
98.651815
99.055854
97.569315
96.790142
98.241492
97.144906
97.838195
98.629802
97.361072
97.613779
98.989280
98.085401
97.855468
97.985820
97.035466
98.081208
98.457351
97.598460
97.531639
97.845711
98.727991
98.534186
99.357239
98.753320
97.684341
98.105606
100.000000
98.775861
98.829380
98.123401
98.300338
97.555354
98.303636
99.363306
99.432696
98.859926
99.195768
99.857316
99.321653
99.537577
100.000000
100.000000
100.000000
99.978917
99.800554
100.000000
100.000000
99.874930
99.465203
99.866194
99.753690
100.000000
100.000000
99.521746
99.611203
100.000000
99.921839
100.000000
100.000000
100.000000
100.000000
100.000000
100.000000
100.000000
100.000000
100.000000
100.000000
100.000000
100.000000
100.000000
100.000000
100.000000
100.000000
100.000000
100.000000
100.000000
100.000000
100.000000
100.000000
99.999343
100.000000
100.000000
100.000000
100.000000
100.000000
100.000000
100.000000
100.000000
100.000000
100.000000
100.000000
100.000000
100.000000
100.000000
100.000000
100.000000
100.000000
100.000000
100.000000
100.000000
100.000000
100.000000
100.000000
100.000000
100.000000
100.000000
100.000000
100.000000
100.000000
100.000000
100.000000
100.000000
100.000000
99.767158
100.000000
100.000000
100.000000
100.000000
100.000000
100.000000
100.000000
100.000000
100.000000
99.802788
100.000000
100.000000
100.000000
99.973188
99.906786
99.774712
99.273501
98.076973
100.000000
99.708085
99.700070
99.053816
100.000000
100.000000
98.522905
98.049506
100.000000
99.252849
99.053276
100.000000
100.000000
100.000000
100.000000
100.000000
100.000000
100.000000
100.000000
100.000000
100.000000
100.000000
100.000000
100.000000
100.000000
100.000000
98.527057
98.521781
100.000000
97.570490
99.180003
100.000000
98.949750
98.385925
100.000000
100.000000
99.623298
100.000000
99.877898
99.035201
100.000000
99.883362
100.000000
99.914838
99.403873
99.465637
100.000000
99.118078
100.000000
100.000000
99.948533
100.000000
100.000000
100.000000
100.000000
100.000000
98.994498
99.565730
100.000000
100.000000
100.000000
100.000000
99.937218
99.891405
100.000000
100.000000
99.718364
97.986349
100.000000
100.000000
100.000000
100.000000
99.585637
100.000000
99.925587
99.387237
100.000000
100.000000
100.000000
100.000000
99.692422
99.076030
100.000000
100.000000
100.000000
100.000000
100.000000
100.000000
100.000000
99.777205
99.614795
100.000000
100.000000
98.903351
100.000000
99.434385
100.000000
99.683800
100.000000
99.207812
100.000000
99.945936
98.670503
99.325806
99.881348
100.000000
100.000000
99.034245
99.488041
100.000000
99.579431
97.418394
100.000000
100.000000
99.820320
97.640100
98.072792
100.000000
100.000000
97.728504
98.847499
100.000000
98.694009
97.820863
100.000000
98.465817
99.115544
97.668272
97.869285
99.020065
99.255397
97.007634
96.660601
100.000000
99.193777
98.086742
99.053034
98.375437
99.233552
97.147232
96.350100
97.439329
97.590271
97.642650
98.124063
98.887155
97.204183
96.723627
98.478676
98.201152
98.617914
98.398690
98.318887
97.090058
97.982386
96.851946
97.568947
99.974785
98.494043
97.109140
98.393954
96.534715
98.323691
98.580518
97.682332
97.642278
98.522923
97.047005
99.239576
99.271734
97.082593
96.385194
99.262506
96.217452
96.270751
98.666134
97.621894
96.265512
98.514819
96.528952
97.096626
98.850992
97.147289
96.610415
98.443213
96.773426
96.577041
97.682900
96.516637
98.048357
97.023756
95.914176
97.466339
98.774007
97.181646
96.679425
99.670102
96.585483
96.919996
96.606603
96.277320
96.658237
97.366314
96.685737
97.166236
98.195857
96.968345
97.190781
98.899760
96.851459
96.811675
98.875425
96.617107
96.597559
98.990564
96.473768
97.298560
99.082191
95.941607
95.841536
97.599077
95.971953
96.422131
98.600039
98.286763
97.006711
99.503133
96.369767
97.765423
100.000000
97.004842
97.627116
98.451218
98.127917
97.625597
97.428883
96.065257
96.327017
98.715937
96.528279
98.405186
99.045573
96.235497
96.301877
99.305628
96.871206
97.860038
96.853543
96.476549
96.198739
96.775621
97.139949
96.645908
99.352082
97.556534
96.745194
98.170728
98.428950
96.773301
97.428668
96.305462
96.415901
98.456630
97.680889
97.638835
98.988336
96.827935
97.206977
98.863051
97.240927
98.632379
99.934168
97.085654
97.072198
99.453626
98.686415
98.523056
99.119413
97.918150
97.505805
99.168668
99.269779
99.534017
99.541783
97.417018
97.199253
99.116053
97.494123
98.027314
99.304727
97.758051
97.549907
98.803675
98.339561
98.499052
99.136330
97.388896
96.680755
99.216514
97.027338
97.429762
98.316082
97.755320
97.665483
99.527538
97.409162
97.465732
98.171868
96.951205
96.698685
99.388202
97.032397
97.160540
100.000000
97.790473
97.246546
99.273108
97.209782
98.158618
97.277166
97.248848
98.006120
97.742625
97.323022
98.271381
99.401679
98.923482
98.836265
100.000000
98.057494
98.560945
99.273952
99.016608
98.247958
100.000000
97.668094
98.635177
99.253158
98.068371
97.784899
99.049863
97.029041
97.686475
100.000000
96.466665
96.484092
100.000000
97.084116
99.680659
96.514577
97.245559
99.248659
99.641300
97.848879
96.252596
93.923853
99.410929
98.815099
98.691718
99.589712
96.643010
98.258750
98.354533
99.172248
99.222061
97.563629
97.053686
96.341827
98.304551
95.553009
96.879614
99.897424
95.437538
98.540965
97.495744
97.190674
99.165548
97.207438
95.853292
99.624089
96.346884
96.890874
96.594721
96.455868
99.262917
100.000000
98.232467
97.939721
99.020755
98.522678
99.432436
98.173337
97.494380
98.978192
98.982609
98.430097
97.795224
100.000000
100.000000
97.764473
99.344959
97.307549
97.759499
98.921739
98.960073
97.370054
100.000000
98.457311
98.029979
98.519432
99.595170
97.825301
98.950326
97.973474
99.654978
99.337128
98.280735
97.691667
99.549059
97.702666
99.735632
98.371622
97.327362
96.617842
99.548543
97.244606
96.760510
98.707399
98.566531
98.456697
98.407580
98.021096
96.744270
99.928485
98.569183
98.101636
99.208056
97.901431
96.798493
95.444423
97.740773
97.479656
98.656446
97.195081
97.763785
98.559837
98.836675
99.274604
100.000000
98.429319
98.913464
98.757508
97.430294
97.535707
99.773087
97.896453
97.555983
98.974544
98.217017
98.099070
100.000000
99.233683
98.072303
98.298065
97.870122
99.197841
100.000000
97.617232
97.867392
98.735356
99.541025
98.269693
99.589523
97.674593
99.560037
99.879945
98.752401
97.491357
99.676181
99.627937
98.864921
98.845649
99.176511
97.826884
98.991906
99.904453
97.804662
98.243776
98.300527
97.162375
99.196228
97.486966
97.823766
100.000000
98.232690
97.516196
99.411823
97.806392
99.271129
98.072629
97.286346
97.521132
98.953205
98.518272
99.254023
98.654106
98.029055
98.545371
99.797872
98.505354
98.252945
99.692131
98.554438
98.609886
99.344857
97.137420
97.625987
100.000000
99.094419
98.342424
100.000000
98.360631
99.107839
100.000000
98.174542
97.857501
99.692711
97.741174
98.856761
99.425001
98.620003
99.039334
99.720245
98.411392
98.707715
100.000000
98.520998
98.621892
100.000000
98.632385
98.696572
99.965609
99.288437
99.066315
100.000000
98.998433
99.167455
99.542845
99.341946
99.439898
100.000000
99.221984
100.000000
100.000000
100.000000
100.000000
100.000000
99.070651
98.639413
99.413818
98.754044
98.095792
99.259370
99.064140
99.189418
100.000000
99.050230
98.699764
100.000000
98.532840
99.235813
100.000000
98.793456
98.628787
99.779159
99.214886
98.667096
99.152977
97.946384
97.406619
99.394478
97.521657
98.862680
99.454550
98.065860
96.452018
98.481720
97.794676
96.753408
98.270490
97.991020
96.311432
98.576761
97.407789
97.347486
99.912254
95.923703
96.081593
98.556771
96.503242
96.812072
98.316407
97.031114
96.333844
99.929793
96.778189
97.169215
97.191531
96.307170
96.763254
98.008225
96.185066
96.876372
98.543156
97.938034
97.729544
98.658584
96.500309
96.821475
98.299595
96.555689
97.644914
97.657768
97.992949
97.778168
98.783783
97.598685
96.367981
98.240066
95.956717
96.559872
98.949793
96.531933
95.312151
97.827868
96.633916
98.323676
98.868106
97.789299
95.738319
98.150050
95.938256
97.784728
97.733650
95.326904
95.291281
97.911858
95.435340
96.178412
98.791669
97.988665
95.580663
97.928601
95.538369
96.501739
98.638381
95.426021
95.853324
99.164414
95.659793
95.822784
98.059912
96.041241
97.182593
98.189741
95.551910
95.687724
96.061227
95.154859
95.615957
96.705198
96.850795
96.796959
96.851682
97.889898
95.847493
98.412719
94.802138
94.529397
98.131789
96.695601
95.120528
96.881822
94.960670
95.775647
98.145766
97.043291
96.277611
99.053878
98.004515
99.516342
100.000000
99.784342
100.000000
100.000000
100.000000
100.000000
100.000000
100.000000
100.000000
100.000000
100.000000
100.000000
100.000000
100.000000
100.000000
100.000000
100.000000
100.000000
100.000000
100.000000
100.000000
100.000000
100.000000
100.000000
100.000000
100.000000
100.000000
100.000000
100.000000
100.000000
100.000000
100.000000
100.000000
100.000000
100.000000
100.000000
100.000000
100.000000
100.000000
100.000000
100.000000
100.000000
100.000000
100.000000
100.000000
100.000000
100.000000
100.000000
100.000000
100.000000
100.000000
100.000000
100.000000
100.000000
100.000000
100.000000
100.000000
100.000000
100.000000
100.000000
100.000000
100.000000
100.000000
100.000000
100.000000
100.000000
100.000000
100.000000
100.000000
100.000000
100.000000
100.000000
100.000000
100.000000
100.000000
100.000000
100.000000
100.000000
100.000000
100.000000
100.000000
100.000000
100.000000
100.000000
100.000000
100.000000
100.000000
100.000000
100.000000
100.000000
100.000000
100.000000
100.000000
100.000000
100.000000
100.000000
99.722832
100.000000
100.000000
100.000000
100.000000
99.945855
100.000000
100.000000
100.000000
100.000000
100.000000
100.000000
99.476483
100.000000
100.000000
100.000000
100.000000
100.000000
100.000000
100.000000
100.000000
100.000000
99.608809
100.000000
100.000000
99.705483
99.640606
100.000000
100.000000
100.000000
100.000000
99.247272
99.965432
100.000000
99.932753
100.000000
100.000000
100.000000
100.000000
100.000000
100.000000
100.000000
100.000000
100.000000
100.000000
100.000000
100.000000
100.000000
100.000000
100.000000
100.000000
100.000000
100.000000
100.000000
100.000000
100.000000
100.000000
100.000000
100.000000
100.000000
100.000000
100.000000
100.000000
100.000000
100.000000
100.000000
100.000000
100.000000
100.000000
100.000000
100.000000
100.000000
99.618909
100.000000
99.945198
100.000000
100.000000
100.000000
100.000000
100.000000
100.000000
100.000000
100.000000
100.000000
100.000000
100.000000
100.000000
100.000000
100.000000
100.000000
100.000000
100.000000
100.000000
100.000000
100.000000
100.000000
100.000000
100.000000
100.000000
100.000000
100.000000
100.000000
100.000000
100.000000
100.000000
100.000000
100.000000
100.000000
100.000000
100.000000
100.000000
100.000000
100.000000
100.000000
100.000000
99.331083
98.945585
100.000000
98.228919
98.899208
99.767563
99.062455
98.891120
99.738634
98.767030
98.891193
100.000000
99.355024
98.976019
100.000000
98.872875
99.052841
98.363729
98.900290
99.135985
99.885070
99.138860
98.965647
99.444455
99.110726
99.518603
100.000000
99.446304
99.773197
99.886314
99.746488
99.467463
100.000000
99.667623
99.616794
99.935321
99.458074
99.147577
100.000000
99.337285
99.724374
100.000000
100.000000
100.000000
100.000000
100.000000
100.000000
100.000000
100.000000
100.000000
100.000000
100.000000
100.000000
100.000000
100.000000
100.000000
100.000000
100.000000
100.000000
100.000000
99.962895
100.000000
100.000000
99.693721
100.000000
100.000000
99.848772
99.839730
100.000000
99.375287
98.936495
100.000000
99.789300
99.384062
100.000000
100.000000
100.000000
100.000000
100.000000
100.000000
100.000000
100.000000
100.000000
100.000000
100.000000
100.000000
100.000000
100.000000
100.000000
100.000000
100.000000
100.000000
100.000000
100.000000
100.000000
100.000000
98.801233
99.828950
100.000000
99.481412
98.104260
99.062897
98.504485
98.048616
100.000000
98.026137
99.006341
98.830640
98.376470
98.304506
99.662264
99.288029
98.258520
98.756167
98.787114
97.954032
99.549717
98.858148
98.208174
99.302584
99.735442
99.378059
100.000000
99.671172
98.616757
99.301804
98.366081
99.142373
99.408137
99.265225
97.074599
100.000000
99.570617
99.575519
100.000000
98.986877
98.980986
98.453657
99.766097
100.000000
100.000000
100.000000
100.000000
100.000000
100.000000
100.000000
100.000000
100.000000
100.000000
100.000000
100.000000
100.000000
100.000000
100.000000
100.000000
100.000000
100.000000
100.000000
100.000000
100.000000
100.000000
100.000000
100.000000
100.000000
100.000000
100.000000
100.000000
100.000000
100.000000
100.000000
100.000000
100.000000
100.000000
100.000000
100.000000
100.000000
100.000000
100.000000
100.000000
100.000000
100.000000
100.000000
100.000000
100.000000
100.000000
100.000000
100.000000
100.000000
100.000000
100.000000
100.000000
100.000000
100.000000
100.000000
100.000000
100.000000
100.000000
100.000000
100.000000
100.000000
100.000000
100.000000
100.000000
100.000000
100.000000
100.000000
100.000000
100.000000
100.000000
100.000000
100.000000
100.000000
100.000000
100.000000
100.000000
99.777156
100.000000
99.837571
100.000000
100.000000
100.000000
100.000000
99.878775
100.000000
100.000000
100.000000
100.000000
100.000000
100.000000
100.000000
100.000000
99.829156
99.968163
100.000000
100.000000
100.000000
100.000000
100.000000
99.227319
98.832814
99.771991
100.000000
100.000000
99.426510
100.000000
100.000000
100.000000
100.000000
100.000000
100.000000
100.000000
100.000000
100.000000
100.000000
100.000000
100.000000
100.000000
100.000000
100.000000
100.000000
100.000000
100.000000
100.000000
100.000000
100.000000
100.000000
100.000000
100.000000
100.000000
100.000000
100.000000
100.000000
100.000000
100.000000
100.000000
100.000000
100.000000
100.000000
100.000000
100.000000
100.000000
100.000000
100.000000
100.000000
100.000000
100.000000
100.000000
100.000000
100.000000
100.000000
100.000000
100.000000
100.000000
100.000000
100.000000
100.000000
100.000000
100.000000
100.000000
100.000000
100.000000
100.000000
100.000000
100.000000
100.000000
100.000000
100.000000
100.000000
100.000000
100.000000
100.000000
100.000000
100.000000
100.000000
100.000000
100.000000
100.000000
100.000000
100.000000
100.000000
100.000000
100.000000
100.000000
100.000000
100.000000
100.000000
100.000000
100.000000
100.000000
100.000000
100.000000
100.000000
100.000000
100.000000
100.000000
100.000000
100.000000
99.995311
100.000000
100.000000
100.000000
100.000000
100.000000
100.000000
100.000000
100.000000
100.000000
100.000000
100.000000
100.000000
100.000000
100.000000
100.000000
100.000000
100.000000
100.000000
100.000000
100.000000
100.000000
100.000000
100.000000
100.000000
100.000000
100.000000
100.000000
99.705705
100.000000
100.000000
100.000000
100.000000
100.000000
100.000000
100.000000
100.000000
100.000000
100.000000
100.000000
100.000000
100.000000
100.000000
100.000000
100.000000
100.000000
100.000000
100.000000
100.000000
100.000000
100.000000
100.000000
100.000000
100.000000
100.000000
100.000000
100.000000
100.000000
100.000000
100.000000
100.000000
100.000000
100.000000
100.000000
100.000000
100.000000
100.000000
100.000000
100.000000
100.000000
100.000000
100.000000
100.000000
100.000000
100.000000
100.000000
100.000000
100.000000
100.000000
100.000000
100.000000
100.000000
100.000000
100.000000
100.000000
100.000000
100.000000
100.000000
100.000000
100.000000
100.000000
100.000000
100.000000
100.000000
100.000000
100.000000
100.000000
100.000000
100.000000
100.000000
100.000000
100.000000
100.000000
100.000000
99.833537
99.767421
99.247588
99.684887
99.871407
100.000000
99.672482
99.954455
98.898729
99.495472
99.447737
100.000000
99.689054
99.689123
99.650826
100.000000
99.981805
100.000000
99.485876
100.000000
100.000000
100.000000
99.744571
100.000000
100.000000
100.000000
100.000000
100.000000
100.000000
100.000000
100.000000
99.769414
100.000000
100.000000
100.000000
100.000000
100.000000
100.000000
100.000000
100.000000
100.000000
100.000000
100.000000
100.000000
100.000000
100.000000
100.000000
100.000000
100.000000
100.000000
100.000000
100.000000
100.000000
100.000000
100.000000
100.000000
100.000000
100.000000
100.000000
100.000000
100.000000
100.000000
100.000000
100.000000
100.000000
100.000000
100.000000
100.000000
100.000000
100.000000
100.000000
100.000000
100.000000
100.000000
100.000000
100.000000
100.000000
100.000000
100.000000
100.000000
100.000000
100.000000
100.000000
100.000000
100.000000
100.000000
100.000000
100.000000
100.000000
100.000000
100.000000
100.000000
100.000000
100.000000
100.000000
100.000000
100.000000
100.000000
100.000000
100.000000
100.000000
100.000000
100.000000
100.000000
100.000000
100.000000
100.000000
100.000000
100.000000
100.000000
100.000000
100.000000
100.000000
100.000000
100.000000
100.000000
100.000000
100.000000
100.000000
100.000000
100.000000
100.000000
100.000000
100.000000
100.000000
100.000000
100.000000
100.000000
100.000000
100.000000
100.000000
100.000000
100.000000
100.000000
100.000000
100.000000
100.000000
100.000000
100.000000
100.000000
100.000000
100.000000
100.000000
100.000000
100.000000
100.000000
100.000000
100.000000
100.000000
100.000000
100.000000
100.000000
100.000000
100.000000
100.000000
100.000000
100.000000
100.000000
100.000000
100.000000
100.000000
100.000000
100.000000
100.000000
100.000000
100.000000
100.000000
100.000000
100.000000
100.000000
