96.454612
96.771147
98.596596
96.089930
98.401242
96.390186
98.358737
95.849804
97.605092
96.414104
99.637043
97.172029
97.529914
96.542525
98.427500
96.931158
98.791252
96.985595
99.049292
96.207288
98.233895
96.169671
98.671892
97.642519
98.953152
96.001688
98.501529
96.034203
98.803686
97.586657
97.875468
96.169698
98.095447
95.862250
98.486332
97.538150
100.000000
95.811534
98.278456
95.976267
98.106688
98.051858
98.927821
96.578251
98.988049
96.489081
99.249839
97.131723
97.673586
96.951298
98.949250
96.268238
98.377015
97.241631
97.948519
97.047360
98.666780
99.084117
98.029047
98.038444
98.165230
96.363165
98.409834
97.688590
98.488192
96.718132
97.786265
96.041813
97.885796
96.864746
98.290053
97.251359
99.356125
95.731192
99.203854
95.825000
97.663987
97.179454
97.636012
96.478465
99.018513
95.570251
97.708546
96.062271
97.400146
96.969503
99.432037
95.584976
97.588015
95.885463
99.233599
97.772589
99.979936
95.711490
97.573283
96.852648
100.000000
98.364950
99.089987
95.545575
97.707391
97.275174
98.879652
96.619531
98.382014
96.224902
98.079007
96.554870
98.835219
96.602160
99.217205
96.403205
98.666168
96.993010
98.014258
96.843522
98.299085
98.400975
97.171994
98.513267
98.038086
95.927363
98.997972
95.960415
97.610921
96.567818
98.070316
96.504879
98.205275
95.662854
97.727644
95.942508
98.135095
96.252544
99.365718
95.770072
97.516211
97.496673
98.155841
96.232586
98.239965
95.711715
99.829871
96.209809
97.578659
95.210119
98.319488
97.509937
98.442466
95.799993
97.373646
96.555729
99.617937
96.918899
98.073295
96.480145
97.602683
96.548514
99.426852
96.638618
98.069751
96.964041
99.097336
96.707189
98.690298
96.444766
98.957325
97.059453
98.307548
96.917596
98.520547
95.537813
97.731748
97.319314
100.000000
96.423328
98.365908
98.106636
97.488474
100.000000
99.831160
96.074034
98.879688
96.195460
98.645318
97.218492
98.575335
96.029237
98.260759
95.717294
98.021320
96.679650
100.000000
96.028377
98.373324
95.887617
98.244039
96.706608
100.000000
95.783753
98.247752
95.487110
100.000000
98.387239
97.880488
95.946015
98.756449
97.474772
99.224449
96.094848
97.874798
96.700687
98.180906
95.417921
99.280010
95.703909
97.706741
95.694209
98.217387
95.274169
98.100049
97.218301
98.270994
94.816742
98.750312
95.896176
97.948169
97.002909
99.929549
98.026435
99.965953
96.429555
100.000000
97.618680
96.266586
95.037617
99.618191
97.767459
95.989604
98.907666
97.918797
95.649107
98.172656
97.329027
100.000000
98.306760
100.000000
97.943022
99.188971
96.292423
100.000000
96.320409
95.669184
95.179049
99.644582
94.665516
97.239192
96.158243
98.275359
96.723905
98.274257
95.502580
97.950278
97.790131
99.554338
97.180840
98.927372
97.316044
98.382848
96.692282
100.000000
98.080841
98.554075
95.835027
99.318143
98.252020
98.588773
97.019324
100.000000
96.553291
98.403594
97.098282
99.956485
95.930058
98.293637
95.976087
98.640371
96.256529
97.896788
95.989580
98.347851
95.757916
98.530727
96.299194
97.961881
97.005856
98.439585
98.162553
96.098565
98.941184
99.659964
97.136181
98.716176
96.451745
97.949270
96.712983
98.910664
96.639233
97.850159
95.405978
97.890080
96.059786
98.473793
95.697115
99.165550
96.229417
97.799816
96.212212
97.678572
97.309816
99.127381
95.962322
98.070477
97.190384
97.933791
96.454234
98.136844
95.073011
99.886253
95.999188
98.029739
95.976159
99.576790
95.958445
97.851826
96.485547
99.734768
96.910302
98.327284
96.461463
98.421595
96.455775
98.545342
97.141912
99.041794
96.064542
98.069110
98.159516
99.416307
96.843651
98.835994
96.313733
98.824587
97.875877
99.295555
96.685865
99.121838
98.673002
97.335926
98.302521
98.841747
96.754461
98.341720
95.930966
98.936855
96.731961
98.999219
96.514640
97.983560
96.182839
98.166853
96.550178
98.316291
95.408077
99.794175
97.141103
98.237028
96.633309
97.991165
95.828434
99.886742
95.895467
97.878492
96.573072
98.744588
96.455216
97.847181
96.260938
97.888519
95.774857
97.808976
95.504383
98.375126
95.218591
97.537115
95.990932
97.926160
96.034196
98.648448
95.321783
97.627339
96.047847
98.101135
96.529986
98.734561
96.661521
98.360057
96.232191
97.653362
96.066703
99.493918
95.343659
97.868987
96.186577
98.063883
97.053289
98.320377
97.943308
96.669443
98.174677
98.488163
96.428430
97.959578
96.481718
97.798459
96.305065
97.804380
95.840087
99.253508
95.042939
98.644465
95.552278
99.454721
96.726368
98.111549
95.391276
99.159686
95.348862
96.610410
96.480273
98.507572
95.115593
98.363534
95.306955
96.432702
94.420242
97.903746
96.348795
97.420180
95.525698
99.115934
94.669805
97.265110
95.561731
97.708355
97.998542
98.559902
95.207663
97.740120
96.383932
98.893899
97.778661
98.070459
95.494183
97.868821
95.581700
98.505288
96.027097
97.740318
95.950595
98.300730
95.804345
97.484747
96.203867
97.448254
96.157090
98.694258
98.120084
96.419825
98.131868
99.342638
96.169256
97.608577
95.414382
98.016507
96.577087
98.348925
95.876036
98.101194
95.896413
97.056361
95.645420
98.218453
96.920022
97.523368
94.406412
98.079130
96.439226
97.370600
94.930205
98.032990
96.336840
96.957268
94.953990
99.982626
96.726371
97.786854
94.492678
98.675183
96.977749
97.483138
95.208425
98.868680
95.302251
97.029816
95.453692
97.020352
95.466231
98.624584
94.951159
97.904013
97.298932
98.343363
97.333127
99.610443
95.569537
98.159488
96.493418
100.000000
97.748776
100.000000
96.505546
98.845286
97.651590
98.629587
94.984792
97.783061
97.878726
96.441598
97.577289
97.836191
95.872651
99.377182
96.985596
99.186957
98.072281
100.000000
96.920602
98.892505
96.915993
97.836384
95.671720
98.662803
95.777052
97.665596
95.289978
97.637959
96.707747
100.000000
96.799064
99.308000
96.694416
99.240890
98.255522
99.062858
97.366480
100.000000
97.540214
98.783082
96.182097
98.695587
94.906739
98.719025
96.734433
98.065281
95.539794
97.916078
95.487156
98.615564
95.394508
97.889099
97.330510
99.032717
95.226877
98.203845
95.208226
97.933985
95.600429
98.161945
96.193883
98.970962
95.971413
97.736389
95.104532
98.215483
97.463762
98.864914
98.556301
95.678772
100.000000
100.000000
98.429055
99.250287
95.385624
97.488474
97.337027
100.000000
93.909593
98.301209
93.976331
97.865978
94.393231
97.312605
97.284308
100.000000
97.646120
97.314699
94.213152
99.374131
97.644707
99.297872
94.499268
97.645634
95.785521
98.098990
97.406406
99.792043
93.411057
97.278777
95.845043
100.000000
97.593684
97.172806
92.621956
98.649653
95.057442
98.276696
92.293367
99.727363
98.057248
99.080660
96.390726
96.449458
95.919440
100.000000
95.944600
97.840039
95.709049
98.363917
95.707831
98.065355
95.020835
97.638498
97.386544
96.731042
95.146666
98.873202
99.378206
96.127736
97.316089
99.448277
96.699011
98.210451
96.513715
98.388586
96.192691
98.193158
96.431590
98.479804
95.876853
97.778437
96.741548
98.785804
96.805260
98.578405
96.209114
98.456933
96.762489
98.630647
96.798161
98.847203
96.320037
98.032125
96.449755
98.615989
96.653630
98.631023
95.954222
98.104344
96.181524
99.042689
96.175459
98.391102
95.741809
97.868688
96.379853
98.945797
95.988509
98.999836
95.398375
98.293524
97.022335
98.586446
95.893279
99.642097
96.793059
98.418053
97.287510
99.055468
96.466583
98.804255
96.125708
98.637014
96.664657
98.089285
96.442977
98.850607
99.536065
96.905159
98.641619
98.667688
96.338327
98.639139
96.102200
99.534023
96.553704
97.620474
93.820175
99.074531
94.559228
97.420741
95.790614
99.136075
95.825723
98.011860
96.083945
98.519426
97.660978
100.000000
95.418684
97.809556
94.507277
98.017674
98.158641
100.000000
93.488102
97.113145
94.732763
100.000000
98.029345
98.089746
93.793153
98.284507
94.495390
96.481504
93.367011
100.000000
98.637740
100.000000
95.858166
98.025253
94.952595
100.000000
96.973488
98.792476
94.389511
97.182346
97.272460
100.000000
96.530800
98.965829
96.762403
97.180839
95.138194
96.210974
95.464199
100.000000
99.795468
97.109104
99.167995
97.939592
96.823616
100.000000
94.192254
97.269340
96.419973
98.963862
97.075666
98.778923
96.330833
100.000000
97.794942
98.999806
96.812948
99.215298
95.284195
98.136573
97.361286
97.510848
96.218584
98.534711
94.865142
98.104736
98.295226
99.445097
97.494421
100.000000
97.365854
99.898225
97.667057
98.688402
96.810562
100.000000
96.932887
97.930327
96.173523
98.720780
97.176414
98.249831
95.688068
99.108643
97.206422
98.477306
96.086577
98.177494
97.116077
99.728731
96.794121
96.858608
96.630098
100.000000
97.483383
100.000000
96.065871
95.871408
94.714589
99.713463
99.201398
95.700264
97.107384
98.495472
95.763565
98.280205
95.608090
97.896310
96.835616
98.772482
96.002768
97.898459
96.343776
97.909532
96.544914
98.847358
95.841509
98.178947
95.755398
97.558244
96.819668
99.613592
95.546255
97.702014
95.422090
98.058067
97.068109
100.000000
97.927879
98.672827
95.559616
100.000000
98.984362
99.223722
96.925952
100.000000
96.929896
98.758717
97.858261
98.483495
95.574041
98.224271
95.632754
97.871014
97.002231
98.710497
95.778593
99.671097
97.752473
99.864209
98.504433
100.000000
96.179397
99.562874
97.547170
99.987655
96.214110
97.528347
96.665725
98.429791
97.722004
96.120710
98.437798
99.889530
95.626066
97.972093
96.292877
98.631381
96.360941
99.067880
95.893543
97.679560
95.116873
98.661373
95.757424
98.483289
95.194880
99.066309
95.252869
97.712182
95.723554
97.995438
95.768951
98.217023
95.222703
97.967176
96.588212
99.596804
95.771383
97.810313
94.661900
98.505769
97.193997
98.377529
95.664859
97.794978
94.840879
98.378208
96.741395
98.059233
95.768612
97.853738
95.180471
97.635054
96.001780
97.946510
97.144599
98.243248
95.633283
97.995475
96.533943
98.626517
96.247339
98.635341
95.703236
98.833139
96.607031
97.328420
95.545795
99.557216
99.022959
96.574395
97.496869
98.211169
96.568969
98.492348
96.234186
98.152012
95.615476
98.020757
96.468283
98.207781
94.901607
97.881082
96.104804
98.161540
95.184915
98.739952
95.728528
99.454119
98.041714
99.026130
98.935001
100.000000
99.751726
100.000000
100.000000
100.000000
100.000000
100.000000
100.000000
100.000000
100.000000
100.000000
100.000000
100.000000
100.000000
100.000000
100.000000
100.000000
100.000000
100.000000
100.000000
100.000000
100.000000
100.000000
100.000000
100.000000
100.000000
100.000000
100.000000
100.000000
100.000000
100.000000
100.000000
100.000000
100.000000
100.000000
100.000000
100.000000
100.000000
100.000000
100.000000
100.000000
100.000000
100.000000
100.000000
100.000000
100.000000
100.000000
100.000000
100.000000
100.000000
100.000000
100.000000
100.000000
100.000000
100.000000
100.000000
100.000000
100.000000
100.000000
100.000000
100.000000
100.000000
100.000000
100.000000
100.000000
100.000000
100.000000
100.000000
100.000000
100.000000
100.000000
100.000000
100.000000
100.000000
100.000000
100.000000
100.000000
100.000000
100.000000
100.000000
100.000000
100.000000
100.000000
100.000000
100.000000
100.000000
100.000000
100.000000
100.000000
100.000000
100.000000
100.000000
100.000000
100.000000
100.000000
100.000000
100.000000
100.000000
100.000000
100.000000
100.000000
100.000000
100.000000
100.000000
100.000000
100.000000
100.000000
100.000000
100.000000
100.000000
100.000000
100.000000
100.000000
100.000000
100.000000
100.000000
100.000000
100.000000
100.000000
100.000000
100.000000
100.000000
100.000000
100.000000
100.000000
100.000000
100.000000
100.000000
100.000000
100.000000
100.000000
100.000000
100.000000
100.000000
100.000000
100.000000
100.000000
100.000000
100.000000
100.000000
100.000000
100.000000
100.000000
100.000000
100.000000
100.000000
100.000000
100.000000
100.000000
100.000000
100.000000
100.000000
100.000000
100.000000
100.000000
100.000000
100.000000
100.000000
100.000000
100.000000
100.000000
100.000000
100.000000
100.000000
100.000000
100.000000
100.000000
100.000000
100.000000
100.000000
100.000000
100.000000
100.000000
100.000000
100.000000
100.000000
100.000000
100.000000
100.000000
100.000000
100.000000
100.000000
100.000000
100.000000
100.000000
100.000000
100.000000
100.000000
100.000000
100.000000
100.000000
100.000000
100.000000
100.000000
100.000000
100.000000
100.000000
100.000000
100.000000
100.000000
100.000000
100.000000
100.000000
100.000000
100.000000
100.000000
100.000000
100.000000
100.000000
100.000000
100.000000
100.000000
100.000000
100.000000
100.000000
100.000000
100.000000
100.000000
100.000000
100.000000
100.000000
100.000000
100.000000
100.000000
100.000000
100.000000
100.000000
100.000000
100.000000
100.000000
100.000000
100.000000
100.000000
100.000000
100.000000
100.000000
100.000000
100.000000
100.000000
100.000000
100.000000
100.000000
100.000000
100.000000
100.000000
100.000000
100.000000
100.000000
100.000000
100.000000
100.000000
100.000000
100.000000
100.000000
100.000000
100.000000
100.000000
100.000000
100.000000
100.000000
100.000000
100.000000
100.000000
100.000000
100.000000
100.000000
100.000000
100.000000
100.000000
100.000000
100.000000
100.000000
100.000000
100.000000
100.000000
100.000000
100.000000
100.000000
100.000000
100.000000
100.000000
100.000000
100.000000
100.000000
100.000000
100.000000
100.000000
100.000000
100.000000
100.000000
100.000000
100.000000
100.000000
100.000000
100.000000
100.000000
100.000000
100.000000
100.000000
100.000000
100.000000
100.000000
100.000000
100.000000
100.000000
100.000000
100.000000
100.000000
100.000000
100.000000
100.000000
100.000000
100.000000
98.977722
99.908160
98.976372
98.947448
99.303625
100.000000
99.435166
99.998747
99.312302
99.488643
99.114799
100.000000
99.143895
100.000000
99.871774
99.819972
99.800174
100.000000
100.000000
100.000000
100.000000
100.000000
99.986315
100.000000
100.000000
100.000000
100.000000
100.000000
99.857153
100.000000
100.000000
100.000000
100.000000
100.000000
100.000000
100.000000
100.000000
100.000000
100.000000
100.000000
99.820101
100.000000
99.917801
100.000000
100.000000
100.000000
100.000000
100.000000
100.000000
100.000000
100.000000
100.000000
100.000000
100.000000
100.000000
100.000000
100.000000
100.000000
100.000000
100.000000
100.000000
100.000000
100.000000
100.000000
99.710780
100.000000
99.860413
100.000000
100.000000
100.000000
99.957541
100.000000
100.000000
100.000000
100.000000
100.000000
99.951938
100.000000
100.000000
100.000000
100.000000
100.000000
99.755056
100.000000
100.000000
100.000000
100.000000
100.000000
99.485572
100.000000
99.609039
100.000000
99.709830
99.641497
98.797512
100.000000
98.993976
100.000000
99.191734
99.641421
98.887467
100.000000
98.956063
100.000000
99.465514
99.572504
98.707724
100.000000
98.907322
100.000000
99.543719
99.445436
98.786752
100.000000
99.079134
100.000000
99.293266
99.757197
98.955257
100.000000
99.043063
100.000000
99.693275
99.869980
99.061937
100.000000
99.226562
100.000000
99.918358
100.000000
98.972813
100.000000
99.330369
100.000000
99.532833
99.863724
99.205382
100.000000
99.150514
100.000000
99.711105
99.682741
99.112280
100.000000
100.000000
99.898349
100.000000
100.000000
99.363544
100.000000
99.294805
100.000000
99.733632
100.000000
99.279989
100.000000
99.657686
100.000000
99.723324
100.000000
98.970892
100.000000
99.183460
100.000000
99.600827
99.916961
99.059196
100.000000
99.010279
100.000000
99.595137
100.000000
99.400426
100.000000
99.526728
100.000000
99.676478
100.000000
99.312584
100.000000
99.548153
100.000000
100.000000
100.000000
99.020840
100.000000
99.304819
100.000000
99.619779
100.000000
99.049151
100.000000
99.076842
100.000000
99.700508
100.000000
98.948392
100.000000
99.308573
100.000000
99.669705
99.790275
99.002212
100.000000
100.000000
99.508797
99.883099
99.982283
99.209062
100.000000
99.020503
100.000000
98.963974
99.865216
98.473396
100.000000
98.736548
100.000000
99.147278
99.791502
98.046103
98.737357
97.291143
98.353516
96.699725
99.659252
96.073217
98.698576
95.605859
98.018959
96.195000
97.621696
96.142415
98.261203
95.628790
97.663702
96.577975
98.655109
96.188963
98.202415
96.742271
98.224046
97.832265
99.428978
96.635291
98.478010
97.456505
98.258506
97.286015
99.191594
96.641139
98.733098
96.330350
98.603037
97.182240
99.991095
98.715867
100.000000
96.378133
98.848344
99.129617
98.489786
97.736210
99.626085
98.947311
97.862210
99.189098
99.388372
96.014739
100.000000
97.535634
98.525236
97.126773
98.985985
98.813782
100.000000
97.015762
99.258572
98.601935
100.000000
99.033205
99.624170
97.151081
98.580819
98.162937
98.854728
97.288110
99.874095
99.103427
99.841630
97.461963
99.383182
98.138302
100.000000
98.958185
99.159804
97.978533
98.650111
97.103500
100.000000
98.228895
99.020678
97.916311
99.233157
97.005989
100.000000
96.968468
99.126937
98.003245
100.000000
97.981203
99.619211
97.771405
99.452720
98.285290
100.000000
98.471092
99.921150
98.313706
99.593252
98.220138
99.428006
97.135565
99.785360
99.936245
98.366751
99.065521
98.818918
99.268177
100.000000
97.291929
98.594687
97.401044
99.690459
98.949095
100.000000
96.939551
98.593512
97.826972
100.000000
99.196062
99.038553
96.947890
98.407937
98.975748
100.000000
97.801526
99.429641
98.390292
99.112662
98.759100
99.425707
98.112101
100.000000
97.365869
99.059226
97.994816
99.690334
99.366779
99.059052
97.730160
99.154381
98.437596
99.409712
97.815595
99.115198
97.417842
98.248482
97.741635
99.377759
97.132228
99.111709
97.101359
98.476485
97.543660
98.517221
98.060502
99.540913
97.387663
98.637009
97.530454
99.123715
98.105976
99.298544
99.022999
97.621213
98.732964
99.183796
97.621470
99.045097
96.479377
100.000000
99.369959
98.174313
96.576279
99.817229
98.897663
99.410719
98.279984
99.430545
97.833332
98.671135
96.719591
98.440731
98.037601
99.018062
97.559785
99.816524
97.197091
98.426359
97.868672
99.606164
99.256479
99.871550
98.105795
99.142333
98.751275
99.039582
98.081502
100.000000
98.459859
98.957665
97.811547
98.835970
98.882816
99.365706
96.974908
98.275561
96.948457
98.698343
98.103392
99.624122
97.378160
98.576915
97.815132
99.590052
98.580941
100.000000
97.761900
99.133432
98.000763
99.374104
98.028326
99.453195
99.490516
98.025071
98.700822
99.365286
97.933965
99.343505
97.241670
98.795122
97.841901
98.886506
97.420416
98.895769
97.190913
98.635485
97.755784
99.056762
97.541934
99.150834
97.131820
99.717866
98.039351
99.066918
97.308089
100.000000
97.953668
98.827698
97.806617
98.930389
97.321625
99.101174
97.744484
98.331058
97.244369
98.232016
97.018313
99.243834
96.743736
98.550886
97.763342
98.960399
97.402649
99.244391
97.718161
99.561928
97.873370
98.874137
97.939531
100.000000
98.038179
99.816985
98.375609
99.130651
97.356595
99.001651
96.386004
98.237768
96.924896
97.686889
96.770337
98.874282
98.946483
97.020516
97.761713
97.947137
96.785553
98.097446
95.617546
97.843625
96.419948
97.383671
96.414353
97.905582
96.100642
97.131864
96.233497
98.738171
96.104501
97.790995
95.891214
97.339301
96.896095
97.670541
96.403270
98.047776
95.929398
97.854549
96.639706
97.330823
95.983306
98.350161
96.181594
97.458923
96.418398
97.941053
96.163791
98.740891
96.494972
98.076560
97.132196
99.596094
98.379368
97.602484
95.510635
97.445192
97.315265
99.522212
95.591026
97.583217
95.577260
97.577151
97.047159
97.746021
96.192607
98.352636
95.648733
97.342266
96.719448
96.968877
95.849370
97.921404
98.021053
96.556181
97.143812
97.900386
96.488484
98.051555
96.458367
98.359217
96.797672
97.403137
96.251395
98.955577
97.195708
98.169521
97.342448
98.319301
97.152438
99.014632
97.512944
98.053020
97.307790
98.510203
97.417734
98.735954
97.025090
98.417087
96.599924
97.700103
96.705588
98.415020
96.238084
97.767444
96.658794
97.739861
96.540442
98.354655
96.384585
98.162729
96.776862
97.597161
96.581485
98.321120
96.279210
97.717909
96.736200
97.861446
96.657174
98.082151
95.872004
97.703041
96.905281
97.859582
96.555123
98.367559
96.144358
97.715793
96.851325
97.577740
96.636799
98.048369
98.023506
96.378053
97.949625
99.762957
98.515554
99.703891
97.722144
100.000000
99.909593
100.000000
98.405187
100.000000
99.632019
99.358485
96.437703
97.417710
98.126400
99.101371
96.537280
97.916640
97.073580
98.532295
96.432426
100.000000
96.417371
98.215515
96.367593
98.444819
96.953757
99.666278
96.132002
97.697476
97.025069
98.069076
97.079126
99.727618
96.406521
98.241450
97.616872
99.317405
97.357051
98.731312
96.427707
98.092545
97.450099
99.067290
96.864196
98.745424
97.338404
98.314215
97.573578
98.594138
96.754167
99.902204
97.180996
98.747101
97.352415
99.136908
98.366875
99.621939
100.000000
98.591805
98.481088
98.484802
99.420820
100.000000
97.805942
99.538832
98.896860
99.623473
98.046966
100.000000
98.649036
99.595678
98.696975
100.000000
98.133310
100.000000
99.751523
100.000000
99.597998
100.000000
99.099756
100.000000
99.202090
100.000000
98.894445
100.000000
98.791068
100.000000
98.261410
99.944841
98.976773
100.000000
98.770231
100.000000
98.376650
100.000000
99.114428
99.962348
100.000000
100.000000
99.437384
100.000000
99.933172
100.000000
100.000000
100.000000
100.000000
100.000000
100.000000
100.000000
99.433482
100.000000
100.000000
100.000000
100.000000
100.000000
100.000000
100.000000
100.000000
100.000000
100.000000
100.000000
100.000000
100.000000
100.000000
100.000000
100.000000
100.000000
100.000000
100.000000
100.000000
100.000000
100.000000
100.000000
100.000000
100.000000
100.000000
100.000000
100.000000
100.000000
100.000000
100.000000
99.231649
100.000000
100.000000
100.000000
100.000000
100.000000
99.720654
100.000000
99.489952
100.000000
100.000000
100.000000
98.191782
100.000000
100.000000
100.000000
99.545253
100.000000
98.661824
100.000000
99.364719
100.000000
98.882840
100.000000
97.278556
99.679085
99.858500
100.000000
98.128345
100.000000
97.550988
100.000000
98.065699
98.252193
99.293756
100.000000
100.000000
100.000000
100.000000
100.000000
99.391440
100.000000
99.244684
100.000000
100.000000
100.000000
99.665369
100.000000
99.029804
100.000000
99.327167
100.000000
97.876734
100.000000
99.915237
100.000000
97.351505
100.000000
97.798684
100.000000
98.607499
100.000000
98.613599
100.000000
99.543068
100.000000
97.980665
100.000000
99.147961
100.000000
98.578263
100.000000
98.103615
100.000000
99.637472
100.000000
99.030209
100.000000
98.380312
100.000000
99.891708
100.000000
97.451598
100.000000
98.415078
100.000000
100.000000
100.000000
99.262132
100.000000
99.619984
100.000000
99.942538
98.808474
98.780065
100.000000
100.000000
99.144037
100.000000
100.000000
99.086543
100.000000
98.038563
100.000000
99.690130
100.000000
98.151141
100.000000
99.710578
100.000000
99.215716
100.000000
99.058182
100.000000
99.689731
100.000000
98.356971
100.000000
99.140363
100.000000
97.547358
100.000000
98.979047
100.000000
98.886099
100.000000
98.459540
100.000000
98.095398
99.798947
98.309137
100.000000
97.590285
100.000000
98.725180
100.000000
99.005293
100.000000
97.041044
100.000000
98.691129
97.746524
96.273210
100.000000
97.824189
100.000000
98.388659
100.000000
98.670382
100.000000
98.456783
100.000000
99.137965
99.042631
97.549198
100.000000
100.000000
98.021585
98.577294
100.000000
97.772468
99.366587
96.343960
99.542266
98.660420
99.693012
96.356889
99.166106
97.247835
98.836646
97.516253
99.685343
96.246422
98.924944
96.470170
98.997667
97.369728
98.968807
96.441930
99.585149
96.384870
98.298697
97.351855
100.000000
98.662819
99.654486
96.137478
98.093522
97.948244
99.249997
96.625783
99.506378
96.135301
98.400663
98.220830
99.516098
96.384761
99.127492
96.915425
98.370867
96.194478
99.201015
96.873378
98.976484
96.418827
98.645553
97.131896
99.516551
96.739981
99.059398
96.460044
98.952995
97.016121
98.832209
96.071753
99.869246
98.593945
96.455159
99.244672
98.857650
96.395153
98.582062
97.204571
98.524577
97.106839
98.469085
95.718993
98.421575
96.512097
98.066043
96.668895
98.644112
96.169766
98.846905
96.473265
98.008322
96.212279
99.349531
95.681521
98.354036
96.887892
97.716779
96.379106
99.402962
95.695702
98.381506
96.260639
97.945888
96.519185
99.156823
97.285529
99.694128
96.752046
98.888039
98.041049
100.000000
96.529343
99.709128
96.140046
99.306557
97.214663
97.945831
96.081569
98.652037
96.904774
98.676178
97.988465
99.560692
95.855781
98.762257
96.998210
98.642391
98.022636
98.501852
96.717837
98.413561
98.593227
97.990999
98.628119
99.525701
97.081783
98.437742
95.602816
99.468704
96.974842
99.557700
96.224204
98.522552
97.596126
99.211048
97.540894
99.468830
95.977606
98.703535
96.751045
98.496236
98.241884
100.000000
96.574396
98.755382
97.235980
99.651914
97.702585
99.569032
97.258487
99.136855
97.115322
100.000000
98.839781
100.000000
97.057730
98.907573
97.423504
98.674669
97.663760
99.799573
97.427865
99.135325
96.756119
99.263056
97.905495
99.432336
97.499390
99.239671
97.326841
99.041892
97.412877
99.025189
97.494400
99.658624
97.402275
99.344483
97.797742
99.519413
97.278076
99.135354
100.000000
97.594322
98.049204
100.000000
97.637432
99.261607
97.469195
99.398127
98.584112
99.417727
97.469892
99.927642
97.132357
98.900000
98.105552
99.878391
98.380120
100.000000
97.904848
99.495953
98.226313
99.743029
98.242331
100.000000
97.670841
99.612483
98.246316
99.784228
97.401699
99.649280
96.681397
98.567142
97.411349
100.000000
94.244028
99.916976
97.923771
100.000000
100.000000
97.278418
97.173991
100.000000
96.477025
99.280293
95.399152
94.475485
100.000000
100.000000
97.801173
100.000000
96.895731
98.629450
96.815738
100.000000
96.234442
99.737661
96.471683
98.165192
97.265629
97.840836
98.340958
99.281713
97.112552
98.526630
96.720992
99.456497
97.627326
99.008491
96.499466
100.000000
95.918268
99.156697
96.264864
98.875504
99.075678
100.000000
97.229744
99.435164
97.152314
99.992332
98.678877
98.284463
96.778933
100.000000
96.716233
99.710751
97.003382
100.000000
98.849311
99.839311
97.291134
99.379805
97.279031
99.104782
97.752700
100.000000
98.366323
99.992962
97.612525
98.633901
98.577255
99.560854
96.980621
99.694888
99.106104
99.535204
98.241020
100.000000
97.690740
99.739494
98.786824
98.842360
97.490444
99.831356
97.018040
99.925344
97.379070
99.349229
97.778615
100.000000
100.000000
98.216264
98.074806
99.946947
97.834002
100.000000
96.769581
100.000000
96.843794
97.820100
97.373866
99.353378
97.000933
98.599144
97.403728
98.969686
97.261639
100.000000
98.069970
99.559451
97.842098
99.064559
97.213144
99.851221
97.753144
99.870992
97.416786
99.145615
97.313629
100.000000
98.951731
100.000000
97.619499
98.699032
96.825137
100.000000
99.396549
99.918127
97.700082
99.333810
98.835974
100.000000
97.556264
99.583019
98.861521
100.000000
98.387747
100.000000
97.820734
100.000000
98.682750
99.343788
98.716521
100.000000
96.789050
100.000000
97.598293
99.470252
98.468759
100.000000
100.000000
98.154356
99.523728
100.000000
97.463161
99.599519
96.910825
99.409028
98.473764
99.611429
96.766936
98.946988
97.275811
99.405039
98.008406
98.587534
96.509319
99.751742
96.794295
99.437974
97.360897
99.881805
97.556756
100.000000
97.138270
99.015995
97.323507
100.000000
98.359388
100.000000
97.522826
99.950534
98.625615
100.000000
97.709023
100.000000
97.977223
99.668014
98.498331
99.919347
97.500567
100.000000
97.324398
100.000000
98.523865
100.000000
98.271051
100.000000
98.673942
100.000000
98.963020
100.000000
98.875756
100.000000
98.548981
100.000000
99.469045
100.000000
99.562898
100.000000
100.000000
99.633674
100.000000
100.000000
100.000000
100.000000
98.932325
100.000000
99.118139
100.000000
98.721868
100.000000
97.847827
100.000000
98.788807
100.000000
98.241740
100.000000
97.747989
99.760760
98.601964
100.000000
97.971281
100.000000
97.359217
100.000000
97.910641
99.501093
97.157728
99.613660
97.246028
99.457277
97.969727
99.610499
97.305071
98.754981
95.732471
99.284338
96.610930
98.567662
97.333322
98.724516
95.623603
99.182872
96.962573
100.000000
95.503747
98.790417
96.241553
98.696782
97.043505
99.093573
96.605582
99.106695
96.941877
99.188702
96.866085
98.396714
96.805455
99.471054
99.438573
97.071692
98.254189
98.386500
96.608292
99.441919
96.013208
98.351069
96.666790
100.000000
96.082250
99.385382
95.506333
98.855855
96.797680
99.131870
96.424498
98.284832
95.663497
97.670728
96.284600
99.219703
96.268246
98.072419
96.088578
98.344030
97.971886
99.131151
96.980107
98.436260
95.480220
98.156958
96.657027
98.317065
95.074366
97.917287
95.419316
97.822927
96.181750
99.039153
96.837742
98.180472
95.609332
97.649318
96.462677
99.331655
94.975251
98.567595
96.213840
98.213589
96.041782
98.698408
95.264661
99.762989
95.383270
97.931700
96.210136
98.052842
95.568194
98.609043
98.377732
97.407368
98.339536
96.638628
95.773378
98.368577
95.454128
97.234488
94.854791
100.000000
96.595215
98.176961
95.649520
97.142696
95.823581
98.868116
96.522798
98.614190
96.326628
99.374236
100.000000
100.000000
100.000000
100.000000
100.000000
100.000000
100.000000
100.000000
100.000000
100.000000
100.000000
100.000000
100.000000
100.000000
100.000000
100.000000
100.000000
100.000000
100.000000
100.000000
100.000000
100.000000
100.000000
100.000000
100.000000
100.000000
100.000000
100.000000
100.000000
100.000000
100.000000
100.000000
100.000000
100.000000
100.000000
100.000000
100.000000
100.000000
100.000000
100.000000
100.000000
100.000000
100.000000
100.000000
100.000000
100.000000
100.000000
100.000000
100.000000
100.000000
100.000000
100.000000
100.000000
100.000000
100.000000
100.000000
100.000000
100.000000
100.000000
100.000000
100.000000
100.000000
100.000000
100.000000
100.000000
100.000000
100.000000
100.000000
100.000000
100.000000
100.000000
100.000000
100.000000
100.000000
100.000000
100.000000
100.000000
100.000000
100.000000
100.000000
100.000000
100.000000
100.000000
100.000000
100.000000
100.000000
100.000000
100.000000
100.000000
100.000000
100.000000
100.000000
100.000000
100.000000
100.000000
100.000000
100.000000
100.000000
100.000000
100.000000
100.000000
100.000000
100.000000
100.000000
99.828906
100.000000
100.000000
100.000000
100.000000
100.000000
100.000000
100.000000
100.000000
100.000000
100.000000
100.000000
99.758848
100.000000
99.817955
100.000000
100.000000
100.000000
98.961269
100.000000
99.121827
100.000000
99.700336
100.000000
99.006716
100.000000
99.770478
100.000000
99.956504
100.000000
99.394643
100.000000
100.000000
100.000000
100.000000
100.000000
100.000000
100.000000
100.000000
100.000000
100.000000
100.000000
100.000000
100.000000
100.000000
100.000000
100.000000
100.000000
100.000000
100.000000
100.000000
100.000000
100.000000
100.000000
100.000000
100.000000
100.000000
100.000000
100.000000
100.000000
100.000000
100.000000
100.000000
100.000000
100.000000
100.000000
100.000000
100.000000
100.000000
100.000000
100.000000
100.000000
100.000000
100.000000
100.000000
100.000000
100.000000
100.000000
99.960692
100.000000
100.000000
100.000000
100.000000
100.000000
100.000000
100.000000
100.000000
100.000000
100.000000
100.000000
100.000000
100.000000
100.000000
100.000000
100.000000
100.000000
100.000000
100.000000
100.000000
100.000000
100.000000
100.000000
100.000000
100.000000
99.877476
100.000000
100.000000
100.000000
98.870759
100.000000
99.265461
100.000000
100.000000
100.000000
99.160175
100.000000
100.000000
99.541684
100.000000
100.000000
98.793526
100.000000
99.370311
100.000000
99.697717
100.000000
98.571486
100.000000
98.594473
100.000000
98.958273
100.000000
98.308073
100.000000
98.757529
100.000000
99.900044
100.000000
99.279445
100.000000
99.345895
100.000000
99.706947
100.000000
98.740954
100.000000
99.121539
100.000000
99.960075
100.000000
99.764770
100.000000
100.000000
100.000000
100.000000
100.000000
100.000000
100.000000
100.000000
100.000000
100.000000
100.000000
100.000000
100.000000
100.000000
100.000000
100.000000
100.000000
99.851225
100.000000
100.000000
100.000000
100.000000
100.000000
100.000000
100.000000
100.000000
100.000000
100.000000
100.000000
99.657606
100.000000
100.000000
100.000000
100.000000
100.000000
100.000000
100.000000
100.000000
100.000000
100.000000
100.000000
100.000000
100.000000
100.000000
100.000000
100.000000
100.000000
100.000000
100.000000
100.000000
100.000000
100.000000
100.000000
98.445562
100.000000
98.223250
100.000000
98.869913
99.837965
98.398423
100.000000
98.753685
100.000000
99.544703
99.644259
98.196400
100.000000
98.092285
100.000000
98.691302
99.189496
98.862636
100.000000
98.303624
100.000000
98.464016
99.821101
98.616195
100.000000
98.849309
100.000000
99.033171
99.919411
98.478981
100.000000
100.000000
99.804652
98.311242
100.000000
98.691264
100.000000
99.050113
100.000000
99.808470
100.000000
99.122339
100.000000
100.000000
100.000000
100.000000
100.000000
100.000000
100.000000
100.000000
100.000000
100.000000
100.000000
100.000000
100.000000
100.000000
100.000000
100.000000
100.000000
100.000000
100.000000
100.000000
100.000000
100.000000
100.000000
100.000000
100.000000
100.000000
100.000000
100.000000
100.000000
100.000000
100.000000
100.000000
100.000000
100.000000
100.000000
100.000000
100.000000
100.000000
100.000000
100.000000
100.000000
100.000000
100.000000
100.000000
100.000000
100.000000
100.000000
100.000000
100.000000
100.000000
100.000000
100.000000
100.000000
100.000000
100.000000
100.000000
100.000000
100.000000
100.000000
100.000000
100.000000
100.000000
100.000000
100.000000
100.000000
100.000000
100.000000
100.000000
100.000000
100.000000
100.000000
99.785565
100.000000
99.705384
100.000000
100.000000
100.000000
99.781244
100.000000
100.000000
100.000000
100.000000
100.000000
99.570958
100.000000
100.000000
100.000000
100.000000
100.000000
99.898432
100.000000
99.894782
100.000000
100.000000
100.000000
100.000000
100.000000
100.000000
100.000000
99.493576
99.331379
98.901649
100.000000
99.919324
100.000000
100.000000
100.000000
100.000000
100.000000
100.000000
100.000000
100.000000
100.000000
100.000000
100.000000
100.000000
100.000000
100.000000
100.000000
100.000000
100.000000
100.000000
100.000000
100.000000
100.000000
100.000000
100.000000
100.000000
100.000000
100.000000
100.000000
100.000000
100.000000
100.000000
100.000000
100.000000
100.000000
100.000000
100.000000
100.000000
100.000000
100.000000
100.000000
100.000000
100.000000
100.000000
100.000000
100.000000
100.000000
100.000000
100.000000
100.000000
100.000000
100.000000
100.000000
100.000000
100.000000
100.000000
100.000000
100.000000
100.000000
100.000000
100.000000
100.000000
100.000000
100.000000
100.000000
99.918921
100.000000
100.000000
100.000000
100.000000
100.000000
100.000000
100.000000
100.000000
100.000000
100.000000
100.000000
99.909633
100.000000
99.653922
100.000000
100.000000
100.000000
99.853358
100.000000
99.940292
100.000000
100.000000
100.000000
100.000000
100.000000
99.831091
100.000000
100.000000
100.000000
99.496119
100.000000
100.000000
100.000000
100.000000
100.000000
100.000000
100.000000
100.000000
100.000000
100.000000
100.000000
100.000000
100.000000
100.000000
100.000000
100.000000
100.000000
100.000000
100.000000
100.000000
100.000000
100.000000
100.000000
100.000000
100.000000
100.000000
100.000000
100.000000
100.000000
100.000000
100.000000
100.000000
100.000000
100.000000
100.000000
100.000000
100.000000
100.000000
100.000000
100.000000
100.000000
100.000000
100.000000
100.000000
100.000000
100.000000
100.000000
100.000000
100.000000
100.000000
100.000000
100.000000
100.000000
100.000000
100.000000
100.000000
100.000000
100.000000
100.000000
100.000000
100.000000
100.000000
100.000000
100.000000
100.000000
100.000000
100.000000
100.000000
100.000000
100.000000
100.000000
100.000000
100.000000
100.000000
100.000000
100.000000
100.000000
100.000000
100.000000
100.000000
100.000000
100.000000
100.000000
100.000000
100.000000
100.000000
100.000000
100.000000
100.000000
100.000000
100.000000
100.000000
100.000000
100.000000
100.000000
100.000000
100.000000
100.000000
100.000000
100.000000
100.000000
100.000000
100.000000
99.802521
100.000000
99.902317
99.996418
99.112496
100.000000
99.481228
100.000000
99.467390
99.698825
98.838776
100.000000
98.741200
100.000000
99.189544
100.000000
99.979154
100.000000
99.462058
100.000000
100.000000
100.000000
99.992181
100.000000
99.845591
100.000000
100.000000
100.000000
100.000000
100.000000
100.000000
100.000000
100.000000
100.000000
100.000000
100.000000
100.000000
100.000000
100.000000
100.000000
100.000000
100.000000
100.000000
100.000000
100.000000
100.000000
100.000000
100.000000
100.000000
100.000000
100.000000
100.000000
100.000000
100.000000
100.000000
100.000000
100.000000
100.000000
100.000000
100.000000
100.000000
100.000000
100.000000
100.000000
100.000000
100.000000
100.000000
100.000000
100.000000
100.000000
100.000000
100.000000
100.000000
100.000000
100.000000
100.000000
100.000000
100.000000
100.000000
100.000000
100.000000
100.000000
100.000000
100.000000
100.000000
100.000000
100.000000
100.000000
100.000000
100.000000
100.000000
100.000000
100.000000
100.000000
100.000000
100.000000
100.000000
100.000000
100.000000
100.000000
100.000000
100.000000
100.000000
100.000000
100.000000
100.000000
100.000000
100.000000
100.000000
100.000000
100.000000
100.000000
100.000000
100.000000
100.000000
100.000000
100.000000
100.000000
100.000000
100.000000
100.000000
100.000000
100.000000
100.000000
100.000000
100.000000
100.000000
100.000000
100.000000
100.000000
100.000000
100.000000
100.000000
100.000000
100.000000
100.000000
100.000000
100.000000
100.000000
100.000000
100.000000
100.000000
100.000000
100.000000
100.000000
100.000000
100.000000
100.000000
100.000000
100.000000
100.000000
100.000000
100.000000
100.000000
100.000000
100.000000
100.000000
100.000000
100.000000
100.000000
100.000000
100.000000
100.000000
100.000000
100.000000
100.000000
100.000000
100.000000
100.000000
100.000000
100.000000
