97.035640
97.930919
98.431599
98.480685
97.821781
97.149051
96.366248
96.701415
96.647879
97.791653
98.839222
97.765197
97.178373
97.935737
97.452639
98.591689
98.215823
97.974804
98.514689
96.779276
96.596509
97.744289
97.754082
98.861497
98.369588
96.746126
96.977525
98.167068
97.486222
98.060316
97.446601
96.940287
96.714882
97.527545
97.423003
98.194294
99.806099
96.150386
96.171530
97.409037
96.136712
98.104691
98.183030
96.783055
96.379847
98.975835
97.798534
97.834263
97.021983
96.736239
96.122930
97.214165
96.059770
97.067485
95.922781
97.471982
96.795105
97.305029
97.203150
95.888956
97.566108
96.647635
95.563989
99.798156
96.354167
96.609577
95.447542
96.383524
96.521714
97.460346
97.115949
98.143172
98.678026
97.068174
97.976483
97.331364
96.802330
97.930794
96.891169
97.314687
97.520956
97.852190
96.398880
97.024791
96.925011
98.882831
98.183364
97.994238
96.278417
96.419508
99.016045
98.615117
98.667112
97.385570
96.124571
97.653210
100.000000
98.894888
97.017008
97.794884
96.213930
97.565801
98.299055
97.125963
96.595408
98.117707
96.844135
96.878092
98.196865
97.077975
97.240830
98.394809
96.911342
96.866928
96.543653
96.997291
96.292644
96.958236
96.831773
97.009113
97.684273
96.785114
97.348048
97.793327
96.158627
97.030340
95.955607
97.757261
97.083206
97.104845
96.892181
96.739287
97.819499
97.355138
98.891914
98.270683
97.762577
98.887898
97.843880
97.007914
96.107468
98.484583
99.466265
97.416871
97.343203
96.560183
96.079790
100.000000
96.896511
96.541323
97.270181
97.909486
98.955138
99.344800
97.040331
97.004394
97.482648
98.428040
97.667416
98.849085
96.467249
97.197610
98.626853
97.064913
97.027931
98.530557
97.614967
97.524190
97.810464
97.747571
96.519454
98.122866
96.125676
97.660378
99.856137
96.914228
96.030341
96.443075
97.502005
99.726185
99.656178
96.733967
96.880295
98.166545
96.883776
97.003391
96.699947
96.857345
97.470839
97.526356
97.322844
97.315045
100.000000
97.313661
96.936852
98.408942
96.843659
97.875502
100.000000
96.574031
95.939568
98.187357
99.330139
100.000000
97.733150
96.487539
96.779283
99.535499
98.009982
96.748701
97.506881
97.265339
96.509779
98.022531
98.477006
96.719667
97.483416
96.663372
95.989918
97.648974
96.696191
98.012352
97.954296
95.889882
97.168833
98.111663
95.895232
96.802158
99.753647
99.595905
98.322039
99.044094
98.762127
98.204113
95.164994
95.558394
97.416747
96.517889
95.734048
97.410285
97.682098
96.749073
96.559651
100.000000
98.682689
98.531491
99.910699
98.100177
97.048268
99.017031
100.000000
98.289468
95.358709
96.601968
98.456990
97.658521
96.606553
97.112627
97.942842
97.630546
97.085894
98.099192
97.175754
98.622669
99.486880
97.899164
97.444922
99.588215
96.927965
97.336022
100.000000
98.917342
96.728270
98.290968
98.068315
99.332507
98.531235
98.173373
98.365653
98.938232
96.441862
97.599461
99.771628
96.156841
96.001371
98.486743
97.581737
96.621543
97.450282
96.808804
96.429755
98.020889
97.266702
96.183610
96.976629
97.161056
96.296992
96.791444
95.922849
97.432360
99.495473
97.835887
97.307204
98.577012
96.535819
96.567547
96.815573
96.823258
96.261139
96.689358
96.869282
96.832597
98.268556
96.882365
98.318514
98.796934
96.965574
96.795339
97.553407
98.592657
97.776284
98.547426
96.740379
97.764530
97.620964
97.589080
96.636821
98.074935
99.048695
96.779240
97.924859
96.899783
98.367175
98.248919
96.658466
97.085889
99.474423
97.388456
96.832132
98.591260
97.229211
97.114641
98.411737
97.763443
97.359284
98.296116
96.944966
98.714291
98.980391
97.247768
96.762303
98.809977
97.023199
97.864023
98.197303
96.789081
96.893720
97.392069
97.472149
97.094644
98.359653
97.529353
97.107267
98.620065
98.065312
97.364061
97.226078
96.401455
96.282323
97.291609
97.123148
97.174103
98.124260
97.122445
99.254425
100.000000
97.369285
97.768399
97.771879
97.338480
98.956065
98.704736
96.636491
97.680818
98.357483
96.915937
96.042042
98.684948
97.076952
96.689378
97.804096
96.415127
96.799299
97.680161
96.265869
96.357266
97.490624
97.338364
97.327296
98.222441
96.637951
96.956936
97.916946
96.706421
97.172735
98.824757
96.925913
96.629781
97.090028
96.798451
98.068673
98.418924
96.434358
96.420393
97.097114
97.136261
96.104051
97.359753
96.293013
96.920512
98.198396
97.034259
96.190469
98.636110
96.643996
96.683256
95.697305
96.427707
98.256161
98.034953
98.310956
96.736993
99.399539
97.335755
95.647988
98.519516
98.879961
96.728658
96.463256
97.616416
96.301156
99.373374
97.986675
96.606276
96.098457
94.855066
95.580461
99.062602
95.961588
96.580000
98.858975
95.154005
95.366527
98.334147
96.233265
99.407806
98.493755
96.242597
96.265595
98.956838
97.562715
98.170600
97.793361
96.497627
96.562818
97.864017
97.571646
96.393101
97.256867
96.499117
96.109689
98.388069
96.245034
96.370321
96.042347
96.435763
96.252894
97.066965
95.519320
96.548389
99.265168
97.007298
96.332315
97.955029
96.696320
96.460667
95.505910
95.345840
95.927179
96.769600
95.725370
96.295913
97.868666
97.965873
96.111768
97.804592
97.805046
97.887514
97.167100
96.181584
96.182904
98.515224
94.719240
94.949152
99.512905
98.573048
95.453094
97.167545
97.415909
97.897968
96.897132
96.373261
97.348179
98.016620
95.565623
95.978695
96.431037
96.847615
97.478758
97.990245
97.271430
98.146128
98.354116
98.554921
98.189956
98.161032
95.606576
96.443914
99.758639
98.557196
97.869458
99.303698
96.942243
97.764100
96.945934
94.891845
95.236216
96.217504
95.771933
95.480098
97.977319
96.921197
97.716526
99.413866
97.855721
97.829307
99.304757
96.889358
96.575728
99.186895
96.345808
96.650938
98.092032
96.540215
96.011502
97.908480
96.665168
97.343908
100.000000
97.660971
97.658523
99.288540
98.519523
99.634385
99.315624
98.473853
98.151641
100.000000
97.546283
97.273885
98.352178
95.769661
96.220901
99.896688
96.246046
96.310998
97.630171
96.228860
96.569920
98.298667
96.082629
97.654874
98.808901
95.992428
96.295074
98.502967
96.170280
95.953017
97.606603
96.378369
96.274073
98.608024
95.097491
94.963950
97.247498
97.373838
96.627876
96.827295
95.382291
98.983921
100.000000
99.883457
97.664090
97.853784
95.331339
97.912576
98.099919
95.285889
96.307289
96.727711
96.697851
95.509459
97.077281
98.227668
99.355658
100.000000
94.996764
94.648977
99.447859
99.832515
97.818829
98.430878
96.076135
96.121365
97.842275
99.094132
98.105005
96.916261
95.443832
96.512559
100.000000
97.992577
94.858509
96.461692
97.740954
96.041752
98.275477
94.664864
98.439990
100.000000
98.160228
97.144067
96.529365
97.647105
98.856524
99.388898
96.213574
96.142771
97.808117
95.951142
95.951905
97.790598
95.660836
97.511521
95.754699
95.409358
96.419514
98.055022
95.665552
95.725208
99.653365
97.119852
95.700609
98.456056
96.094763
95.775105
95.568908
96.233031
95.810487
97.299712
96.087720
96.625785
98.260911
97.073908
96.689364
98.413742
97.094291
97.228638
98.431529
97.290085
96.963809
98.475345
96.345194
96.857103
98.335881
97.094472
96.606692
98.234680
96.163646
96.496759
98.778209
96.749401
96.437684
97.987987
96.228462
96.733050
98.661083
96.906171
97.226268
97.885068
96.704351
97.476479
98.191689
96.398377
97.427919
98.776625
96.495663
97.891932
98.583374
96.908147
96.059921
98.783616
96.263404
96.307478
96.444592
96.294069
96.014505
97.982914
96.464082
97.124382
98.520487
97.135985
96.868297
99.404821
98.124043
96.728286
96.197347
96.114069
97.800135
97.783065
96.159844
96.688123
98.730633
96.826859
96.116298
99.919522
96.975782
98.640634
100.000000
96.309939
95.700154
97.372098
96.704951
99.866636
100.000000
94.800209
94.880875
97.938912
99.769633
99.526644
97.648077
95.187231
96.587288
97.660988
94.814190
95.004629
100.000000
99.240089
99.146999
98.662971
94.620801
95.483264
100.000000
99.951122
96.064394
97.847433
95.166675
97.215197
99.729331
96.344140
95.899365
99.645179
95.010963
95.114294
94.512480
96.051765
98.932084
99.533554
97.033492
97.624146
98.523297
99.053772
100.000000
97.631580
95.512119
96.171784
96.977607
96.833482
96.918598
97.966826
99.617703
99.380480
99.161538
97.917875
97.559812
98.020189
97.285920
98.115741
97.092692
97.133455
97.100918
97.794533
96.482922
98.606641
99.177936
98.473759
99.021824
100.000000
98.813601
98.403936
98.373838
97.458616
98.525578
99.007933
95.976245
96.518210
98.169259
97.438475
96.414830
98.293657
98.054954
97.942277
98.136225
95.863313
95.240899
99.674660
98.291580
96.984970
96.868690
97.457187
98.664110
100.000000
98.515871
96.155418
94.393729
94.755303
96.924522
97.846313
95.149242
95.317890
98.331173
96.357889
96.136419
98.333490
95.726038
96.404599
96.579514
95.630131
95.554300
97.137164
96.901074
97.242416
98.401384
96.416225
96.351983
98.040634
96.740194
97.824464
99.343790
96.568497
95.769646
98.354670
96.762916
97.391389
100.000000
98.475393
97.033126
98.768943
99.235613
100.000000
99.182818
97.769815
98.814097
99.218663
97.297833
98.099126
97.943591
96.019216
96.462001
98.453961
96.361850
97.390816
98.295317
96.396578
97.969931
100.000000
98.856742
99.231196
100.000000
96.530035
96.607966
100.000000
98.067857
95.984817
95.472258
96.091388
95.588005
96.788505
95.351991
96.494242
99.960277
96.168691
95.634182
98.974310
96.833230
95.971007
96.905031
96.147562
96.128958
97.158641
98.008499
96.578039
98.409786
96.489059
97.621959
98.529600
96.384355
96.334239
97.711649
97.025320
96.741757
97.837679
96.851153
97.366090
99.406631
96.827834
96.060663
98.155034
97.731962
98.854235
98.382577
96.283069
95.612180
97.415599
97.185845
97.671408
97.724915
96.263793
95.529778
97.274589
96.259033
96.408308
97.627018
98.678250
95.987606
97.898740
96.437112
96.888053
97.985066
96.436909
95.628767
99.131464
96.538485
96.547037
96.016311
95.632127
97.191020
98.215984
96.080561
96.033982
98.042433
96.910965
96.344543
99.100602
95.552973
95.367196
95.874880
97.534592
96.223844
96.348490
96.396635
96.571643
97.339535
96.235043
96.539163
98.593734
98.595584
97.479067
97.836387
97.722100
97.903939
99.281359
99.606277
99.759913
100.000000
100.000000
100.000000
100.000000
100.000000
100.000000
100.000000
100.000000
100.000000
100.000000
100.000000
100.000000
100.000000
100.000000
100.000000
100.000000
100.000000
100.000000
100.000000
100.000000
100.000000
100.000000
100.000000
100.000000
100.000000
100.000000
100.000000
100.000000
100.000000
100.000000
100.000000
100.000000
100.000000
100.000000
100.000000
100.000000
100.000000
100.000000
100.000000
100.000000
100.000000
100.000000
100.000000
100.000000
100.000000
100.000000
100.000000
100.000000
100.000000
100.000000
100.000000
100.000000
100.000000
100.000000
100.000000
100.000000
100.000000
100.000000
100.000000
100.000000
100.000000
100.000000
100.000000
100.000000
100.000000
100.000000
100.000000
100.000000
100.000000
100.000000
100.000000
100.000000
100.000000
100.000000
100.000000
100.000000
100.000000
100.000000
100.000000
100.000000
100.000000
100.000000
100.000000
100.000000
100.000000
100.000000
100.000000
100.000000
100.000000
100.000000
100.000000
100.000000
100.000000
100.000000
100.000000
100.000000
100.000000
100.000000
100.000000
100.000000
100.000000
100.000000
100.000000
100.000000
100.000000
100.000000
100.000000
100.000000
100.000000
100.000000
100.000000
100.000000
100.000000
100.000000
100.000000
100.000000
100.000000
100.000000
100.000000
100.000000
100.000000
100.000000
100.000000
100.000000
100.000000
100.000000
100.000000
100.000000
100.000000
100.000000
100.000000
100.000000
100.000000
100.000000
100.000000
100.000000
100.000000
100.000000
100.000000
100.000000
100.000000
100.000000
100.000000
100.000000
100.000000
100.000000
100.000000
100.000000
100.000000
100.000000
100.000000
100.000000
100.000000
100.000000
100.000000
100.000000
100.000000
100.000000
100.000000
100.000000
100.000000
100.000000
100.000000
100.000000
100.000000
100.000000
100.000000
100.000000
100.000000
100.000000
100.000000
100.000000
100.000000
100.000000
100.000000
100.000000
100.000000
100.000000
100.000000
100.000000
100.000000
100.000000
100.000000
100.000000
100.000000
100.000000
100.000000
100.000000
100.000000
100.000000
100.000000
100.000000
100.000000
100.000000
100.000000
100.000000
100.000000
100.000000
100.000000
100.000000
100.000000
100.000000
100.000000
100.000000
100.000000
100.000000
100.000000
100.000000
100.000000
100.000000
100.000000
100.000000
100.000000
100.000000
100.000000
100.000000
100.000000
100.000000
100.000000
100.000000
100.000000
100.000000
100.000000
100.000000
100.000000
100.000000
100.000000
100.000000
100.000000
100.000000
100.000000
100.000000
100.000000
100.000000
100.000000
100.000000
100.000000
100.000000
100.000000
100.000000
100.000000
100.000000
100.000000
100.000000
100.000000
100.000000
100.000000
100.000000
100.000000
100.000000
100.000000
100.000000
100.000000
100.000000
100.000000
100.000000
100.000000
100.000000
100.000000
100.000000
100.000000
100.000000
100.000000
100.000000
100.000000
100.000000
100.000000
100.000000
100.000000
100.000000
100.000000
100.000000
100.000000
100.000000
100.000000
100.000000
100.000000
100.000000
100.000000
100.000000
100.000000
100.000000
100.000000
100.000000
100.000000
100.000000
100.000000
100.000000
100.000000
100.000000
100.000000
100.000000
100.000000
100.000000
100.000000
100.000000
100.000000
100.000000
100.000000
100.000000
100.000000
100.000000
100.000000
100.000000
100.000000
100.000000
100.000000
100.000000
100.000000
99.930840
99.342612
99.351763
99.033828
99.847554
99.745377
100.000000
99.571223
99.295741
99.334818
99.814453
99.627387
99.948476
99.819679
100.000000
99.421951
100.000000
100.000000
100.000000
100.000000
100.000000
100.000000
100.000000
100.000000
100.000000
100.000000
99.817919
100.000000
100.000000
100.000000
100.000000
100.000000
100.000000
100.000000
100.000000
100.000000
100.000000
100.000000
100.000000
100.000000
100.000000
100.000000
100.000000
100.000000
100.000000
100.000000
100.000000
100.000000
100.000000
100.000000
100.000000
100.000000
100.000000
100.000000
100.000000
100.000000
100.000000
100.000000
100.000000
100.000000
100.000000
100.000000
100.000000
100.000000
100.000000
100.000000
100.000000
100.000000
100.000000
100.000000
100.000000
100.000000
100.000000
100.000000
100.000000
100.000000
100.000000
100.000000
100.000000
100.000000
100.000000
100.000000
100.000000
100.000000
100.000000
100.000000
99.919131
100.000000
100.000000
100.000000
100.000000
100.000000
99.858296
98.981450
99.738515
99.731840
99.838870
99.698976
99.743328
99.443637
99.957254
99.922428
100.000000
99.954469
99.958801
99.375564
99.695255
99.697478
99.945422
99.730739
99.876430
99.226214
99.528336
99.484165
100.000000
99.583007
99.691521
99.506845
99.735460
99.747910
100.000000
99.912722
100.000000
99.629610
99.843709
99.953235
100.000000
100.000000
100.000000
99.948426
99.905655
99.971036
100.000000
99.909106
100.000000
99.603539
100.000000
99.902273
100.000000
99.857713
99.888666
99.207981
100.000000
100.000000
100.000000
100.000000
99.557333
100.000000
100.000000
100.000000
100.000000
100.000000
100.000000
99.269714
100.000000
100.000000
100.000000
100.000000
100.000000
99.887715
100.000000
100.000000
100.000000
100.000000
100.000000
99.607261
100.000000
100.000000
100.000000
100.000000
100.000000
99.826772
100.000000
100.000000
100.000000
100.000000
100.000000
99.820714
100.000000
99.890639
100.000000
100.000000
100.000000
100.000000
100.000000
100.000000
100.000000
100.000000
99.782559
99.970755
99.958466
99.671740
100.000000
100.000000
99.940974
100.000000
99.967399
99.611431
100.000000
99.750642
99.850692
99.399984
99.861050
99.817478
100.000000
99.843761
99.480763
100.000000
100.000000
100.000000
100.000000
100.000000
99.783458
98.975260
99.252202
99.361482
99.579028
99.268935
99.618827
99.279616
97.770348
97.442913
97.752895
96.645211
96.349024
98.885022
97.386621
97.378640
98.598606
97.500894
97.017487
97.380482
96.932195
97.008941
98.195130
96.869941
97.244687
98.701019
96.259659
96.233805
98.600176
96.818024
97.922369
99.387445
97.050000
96.807424
99.165223
97.171065
97.987606
98.988303
97.226650
97.251669
98.299757
97.310110
97.558470
99.731456
99.365811
98.842605
98.842242
97.350624
99.769014
97.661240
97.931697
97.856637
97.630945
97.714816
98.234498
99.504748
97.230973
99.226171
100.000000
97.179517
96.966316
97.442526
100.000000
98.761483
98.104844
98.348768
98.978937
100.000000
100.000000
98.785464
98.870970
97.910048
99.114254
98.817863
98.519092
97.817280
100.000000
98.507353
98.021804
99.415083
98.441943
98.790761
100.000000
98.024250
98.550534
98.690864
97.812785
99.606758
100.000000
97.992776
98.316187
99.153621
98.281251
99.377958
99.492139
98.157963
98.439323
100.000000
98.224485
97.958134
99.252667
98.281896
98.357502
99.709543
98.800014
98.365608
99.916200
98.032332
98.178617
98.681232
97.663662
98.032090
99.011531
97.910591
97.921462
98.674187
100.000000
99.192249
98.991943
97.200594
97.328542
98.296620
99.602796
99.522757
97.826165
97.418120
98.237160
100.000000
99.841768
97.907430
98.720376
97.910819
99.724377
99.945292
98.137078
98.255992
99.792756
98.309090
99.010197
99.381352
98.693957
99.687014
99.048298
98.319930
98.388519
99.631968
99.629524
97.782252
99.062426
98.289381
98.894879
99.066790
97.972788
97.824841
99.145860
97.783363
98.285263
99.153312
97.544636
97.588632
98.387462
97.306833
97.672508
98.135113
98.550709
98.046847
98.872991
97.503290
97.569619
98.194779
98.194313
97.960421
98.132347
97.337837
97.507736
98.814690
97.977654
97.679883
98.585974
99.260062
100.000000
97.332014
97.281110
98.580684
100.000000
98.624961
98.725294
99.047073
98.656032
97.929055
98.522640
98.164323
98.413810
98.763077
98.166226
98.804568
98.944212
98.217214
98.572860
99.310828
99.670134
98.567564
99.974033
98.518653
99.611560
98.904470
99.228606
98.650267
100.000000
97.961499
98.082232
98.465347
99.758730
98.557364
98.571338
97.676966
97.350293
98.380966
98.430825
98.577193
99.064627
98.134863
98.637252
99.666284
99.309065
99.175648
99.491157
98.245813
98.797760
99.085850
99.059416
98.990901
98.790106
98.618130
98.292251
98.697463
97.823370
97.559296
98.673410
97.410129
97.574946
97.763394
97.674141
98.254473
98.178519
98.240791
98.532990
99.008053
98.528406
98.439551
99.127909
99.643849
99.253156
98.997488
98.009387
98.907919
100.000000
97.880397
98.540743
98.687494
98.176009
98.144068
99.858258
97.690145
97.623619
98.034447
97.763244
98.184904
98.681249
98.001831
98.464279
98.727835
97.854805
97.958792
99.595338
98.926420
98.414396
98.879139
99.176885
99.753178
99.991979
99.164398
98.935345
98.963134
98.028802
97.657917
98.029597
97.802837
97.844612
97.292585
97.823625
97.965318
98.313496
97.896026
97.376721
97.289749
97.066091
96.512947
96.898778
97.094837
96.496686
95.653215
97.078738
96.774233
96.848290
96.893211
96.743660
98.316860
97.361403
97.286956
97.872493
97.574470
97.901660
97.420491
97.342052
97.190132
97.587980
97.278365
97.594666
97.076178
96.999214
97.718698
98.026915
96.922168
97.145348
97.885900
97.302002
98.117421
98.535782
97.502911
97.790228
99.388520
99.352561
96.629122
97.146512
96.926367
97.909955
99.227536
96.413682
96.221677
97.230844
97.078069
97.504134
97.234343
97.090981
96.974937
97.616337
96.674227
97.096950
96.069660
97.070853
97.253367
97.325216
97.451070
96.459150
97.506180
96.942777
96.756102
97.730890
97.516576
96.856833
95.913884
96.641952
97.733444
97.961240
97.613766
97.604037
97.946673
97.919438
98.306489
99.137304
97.985968
97.952293
98.234514
98.547972
98.398397
98.986511
98.293441
97.707960
97.612999
97.662677
97.682516
98.029617
97.202441
97.282889
97.408074
97.376381
97.537214
97.982686
97.589720
97.395900
97.356875
97.544977
97.427585
97.986157
97.539100
97.371521
97.480023
97.607215
97.112998
97.743556
97.465833
97.497951
97.300677
97.439752
97.337640
97.935680
97.271190
96.814880
96.156925
96.951543
96.747248
97.037548
97.079517
96.554542
99.689329
99.253612
98.760924
99.309891
99.646565
100.000000
100.000000
99.460118
99.472411
100.000000
99.120222
97.358588
96.891914
99.046146
98.526044
98.235782
97.797691
97.930809
98.208587
98.154271
100.000000
98.370973
97.997363
97.420611
98.314001
98.849347
99.456048
98.199015
97.603871
97.819576
97.603511
97.695248
98.808408
98.262687
97.904920
98.635134
99.111770
98.328578
97.701598
98.266904
97.495436
97.916463
98.800542
97.809170
97.658759
99.044202
98.164407
98.305219
98.200336
97.502802
98.592704
98.840230
97.633132
98.028100
98.113150
98.774479
98.896554
99.637556
99.214758
97.753215
98.105606
100.000000
99.113966
99.220184
98.571878
98.748654
97.553495
98.271321
99.354301
99.432924
98.847065
99.109902
99.858352
99.347958
99.547458
100.000000
100.000000
100.000000
100.000000
100.000000
100.000000
100.000000
100.000000
99.933850
100.000000
99.837546
100.000000
100.000000
99.661347
100.000000
100.000000
100.000000
100.000000
100.000000
100.000000
100.000000
100.000000
100.000000
100.000000
100.000000
100.000000
100.000000
100.000000
100.000000
100.000000
100.000000
100.000000
100.000000
100.000000
100.000000
100.000000
100.000000
100.000000
100.000000
100.000000
100.000000
100.000000
100.000000
100.000000
100.000000
100.000000
100.000000
100.000000
100.000000
100.000000
100.000000
100.000000
100.000000
100.000000
100.000000
100.000000
100.000000
100.000000
100.000000
100.000000
100.000000
100.000000
100.000000
100.000000
100.000000
100.000000
100.000000
100.000000
100.000000
100.000000
100.000000
100.000000
100.000000
100.000000
100.000000
100.000000
100.000000
100.000000
100.000000
100.000000
100.000000
100.000000
100.000000
99.885032
100.000000
100.000000
100.000000
100.000000
100.000000
99.847899
99.796811
98.208674
100.000000
99.901446
99.790674
99.230282
100.000000
100.000000
98.523145
98.093175
100.000000
99.877622
99.783233
100.000000
100.000000
100.000000
100.000000
100.000000
100.000000
100.000000
100.000000
100.000000
100.000000
100.000000
100.000000
100.000000
100.000000
100.000000
99.247579
99.329758
100.000000
98.370928
98.567444
100.000000
99.654949
98.527383
100.000000
100.000000
99.988255
100.000000
99.823270
99.014450
100.000000
99.851328
99.793737
99.919611
99.862147
99.945807
100.000000
99.612355
100.000000
100.000000
100.000000
100.000000
100.000000
100.000000
100.000000
100.000000
99.671735
100.000000
100.000000
100.000000
100.000000
100.000000
100.000000
99.974822
100.000000
100.000000
100.000000
98.289048
100.000000
100.000000
100.000000
100.000000
99.856375
100.000000
99.925470
99.388077
100.000000
100.000000
100.000000
100.000000
99.646446
99.815106
100.000000
100.000000
100.000000
100.000000
100.000000
100.000000
100.000000
100.000000
99.575353
100.000000
100.000000
99.532998
100.000000
100.000000
100.000000
99.689108
100.000000
99.680024
100.000000
100.000000
99.258506
99.550125
100.000000
100.000000
100.000000
99.505640
99.932686
100.000000
99.568331
97.433824
100.000000
100.000000
100.000000
97.642222
98.609224
100.000000
100.000000
97.842301
99.043965
100.000000
99.401854
98.545129
100.000000
99.098228
99.745194
98.102259
98.508538
99.146704
99.341753
97.680931
97.157511
100.000000
99.189637
98.103929
99.053156
98.522903
99.472739
98.050805
97.182031
97.520607
98.250129
97.756462
98.686044
99.180772
97.362398
96.833459
99.139131
98.321248
98.773743
98.704005
99.018519
97.779701
98.720651
97.077004
97.706893
100.000000
98.988491
98.125017
98.538150
97.278101
98.913898
98.902087
97.860022
97.744256
99.095424
97.098827
99.214125
99.291711
97.550467
96.972377
99.349217
96.831419
96.880977
98.952344
98.300073
96.788735
98.544591
97.043510
97.546137
98.877354
97.201669
96.706062
99.060932
96.739396
97.153038
97.705060
96.542268
98.064818
97.731653
96.096848
97.951298
99.005391
97.769647
96.816634
99.682728
97.281513
97.631935
97.055140
97.009041
96.756479
98.086465
96.873053
97.303361
98.462232
97.632014
97.767001
98.925136
97.415622
97.379606
99.144546
96.716041
96.645689
98.986754
96.437813
97.301844
99.090249
96.547489
96.443365
98.759589
96.660449
96.948995
98.880389
98.744277
97.660920
99.547928
97.140108
98.416963
100.000000
97.688464
98.284271
99.147359
98.739207
98.188452
97.689841
96.600904
96.397254
98.723190
97.057471
98.866806
99.348094
96.282807
96.338695
98.821647
96.959134
97.999394
97.367310
96.630766
96.361027
97.487190
97.389578
97.187958
99.568368
97.710658
96.889965
98.765205
98.526223
96.959613
97.934364
96.996013
97.146682
99.149078
97.878984
97.789246
99.267481
96.931156
97.303222
98.910078
97.819013
98.824070
100.000000
97.217813
97.119074
99.460664
98.691468
98.605534
99.179798
98.025229
97.656130
99.730738
99.432264
99.693538
99.816269
97.532126
97.230557
99.153358
97.598593
98.187279
99.583249
97.849987
97.603074
98.803527
98.334787
98.478114
99.132526
97.766628
97.173129
99.760217
97.550816
97.612649
98.577208
97.882961
97.705865
99.553739
97.428375
97.455631
98.221586
97.002544
97.327359
99.878293
97.564069
97.167893
100.000000
97.823721
97.277250
99.316387
97.327959
98.778387
97.704651
97.898144
98.569478
98.393891
97.896088
98.727344
99.627826
99.440454
98.909154
100.000000
98.215640
98.698680
99.541733
99.512548
98.737686
100.000000
98.238758
98.755297
99.533551
98.279008
97.874557
99.116042
96.996851
98.452100
100.000000
96.488389
96.476990
100.000000
98.065036
100.000000
96.761814
98.183974
99.240068
100.000000
98.545768
97.077789
94.432990
100.000000
99.633249
99.529692
100.000000
97.490499
98.577652
99.188586
99.763935
99.173270
98.283329
97.925956
96.324747
98.311527
95.595910
96.916876
99.967432
95.462473
98.540965
97.502899
97.311242
99.792599
97.944259
96.729699
100.000000
97.143970
97.511405
97.409058
97.147458
99.381260
100.000000
98.868505
98.004014
99.456202
99.052034
99.411614
98.168060
97.839233
99.017796
98.984590
98.410520
98.369489
100.000000
100.000000
98.209553
99.807517
97.869133
97.877446
99.178061
99.440541
97.920876
100.000000
98.912481
98.448942
98.529036
99.624954
97.865971
99.361432
98.029634
100.000000
99.533378
98.710239
98.197390
99.586608
98.204488
99.816935
98.623037
97.908277
97.227487
99.974500
97.825835
97.433600
99.033539
99.082789
99.027759
98.371665
98.461265
96.760764
99.928485
99.008833
98.486211
99.186344
98.492420
96.919304
95.903858
98.386019
97.553826
98.705506
97.281990
97.839838
98.812286
99.375807
99.284263
100.000000
98.967325
99.508954
98.802107
97.792823
97.946687
99.769857
98.474928
98.019489
98.984393
98.697612
98.063612
100.000000
99.169250
98.488243
98.294288
98.373214
99.793409
100.000000
98.201634
98.362129
98.986629
100.000000
98.721237
99.627374
98.210656
100.000000
100.000000
99.296507
98.104490
100.000000
99.776316
99.053778
99.130624
99.826444
98.417619
99.614621
100.000000
98.016291
98.659291
98.448729
97.279361
99.241298
98.213053
98.310897
100.000000
98.643509
97.999496
99.451150
98.394620
99.418008
98.447981
97.391122
97.508814
98.975104
98.454992
99.214569
98.670209
98.075714
98.576395
99.872852
98.579760
98.314520
99.949615
99.111824
99.195124
99.897044
97.829101
98.154963
100.000000
99.619339
98.824978
100.000000
98.841284
99.551500
100.000000
98.223323
98.278059
100.000000
98.213604
98.830130
99.444447
99.039271
99.898957
100.000000
98.933390
99.094751
100.000000
98.661817
98.699450
100.000000
99.285339
99.531015
100.000000
99.338128
99.065286
100.000000
99.062128
99.383277
100.000000
99.953618
100.000000
100.000000
99.807507
100.000000
100.000000
100.000000
100.000000
100.000000
99.176896
99.252351
99.821063
99.398341
98.638757
99.279012
99.606984
99.647689
100.000000
99.147779
98.794307
100.000000
98.611339
99.362056
100.000000
99.362482
99.231161
100.000000
99.759368
99.227997
99.390114
98.032085
97.535126
100.000000
97.597513
99.415679
99.671074
98.677188
97.079062
99.099807
97.924061
97.323973
98.500269
98.578966
96.950320
98.628948
97.987031
97.830864
99.977065
96.511718
96.659295
98.549508
97.205403
97.460631
98.603943
97.220083
96.416356
99.926773
96.801491
97.231374
97.232015
96.912080
97.270457
98.676766
96.691136
96.913556
98.543156
97.925428
97.707346
98.665176
97.228836
96.875418
98.841100
97.368124
97.664139
98.459199
98.070589
97.842000
98.844750
97.671037
96.420965
98.816066
96.605207
96.970294
98.943687
96.989260
96.054503
98.448270
96.634252
98.831738
99.088982
98.372850
96.407021
98.743900
96.626819
97.903466
97.996257
96.012964
95.933386
97.948562
95.459485
96.701481
98.844481
98.453860
96.156077
97.941085
96.232681
97.136193
98.945650
96.166500
96.484794
99.205360
96.463228
96.478460
98.320501
96.798490
97.898505
98.875901
96.380600
96.429211
96.636846
95.991669
96.395611
97.492744
97.667778
97.278233
97.101367
98.004047
95.948902
99.039041
95.552732
95.444213
98.610306
97.421912
95.934927
96.917158
95.791866
96.458554
98.540166
97.167887
96.379306
99.111342
98.077981
100.000000
100.000000
100.000000
100.000000
100.000000
100.000000
100.000000
100.000000
100.000000
100.000000
100.000000
100.000000
100.000000
100.000000
100.000000
100.000000
100.000000
100.000000
100.000000
100.000000
100.000000
100.000000
100.000000
100.000000
100.000000
100.000000
100.000000
100.000000
100.000000
100.000000
100.000000
100.000000
100.000000
100.000000
100.000000
100.000000
100.000000
100.000000
100.000000
100.000000
100.000000
100.000000
100.000000
100.000000
100.000000
100.000000
100.000000
100.000000
100.000000
100.000000
100.000000
100.000000
100.000000
100.000000
100.000000
100.000000
100.000000
100.000000
100.000000
100.000000
100.000000
100.000000
100.000000
100.000000
100.000000
100.000000
100.000000
100.000000
100.000000
100.000000
100.000000
100.000000
100.000000
100.000000
100.000000
100.000000
100.000000
100.000000
100.000000
100.000000
100.000000
100.000000
100.000000
100.000000
100.000000
100.000000
100.000000
100.000000
100.000000
100.000000
100.000000
100.000000
100.000000
100.000000
100.000000
100.000000
100.000000
100.000000
100.000000
100.000000
100.000000
100.000000
100.000000
100.000000
100.000000
100.000000
100.000000
100.000000
100.000000
100.000000
100.000000
100.000000
100.000000
100.000000
100.000000
100.000000
100.000000
100.000000
100.000000
100.000000
100.000000
100.000000
100.000000
99.720873
100.000000
100.000000
100.000000
100.000000
100.000000
100.000000
100.000000
100.000000
100.000000
100.000000
100.000000
100.000000
100.000000
100.000000
100.000000
100.000000
100.000000
100.000000
100.000000
100.000000
100.000000
100.000000
100.000000
100.000000
100.000000
100.000000
100.000000
100.000000
100.000000
100.000000
100.000000
100.000000
100.000000
100.000000
100.000000
100.000000
100.000000
100.000000
100.000000
100.000000
100.000000
100.000000
100.000000
100.000000
100.000000
100.000000
100.000000
100.000000
100.000000
100.000000
100.000000
100.000000
100.000000
100.000000
100.000000
100.000000
100.000000
100.000000
100.000000
100.000000
100.000000
100.000000
100.000000
100.000000
100.000000
100.000000
100.000000
100.000000
100.000000
100.000000
100.000000
100.000000
100.000000
100.000000
100.000000
100.000000
100.000000
100.000000
100.000000
100.000000
100.000000
100.000000
100.000000
100.000000
100.000000
100.000000
100.000000
100.000000
99.423817
98.990404
100.000000
98.890839
99.623066
100.000000
99.156342
98.894942
100.000000
99.445514
98.931390
100.000000
99.955045
99.701992
100.000000
99.545038
99.145700
98.791364
98.984950
99.827074
100.000000
99.836913
99.719596
99.809068
99.768334
100.000000
100.000000
100.000000
100.000000
100.000000
99.895191
99.616685
100.000000
100.000000
100.000000
99.981278
99.425256
99.294883
100.000000
99.532119
100.000000
100.000000
100.000000
100.000000
100.000000
100.000000
100.000000
100.000000
100.000000
100.000000
100.000000
100.000000
100.000000
100.000000
100.000000
100.000000
100.000000
100.000000
100.000000
100.000000
100.000000
100.000000
100.000000
100.000000
100.000000
100.000000
100.000000
100.000000
100.000000
100.000000
99.290843
100.000000
100.000000
100.000000
100.000000
100.000000
100.000000
100.000000
100.000000
100.000000
100.000000
100.000000
100.000000
100.000000
100.000000
100.000000
100.000000
100.000000
100.000000
100.000000
100.000000
100.000000
100.000000
100.000000
100.000000
100.000000
99.481474
99.280820
100.000000
98.968250
98.850833
99.328619
99.185368
98.808094
100.000000
98.728041
99.640165
99.154290
99.123360
98.957017
99.666287
99.384885
98.919039
98.765170
99.327255
98.608530
100.000000
99.439101
98.914044
99.353760
99.795018
99.365354
100.000000
100.000000
99.175281
99.308882
99.039385
99.665911
100.000000
99.893450
97.470005
100.000000
99.528215
99.523732
100.000000
99.458253
99.556951
98.815397
100.000000
100.000000
100.000000
100.000000
100.000000
100.000000
100.000000
100.000000
100.000000
100.000000
100.000000
100.000000
100.000000
100.000000
100.000000
100.000000
100.000000
100.000000
100.000000
100.000000
100.000000
100.000000
100.000000
100.000000
100.000000
100.000000
100.000000
100.000000
100.000000
100.000000
100.000000
100.000000
100.000000
100.000000
100.000000
100.000000
100.000000
100.000000
100.000000
100.000000
100.000000
100.000000
100.000000
100.000000
100.000000
100.000000
100.000000
100.000000
100.000000
100.000000
100.000000
100.000000
100.000000
100.000000
100.000000
100.000000
100.000000
100.000000
100.000000
100.000000
100.000000
100.000000
100.000000
100.000000
100.000000
100.000000
100.000000
100.000000
100.000000
100.000000
100.000000
100.000000
100.000000
100.000000
100.000000
100.000000
100.000000
99.800468
100.000000
99.869862
100.000000
100.000000
100.000000
100.000000
100.000000
100.000000
100.000000
100.000000
100.000000
100.000000
100.000000
100.000000
100.000000
100.000000
100.000000
100.000000
100.000000
100.000000
100.000000
100.000000
99.734045
98.972639
99.824779
100.000000
100.000000
99.862028
100.000000
100.000000
100.000000
100.000000
100.000000
100.000000
100.000000
100.000000
100.000000
100.000000
100.000000
100.000000
100.000000
100.000000
100.000000
100.000000
100.000000
100.000000
100.000000
100.000000
100.000000
100.000000
100.000000
100.000000
100.000000
100.000000
100.000000
100.000000
100.000000
100.000000
100.000000
100.000000
100.000000
100.000000
100.000000
100.000000
100.000000
100.000000
100.000000
100.000000
100.000000
100.000000
100.000000
100.000000
100.000000
100.000000
100.000000
100.000000
100.000000
100.000000
100.000000
100.000000
100.000000
100.000000
100.000000
100.000000
100.000000
100.000000
100.000000
100.000000
100.000000
100.000000
100.000000
100.000000
100.000000
100.000000
100.000000
100.000000
100.000000
100.000000
100.000000
100.000000
100.000000
100.000000
100.000000
100.000000
100.000000
100.000000
100.000000
100.000000
100.000000
100.000000
100.000000
100.000000
100.000000
100.000000
100.000000
100.000000
100.000000
100.000000
100.000000
100.000000
100.000000
100.000000
100.000000
100.000000
100.000000
100.000000
100.000000
100.000000
100.000000
100.000000
100.000000
100.000000
100.000000
100.000000
100.000000
100.000000
100.000000
100.000000
100.000000
100.000000
100.000000
100.000000
100.000000
100.000000
100.000000
100.000000
100.000000
100.000000
100.000000
99.716954
100.000000
100.000000
100.000000
100.000000
100.000000
100.000000
100.000000
100.000000
100.000000
100.000000
100.000000
100.000000
100.000000
100.000000
100.000000
100.000000
100.000000
100.000000
100.000000
100.000000
100.000000
100.000000
100.000000
100.000000
100.000000
100.000000
100.000000
100.000000
100.000000
100.000000
100.000000
100.000000
100.000000
100.000000
100.000000
100.000000
100.000000
100.000000
100.000000
100.000000
100.000000
100.000000
100.000000
100.000000
100.000000
100.000000
100.000000
100.000000
100.000000
100.000000
100.000000
100.000000
100.000000
100.000000
100.000000
100.000000
100.000000
100.000000
100.000000
100.000000
100.000000
100.000000
100.000000
100.000000
100.000000
100.000000
100.000000
100.000000
100.000000
100.000000
100.000000
100.000000
100.000000
100.000000
100.000000
100.000000
100.000000
99.450412
99.959457
99.919860
100.000000
100.000000
100.000000
99.117175
99.853667
99.497257
100.000000
99.711540
99.751706
99.819608
100.000000
100.000000
100.000000
99.911418
100.000000
100.000000
100.000000
100.000000
100.000000
100.000000
100.000000
100.000000
100.000000
100.000000
100.000000
100.000000
100.000000
100.000000
100.000000
100.000000
100.000000
100.000000
100.000000
100.000000
100.000000
100.000000
100.000000
100.000000
100.000000
100.000000
100.000000
100.000000
100.000000
100.000000
100.000000
100.000000
100.000000
100.000000
100.000000
100.000000
100.000000
100.000000
100.000000
100.000000
100.000000
100.000000
100.000000
100.000000
100.000000
100.000000
100.000000
100.000000
100.000000
100.000000
100.000000
100.000000
100.000000
100.000000
100.000000
100.000000
100.000000
100.000000
100.000000
100.000000
100.000000
100.000000
100.000000
100.000000
100.000000
100.000000
100.000000
100.000000
100.000000
100.000000
100.000000
100.000000
100.000000
100.000000
100.000000
100.000000
100.000000
100.000000
100.000000
100.000000
100.000000
100.000000
100.000000
100.000000
100.000000
100.000000
100.000000
100.000000
100.000000
100.000000
100.000000
100.000000
100.000000
100.000000
100.000000
100.000000
100.000000
100.000000
100.000000
100.000000
100.000000
100.000000
100.000000
100.000000
100.000000
100.000000
100.000000
100.000000
100.000000
100.000000
100.000000
100.000000
100.000000
100.000000
100.000000
100.000000
100.000000
100.000000
100.000000
100.000000
100.000000
100.000000
100.000000
100.000000
100.000000
100.000000
100.000000
100.000000
100.000000
100.000000
100.000000
100.000000
100.000000
100.000000
100.000000
100.000000
100.000000
100.000000
100.000000
100.000000
100.000000
100.000000
100.000000
100.000000
100.000000
100.000000
100.000000
100.000000
100.000000
100.000000
100.000000
