96.002387
95.718956
96.917027
94.734384
96.582262
94.696216
96.921638
94.477223
95.388911
95.285538
97.729944
95.970468
96.671593
95.777606
96.501179
95.915883
97.143739
95.699890
98.081484
95.260530
96.558099
95.306208
97.134973
96.793715
97.932350
94.956716
96.615742
94.983097
96.941645
96.596955
97.175550
95.355585
96.380440
94.731722
96.668232
96.412887
99.728327
94.925379
96.578383
94.955928
96.384950
97.269353
98.306409
95.795277
97.258606
95.556800
97.760263
96.248499
97.089721
96.171304
97.156061
95.121527
96.809603
96.480282
97.144630
96.304883
97.202720
97.465373
97.104507
97.313940
97.942289
95.862983
97.026549
96.796181
97.145041
96.010381
97.332873
95.216929
96.360326
95.981745
96.655529
96.370765
98.622907
94.782507
97.489084
94.797805
96.068592
96.255789
96.758246
95.538656
97.085245
94.222260
95.741448
94.904638
96.470395
96.157614
97.587963
94.133321
95.506245
94.714567
98.216780
96.715889
98.209775
94.335691
95.741896
95.809478
99.589038
97.376272
97.208228
94.203845
95.928892
95.983857
97.675923
95.556990
96.297975
94.864485
96.035051
95.239412
97.764454
95.510445
97.150284
95.184847
96.674333
95.496193
96.678481
95.614864
96.128299
96.141968
95.674058
97.219554
97.271072
94.985801
96.980758
94.790132
95.765164
95.457050
97.402117
95.604905
96.526343
94.158940
95.556903
94.615499
97.101466
95.067308
97.525565
94.331962
95.409494
96.388399
97.050045
94.951510
96.010823
94.508320
97.573924
94.752247
96.648340
93.974620
96.468224
95.915839
96.248080
94.266821
96.427931
95.404633
97.951392
95.838617
95.720977
95.237671
96.671338
95.350304
97.639635
95.518075
95.868423
95.751908
98.117999
95.451056
96.803898
95.013365
96.797933
95.790875
97.248666
95.702750
96.025586
93.762223
95.135950
95.842268
99.666304
94.969372
95.688082
95.435997
96.052338
99.711138
98.753169
94.525278
96.561539
94.549243
96.450418
95.587118
97.110298
94.280777
96.001456
93.868694
95.582058
94.855821
99.208168
94.314352
95.264103
93.792116
95.335709
94.902769
100.000000
94.202532
95.435905
93.649797
98.208400
96.944417
96.527603
94.178695
96.365382
95.735546
97.053636
94.243499
96.440243
95.090643
95.514620
93.493205
97.104835
93.828835
96.122886
93.993150
95.410942
93.386806
95.591290
95.625441
96.816398
92.895811
96.239264
94.261477
95.176553
95.268497
98.472530
96.802882
98.238236
94.486171
97.884466
95.920675
94.634608
93.310149
97.348683
95.599305
94.424882
97.455831
97.300363
94.414245
95.972733
96.181833
98.257162
96.796877
100.000000
96.737115
96.705658
94.210025
98.228262
94.533007
94.423898
93.302350
97.365760
92.221440
94.968340
94.194240
96.679697
94.859948
95.856803
93.150895
95.276152
95.856354
98.002731
95.343759
96.611135
95.475533
95.505387
94.562250
99.005792
96.468426
96.070489
93.287609
96.781720
96.698957
97.358328
95.410470
98.054478
94.603998
95.514381
95.142736
98.493815
93.997597
95.806585
94.032390
96.491663
93.999251
96.140701
93.953632
95.809187
93.513503
95.954297
93.963411
96.299329
95.055382
95.671875
95.553762
94.147639
97.407014
98.304843
95.521877
96.657055
94.491866
95.568835
94.954384
97.519813
94.893502
95.396282
93.323585
95.478487
94.317143
97.286542
93.861929
96.970273
94.241481
94.842256
94.174371
96.134065
95.816470
96.912268
94.218358
95.670230
95.488727
96.495686
94.892744
95.723372
92.964258
97.592391
94.093528
96.747425
94.418450
97.508386
94.064159
95.506810
94.789399
98.335675
95.190391
96.032692
94.749093
96.222671
94.751888
97.190681
95.544851
96.620089
94.274418
95.802605
96.458928
97.724022
95.099605
96.074736
94.468613
96.275430
96.081976
97.642725
95.038456
96.759718
96.180849
95.795944
96.682768
98.024316
95.506269
96.247613
94.455806
96.802266
95.340725
98.023250
95.063396
95.768471
94.420264
96.040722
94.876235
97.084762
93.614768
97.375021
95.506528
95.730425
94.755254
96.401999
94.262810
97.690567
94.185693
95.522320
94.930720
97.294570
94.874917
95.339998
94.433547
95.537337
93.822465
96.398038
93.847025
95.953780
93.462738
95.111802
94.054418
96.306958
94.456882
96.219164
93.611542
95.386626
94.305343
96.724890
94.919398
96.390461
94.766106
95.930724
94.411647
96.083966
94.509775
97.278717
93.693616
95.528654
94.410423
96.444260
95.482810
95.728667
95.713721
94.949404
96.672818
97.597002
95.317107
96.074036
94.918332
95.447538
94.885522
96.513054
94.191696
97.115081
92.888589
96.157718
93.683162
98.443641
95.564919
94.964528
93.638019
96.789776
93.641801
95.154695
95.401485
95.422399
92.718480
95.049758
93.045574
94.905083
92.708620
95.523702
94.738581
95.023569
93.576795
97.642810
92.962803
94.605978
93.682881
95.322643
96.545071
96.887186
93.247418
95.028344
94.394437
96.411880
95.913679
96.355883
93.482760
95.153056
93.544740
95.958146
93.898418
95.856543
94.280886
95.498079
93.810552
94.934518
93.966096
95.277171
94.186659
96.012961
95.550003
94.430592
96.218729
98.390814
94.722398
95.124519
93.463617
95.655332
94.782671
96.948235
93.984762
95.567055
93.900752
94.572234
93.676163
96.490341
95.024475
94.623964
92.166472
95.437740
93.986570
95.484829
92.809839
95.173820
94.336482
94.197199
92.488527
98.317169
95.325369
94.505938
91.845900
96.012578
95.058977
95.837378
92.982036
96.310518
92.978780
93.805144
93.156479
95.329578
93.403656
95.855024
91.999643
95.137512
95.085125
96.610251
95.425157
96.991185
92.895443
94.695999
94.044112
98.450436
96.017748
97.504551
94.181951
95.620494
95.617021
96.435722
92.278308
94.418680
94.641455
93.891679
95.471951
96.191091
93.551378
96.493102
94.401842
96.322712
95.775592
99.633103
94.557606
95.942169
94.545556
94.913470
92.903912
96.575590
93.281900
94.703436
92.175498
94.137219
93.820992
98.300561
94.430397
96.347697
93.798543
96.104214
96.049675
97.333709
95.157063
97.247134
94.806487
95.538963
93.514272
96.574185
92.257126
95.849211
94.045322
94.937369
92.662122
95.809251
92.793476
95.252144
92.119133
94.264885
94.090271
96.693161
92.190069
94.908478
92.373130
94.603075
92.512214
95.884247
93.524344
95.420355
92.929805
94.084941
91.596803
95.346378
94.478137
95.367723
94.841271
92.356143
97.677609
99.928585
96.482649
96.046275
92.084290
93.479794
95.208195
98.823991
90.810800
94.464255
90.489086
94.128257
90.851694
95.050391
94.387784
97.609687
94.658533
93.213672
89.305909
97.097802
94.588063
96.146985
90.317081
93.711956
92.374225
95.817166
94.827135
96.553735
89.018148
92.841187
92.963800
99.685932
94.740225
93.257279
88.818378
95.431230
91.198966
95.832400
88.325233
96.645055
95.189559
96.027004
93.518974
94.182227
93.094826
96.802921
93.096198
94.298471
92.572519
95.601329
92.892003
94.624229
91.892940
94.097910
94.358900
93.573576
92.436389
95.433496
96.215035
93.208682
94.453731
97.853240
94.713499
95.585900
94.232451
95.940614
94.041560
96.484776
94.267577
95.653699
93.490917
95.146347
94.346478
96.858012
94.720734
95.961607
93.949544
95.619744
94.635581
97.007424
94.783032
96.327990
94.010887
95.140299
94.417106
97.064143
94.661753
96.112446
93.821886
95.093171
93.962227
97.649759
94.281381
96.023948
93.711386
95.071700
94.314148
97.433391
94.295707
96.398157
93.092932
95.653375
95.142112
97.081839
94.108283
97.268583
94.888549
95.732061
95.545090
97.441892
94.663047
96.149317
94.144039
95.811511
94.521472
96.240150
94.605052
96.066248
97.386242
95.192201
97.046638
97.418670
94.640741
96.126817
93.999300
97.034767
94.408926
96.171946
91.405377
96.309660
92.257907
94.693420
93.485629
97.367547
93.734256
94.701073
93.647514
95.512495
95.332884
97.866107
92.872453
94.403713
91.644931
94.907586
95.665781
99.492989
90.830822
93.726097
91.921308
97.636676
95.547000
95.822961
90.543612
94.676626
91.264162
93.204736
90.004844
98.599889
96.276466
97.478241
93.201230
93.953349
91.402392
98.727395
95.370608
95.505953
91.185034
93.491867
94.595571
98.108908
93.887164
95.453404
94.165665
93.776543
91.707592
93.546804
92.479090
97.514075
97.072378
94.615670
96.799942
96.563870
95.122814
98.136795
91.690055
94.412444
94.244480
97.613043
95.189234
96.294098
94.192382
97.625264
95.732325
97.311930
94.899850
96.636311
92.798276
95.783587
95.327277
95.903908
94.315698
95.931479
92.040078
95.379380
96.302941
97.777743
95.753583
98.388530
95.273028
97.704341
95.789940
97.000740
94.967872
97.822363
94.946889
95.067245
94.003162
97.030839
95.122800
95.661379
93.400583
96.356953
95.115459
96.726195
93.952909
95.523845
94.878272
97.045387
94.409044
95.291722
94.898589
98.181465
95.593280
97.386395
93.923203
94.015666
92.691121
97.136691
96.961047
93.731585
95.534718
97.087666
93.941237
96.032326
93.678048
95.511981
95.007651
97.312988
94.010263
95.354622
94.149808
95.627795
94.423117
97.296797
93.853564
95.655567
93.598525
94.871696
94.919645
98.000615
93.358198
94.916757
93.028650
95.453191
94.929702
98.789488
95.878975
95.908781
93.003228
97.419086
97.076815
97.706470
94.975554
98.004841
94.730443
95.838485
95.775507
96.727394
93.293691
95.361016
93.178774
94.806148
94.882598
96.938686
93.406548
96.976205
95.603831
97.468941
96.630600
98.821071
93.979440
96.983621
95.858619
97.470162
93.776487
95.416156
94.678617
95.443087
95.016028
94.192406
96.554601
98.704210
93.935585
95.283154
94.378373
96.119335
94.389516
97.486525
93.946604
94.888000
92.937202
96.327175
93.370441
96.933666
93.252712
96.458242
92.553565
94.462598
93.434697
96.234124
93.883237
95.469889
92.661023
94.943567
94.403065
97.910854
93.904759
94.870701
91.876900
95.980965
95.275216
96.793526
93.744822
94.964820
92.701716
96.031413
94.858089
96.449664
93.731286
95.020487
93.013652
95.142651
93.929345
96.345265
95.715528
95.407670
93.202308
95.261884
94.487487
96.877819
94.510890
95.856920
94.003117
96.100905
94.419501
95.555279
93.727514
97.055886
96.839187
94.882672
95.946812
97.039768
95.057039
96.440972
94.516463
95.407293
93.640658
96.466420
94.842693
95.588832
92.649871
94.987953
94.273661
96.598977
93.003131
95.815621
93.057191
96.335928
96.651529
98.034177
97.803674
98.975762
98.533377
99.817674
99.171992
100.000000
100.000000
100.000000
100.000000
100.000000
100.000000
100.000000
100.000000
100.000000
100.000000
100.000000
100.000000
100.000000
100.000000
100.000000
100.000000
100.000000
100.000000
100.000000
100.000000
100.000000
100.000000
100.000000
100.000000
100.000000
100.000000
100.000000
100.000000
100.000000
100.000000
100.000000
100.000000
100.000000
100.000000
100.000000
100.000000
100.000000
100.000000
100.000000
100.000000
100.000000
100.000000
100.000000
100.000000
100.000000
100.000000
100.000000
100.000000
100.000000
100.000000
100.000000
100.000000
100.000000
100.000000
100.000000
100.000000
100.000000
100.000000
100.000000
100.000000
100.000000
100.000000
100.000000
100.000000
100.000000
100.000000
100.000000
100.000000
100.000000
100.000000
100.000000
100.000000
100.000000
100.000000
100.000000
100.000000
100.000000
100.000000
100.000000
100.000000
100.000000
100.000000
100.000000
100.000000
100.000000
100.000000
100.000000
100.000000
100.000000
100.000000
100.000000
100.000000
100.000000
100.000000
100.000000
100.000000
100.000000
100.000000
100.000000
100.000000
100.000000
100.000000
100.000000
100.000000
100.000000
100.000000
100.000000
100.000000
100.000000
100.000000
100.000000
100.000000
100.000000
100.000000
100.000000
100.000000
100.000000
100.000000
100.000000
100.000000
100.000000
100.000000
100.000000
100.000000
100.000000
99.927968
100.000000
100.000000
100.000000
100.000000
100.000000
100.000000
100.000000
100.000000
100.000000
100.000000
100.000000
100.000000
100.000000
100.000000
100.000000
100.000000
100.000000
100.000000
100.000000
100.000000
100.000000
100.000000
100.000000
100.000000
100.000000
100.000000
100.000000
100.000000
100.000000
100.000000
100.000000
100.000000
100.000000
100.000000
100.000000
100.000000
100.000000
100.000000
100.000000
100.000000
100.000000
100.000000
100.000000
100.000000
100.000000
100.000000
100.000000
100.000000
100.000000
100.000000
100.000000
99.707499
100.000000
100.000000
100.000000
100.000000
100.000000
100.000000
100.000000
100.000000
100.000000
99.521818
100.000000
100.000000
100.000000
100.000000
100.000000
100.000000
100.000000
100.000000
100.000000
100.000000
100.000000
100.000000
100.000000
100.000000
100.000000
100.000000
100.000000
100.000000
100.000000
100.000000
100.000000
100.000000
100.000000
100.000000
100.000000
100.000000
100.000000
100.000000
100.000000
100.000000
100.000000
100.000000
100.000000
100.000000
100.000000
100.000000
100.000000
100.000000
100.000000
100.000000
100.000000
100.000000
100.000000
100.000000
100.000000
100.000000
100.000000
100.000000
100.000000
100.000000
100.000000
100.000000
100.000000
100.000000
100.000000
100.000000
100.000000
100.000000
100.000000
100.000000
100.000000
100.000000
100.000000
100.000000
100.000000
100.000000
100.000000
100.000000
100.000000
100.000000
100.000000
100.000000
100.000000
100.000000
100.000000
100.000000
100.000000
100.000000
100.000000
100.000000
100.000000
100.000000
100.000000
100.000000
100.000000
100.000000
100.000000
100.000000
100.000000
100.000000
100.000000
100.000000
100.000000
100.000000
100.000000
100.000000
100.000000
100.000000
100.000000
100.000000
100.000000
100.000000
100.000000
100.000000
100.000000
100.000000
100.000000
100.000000
100.000000
100.000000
100.000000
100.000000
100.000000
100.000000
100.000000
100.000000
100.000000
100.000000
100.000000
99.400116
100.000000
98.132318
99.143096
98.265588
98.567544
98.422328
99.460942
98.493802
99.342319
98.362171
99.117451
98.455447
99.707807
97.995633
100.000000
99.317895
99.585088
99.190214
100.000000
99.248740
100.000000
100.000000
100.000000
99.324916
100.000000
100.000000
99.300727
100.000000
100.000000
99.064223
100.000000
99.288383
100.000000
100.000000
100.000000
99.587622
100.000000
99.441968
100.000000
99.877840
100.000000
99.111235
100.000000
99.090715
100.000000
99.938908
100.000000
99.564828
100.000000
100.000000
100.000000
100.000000
100.000000
100.000000
100.000000
100.000000
100.000000
100.000000
100.000000
100.000000
100.000000
100.000000
100.000000
100.000000
100.000000
98.983658
100.000000
98.834893
100.000000
98.844504
99.981458
99.239135
100.000000
99.215911
100.000000
99.908700
100.000000
98.957679
100.000000
99.095388
100.000000
99.532709
100.000000
98.992838
100.000000
100.000000
99.729451
100.000000
100.000000
98.860683
100.000000
98.957984
99.484763
98.872177
99.503878
98.316982
99.890621
97.944419
99.835546
98.735119
99.471656
98.311128
99.927533
97.895655
99.824320
98.779570
99.360099
98.270703
99.949008
97.983517
99.745550
98.918368
99.232667
98.274201
99.914203
98.018340
99.902847
98.527589
99.523552
98.334985
100.000000
98.141419
100.000000
99.027355
99.592635
98.323738
99.909368
98.309878
100.000000
99.054120
99.887797
98.294570
100.000000
98.410177
100.000000
99.031769
99.561732
98.594420
100.000000
98.356080
99.383944
98.948677
99.270922
98.551563
100.000000
100.000000
98.861012
99.643703
100.000000
98.556587
100.000000
98.496526
99.757494
99.241184
99.937971
98.378596
99.809114
98.822716
99.853682
99.060582
99.955234
98.146051
99.985974
98.148354
99.794770
98.999588
99.449947
98.082147
99.860945
98.002727
99.991826
99.037395
99.726279
98.433439
100.000000
98.273374
100.000000
99.024235
99.747014
98.266818
100.000000
98.392933
99.733676
99.601106
100.000000
98.076465
99.992111
98.023736
99.466960
98.218394
99.903035
98.211649
99.940980
97.472455
99.345298
98.832046
100.000000
98.172430
100.000000
98.506136
99.364047
98.867160
99.465763
98.441592
100.000000
99.577578
98.636226
99.437651
100.000000
98.582486
100.000000
98.356576
99.417302
98.504311
99.733572
97.832643
99.857658
98.287728
98.872589
98.488150
99.464558
96.752185
96.423429
94.884684
95.167601
90.585058
95.261859
91.881488
94.273982
91.573510
94.248491
92.421116
94.739848
92.787261
94.738878
92.428938
93.948039
93.177122
95.843928
92.932466
94.911067
93.747491
94.822724
94.842152
96.683855
93.807608
95.323228
94.720876
95.189904
94.504516
96.656417
93.993282
95.725609
93.548075
95.412351
94.529814
97.544551
96.407555
97.566931
93.603642
95.766884
96.814826
96.215365
95.550962
96.831752
96.361465
95.379415
96.978704
98.344035
94.382622
98.342555
95.667098
96.621387
95.371546
97.739540
96.978874
97.852471
94.644842
96.562524
96.559268
98.813128
97.418380
97.314622
94.944307
96.074785
96.089634
97.208992
95.565040
97.441472
97.314394
97.597042
95.113947
97.767318
96.122286
98.451939
97.197628
96.752977
96.006937
96.931034
95.224383
98.787538
96.327372
96.566472
96.034866
97.618164
95.375382
98.272564
94.906042
96.824671
96.137241
98.859265
96.379898
97.257060
95.960038
97.205374
96.348433
98.466565
96.891951
97.675685
96.512825
97.260351
96.399676
97.705791
95.657165
97.398944
97.954758
96.683233
97.576266
98.146900
98.477282
98.872470
96.154396
96.840150
96.289686
98.918801
97.951659
98.828934
95.481045
96.565539
96.520296
100.000000
98.240569
97.503609
95.417644
96.511498
97.712986
98.813946
96.303208
97.679016
97.051894
97.360114
97.477881
98.126789
96.873927
99.061611
95.975206
97.248877
96.692733
98.446401
98.322253
97.238860
96.456893
97.613207
97.111888
98.049307
96.565561
97.232137
96.083841
96.658620
96.414778
98.015865
95.874741
97.106916
95.758917
96.613994
96.163693
97.186008
97.038687
97.704863
96.186551
96.838875
96.226630
97.950688
97.076746
97.697843
97.336495
96.375005
97.541808
98.670960
96.977675
97.356168
95.805105
98.915308
98.597649
97.269987
95.618008
98.384460
98.242185
98.000231
97.288095
98.359447
96.914159
97.005823
95.750458
96.958893
97.009798
98.030726
96.716886
98.133450
96.258211
97.096269
96.861570
98.673228
98.543148
98.201299
97.444699
97.981572
97.816409
98.161192
97.350782
98.361684
97.803313
97.430187
96.782990
97.854835
98.163129
97.756453
95.978195
96.774049
95.970788
97.752200
97.394986
98.358325
96.512573
97.305717
97.041596
98.718251
97.994105
99.159098
96.989251
97.630181
97.268185
98.569763
97.366299
98.142638
98.075735
97.379519
98.106098
99.137548
97.480017
98.476350
96.722523
98.384990
97.464395
98.608831
97.130479
97.874832
96.716057
97.581661
97.188400
98.677556
97.123779
98.315722
96.705042
98.840933
97.481719
98.685840
96.876953
99.155891
97.694991
97.579151
97.311188
98.527248
96.881037
97.919903
97.481473
97.136683
96.735431
97.750595
96.587399
98.223562
95.978192
97.214291
97.249499
98.394441
96.852866
98.383183
97.100317
98.576635
97.184358
98.321548
97.593044
99.312504
97.689648
98.772464
97.768448
98.585659
96.864689
97.846301
95.706378
97.399808
96.345447
97.122174
96.293318
97.601152
97.583599
96.488108
97.115177
97.651126
96.568470
97.268709
95.500398
97.435549
95.897054
96.877347
96.401443
96.834639
95.843485
96.411631
95.580320
98.222375
95.808209
96.650864
95.529795
96.532221
96.482312
97.137099
96.128429
96.747843
95.588318
96.570755
96.088641
96.804559
95.713261
97.361182
95.859165
96.584867
95.859783
97.478840
95.715433
97.895422
96.178997
97.065899
96.653927
98.983872
98.095291
96.693354
95.212903
96.882259
96.903755
99.026849
95.277416
96.544547
95.266411
96.866921
96.521212
97.179933
95.826286
97.058578
95.223381
96.545623
96.062915
96.334611
95.362508
96.872288
96.918852
96.102864
96.455720
97.687756
96.324278
97.270351
96.317487
97.902113
96.397672
96.977192
96.066743
98.036464
97.037149
97.464701
96.776691
97.833479
96.856843
98.129016
97.334763
97.492350
96.805367
97.988702
97.130153
97.735629
96.820572
97.354129
96.180756
97.319125
96.473265
97.306744
96.015347
96.549406
96.120260
97.237724
96.273263
97.326723
96.168838
97.079923
96.227635
97.074921
96.372278
97.223183
96.050825
96.987694
96.231743
97.372750
96.384910
96.868365
95.480340
96.839365
96.287809
97.270607
96.170013
97.302777
95.720262
96.917421
96.124068
96.853233
96.110512
96.775227
96.768010
95.730650
97.248289
99.561094
98.282254
98.850810
97.489936
99.674711
99.434528
100.000000
98.180380
99.360075
99.258816
98.487096
95.710742
96.786357
97.639756
97.795017
95.930645
96.856175
96.439713
97.899499
95.945710
99.117646
95.622211
97.107707
95.683631
97.931751
96.331676
98.630856
95.606200
96.842196
96.473711
97.484724
96.597397
98.633478
95.924711
97.038871
97.016932
98.776825
97.002727
97.117359
95.898827
97.203901
96.826403
98.480338
96.396611
97.184232
96.831470
97.339438
96.810260
97.838041
96.156496
98.565261
96.498473
97.619670
96.624600
98.277925
97.778904
98.218149
99.010395
97.967819
97.796981
98.301905
99.225106
99.429022
97.296731
98.747805
98.399835
99.088739
97.519520
99.417690
98.121927
98.382573
98.157187
99.794113
97.664607
99.127407
99.064383
99.298456
98.922270
99.582767
98.466573
100.000000
98.750482
99.458144
98.190914
99.662429
98.295015
100.000000
97.682116
98.914006
98.320345
99.964384
98.043184
100.000000
97.353191
99.491952
98.459496
99.402277
99.987865
100.000000
98.645862
99.776454
99.020342
100.000000
100.000000
100.000000
99.232419
100.000000
99.083032
100.000000
98.784203
100.000000
99.755274
100.000000
100.000000
100.000000
99.456526
100.000000
100.000000
100.000000
100.000000
100.000000
100.000000
100.000000
99.572638
100.000000
100.000000
100.000000
100.000000
100.000000
99.925295
100.000000
99.910113
100.000000
100.000000
100.000000
99.853297
100.000000
100.000000
100.000000
100.000000
100.000000
98.341332
99.900226
99.380765
100.000000
99.429398
100.000000
98.785709
99.362875
98.683144
100.000000
99.400657
100.000000
97.012911
99.077672
99.502535
100.000000
98.555555
99.736522
97.779618
99.643598
98.177975
99.429504
97.728147
100.000000
94.922205
97.936546
98.867708
99.294659
97.159744
99.541467
96.444517
100.000000
96.249226
97.265887
98.290374
99.573775
98.986907
98.840172
100.000000
100.000000
98.558521
100.000000
97.922751
100.000000
98.975812
99.802350
98.298173
100.000000
96.247891
99.115132
97.267858
100.000000
96.411563
99.114856
97.400279
98.227954
95.203567
100.000000
96.189063
99.338715
97.243927
99.638176
97.440265
99.965834
98.658862
98.982846
96.899790
98.869683
97.979620
99.326496
97.694831
99.947303
97.270983
98.849504
98.725950
100.000000
98.171325
99.823877
96.609888
99.833563
98.917679
100.000000
96.289431
100.000000
97.224370
100.000000
100.000000
100.000000
98.601668
100.000000
98.757842
100.000000
98.651729
98.291286
98.087958
100.000000
100.000000
97.248890
99.869146
100.000000
98.063996
99.728674
96.495237
99.987730
98.543537
100.000000
96.770057
99.231667
98.615993
99.892775
97.414148
99.933366
97.639101
99.415626
98.345901
98.793933
96.093308
100.000000
97.883911
99.634670
95.098568
99.214240
97.108990
98.915294
96.836684
99.400585
97.055152
99.329964
96.075650
98.767132
96.990102
100.000000
94.917743
98.106368
97.049190
100.000000
97.728432
98.002662
95.766898
99.448844
97.236993
96.652673
94.617606
99.912592
96.203594
97.831124
96.671461
100.000000
97.346558
98.730178
96.856215
98.309649
97.691364
97.761416
96.246096
99.154861
98.541680
96.591182
97.334916
99.674769
96.552916
97.292772
94.240509
97.323816
97.128332
98.440743
94.318224
96.646398
95.073596
96.626580
95.820154
98.325712
94.597896
96.076508
94.126448
96.153274
95.209952
97.387480
94.656558
97.123218
93.593970
95.667337
95.216191
99.233998
96.809791
97.289067
93.879710
95.623081
96.024968
97.712772
94.982846
97.040750
93.900960
95.705877
96.406227
98.083418
94.776881
96.581233
94.840443
95.776473
94.019125
97.754622
95.457581
96.404678
94.116562
96.103210
94.952762
97.872964
94.899253
96.487988
94.274822
95.894604
94.942936
97.172374
93.872954
97.819092
96.477598
94.831300
97.778132
97.997477
94.903901
96.342143
95.320476
96.185564
95.140249
97.265685
93.952007
96.336115
94.244982
95.537637
94.646942
97.339434
94.279768
96.495901
93.934561
95.579301
93.892622
97.652911
93.712501
95.947667
94.699174
95.208513
94.474245
97.944269
93.440580
95.608154
93.487456
94.976115
93.793326
97.311942
95.504023
96.950173
94.237209
95.832458
95.986440
99.188615
94.238633
97.156330
93.442032
96.664566
94.660302
96.363915
93.955528
96.108314
94.586310
96.045500
96.203432
97.990197
93.778509
96.248220
95.223762
96.457141
96.212754
96.673870
94.496942
95.918375
96.165496
95.916981
97.113934
98.425949
95.265984
96.236976
93.684522
97.168184
94.765772
98.277694
94.463297
96.078626
95.262961
96.652283
95.502962
98.150144
94.197341
96.546219
94.750152
96.260874
96.411548
99.200896
94.679007
96.383791
94.898058
97.598277
95.897477
98.230200
95.627120
97.040458
95.194674
98.290296
97.242359
98.716118
95.294778
96.898250
95.425375
96.590232
95.955746
98.504523
95.629268
97.115193
94.782416
97.182081
96.140229
98.121078
95.798611
97.082257
95.516857
97.041548
95.647733
97.618060
96.000621
97.587942
95.794774
97.156039
96.116004
98.107100
95.616539
97.102279
98.593839
95.804770
96.751697
99.750555
96.345420
97.526237
96.026353
97.384929
97.331334
98.278609
96.013757
98.078033
95.436411
96.899930
96.574773
98.687374
97.239447
98.390583
96.321616
97.025192
96.620840
98.562276
97.141174
98.575756
96.284488
97.521192
96.859954
98.669327
95.809238
97.252461
94.650598
95.905521
94.999947
100.000000
91.927331
97.344027
94.038287
97.393736
97.458028
96.329798
94.506559
98.660627
91.533214
96.748370
92.131769
92.718964
97.255068
97.769376
92.361849
98.785584
93.418905
97.014844
94.076226
96.966584
92.830859
96.987550
92.943838
96.129372
95.063376
94.945513
95.401166
97.032872
95.100899
97.061652
94.780379
96.432871
95.514839
96.637311
93.643833
100.000000
93.680708
96.361349
93.680926
95.804237
97.061332
99.570579
95.413004
96.835162
95.417369
97.388287
97.022451
96.725196
95.291521
98.314343
94.618887
97.672351
95.490624
99.231986
98.074203
97.865414
95.834341
97.175075
95.927589
98.060331
96.963054
98.071671
97.192796
98.204449
96.154490
97.680577
97.715053
97.591025
95.785365
97.856598
97.985737
98.607884
97.158797
98.357947
96.465537
98.042190
97.710230
98.029803
96.502308
97.583072
95.927370
98.051257
95.798801
98.559403
96.540166
99.344094
98.569436
96.924556
97.087822
99.155541
96.694033
98.464251
94.949657
98.209154
95.540890
96.769485
96.186541
97.558436
95.647863
96.674685
95.982215
98.051031
96.192748
98.678474
96.784491
97.766677
96.171098
97.911507
95.764796
97.700812
96.395255
97.940120
95.974887
97.989055
95.676627
98.448500
97.165165
98.304157
96.088484
97.596691
95.188704
99.531265
97.892215
97.331022
96.041001
98.219848
97.284015
98.138642
95.904064
97.387867
97.456384
99.397691
97.062948
97.989711
96.269993
98.989005
97.035831
98.316678
97.527093
98.198937
95.032134
98.898067
95.767930
98.326452
97.161460
97.748594
98.194040
96.667045
97.968057
98.722142
95.949403
97.055863
95.226111
97.402988
96.873083
98.388786
95.180006
96.993856
95.611488
97.212371
96.468427
97.442504
95.082599
97.373673
94.898411
96.875760
95.549150
98.780640
96.326146
98.218815
95.417146
96.284989
95.706508
99.160964
97.066718
98.173274
95.515573
97.469786
97.139416
99.387138
95.998597
98.007603
96.179980
97.360740
96.890559
98.649605
95.976160
99.117145
95.230826
97.944191
97.008324
99.205777
96.733209
98.829880
97.273840
98.302416
97.494091
99.685207
97.656750
99.213335
97.348356
98.949288
98.019852
99.703050
98.232310
99.596497
99.516140
98.445533
100.000000
100.000000
99.040577
100.000000
97.500079
98.580080
97.668203
100.000000
97.665713
98.401784
96.351327
98.588862
97.395689
99.637204
97.034021
98.138025
96.188051
97.307628
97.151425
99.814226
96.465810
98.251475
94.871433
97.503378
96.197316
98.362187
95.479470
96.809139
94.798308
96.394611
95.894225
98.336773
95.498073
96.137011
93.302317
96.395293
94.518289
97.084334
95.620930
96.169508
93.492659
96.170800
94.859645
98.722784
93.706108
96.006340
94.007301
96.082892
94.975690
97.638283
94.835705
96.548362
94.869399
96.401471
94.346309
96.662708
94.814465
97.151528
97.160961
95.115036
96.712648
97.057732
95.112320
97.027824
93.928923
95.637493
94.738424
99.177797
94.167956
96.952670
93.215151
96.218480
94.645803
97.718198
94.547539
95.670545
93.414947
95.067956
94.277579
97.714792
94.644128
95.421663
93.987145
95.535005
96.204231
97.760335
95.417600
95.768121
92.977348
95.451208
94.694423
96.782881
93.218931
95.282633
93.268887
94.661467
94.027614
97.591452
95.378375
95.454701
93.361663
94.957470
94.301707
97.899491
93.186300
96.084500
94.549035
95.607077
93.582785
97.242597
93.514599
97.506833
93.300257
95.367792
94.030489
96.135491
93.630371
95.858004
95.743870
95.940878
96.756964
95.371277
94.319442
95.280975
93.233516
94.794155
92.900906
98.982716
95.163045
95.228218
93.361069
94.287734
93.698287
97.363101
94.534706
95.943238
93.658910
96.541462
97.798823
100.000000
98.886160
100.000000
98.708707
100.000000
99.606658
100.000000
99.954174
100.000000
99.579379
100.000000
100.000000
100.000000
100.000000
100.000000
100.000000
100.000000
100.000000
100.000000
99.768451
100.000000
99.764789
100.000000
100.000000
100.000000
100.000000
100.000000
100.000000
100.000000
100.000000
100.000000
100.000000
100.000000
100.000000
100.000000
100.000000
100.000000
99.777383
100.000000
100.000000
100.000000
100.000000
100.000000
100.000000
100.000000
100.000000
100.000000
100.000000
100.000000
100.000000
100.000000
100.000000
100.000000
100.000000
100.000000
100.000000
100.000000
100.000000
100.000000
100.000000
100.000000
100.000000
100.000000
100.000000
100.000000
100.000000
100.000000
100.000000
100.000000
100.000000
100.000000
100.000000
100.000000
100.000000
100.000000
100.000000
100.000000
100.000000
100.000000
100.000000
100.000000
100.000000
100.000000
100.000000
100.000000
98.879836
100.000000
97.352749
99.596102
97.828185
100.000000
97.396377
99.920727
97.384261
99.465573
97.347418
99.026752
96.701513
99.734567
99.953783
97.580387
99.443468
99.532365
96.455495
99.562722
96.993186
99.571693
97.709781
99.818430
97.206125
99.791332
96.616653
99.279748
97.219705
99.911418
96.561128
99.208728
96.293278
98.586156
96.978840
98.932061
95.590106
98.712936
95.413880
98.689046
96.471023
99.184761
95.754663
99.186206
96.308945
98.840309
96.702375
99.173390
96.180669
99.347591
96.876201
99.772644
97.464395
100.000000
97.640514
100.000000
97.621296
100.000000
98.555062
100.000000
98.422128
100.000000
98.614565
100.000000
99.779516
100.000000
98.930118
100.000000
99.749627
100.000000
99.553821
100.000000
99.515839
100.000000
100.000000
99.303809
100.000000
100.000000
98.584386
100.000000
98.235433
100.000000
98.979354
100.000000
98.124228
100.000000
97.907784
100.000000
98.974971
99.958119
97.575911
100.000000
98.380354
100.000000
98.972205
100.000000
97.643959
100.000000
97.978355
99.949954
98.026277
100.000000
97.827646
100.000000
98.617059
100.000000
99.226822
100.000000
98.709250
100.000000
98.323833
100.000000
99.365102
100.000000
98.204664
100.000000
97.990308
100.000000
99.072096
100.000000
98.322257
100.000000
97.480615
99.443995
97.896984
99.618378
96.414824
99.364481
96.840145
99.035270
98.072420
100.000000
96.722530
98.845393
99.107741
96.739442
98.661318
99.067394
96.052166
98.661539
96.789305
98.544617
96.866089
98.727432
95.821290
98.580301
96.044596
98.462013
96.215912
98.708160
95.762687
98.753967
96.034932
98.721657
97.063487
99.210496
96.608323
99.045102
96.721200
99.028915
96.876366
98.920497
96.200225
98.679870
96.519556
98.820202
96.779932
99.308113
97.102086
100.000000
98.193233
100.000000
98.636539
100.000000
97.964244
100.000000
98.573404
100.000000
99.076775
100.000000
98.120074
100.000000
98.365000
100.000000
98.752393
100.000000
97.001653
100.000000
97.153408
99.286178
98.153470
99.762587
97.581654
99.882583
99.970626
97.775072
99.051775
100.000000
96.777946
99.906113
97.390585
99.895300
98.333543
100.000000
98.143477
100.000000
97.999876
100.000000
98.416590
100.000000
97.624745
100.000000
97.862121
99.663022
97.596851
99.813722
97.419060
99.778268
98.047873
99.987534
97.213788
99.320479
95.425529
98.833992
95.101284
98.384780
95.567794
98.146811
95.665285
98.322720
95.865427
98.099544
96.724191
98.007318
95.467156
98.415966
95.188732
98.500818
95.294446
97.927455
96.784893
98.182542
95.331510
98.524424
95.219958
98.399351
96.799035
99.390306
95.586753
99.037281
96.587221
98.672757
96.585715
99.602854
99.591459
98.143383
97.181640
99.335946
96.623346
99.488126
96.718762
99.303654
97.846721
99.482614
97.514419
100.000000
98.422071
100.000000
98.609686
100.000000
98.313232
100.000000
98.574720
100.000000
99.330734
100.000000
98.727221
100.000000
98.641088
100.000000
100.000000
100.000000
99.040892
100.000000
98.960854
100.000000
99.560774
100.000000
99.145079
100.000000
100.000000
100.000000
100.000000
100.000000
99.322157
100.000000
99.379220
100.000000
99.873939
100.000000
99.184033
100.000000
98.469277
99.890742
99.219989
100.000000
99.205414
100.000000
99.587736
100.000000
100.000000
100.000000
99.664728
100.000000
100.000000
100.000000
100.000000
100.000000
100.000000
100.000000
99.892549
100.000000
100.000000
100.000000
100.000000
100.000000
100.000000
100.000000
100.000000
100.000000
100.000000
100.000000
100.000000
100.000000
99.998928
100.000000
98.338389
100.000000
97.959191
99.911523
98.659689
99.387319
98.616381
100.000000
98.813412
100.000000
99.506936
99.926170
98.047387
100.000000
99.354119
100.000000
99.370232
100.000000
98.539822
100.000000
98.440796
99.762899
98.905003
100.000000
98.613592
100.000000
98.133264
100.000000
97.349031
98.894307
97.540454
100.000000
98.246942
99.700685
98.501869
100.000000
100.000000
100.000000
100.000000
100.000000
100.000000
100.000000
99.450289
100.000000
100.000000
100.000000
100.000000
100.000000
99.439587
100.000000
100.000000
100.000000
100.000000
100.000000
100.000000
100.000000
100.000000
100.000000
100.000000
100.000000
99.593619
100.000000
100.000000
100.000000
99.968224
100.000000
100.000000
100.000000
99.538071
100.000000
100.000000
100.000000
98.952657
100.000000
100.000000
100.000000
99.814120
100.000000
99.663451
100.000000
99.041971
100.000000
100.000000
100.000000
99.142942
100.000000
100.000000
100.000000
99.458481
100.000000
100.000000
100.000000
100.000000
100.000000
99.473096
100.000000
99.124303
100.000000
100.000000
100.000000
100.000000
100.000000
99.656460
100.000000
99.416589
100.000000
99.319262
100.000000
98.685055
100.000000
98.555578
100.000000
98.972536
100.000000
98.593456
100.000000
98.754402
100.000000
99.223815
100.000000
99.105223
100.000000
98.518714
100.000000
99.446799
100.000000
97.890855
100.000000
98.816403
100.000000
99.232387
100.000000
100.000000
100.000000
98.609190
100.000000
99.015155
100.000000
98.447150
100.000000
98.484216
100.000000
99.025583
100.000000
99.588440
100.000000
99.558028
100.000000
99.416807
100.000000
98.781122
100.000000
99.071236
100.000000
99.603669
99.947472
99.474608
100.000000
100.000000
100.000000
100.000000
100.000000
98.771573
100.000000
99.020610
100.000000
99.530189
100.000000
99.715617
100.000000
99.711713
100.000000
99.654842
100.000000
99.726473
100.000000
100.000000
100.000000
100.000000
100.000000
100.000000
100.000000
99.822233
100.000000
100.000000
100.000000
100.000000
100.000000
100.000000
100.000000
100.000000
100.000000
100.000000
100.000000
100.000000
100.000000
100.000000
100.000000
100.000000
100.000000
100.000000
100.000000
100.000000
100.000000
100.000000
100.000000
99.912363
100.000000
100.000000
100.000000
99.451478
100.000000
99.799791
100.000000
99.949508
100.000000
99.709092
100.000000
100.000000
100.000000
100.000000
100.000000
99.712062
100.000000
99.745145
100.000000
99.662180
100.000000
99.140477
100.000000
98.408044
99.857576
98.700165
99.311829
97.963437
99.637811
98.158595
99.427634
98.055096
98.928443
97.320636
99.456906
97.428396
99.696917
97.762003
99.390151
98.605652
100.000000
98.221163
99.857832
98.669910
99.722914
98.532130
100.000000
98.395196
100.000000
99.217819
99.779631
98.406238
100.000000
98.058393
100.000000
98.548477
100.000000
98.002931
100.000000
98.892463
100.000000
99.084876
100.000000
99.346517
100.000000
99.571528
100.000000
99.857368
100.000000
99.401864
100.000000
100.000000
100.000000
100.000000
100.000000
99.610263
100.000000
99.480858
100.000000
100.000000
100.000000
99.367341
100.000000
99.943616
100.000000
100.000000
100.000000
100.000000
100.000000
100.000000
100.000000
100.000000
100.000000
100.000000
100.000000
100.000000
100.000000
100.000000
100.000000
100.000000
100.000000
100.000000
100.000000
100.000000
100.000000
100.000000
100.000000
100.000000
100.000000
100.000000
100.000000
100.000000
100.000000
100.000000
100.000000
100.000000
100.000000
100.000000
100.000000
100.000000
100.000000
100.000000
100.000000
100.000000
100.000000
100.000000
100.000000
100.000000
100.000000
100.000000
100.000000
100.000000
100.000000
100.000000
100.000000
100.000000
100.000000
100.000000
100.000000
100.000000
100.000000
100.000000
100.000000
100.000000
100.000000
100.000000
100.000000
100.000000
100.000000
100.000000
100.000000
100.000000
100.000000
100.000000
100.000000
100.000000
100.000000
100.000000
100.000000
100.000000
100.000000
100.000000
100.000000
100.000000
100.000000
100.000000
100.000000
100.000000
100.000000
100.000000
100.000000
100.000000
100.000000
100.000000
100.000000
100.000000
100.000000
100.000000
100.000000
100.000000
100.000000
100.000000
100.000000
100.000000
100.000000
100.000000
100.000000
100.000000
100.000000
100.000000
100.000000
100.000000
100.000000
100.000000
