95.585876
94.879784
96.335556
94.114114
95.738986
94.000159
96.198147
93.900242
94.629066
94.805906
96.874287
95.476273
96.044723
95.298520
95.708037
95.314758
96.473548
95.402128
97.916911
94.860461
95.683443
94.821974
96.235851
96.384752
97.703023
94.613998
96.493885
94.767089
96.568995
96.415775
96.943757
95.024845
96.022324
94.433315
96.227752
95.970553
99.563592
94.595126
96.205450
94.463934
95.735703
96.919639
98.187504
95.546193
96.962913
95.238088
97.099584
95.899704
96.885585
95.822993
96.799890
94.673292
95.858605
95.999919
96.399804
95.696836
96.406612
96.685792
96.746624
96.700878
97.845817
95.516870
96.336743
96.349790
96.368382
95.543935
97.030949
94.800006
95.772459
95.438197
95.816668
96.046581
98.460514
94.438388
96.957905
94.083787
95.162561
95.859712
96.516654
95.275728
96.817347
93.713996
94.918845
94.481514
96.126164
95.862629
97.136185
93.479560
94.682030
94.227549
97.978067
96.374071
97.842075
93.643318
94.485446
95.302967
99.426408
97.018426
96.745894
93.499163
94.824976
95.480074
97.314541
95.032452
95.640586
94.281892
95.263330
94.685835
97.239549
94.895193
96.530169
94.414697
95.591636
94.723719
96.044345
95.012867
95.367893
95.461189
95.219608
96.718639
97.145754
94.568634
96.641863
94.093846
94.867192
94.697366
96.661603
95.004924
95.680214
93.423094
94.711608
93.949843
96.716996
94.552401
96.748211
93.540747
94.525287
95.649884
96.292369
94.241506
95.078019
93.895898
96.730767
94.038358
95.899286
93.164528
95.019118
95.169080
95.169829
93.303509
95.350838
94.534150
96.781470
94.782947
94.254607
93.953291
95.429247
94.704465
96.292185
94.450831
94.323671
94.608915
97.014710
94.386632
95.483913
93.766308
95.346054
94.565340
96.230921
94.780017
94.501961
92.539500
93.952540
94.744412
98.644034
94.007272
94.241090
93.623406
95.001727
98.784758
98.456069
93.897248
95.779751
93.926972
95.790978
95.154435
96.752190
93.637927
95.049381
92.805633
94.311485
94.211632
99.008096
93.696789
94.279738
92.706333
93.608473
93.864893
99.872355
93.251732
94.261483
92.693057
97.212914
96.274981
95.925615
93.358634
95.359353
94.716858
95.758541
93.321258
95.629681
94.259665
94.536780
92.519701
95.880994
92.916371
95.396157
93.129772
94.367841
92.239086
94.234060
94.669696
95.904511
91.809476
95.189554
93.214096
93.626689
94.317461
97.810511
96.190514
96.897428
93.921715
97.052951
95.218093
93.936858
92.329404
96.094325
94.588062
93.445767
96.493561
96.273902
93.359213
94.944961
95.092198
96.991330
96.000354
99.461071
95.786595
95.780937
93.460276
96.569292
93.448674
93.809051
92.187915
95.972882
90.877253
93.368011
92.716856
95.301315
93.444791
94.179282
91.729063
93.971267
94.703703
96.877987
94.123406
95.092884
94.501020
94.351343
93.291373
97.788814
95.460196
94.682084
91.956710
95.565999
95.461327
95.879190
94.097921
96.748596
93.308808
94.303762
93.718775
96.921902
92.497045
94.056352
92.583690
94.966434
92.527768
94.500669
92.538374
94.073571
91.981679
94.705227
92.548820
94.335678
93.614255
94.416244
94.025550
92.744227
95.693229
98.222443
94.800593
95.758379
93.884256
94.965095
94.255915
97.176690
94.234721
94.416683
92.465726
94.440329
93.266945
96.279164
92.911668
95.893025
93.425769
93.990760
93.301947
95.219972
94.819981
95.807278
93.317600
94.328639
94.317943
95.577433
93.812220
94.583322
92.052553
96.513647
92.809299
95.712492
93.233384
96.170645
92.963360
94.241601
93.651995
97.324277
94.093510
94.591669
93.415561
94.771128
93.542577
96.064289
94.423868
95.188724
92.902640
94.492230
95.232993
96.611946
94.056964
95.076247
93.273505
94.854878
95.023891
96.469070
93.981491
95.410414
95.266887
94.924404
95.543055
97.274220
94.691289
95.561613
93.576238
96.122238
94.643472
97.144497
94.139323
94.544622
93.253854
94.939902
93.998088
96.551384
92.754696
96.581734
94.591291
94.486787
93.832511
95.732306
93.270177
96.901814
93.088232
94.127898
93.882646
96.564240
94.101592
94.467047
93.543826
94.480997
93.062419
95.754786
93.165561
94.937014
92.308804
93.798422
93.170204
95.605047
93.534414
95.349791
92.602008
94.105597
93.347130
95.988658
94.077462
95.339105
93.740618
94.623690
93.611445
95.373149
93.666857
96.387198
92.531762
94.613627
93.582670
95.574091
94.527772
94.405288
94.352524
94.044956
95.881934
96.662976
94.367118
94.651316
93.903945
94.468779
93.766934
95.584534
93.309622
96.287407
91.504934
94.788295
92.317309
97.400767
94.536510
93.851122
92.716312
95.484289
92.579652
94.410776
94.569204
93.984708
92.108221
94.167377
91.840592
93.677096
91.258511
93.936090
93.695641
93.558888
92.269851
96.469447
91.514667
92.863627
92.186907
93.824008
95.556840
95.801146
91.884954
93.602734
93.021936
95.048341
94.635902
95.040320
92.240016
93.703217
92.147646
94.493344
92.601128
94.680733
93.009573
94.024704
92.475037
93.431459
92.582178
93.927577
92.862553
94.437038
94.025451
93.032582
95.062038
97.334689
93.590960
94.104306
92.520770
94.666191
93.848641
95.967491
93.007115
94.528815
92.723168
93.275591
92.824754
95.753554
94.159157
93.611292
91.216955
94.145798
93.048547
94.743428
91.787345
93.720935
93.109790
92.184316
90.749199
97.164253
94.316207
92.741495
90.437340
94.597923
93.785751
94.542858
91.876222
94.753734
91.471113
92.495614
91.913923
94.063745
92.164393
94.312875
90.537692
93.852274
93.854992
95.465168
94.149952
95.599364
91.442472
92.691339
92.624655
97.345480
94.796305
96.131951
92.976363
94.470890
94.266348
94.874114
90.656372
93.197739
93.243773
92.439802
93.833815
95.959306
92.771817
95.241539
93.507045
95.521074
94.784234
99.027201
93.660252
94.670642
93.298316
93.733969
91.713421
95.340702
91.939111
93.051641
90.982347
93.019777
92.472543
97.136825
93.105166
94.679041
92.514838
94.790986
94.637311
96.119085
93.760486
95.634016
93.648078
94.319541
92.003112
95.331023
90.745185
93.958799
92.682877
93.244630
91.001038
94.442606
91.411624
93.827008
90.421473
92.433818
92.598209
95.359190
90.667730
93.081990
90.606109
92.427656
90.507450
94.156063
91.662837
93.493066
91.177058
91.825917
89.454831
93.580834
92.902140
93.349987
92.491328
90.613506
95.959162
99.504814
95.446506
94.353186
90.080846
91.336425
93.644436
97.628321
88.971616
92.521766
88.417115
92.035628
88.899734
93.374797
92.680175
95.833234
92.796197
91.017221
87.307295
95.414402
93.084602
94.283302
88.322585
91.067898
90.071247
94.066249
93.383585
95.263171
87.180675
90.548848
91.062832
98.516436
93.077642
90.912824
86.482236
93.387288
89.073362
94.270802
86.868496
94.972369
93.873108
94.590588
91.988744
92.715186
91.392342
95.603337
91.800969
92.752887
91.257221
94.532456
91.380060
92.990333
90.392585
92.367005
92.848314
92.205687
90.570454
93.632454
94.921871
91.834478
93.186182
97.293931
93.674233
94.360319
92.983038
94.720576
92.938126
95.707927
93.310610
94.222072
92.176140
93.663100
93.033847
95.510525
93.477696
94.504605
92.674763
94.263398
93.313342
95.824664
93.657597
94.903615
92.702401
93.584803
92.967829
95.819110
93.515845
94.661505
92.320258
93.600709
92.671969
96.411582
92.883588
94.329860
92.394136
93.861953
93.163266
96.402870
92.948841
94.953065
91.853391
94.216445
93.998611
95.993516
92.881349
95.729036
93.521128
94.116777
94.365645
96.307441
93.610318
94.659661
92.695754
94.131800
93.222962
94.927198
93.065815
94.281683
95.558106
93.596278
95.786207
96.204869
93.463330
94.897974
92.981998
95.531857
93.276321
95.151188
90.167812
94.877475
90.841707
93.113523
92.405953
96.597678
92.597367
93.510872
92.380397
94.063965
94.269379
97.055023
91.750859
92.474097
89.942243
93.519738
94.693503
98.503619
89.073040
91.410014
90.492716
96.714514
94.475776
94.982169
89.329649
93.323545
89.722705
91.082803
88.069542
97.667403
95.190039
95.829102
91.442562
91.617997
89.511170
97.483284
94.167994
93.778518
89.286542
91.816833
93.171346
96.733375
92.404563
93.553811
92.932833
92.135313
89.983240
91.951691
91.157523
96.228932
95.562612
93.025674
95.119938
96.087626
94.212252
97.315115
90.242875
93.101972
93.071709
96.358937
93.699240
94.525121
92.691553
96.301825
94.450271
96.194069
93.679032
95.202427
91.450298
94.276330
94.080584
94.666228
93.133299
94.290125
90.663620
94.041117
95.089856
96.649965
94.604519
97.011299
94.188727
96.240743
94.534715
95.794961
93.789353
96.478295
93.770080
93.514745
92.633399
95.770732
93.869780
94.094898
92.132802
95.264852
93.922989
95.641667
92.864638
94.074166
93.837921
95.940725
93.207840
94.234284
93.682022
97.180219
94.241773
95.762435
92.488365
92.723473
91.338555
95.446027
95.453623
92.310139
94.183448
96.243807
92.920803
94.821267
92.592720
94.125150
93.840253
96.060952
92.919180
93.953976
92.770794
94.205539
93.469547
96.327640
92.582203
94.264144
92.190358
93.441808
93.569352
96.833699
92.158130
93.411290
91.554064
93.897887
93.511443
97.675794
94.668103
94.585670
91.710839
96.088139
95.959426
96.611484
93.747243
96.791106
93.458293
94.385379
94.491239
95.501356
92.048595
94.038608
91.773848
93.591036
93.618653
95.595091
92.159022
95.641519
94.371983
96.239791
95.654423
97.866367
92.878510
95.656271
94.552713
95.940255
92.356214
93.921400
93.233871
93.742818
93.404479
92.774177
95.114670
98.496768
93.156131
94.212246
93.745687
95.513925
93.627667
97.109737
93.093383
93.852470
91.968523
95.417185
92.582888
96.007426
92.291472
95.148249
91.517441
93.401199
92.505835
95.092562
92.738995
94.082001
91.451428
93.953318
93.468164
96.912090
92.863594
93.483835
90.650535
94.635467
94.283020
95.703564
92.487614
93.498039
91.255271
94.524938
93.732865
95.107927
92.449001
93.376606
91.495868
93.297185
92.378519
95.113639
94.826592
93.956808
91.807123
93.558596
93.020648
95.429843
93.118308
94.209683
92.685636
94.511246
92.992378
94.054087
92.169765
95.221977
95.000696
93.293887
94.483643
95.931478
93.872830
95.047841
93.423810
94.428819
92.256351
95.455018
94.026867
94.309406
91.347633
93.576785
93.054418
95.535962
91.868536
94.284342
91.953695
95.186882
95.878705
97.373184
96.927505
98.019220
97.709121
98.902067
98.231468
99.859620
100.000000
100.000000
100.000000
100.000000
100.000000
100.000000
100.000000
100.000000
100.000000
100.000000
100.000000
100.000000
100.000000
100.000000
100.000000
100.000000
100.000000
100.000000
100.000000
100.000000
100.000000
100.000000
100.000000
100.000000
100.000000
100.000000
100.000000
100.000000
100.000000
100.000000
100.000000
100.000000
100.000000
100.000000
100.000000
100.000000
100.000000
100.000000
100.000000
100.000000
100.000000
100.000000
100.000000
100.000000
100.000000
100.000000
100.000000
100.000000
100.000000
100.000000
100.000000
100.000000
100.000000
100.000000
100.000000
100.000000
100.000000
100.000000
100.000000
100.000000
100.000000
100.000000
100.000000
100.000000
100.000000
100.000000
100.000000
100.000000
100.000000
100.000000
100.000000
100.000000
100.000000
100.000000
100.000000
100.000000
100.000000
100.000000
100.000000
100.000000
100.000000
100.000000
100.000000
100.000000
100.000000
100.000000
100.000000
100.000000
100.000000
100.000000
100.000000
100.000000
100.000000
100.000000
100.000000
100.000000
100.000000
100.000000
100.000000
100.000000
100.000000
100.000000
100.000000
100.000000
100.000000
100.000000
100.000000
100.000000
100.000000
100.000000
100.000000
100.000000
100.000000
100.000000
100.000000
100.000000
100.000000
100.000000
100.000000
100.000000
100.000000
100.000000
100.000000
100.000000
100.000000
100.000000
100.000000
100.000000
100.000000
100.000000
100.000000
100.000000
100.000000
100.000000
100.000000
100.000000
100.000000
100.000000
100.000000
100.000000
100.000000
100.000000
100.000000
100.000000
100.000000
100.000000
100.000000
100.000000
100.000000
100.000000
100.000000
100.000000
100.000000
100.000000
100.000000
100.000000
100.000000
100.000000
100.000000
100.000000
100.000000
100.000000
100.000000
100.000000
100.000000
100.000000
100.000000
100.000000
100.000000
100.000000
100.000000
100.000000
100.000000
100.000000
99.665523
100.000000
99.310092
100.000000
99.842713
100.000000
99.689892
100.000000
99.615889
100.000000
99.711699
100.000000
99.143794
100.000000
100.000000
100.000000
100.000000
100.000000
100.000000
100.000000
100.000000
100.000000
100.000000
100.000000
100.000000
100.000000
100.000000
100.000000
100.000000
100.000000
100.000000
100.000000
100.000000
100.000000
100.000000
100.000000
100.000000
100.000000
100.000000
100.000000
100.000000
100.000000
100.000000
100.000000
100.000000
100.000000
100.000000
100.000000
100.000000
100.000000
100.000000
100.000000
100.000000
100.000000
100.000000
100.000000
100.000000
100.000000
100.000000
100.000000
100.000000
100.000000
100.000000
100.000000
100.000000
100.000000
100.000000
100.000000
100.000000
100.000000
100.000000
100.000000
100.000000
100.000000
100.000000
100.000000
100.000000
100.000000
100.000000
100.000000
100.000000
100.000000
100.000000
100.000000
100.000000
100.000000
100.000000
100.000000
100.000000
100.000000
100.000000
100.000000
100.000000
100.000000
100.000000
100.000000
100.000000
100.000000
100.000000
100.000000
100.000000
100.000000
100.000000
100.000000
100.000000
100.000000
100.000000
100.000000
100.000000
100.000000
100.000000
100.000000
100.000000
100.000000
100.000000
100.000000
100.000000
100.000000
100.000000
100.000000
100.000000
100.000000
100.000000
100.000000
100.000000
100.000000
100.000000
100.000000
100.000000
100.000000
100.000000
100.000000
98.973729
99.368555
98.065293
98.846933
98.254545
98.429526
98.004072
99.045774
98.266474
98.949476
98.188157
99.174318
98.108102
99.554283
98.102448
99.885692
98.713823
99.225213
98.919478
100.000000
99.355249
100.000000
99.717408
100.000000
99.057334
100.000000
100.000000
99.150211
99.710705
100.000000
98.821108
100.000000
99.422798
100.000000
99.753288
100.000000
99.513072
100.000000
99.383894
100.000000
99.653350
100.000000
99.111431
100.000000
99.174118
100.000000
99.518003
100.000000
99.578042
100.000000
100.000000
100.000000
100.000000
100.000000
99.824510
100.000000
100.000000
100.000000
100.000000
100.000000
100.000000
100.000000
100.000000
100.000000
99.872209
100.000000
98.709472
99.705825
98.565504
99.651999
98.481652
99.475952
98.774436
99.863819
99.009690
99.852829
99.302870
100.000000
98.708341
100.000000
99.140150
100.000000
99.526649
100.000000
98.792051
100.000000
100.000000
99.779821
99.828730
100.000000
98.831057
100.000000
98.645516
99.855085
98.628706
99.366074
97.917778
99.389964
98.026175
99.125367
98.290373
99.260873
98.030575
99.407633
98.143320
99.328118
98.471180
99.133455
97.966086
99.470612
98.162169
99.309938
98.586175
99.026260
98.069048
99.453789
98.206218
99.441473
98.247344
99.343271
98.199985
99.586010
98.314021
99.618103
98.692446
99.414135
98.312061
99.660140
98.424415
99.801731
98.889696
99.688496
98.061485
99.901717
98.501924
99.776388
98.848770
99.403169
98.389775
99.845029
98.447560
99.772706
98.679225
99.117983
98.228027
99.737314
99.810797
98.871861
99.533130
100.000000
98.472862
99.924766
98.540860
99.780596
98.984822
99.714106
98.652982
99.361879
98.540943
99.449079
98.752789
99.639746
98.088850
99.601446
98.230076
99.467119
98.646517
99.299585
98.305221
99.223972
97.927611
99.249414
98.711753
99.524308
98.356944
99.498497
98.217450
99.517289
98.631356
99.506555
98.140089
99.683029
98.438450
99.769306
99.186235
100.000000
97.650996
99.428133
98.110954
99.578027
98.221096
99.557882
98.000962
99.485498
97.035469
99.452132
98.296817
100.000000
97.951406
99.720040
98.088488
99.336716
98.461848
99.090482
97.992645
99.526782
99.677764
98.269880
99.075713
99.692459
98.546161
99.634493
98.223426
99.423543
98.126865
99.489005
97.444491
99.419634
97.970072
99.019923
98.066703
99.045192
96.117916
95.618097
93.984683
94.274049
88.177622
93.575378
90.325103
92.562993
89.722109
92.612621
90.780071
93.198251
90.981368
93.186620
90.881294
92.366664
91.648785
94.343018
91.555716
93.413792
92.140301
93.406550
93.827793
95.793630
92.771213
93.977309
93.331522
93.792777
93.599058
95.922397
93.029421
94.386734
92.312312
93.991051
93.392797
96.662506
95.343453
96.398649
92.448487
94.762082
95.977049
95.367100
94.407512
95.400350
94.747903
94.366900
96.278448
97.220465
93.269183
97.411297
94.782281
94.899862
94.111544
96.682025
95.897285
96.498375
93.562874
95.514030
95.298585
97.464446
96.346257
96.206779
93.834651
95.005229
95.135327
96.326600
94.882623
96.309353
96.352365
96.500981
94.309054
97.142631
95.353875
97.340124
96.137751
95.484923
95.201247
96.398030
94.487912
97.748784
95.351248
95.310785
94.965622
96.629865
94.563018
97.230280
93.805546
95.433988
95.167520
97.867586
95.335541
96.094516
94.949618
96.172369
95.355990
97.357100
95.717306
96.400362
95.513663
96.173572
95.343977
96.803523
94.613860
96.108280
96.571296
95.401965
96.298212
97.796251
98.041167
98.371367
95.657177
96.263144
95.705755
98.241837
97.475308
98.227460
94.834968
95.979081
95.836829
100.000000
97.617086
96.583474
94.729649
95.746029
97.179540
98.396289
95.737599
96.863702
96.371758
96.679566
96.695058
97.557721
96.222095
98.179201
95.274687
96.571137
95.912800
97.787623
97.744396
96.389827
95.797172
96.864873
96.397711
97.556403
95.971356
96.489608
95.483934
95.879311
95.678572
97.463138
95.243402
96.324655
94.949098
95.730333
95.401767
96.462142
96.255721
96.838643
95.383371
95.873323
95.526154
97.028027
96.232132
96.809437
96.474140
95.656153
96.659564
98.306332
96.644871
97.058066
95.269745
98.716060
98.324839
97.030549
95.051123
97.765648
97.734440
97.379213
96.685758
97.925321
96.279497
96.131323
94.802144
96.037589
96.169786
97.169603
95.842787
97.236531
95.464097
96.149088
96.040435
97.752201
97.833961
97.387883
96.812257
97.136045
97.216363
97.465247
96.670410
97.540474
97.170886
96.628409
96.056913
97.250304
97.624121
97.254531
95.314955
96.062701
95.440063
97.345295
96.924833
97.618146
96.125175
96.978813
96.511252
98.280630
97.631958
98.454586
96.748035
97.470014
96.888237
98.229775
97.158436
97.494647
97.519057
96.895025
97.665567
98.908599
97.364130
97.970624
96.668078
97.806200
97.189201
98.319135
96.785549
97.826322
96.655979
97.593751
97.064861
98.373513
96.882753
97.761404
96.429875
98.655424
97.261231
98.337375
96.690569
98.613097
97.377273
97.476202
96.954541
98.047249
96.568972
97.335171
97.289504
96.816282
96.315466
97.395799
96.307875
97.723736
95.838294
97.127824
96.889563
98.046859
96.556387
97.618405
96.936356
98.344465
96.990722
98.039684
97.207818
98.713940
97.256422
98.112693
97.396704
98.191857
96.619048
96.977114
95.453429
96.518082
95.879335
96.657084
96.060739
96.876232
96.957032
96.150720
96.669233
97.556689
96.578768
96.634232
95.317963
96.810894
95.695617
96.647921
96.307749
96.411828
95.719399
95.977421
95.346881
97.969450
95.577503
96.296819
95.400420
96.220638
96.339410
96.937782
95.970075
96.511877
95.418857
96.302260
95.848115
96.541020
95.423787
96.997887
95.636467
96.243148
95.656159
97.236318
95.663162
97.578104
96.040808
96.696002
96.584563
99.020937
98.152010
96.124100
95.006606
96.233544
96.681937
98.963880
95.209704
96.048900
95.136784
96.364108
96.387372
97.100218
95.757154
96.653820
95.058157
96.105779
95.852239
96.012643
95.229165
96.168206
96.232480
95.859462
96.243339
97.513049
96.313634
96.906985
96.187546
97.569195
96.256093
96.847510
95.948667
97.688763
96.921458
97.156364
96.619691
97.663106
96.692595
97.710101
97.219870
97.119741
96.640829
97.756696
96.979111
97.319029
96.616689
96.969104
95.908888
97.007312
96.216254
96.799194
95.780731
96.037094
95.875653
97.023483
96.043717
96.791138
95.968489
96.459322
95.948311
96.751821
96.138584
96.696566
95.802155
96.430632
95.967297
97.013889
96.139994
96.424201
95.265751
96.422306
96.075232
97.036771
96.089475
96.847869
95.528481
96.418434
95.834500
96.603471
95.838215
96.239262
96.151897
95.464217
96.979458
99.438580
98.238870
98.266075
97.229927
99.145361
99.175313
100.000000
97.937611
98.976420
99.134358
98.218036
95.426375
96.491882
97.517886
97.287677
95.655858
96.371757
96.115354
97.708320
95.811779
98.707475
95.251645
96.580258
95.314419
97.568751
96.105956
98.105654
95.333124
96.279033
96.124418
97.171336
96.323559
98.162964
95.636003
96.584098
96.748818
98.462473
96.743609
96.468843
95.457293
96.557301
96.514981
98.221313
96.077365
96.663879
96.488953
96.767053
96.404072
97.469693
96.026067
98.058695
96.202203
96.974294
96.295175
97.948546
97.442052
97.662247
98.409954
97.624323
97.474393
98.134552
99.175572
98.940192
97.034129
98.152645
98.081306
98.748640
97.347553
98.976916
97.749382
97.966649
97.825052
99.467577
97.488645
98.732854
98.835642
98.855312
98.651304
99.361205
98.188393
99.917487
98.395229
98.859127
97.868640
99.401620
97.946528
99.636211
97.212126
98.388331
97.925568
99.605712
97.776706
100.000000
97.167712
98.905595
98.084714
99.123152
99.722322
100.000000
98.354205
99.770343
98.695572
100.000000
100.000000
100.000000
98.955300
100.000000
98.875698
100.000000
98.350992
100.000000
99.446696
100.000000
99.939697
100.000000
99.119643
100.000000
100.000000
99.745684
100.000000
100.000000
99.836720
100.000000
99.322879
100.000000
99.691694
100.000000
100.000000
100.000000
99.516825
100.000000
99.594865
100.000000
100.000000
100.000000
99.398228
100.000000
100.000000
100.000000
100.000000
100.000000
97.770798
99.229616
98.775508
100.000000
98.951569
99.574138
98.357088
98.648428
98.213630
100.000000
98.919168
100.000000
96.719589
98.767178
99.129341
100.000000
98.181768
98.892689
97.148326
99.187554
97.919528
99.235257
97.347168
99.272365
94.725966
97.168678
98.411056
98.986123
96.554082
99.132411
95.822648
99.545305
95.889231
97.186938
98.159851
98.576688
98.511073
98.536078
100.000000
100.000000
98.397676
100.000000
97.576935
99.686364
98.388762
99.622839
98.042917
99.981131
95.229052
98.589906
97.053926
100.000000
95.855769
98.489074
96.898786
96.484140
94.614268
100.000000
95.303379
97.746206
96.536129
98.709461
96.663387
98.999967
97.712106
97.583474
96.120776
98.309312
97.259924
98.542478
97.127456
98.830302
96.693750
98.190437
97.985448
99.280930
97.648211
99.166625
95.856185
98.949550
98.531604
100.000000
95.830068
99.450186
96.517928
100.000000
99.664218
100.000000
98.120486
99.832366
98.311997
100.000000
97.746803
98.009238
97.834798
100.000000
99.769916
96.440906
99.580199
100.000000
97.453790
98.751518
95.274602
98.494741
97.647830
100.000000
96.211770
98.561595
97.956752
98.933901
96.846458
99.559750
97.072886
98.143090
97.926385
97.292780
94.766893
99.783728
97.407881
98.765594
94.411260
98.062247
96.069603
98.390437
95.754294
98.206662
95.989769
98.467843
94.860331
97.781549
96.265239
99.001072
93.895674
97.069619
95.973453
100.000000
96.839841
96.605217
94.701065
98.106883
96.092292
95.793220
93.678072
98.706546
95.407285
96.761153
95.794599
99.573524
96.529035
97.523177
95.961413
97.430978
96.555113
96.662411
95.104362
97.867639
97.196130
95.380102
96.258193
98.712663
95.681650
96.229132
93.349385
96.119292
96.323821
97.820310
93.371602
95.387654
94.157881
95.372720
94.780651
97.495838
93.872563
94.878263
93.210255
95.476251
94.284852
96.383824
93.859248
95.921993
92.637312
94.500494
94.265474
98.166862
95.906648
96.102383
92.837487
94.597842
94.747514
96.238876
93.731633
95.873346
92.918725
94.414624
95.554562
96.754113
93.674750
95.170752
93.782519
94.414548
92.682282
96.482369
94.382215
95.154482
92.959542
94.752016
93.611604
96.366609
93.594510
95.033143
93.070564
94.832740
93.788540
96.055166
92.663142
96.342790
94.968262
93.485086
96.892635
97.050028
93.771269
95.395634
94.640718
95.327166
94.255284
96.290076
92.913370
95.165044
93.084989
94.445656
93.601482
96.379886
93.184837
95.288796
92.759339
94.314798
92.782963
96.807614
92.675602
94.752133
93.571129
93.949704
93.304448
97.005607
92.428955
94.592209
92.322520
93.742031
92.824930
96.610206
94.714459
96.001300
93.042372
94.945175
95.157288
98.460732
93.286867
96.229415
92.072983
95.672389
93.886270
95.633968
92.978352
94.794999
93.509195
94.695946
95.047585
96.981638
92.723329
94.938788
94.175590
95.560480
95.164973
95.724255
93.292124
94.511576
94.610531
94.802418
95.870284
97.512824
94.300118
95.334360
92.485509
95.943944
93.332324
97.386959
93.181068
95.275138
94.475072
95.776893
94.747377
97.462566
93.224433
95.330787
93.592085
95.094360
95.355229
98.195393
93.573757
95.330072
93.900010
96.379708
94.686546
97.226920
94.449017
95.714308
93.933687
97.135371
96.381267
97.634745
94.046009
95.562870
94.226690
95.264206
94.972734
97.578638
94.663666
95.862056
93.573556
95.902864
95.191174
97.171937
94.750613
95.950267
94.598072
95.662644
94.563451
96.568656
94.768198
96.305904
94.732267
95.923328
94.890414
96.873050
94.574619
96.283340
97.903101
94.491112
95.800786
99.400081
95.698199
96.469225
95.062535
96.499421
96.272076
97.294682
95.079241
96.997414
94.428786
96.117694
95.683243
97.841503
96.328226
97.209546
95.430127
96.214004
95.658463
97.632522
96.315831
97.579422
95.529630
96.367261
95.757888
97.595201
94.784242
95.820314
93.710360
94.826681
93.943428
99.986434
91.057980
95.640420
92.723781
96.309907
96.172025
95.656872
93.263963
98.010004
90.104520
95.448683
91.007946
92.009700
96.068048
96.755601
90.089833
97.088746
91.157081
96.577345
93.079035
95.580276
90.739890
94.909646
91.353318
94.235419
93.841462
92.278341
93.366254
96.158972
94.252221
96.657413
94.016333
95.282049
94.463211
95.136608
91.952065
99.886400
92.662526
95.310766
92.688900
94.897147
96.412161
99.089283
94.730799
95.874428
94.449387
96.564277
96.404865
96.210323
94.479162
97.243284
93.668511
96.425173
94.002601
98.195768
97.469071
96.718239
94.739269
95.966138
94.798734
97.003491
96.269753
97.169399
96.405941
97.181957
95.376051
96.912070
97.042135
96.794441
94.945013
96.743941
97.114178
98.120702
96.475968
97.599817
95.647498
96.997209
96.983216
97.310314
95.706671
96.919503
95.491190
97.203773
94.706955
97.974905
95.601393
98.843357
97.333534
96.121850
96.125897
98.535021
95.880846
97.338201
94.046835
97.106826
94.584570
96.196238
95.494292
96.392444
94.610334
95.452628
95.029469
97.276700
95.644319
98.011175
96.023212
96.836336
95.691087
97.507305
95.028026
96.988744
95.528210
96.899740
95.150164
97.686574
95.120175
97.912466
96.564305
97.684370
95.340971
97.109879
94.456020
98.390781
97.010690
96.607384
95.058510
97.474136
96.499441
97.123285
94.997606
96.504513
96.805338
98.555950
96.118155
96.676779
95.466697
98.442281
96.388717
97.415031
96.418145
96.909635
93.658993
97.999376
94.448036
97.254519
96.176844
96.217887
96.759717
95.366181
96.742645
98.379426
95.381153
96.218335
94.442544
96.516668
96.322296
97.865649
94.385108
95.672935
94.756452
96.304472
95.610298
96.801144
94.033006
96.208964
93.914869
95.924324
94.351524
97.812631
95.344535
97.074525
94.601159
95.426061
94.677517
98.333844
96.075959
97.002267
94.819718
96.631694
96.182229
98.492762
95.020002
96.676361
95.156918
96.396436
95.810478
97.650816
94.936855
97.716628
94.411033
96.939757
96.087205
98.351984
95.794689
97.650929
96.218144
97.413743
96.572299
98.680446
96.665223
98.003667
96.168201
97.479350
96.916787
98.761687
97.127488
98.391338
98.260855
97.297968
100.000000
100.000000
98.261891
99.818343
96.497228
97.454017
96.957280
99.650790
96.725948
97.329421
95.434975
97.569242
96.582731
98.787543
95.998443
96.966044
95.232622
96.394021
96.203077
98.965552
95.372472
97.094501
94.004646
96.706290
95.004925
97.497940
94.376628
95.867597
93.857960
95.497574
94.905197
97.622881
94.464479
95.185559
92.299686
95.464526
93.354272
96.357907
94.708776
95.286863
92.652720
95.335972
93.888861
97.912585
92.745097
95.190663
93.083356
95.106056
94.110803
96.777857
94.054390
95.690807
94.229897
95.488885
93.532781
96.019841
93.871242
96.373462
96.165022
94.242657
95.949224
96.158297
93.787073
95.781130
92.735003
94.297177
93.657290
98.162722
92.659328
95.811919
91.623620
95.310849
93.447124
97.005612
93.322989
94.430085
92.304664
94.001711
93.082189
96.899971
93.551416
94.478931
92.995087
94.362339
95.109054
96.897416
94.571175
94.914261
91.907771
93.986986
93.845361
95.955947
92.039881
94.003013
92.033126
93.403579
92.645397
96.693922
94.290751
94.065822
91.978917
93.752448
93.169731
96.845042
91.873288
94.928438
93.352166
94.293431
92.493216
96.254889
92.287088
96.419650
91.791432
93.650471
92.764385
95.111717
92.153036
93.992440
93.904974
94.391490
95.387281
94.327047
93.469198
94.245793
91.858273
93.359747
91.436917
97.838083
94.262490
93.879000
91.982244
92.659075
92.543416
96.398628
93.314319
94.225965
92.294383
94.572196
96.089693
100.000000
97.161783
99.551587
97.121928
99.661859
98.205557
99.907700
98.449679
100.000000
98.175773
100.000000
99.240240
100.000000
99.373333
100.000000
99.819518
100.000000
99.164896
99.853043
98.849533
100.000000
98.426231
100.000000
99.347861
100.000000
99.758885
100.000000
100.000000
100.000000
100.000000
100.000000
100.000000
100.000000
99.160103
100.000000
99.337867
100.000000
98.357820
100.000000
100.000000
98.802093
100.000000
100.000000
99.001009
100.000000
99.125383
100.000000
99.354648
100.000000
99.198401
100.000000
100.000000
100.000000
100.000000
100.000000
100.000000
100.000000
100.000000
100.000000
100.000000
100.000000
100.000000
100.000000
100.000000
100.000000
100.000000
99.831462
100.000000
100.000000
100.000000
100.000000
100.000000
100.000000
100.000000
100.000000
100.000000
100.000000
100.000000
100.000000
99.795080
100.000000
99.876094
100.000000
100.000000
100.000000
97.202549
99.312215
95.327328
97.805376
95.912423
99.112544
95.379965
98.172499
95.307226
97.282114
95.296686
97.415819
94.831495
97.898016
98.299075
96.161629
98.249388
98.324522
94.642836
97.825569
94.934393
97.792888
95.762141
98.467392
95.181899
98.258334
95.067622
97.338178
95.348275
98.593192
94.728486
97.553152
94.916575
96.862788
95.195092
97.728412
94.162072
96.992678
93.899646
97.090137
94.854811
97.994992
94.283014
97.531125
94.938689
97.151862
95.084651
98.160521
94.712690
97.836011
95.329757
98.094574
95.896333
99.231868
96.241836
98.723116
96.196832
98.346487
97.008874
99.862650
96.987260
99.717396
97.141722
99.902388
98.379061
100.000000
97.577374
100.000000
98.053672
99.830134
97.843955
99.709869
98.129457
99.635154
99.420958
97.909540
99.219184
99.967848
97.526897
99.628750
97.069544
99.046401
97.711209
99.630393
96.833484
98.983327
96.457684
99.204469
97.333413
99.286252
96.073642
99.399988
96.931704
98.747003
97.487414
98.908973
96.436491
98.927329
96.912973
98.751166
96.776109
99.252900
96.681505
99.986955
97.520154
99.475209
98.479712
100.000000
97.755050
100.000000
97.114865
99.568863
98.549428
100.000000
97.137065
100.000000
96.970926
99.729328
97.618384
99.649846
97.101582
99.725342
96.463100
98.689046
96.908594
98.761005
94.828200
98.579844
94.903280
97.143889
96.217693
98.902400
95.489969
97.994213
98.335523
95.654990
98.036218
98.473107
94.986572
97.811237
95.239845
97.185536
95.757860
98.230031
94.637770
97.661871
94.044017
97.354485
94.972700
98.045857
94.457479
97.913277
94.020465
97.003470
95.209720
98.319097
94.761590
97.992819
94.705503
97.272908
94.989162
98.050511
94.181285
97.656180
94.273089
96.912217
95.159562
98.560007
95.232955
98.909705
96.212230
98.547005
96.789080
100.000000
96.209415
99.932080
96.607747
99.857186
97.078133
99.647098
96.233337
99.563091
96.563180
99.083791
97.146057
99.296783
95.315294
98.119251
95.552685
97.659794
96.196790
98.334649
96.092699
98.109213
98.000624
95.668210
97.653402
98.670897
95.047782
97.623901
95.154390
98.467210
96.870387
99.797464
96.124495
99.069547
95.910320
99.048203
96.397353
99.293148
96.004906
98.821326
95.883509
97.975310
95.910883
98.745911
96.186620
98.591815
96.245385
98.266416
95.883966
98.390145
93.920784
97.888835
92.986776
96.484724
93.598541
97.475488
94.335020
97.366555
93.841857
96.557745
95.699492
97.330122
94.177119
97.535413
93.203087
97.017433
94.497072
97.331486
95.271307
97.140810
93.684393
97.730214
94.231688
97.997092
95.317741
98.451198
93.575695
98.387373
94.847242
97.966780
94.548751
98.143441
98.094083
96.803715
96.290139
98.991434
95.517880
98.704845
95.873749
98.717292
97.248210
99.083686
96.417558
99.524639
96.964362
99.938751
97.942204
100.000000
96.936958
99.868619
97.690745
99.491205
98.103318
100.000000
97.207530
100.000000
97.748096
100.000000
99.211510
100.000000
97.645739
100.000000
97.727987
100.000000
98.339877
100.000000
97.870959
100.000000
99.402338
100.000000
98.968272
100.000000
98.196271
100.000000
98.096516
99.730565
98.795975
100.000000
98.228105
100.000000
97.411227
99.159242
98.497645
100.000000
98.059542
100.000000
98.878137
100.000000
98.968419
99.906113
99.058384
100.000000
100.000000
99.659227
100.000000
100.000000
99.838485
100.000000
98.954461
100.000000
99.838467
100.000000
99.638186
100.000000
99.693443
100.000000
100.000000
100.000000
99.661596
100.000000
99.308337
100.000000
99.619865
100.000000
97.832304
100.000000
97.101055
99.613924
98.301193
99.118679
98.185731
99.720603
97.929267
99.803278
98.937682
99.409593
97.163876
99.812606
98.422046
99.736132
98.908252
99.910866
98.095646
99.827982
97.540764
99.184700
97.853479
99.456976
98.077997
100.000000
96.865042
100.000000
95.831393
98.342725
96.852770
100.000000
97.336652
99.581951
98.239978
100.000000
99.457849
100.000000
100.000000
100.000000
100.000000
100.000000
99.072284
100.000000
99.847146
100.000000
99.909788
100.000000
99.007136
100.000000
99.470530
100.000000
100.000000
100.000000
100.000000
100.000000
99.249898
100.000000
100.000000
100.000000
98.697417
100.000000
99.804515
100.000000
99.470738
100.000000
99.858720
100.000000
98.675926
100.000000
100.000000
100.000000
98.067301
100.000000
99.416643
100.000000
99.043951
100.000000
99.148499
100.000000
98.280479
100.000000
99.641131
100.000000
98.572303
100.000000
99.380827
100.000000
98.907077
100.000000
99.594875
100.000000
99.159706
100.000000
98.573581
99.941012
98.179716
100.000000
100.000000
99.494428
99.903126
100.000000
99.239472
100.000000
98.596380
100.000000
98.812700
100.000000
98.103850
100.000000
97.639165
99.806956
98.421595
99.958470
97.982545
100.000000
97.821792
99.786929
98.675928
99.845309
98.226637
100.000000
97.575685
99.841781
98.840579
100.000000
96.899411
99.571906
97.967430
99.278320
98.116555
100.000000
100.000000
100.000000
97.762350
99.444584
97.898477
100.000000
97.682616
99.218337
97.652587
99.113486
97.936370
99.316361
98.745080
100.000000
98.650908
99.947396
98.300508
100.000000
97.919136
100.000000
97.893215
100.000000
98.519302
99.091178
98.436378
100.000000
100.000000
99.465380
100.000000
100.000000
98.692303
100.000000
98.055288
99.779435
98.606587
100.000000
98.927438
100.000000
98.590583
99.840635
98.936219
100.000000
98.934187
100.000000
99.156301
100.000000
99.865271
100.000000
99.116985
100.000000
98.491390
100.000000
98.952583
100.000000
99.280332
100.000000
99.517505
100.000000
100.000000
100.000000
99.864394
100.000000
100.000000
100.000000
100.000000
100.000000
100.000000
100.000000
99.893118
100.000000
100.000000
100.000000
99.106623
100.000000
98.728201
100.000000
99.445612
100.000000
98.832278
100.000000
98.747594
100.000000
98.929948
99.813955
98.833360
100.000000
100.000000
99.583090
99.725891
100.000000
99.235981
100.000000
98.696426
99.859222
98.712194
100.000000
98.684268
99.961024
97.294202
98.901464
98.084459
99.018178
97.422055
99.151476
97.116726
98.201814
97.554935
98.617653
96.479237
98.851302
96.247861
98.439578
96.604295
99.090997
97.928730
99.782024
97.048514
98.770831
97.673818
99.510128
97.996333
99.834293
97.818341
99.128687
98.214126
99.546904
97.826568
100.000000
97.175229
99.629761
97.233189
99.435319
96.788649
100.000000
97.925219
100.000000
98.283159
100.000000
97.988440
100.000000
98.444227
100.000000
98.664226
100.000000
98.167212
100.000000
100.000000
98.733033
100.000000
100.000000
98.803040
100.000000
98.763671
100.000000
99.087366
100.000000
98.477826
100.000000
98.896579
99.988840
99.282730
100.000000
99.410333
100.000000
99.722790
100.000000
100.000000
100.000000
100.000000
100.000000
100.000000
100.000000
100.000000
100.000000
99.857214
100.000000
100.000000
100.000000
100.000000
100.000000
100.000000
100.000000
100.000000
100.000000
100.000000
100.000000
100.000000
100.000000
100.000000
100.000000
100.000000
100.000000
100.000000
100.000000
100.000000
100.000000
100.000000
100.000000
100.000000
100.000000
100.000000
100.000000
100.000000
100.000000
100.000000
100.000000
100.000000
100.000000
100.000000
100.000000
100.000000
100.000000
100.000000
100.000000
100.000000
100.000000
100.000000
100.000000
100.000000
100.000000
100.000000
100.000000
100.000000
100.000000
100.000000
100.000000
100.000000
100.000000
100.000000
100.000000
100.000000
100.000000
100.000000
100.000000
99.750750
100.000000
100.000000
100.000000
100.000000
100.000000
100.000000
100.000000
100.000000
100.000000
100.000000
100.000000
100.000000
100.000000
100.000000
100.000000
100.000000
100.000000
100.000000
100.000000
100.000000
100.000000
100.000000
100.000000
100.000000
100.000000
100.000000
100.000000
100.000000
100.000000
100.000000
100.000000
100.000000
100.000000
100.000000
