96.574351
96.166775
97.208929
97.112273
96.015825
94.940885
94.948344
95.226722
95.220379
96.600689
97.671463
97.063592
96.424295
96.762864
96.256964
98.098358
97.217503
96.974570
98.246094
96.242764
96.047960
97.310382
96.598571
98.049558
98.162601
95.714255
95.929597
97.210795
96.792431
97.304257
96.717616
95.493693
95.165682
96.470631
96.010991
97.008847
99.435086
95.458463
95.494902
96.385592
95.223483
97.236616
97.857976
96.180536
95.671029
98.191141
96.571746
96.379297
96.182884
95.839798
95.266543
95.870940
94.707431
96.240496
94.934639
96.151572
95.307636
95.988430
96.385105
94.852756
97.330190
95.847295
95.035030
98.852081
95.639148
95.826205
94.575321
94.986216
95.198459
96.263451
95.884289
97.226598
98.411251
95.892270
96.903464
96.760228
96.176880
97.392115
96.596218
96.729063
96.957184
96.782958
95.754564
95.895820
96.460966
97.835368
97.563683
96.937081
95.116937
95.383458
98.326639
97.892629
98.023671
96.125178
95.340304
96.213324
99.515179
97.592156
96.284960
96.098438
95.288625
96.348001
97.419699
96.244892
95.824682
97.001032
95.732947
95.824031
97.566491
95.918534
96.135135
97.232810
95.545289
95.495715
95.519769
95.664829
94.974606
95.660251
96.205905
96.318053
97.442360
95.956936
96.409107
97.195058
94.902312
95.091774
95.069202
95.880163
95.795046
95.776871
96.081948
96.029185
97.290955
96.618950
97.739856
97.228767
96.091487
97.835351
97.312414
95.862482
95.417943
97.857261
98.570021
96.492345
97.037706
95.099748
94.867427
99.465133
96.166240
95.812227
96.471733
96.309459
97.466206
98.250100
95.265193
96.211192
96.648555
97.266054
96.563920
97.744520
95.447148
96.368772
98.297237
96.041370
95.939195
96.779817
96.895403
96.542589
97.143716
96.548427
95.233430
96.214861
94.713774
96.280998
98.911670
95.569301
94.539546
94.988645
96.364921
98.888535
99.403018
95.537913
95.697138
96.792164
95.424851
95.493117
95.126424
94.628093
95.580827
96.029139
95.856413
96.551917
99.941754
95.963769
95.385482
96.459282
95.336087
96.101295
100.000000
95.322742
94.488400
96.738651
98.593474
98.894012
96.862655
95.122424
95.570083
98.320098
96.805800
95.723026
96.819144
96.096621
95.200982
96.723896
97.410914
95.699880
96.930662
95.516952
95.204628
96.300902
95.502301
97.011783
97.324674
94.498734
96.047120
96.788865
93.970661
96.071717
99.209065
98.420889
96.891477
97.668189
97.254011
96.751996
94.206117
93.996193
97.047304
95.238085
95.860753
96.889637
97.389272
95.540141
95.002324
98.747660
96.867435
96.637237
98.694885
96.759930
95.450778
97.572935
98.698484
97.083997
94.524681
95.197246
97.178716
96.160798
95.254372
95.742231
96.960134
96.289962
95.826326
96.728651
95.998457
97.667764
98.868671
96.699675
96.250362
98.519352
95.625518
96.237983
99.863061
97.810910
95.501016
96.142612
96.747176
97.870998
97.733651
96.445118
97.248822
97.034396
94.980903
95.970474
98.871070
94.685795
94.468847
96.406920
96.234355
95.232101
96.330050
95.293482
94.970988
96.541778
95.748092
95.048855
95.580726
95.037468
95.360066
95.342221
95.668102
96.869547
99.202369
96.871184
96.190123
97.201515
95.281103
94.722728
95.816878
95.371659
94.823500
95.186625
95.459449
95.552133
97.340743
95.577176
97.205396
97.656953
95.198376
96.147154
96.946900
97.424068
96.765747
97.373559
95.558008
96.875502
97.297828
96.567748
95.552066
96.770829
98.042422
95.727254
97.386199
95.376481
96.954522
96.973912
95.060152
95.587235
98.551052
96.139137
95.609128
97.351665
96.109343
95.849803
97.746186
96.295230
95.929967
97.017008
95.486195
97.495252
98.371287
96.040785
95.496185
96.972601
95.689641
96.412486
97.258737
95.497613
96.591898
96.082366
97.197615
96.610506
98.075383
95.958194
95.508371
96.849580
96.161492
95.358915
95.863943
94.985100
94.906630
96.422335
95.820214
96.294512
97.236516
95.692777
97.991568
98.640244
95.892586
96.567451
96.922996
96.124045
97.808644
97.532193
95.440279
96.721765
97.959097
95.909206
94.804135
97.434331
95.923441
95.489591
96.964517
95.181241
95.601083
96.286299
94.986292
95.175380
96.773794
96.113014
96.222366
96.919596
95.250057
95.721272
96.976273
95.377317
95.633467
97.546530
95.690510
95.475213
96.347090
95.598466
96.640258
97.181035
95.079169
95.226027
96.053315
95.735114
95.341675
95.910987
96.668126
96.367146
97.891424
96.100529
95.077571
97.348359
94.645818
94.557824
94.237495
94.673623
96.850022
94.860673
96.696023
95.360438
98.492094
96.016160
93.941311
97.129737
97.505823
95.819466
95.517361
96.117825
94.371982
97.292082
96.418441
95.357591
95.406135
93.597999
94.342784
97.660814
94.709792
95.328328
98.133640
93.942603
94.135391
97.024666
95.019096
98.066252
97.815863
94.408956
94.449043
96.893113
96.294414
97.110714
97.124782
94.793176
94.746308
96.261935
95.752675
95.068921
96.102921
95.403060
95.180895
96.938019
94.740062
94.715187
94.808233
94.767147
95.180771
95.438188
94.414462
95.391546
98.695733
95.791770
94.406661
95.745259
95.226579
95.029206
94.828715
94.462805
94.978671
95.154047
94.708641
95.383798
96.801906
96.443535
94.604541
96.344160
96.404051
96.458609
96.148206
94.736892
94.770015
96.999652
92.936511
93.281950
98.748191
97.095248
93.937481
95.475658
96.068342
96.665975
96.108939
95.020319
96.001940
96.466440
93.967865
94.605537
95.673628
95.449694
96.181430
96.201118
95.804449
96.729992
97.362100
96.811197
96.841527
96.459411
93.818370
95.025961
98.885418
97.212860
96.596388
97.758347
95.336448
96.193827
95.654696
92.972027
93.360903
94.327845
93.874146
94.101488
97.331595
95.609006
96.387698
97.923116
96.296779
96.114174
97.716516
95.109780
94.803244
96.837289
94.201505
94.963378
97.294911
95.050225
94.514309
96.309662
95.211200
95.873768
99.028215
96.095198
96.122581
97.687812
96.652063
98.115767
98.395777
96.638625
96.314054
99.007375
95.702560
96.083041
97.640587
94.224146
94.851612
97.807741
94.797301
94.868422
96.529953
94.583292
95.127947
96.691826
94.541537
96.311972
98.020162
94.475864
94.747742
96.183393
94.490828
94.337010
96.698800
94.911867
94.689601
96.223792
93.257337
92.985764
95.523228
95.401473
94.701428
93.878655
93.282883
97.251789
100.000000
98.219010
95.385368
94.979626
92.047483
95.528934
96.817559
93.124638
94.415446
94.730726
94.846772
93.565688
95.670182
96.588829
98.410132
99.080469
93.958280
92.394079
98.568233
98.012080
95.622193
96.596938
93.909259
94.480256
96.999292
96.403723
96.518719
93.976208
93.357058
94.475239
100.000000
95.896326
93.010706
93.525516
95.317098
94.061980
96.996943
92.512613
97.148805
99.141599
96.291949
95.966954
95.716297
95.972655
96.792546
97.894225
94.732801
94.415904
96.835130
94.426777
94.369701
95.225596
93.844523
96.029189
93.933661
92.830833
94.216563
96.353071
93.467136
94.265432
98.576684
95.967648
94.688232
96.792406
94.636486
94.112160
94.273292
94.666164
94.766541
95.079595
95.106524
95.876545
97.466304
95.827100
95.397033
96.901370
95.871129
96.041927
97.675988
95.734039
95.707742
96.927301
94.975384
95.498909
97.294949
95.717753
95.307126
97.397141
94.777921
95.143980
97.785059
94.766192
94.653235
96.431041
94.511943
95.179550
97.980228
95.611591
95.930593
96.358284
95.458476
96.420390
97.488791
94.717551
95.813180
97.260936
94.707641
96.235853
97.878186
95.438933
94.647588
96.635887
94.715598
94.771414
95.257248
94.628032
94.362435
96.395658
94.905151
95.961455
97.859830
95.936148
95.514511
97.250618
96.657732
95.161615
95.118834
94.370547
96.056094
95.585553
94.632533
95.476416
97.983323
95.482056
94.509707
97.870430
95.468329
97.570616
99.365300
94.832709
94.068595
95.703743
95.116039
98.479039
100.000000
93.045023
93.046322
97.016877
98.363994
98.118457
96.434194
93.146582
95.322888
94.807899
93.395786
92.647526
99.555242
98.002695
97.415513
97.026625
92.278354
92.413823
100.000000
98.642550
94.682184
96.061046
93.691315
95.789991
98.761377
94.710828
93.957934
97.996229
93.290671
92.563259
93.156123
94.309231
97.153426
97.935792
95.047547
96.294790
97.873323
97.428629
98.460747
95.815973
93.522058
93.657095
95.021692
94.351046
95.036342
96.277164
97.695024
97.905596
98.396971
96.564915
96.123154
96.275844
95.892373
96.712214
95.929039
95.474505
95.652579
95.921424
95.307569
97.637781
98.085268
96.993527
97.708373
98.604859
97.525512
97.297771
97.632453
95.845294
97.026843
97.573322
94.161020
94.984027
97.383824
95.776582
94.725655
96.700068
96.321321
96.522706
97.384465
94.619081
93.888079
98.137176
96.877180
95.642324
95.957779
96.026937
97.307877
98.624809
96.932937
94.668164
93.352312
92.932085
95.506676
96.297874
93.664822
94.078962
97.730127
95.201204
94.777679
97.558501
94.208650
94.983706
95.409712
94.067146
94.058685
95.692749
95.571127
96.195993
97.697695
95.611955
95.573621
97.268575
95.345695
96.538946
98.308907
94.684882
94.212491
96.124701
95.414549
96.181048
99.436158
97.269386
95.662696
96.514474
97.447834
98.813344
98.569465
96.632633
97.667820
97.822836
95.954835
97.163105
97.186263
94.594867
95.140433
96.216339
95.013644
96.240779
97.550767
94.759674
96.365635
98.647285
97.344696
97.683868
99.427572
94.998400
95.179776
98.828898
96.612250
94.437762
94.218671
94.408135
94.026645
94.986438
93.782503
95.232151
99.316098
95.285403
94.296536
97.450719
95.856450
94.839435
95.695323
93.828999
93.838409
94.881029
96.615657
95.339376
97.782520
95.589029
96.383779
97.034539
95.401604
94.972587
96.622008
95.646800
95.373918
96.192079
95.420535
96.035954
98.314677
95.257676
94.596565
95.633894
96.463660
97.417456
97.691022
95.010155
93.948192
95.762396
95.559286
96.452396
97.033183
94.989129
94.349592
96.399309
95.006270
95.134450
96.926055
97.423514
94.267854
96.332627
94.758383
95.436527
97.151795
95.134661
94.206279
97.785859
95.209928
95.105344
94.840197
94.058367
95.712337
96.550502
94.597561
94.949147
97.362061
96.057310
95.061290
97.668536
94.635873
94.230182
94.701762
95.465083
94.187644
94.580745
94.434696
95.491783
96.877609
95.460597
95.739554
97.154298
96.933847
96.186629
96.593903
96.664743
96.794205
98.188455
99.111218
99.694119
100.000000
100.000000
100.000000
100.000000
100.000000
100.000000
100.000000
100.000000
100.000000
100.000000
100.000000
100.000000
100.000000
100.000000
100.000000
100.000000
100.000000
100.000000
100.000000
100.000000
100.000000
100.000000
100.000000
100.000000
100.000000
100.000000
100.000000
100.000000
100.000000
100.000000
100.000000
100.000000
100.000000
100.000000
100.000000
100.000000
100.000000
100.000000
100.000000
100.000000
100.000000
100.000000
100.000000
100.000000
100.000000
100.000000
100.000000
100.000000
100.000000
100.000000
100.000000
100.000000
100.000000
100.000000
100.000000
100.000000
100.000000
100.000000
100.000000
100.000000
100.000000
100.000000
100.000000
100.000000
100.000000
100.000000
100.000000
100.000000
100.000000
100.000000
100.000000
100.000000
100.000000
100.000000
100.000000
100.000000
100.000000
100.000000
100.000000
100.000000
100.000000
100.000000
100.000000
100.000000
100.000000
100.000000
100.000000
100.000000
100.000000
100.000000
100.000000
100.000000
100.000000
100.000000
100.000000
100.000000
100.000000
100.000000
100.000000
100.000000
100.000000
100.000000
100.000000
100.000000
100.000000
100.000000
100.000000
100.000000
100.000000
100.000000
100.000000
100.000000
100.000000
100.000000
100.000000
100.000000
100.000000
100.000000
100.000000
100.000000
100.000000
100.000000
100.000000
100.000000
100.000000
100.000000
100.000000
100.000000
100.000000
100.000000
100.000000
100.000000
100.000000
100.000000
100.000000
100.000000
100.000000
100.000000
100.000000
100.000000
100.000000
100.000000
100.000000
100.000000
100.000000
100.000000
100.000000
100.000000
100.000000
100.000000
100.000000
100.000000
100.000000
100.000000
100.000000
100.000000
100.000000
100.000000
100.000000
100.000000
100.000000
100.000000
100.000000
100.000000
100.000000
100.000000
100.000000
100.000000
100.000000
100.000000
100.000000
100.000000
100.000000
100.000000
100.000000
100.000000
100.000000
100.000000
100.000000
100.000000
100.000000
100.000000
100.000000
100.000000
100.000000
100.000000
100.000000
100.000000
100.000000
100.000000
100.000000
100.000000
100.000000
100.000000
100.000000
100.000000
100.000000
100.000000
100.000000
100.000000
100.000000
100.000000
100.000000
100.000000
100.000000
100.000000
100.000000
100.000000
100.000000
100.000000
100.000000
100.000000
100.000000
100.000000
100.000000
100.000000
100.000000
100.000000
100.000000
100.000000
100.000000
100.000000
100.000000
100.000000
100.000000
100.000000
100.000000
100.000000
100.000000
100.000000
100.000000
100.000000
100.000000
100.000000
100.000000
100.000000
100.000000
100.000000
100.000000
100.000000
100.000000
100.000000
100.000000
100.000000
100.000000
100.000000
100.000000
100.000000
100.000000
100.000000
100.000000
100.000000
100.000000
100.000000
100.000000
100.000000
100.000000
100.000000
100.000000
100.000000
100.000000
100.000000
100.000000
100.000000
100.000000
100.000000
100.000000
100.000000
100.000000
100.000000
100.000000
100.000000
100.000000
100.000000
100.000000
100.000000
100.000000
100.000000
100.000000
100.000000
100.000000
100.000000
100.000000
100.000000
100.000000
100.000000
100.000000
100.000000
100.000000
100.000000
100.000000
100.000000
100.000000
100.000000
100.000000
100.000000
100.000000
100.000000
100.000000
100.000000
100.000000
100.000000
100.000000
100.000000
100.000000
100.000000
100.000000
100.000000
99.629794
99.314734
98.905833
99.103246
98.844723
99.270019
99.153319
99.698419
99.107573
99.037926
99.100117
99.424275
99.223203
99.756989
99.611309
99.662947
99.271808
100.000000
100.000000
100.000000
100.000000
100.000000
99.879817
100.000000
100.000000
100.000000
100.000000
99.419089
100.000000
100.000000
100.000000
100.000000
100.000000
100.000000
99.700760
100.000000
100.000000
100.000000
100.000000
100.000000
100.000000
100.000000
100.000000
100.000000
100.000000
100.000000
100.000000
100.000000
100.000000
100.000000
100.000000
100.000000
100.000000
100.000000
100.000000
100.000000
100.000000
100.000000
100.000000
100.000000
100.000000
100.000000
100.000000
100.000000
100.000000
100.000000
100.000000
100.000000
100.000000
99.945183
100.000000
100.000000
100.000000
100.000000
100.000000
100.000000
100.000000
100.000000
100.000000
100.000000
99.935867
99.780073
99.901054
100.000000
100.000000
100.000000
100.000000
99.505354
100.000000
99.717195
99.447829
99.791617
99.562109
99.309702
98.385703
99.211740
99.228885
99.085464
99.198639
99.268798
99.064884
99.506684
99.481565
99.791110
99.527445
99.330193
99.175780
99.234732
99.233152
99.730298
99.264099
99.497068
98.988289
99.274740
99.214617
99.839670
99.543347
99.221202
99.355370
99.487574
99.148677
99.907614
99.627036
99.877652
99.396921
99.607528
99.255724
100.000000
99.575449
100.000000
99.727977
99.830999
99.437123
100.000000
99.210379
99.331165
99.514256
99.766458
99.633375
99.891461
99.272606
99.112312
98.800834
99.785594
99.751249
99.966950
99.747750
99.151130
99.902704
99.933506
99.846951
100.000000
99.935350
99.854612
98.834821
99.686587
99.543482
99.732013
99.819572
99.859688
99.597794
99.710234
99.786551
100.000000
99.705740
99.967337
99.372701
99.701065
99.705748
99.985998
99.857948
100.000000
99.579666
99.694714
99.531093
100.000000
99.709085
100.000000
99.677429
99.639152
99.405278
100.000000
99.653865
99.978014
100.000000
99.930314
99.809681
100.000000
99.916406
99.084694
99.812269
99.274509
98.927569
99.542465
99.502320
99.635481
100.000000
99.365435
98.941733
100.000000
98.742019
99.280993
99.033488
99.506143
99.162868
99.770817
98.942292
99.007059
99.568043
99.686386
99.376255
99.867708
99.358274
98.772550
98.218484
98.818947
98.970369
99.178591
99.133591
99.287293
98.955046
97.066751
96.310250
95.868619
94.923728
93.391931
97.217857
95.283747
95.487889
97.112376
96.225896
95.225398
96.193257
95.172434
95.311176
96.932769
95.100507
95.779939
97.974828
95.052034
95.008721
97.311627
95.587034
96.762726
98.383651
95.371196
94.984533
97.256704
95.369714
96.288127
98.008601
95.584386
95.903098
96.894789
95.995846
95.975165
98.714162
98.125724
97.534976
96.789384
96.012446
98.444579
96.640976
96.527813
96.524134
96.197671
96.390159
97.222335
98.986892
96.039224
98.051803
98.560361
95.740306
95.701416
96.484815
98.885740
97.751182
97.378725
97.281558
98.009787
99.528871
99.043103
97.615342
97.598199
96.746249
98.056783
98.199127
97.501025
96.708144
99.889281
97.494595
97.030051
98.809901
97.329688
97.802356
99.769366
96.947200
97.623042
98.038296
96.779521
98.603420
98.833167
96.956702
97.487484
98.558150
97.453798
98.667934
98.289175
97.469931
97.459947
99.524753
97.262743
96.969615
98.142160
97.318564
97.560600
99.296781
97.632819
97.034598
98.825313
96.888841
97.026252
97.506091
96.358617
96.809937
97.888450
97.847385
97.360073
98.130081
99.242040
98.288057
97.823134
96.014663
96.192309
97.452384
98.489569
98.493494
96.588573
96.258284
97.148481
100.000000
99.141217
97.204797
97.596729
96.808813
98.879183
99.334313
97.077217
97.322131
98.685167
97.582303
98.377010
98.588838
97.701260
98.889278
97.906506
97.412510
97.737525
98.864290
98.850298
96.901383
98.067928
97.474488
98.100072
98.474528
97.323545
97.205824
97.740072
96.860080
97.711382
98.634974
96.686089
96.807358
97.408664
97.337297
97.892876
97.769059
97.532787
97.819442
97.934606
97.278774
97.379744
97.955230
98.072868
97.799026
96.965006
97.226347
97.378801
98.327942
96.949417
96.534691
97.100445
97.931285
98.556213
96.084117
96.163700
97.502316
98.695259
97.721820
97.830196
98.263673
97.393193
96.936898
97.537428
97.234759
97.841092
98.262184
97.314989
98.004057
98.037679
97.078601
97.714097
98.848556
99.187174
98.071396
99.153582
97.699446
98.659702
98.354466
98.325737
98.072719
99.430485
97.138039
97.367276
98.067124
98.946214
97.381137
97.150639
96.444477
97.538781
98.051134
97.741474
97.897240
98.290776
98.074056
98.542505
99.527344
99.265385
99.319295
98.454627
98.354494
98.310881
98.888204
98.366167
98.094272
98.105206
98.143718
97.823759
98.240525
97.068696
96.554379
97.326811
96.303174
96.481126
96.890478
96.734571
97.286203
97.164213
97.418246
98.271840
98.414664
97.924601
97.593011
98.342063
98.906569
98.660481
98.551780
97.505708
98.174971
99.472431
97.417318
98.208679
98.320576
97.333557
97.196009
99.139856
96.526796
97.518062
97.749201
97.387874
97.479420
97.958327
96.999125
98.008154
98.526455
97.452993
97.607042
98.884105
98.155127
98.353980
98.509009
98.255765
98.878263
99.304672
98.899774
98.837367
98.749186
97.890628
97.327929
97.343480
97.210472
97.195525
96.962657
97.378693
97.492969
97.548727
97.407653
96.878878
97.062980
96.386064
95.739840
96.071938
95.872045
95.135359
94.823519
95.937529
95.568455
95.725604
96.182550
96.237875
97.656391
96.539083
96.495219
97.110583
96.797479
97.302571
96.839025
96.912603
96.728534
97.204294
96.930645
96.989662
96.904347
96.323878
97.395612
97.726741
96.840002
96.859864
97.763596
96.632005
97.553284
97.867762
97.141242
97.628325
99.089844
99.000498
95.838698
96.773163
96.189275
97.263884
99.059460
96.373599
96.188562
97.207705
96.858300
97.019776
97.171822
96.734609
96.736645
96.922764
96.558718
96.993429
95.901821
96.401068
96.633007
96.719788
97.019248
96.291875
97.345893
96.305968
96.027158
96.994486
96.699746
95.978404
95.410765
95.751195
96.955156
97.183894
96.834787
96.854970
97.598978
97.184412
97.541763
98.476882
97.276920
97.550530
97.921406
97.911201
97.704180
98.321664
97.651680
97.067052
97.327583
97.292576
97.406619
97.698548
96.911526
96.991510
97.381377
97.119594
97.239744
97.631645
97.244407
97.009995
96.999777
96.763462
96.650523
97.334561
96.747858
96.960708
97.086500
97.229744
96.735513
97.386890
96.734080
96.566582
97.087059
96.741019
96.935969
97.156402
96.795931
96.197410
95.717648
96.360107
96.575828
96.157614
96.566580
96.570850
99.401264
98.319887
97.639673
98.186926
98.359893
98.903883
99.568330
98.031715
98.094712
99.861914
97.965549
96.008984
96.219016
98.075997
97.538608
97.397018
96.835618
97.051672
97.931284
97.611462
99.711500
97.962770
97.476676
96.889827
98.100833
98.347262
99.149787
97.496819
96.789231
97.038502
97.413555
97.245367
98.690561
97.513806
97.448947
97.856156
98.925233
97.221998
96.639092
97.392300
96.887090
97.246707
98.164405
97.194472
96.651058
98.601077
96.829635
97.391518
97.694633
97.293982
98.415183
98.421274
97.449356
97.677164
97.787638
98.277145
97.987259
98.618393
98.917191
97.636803
97.707860
99.752970
98.039820
98.263718
97.407854
97.629866
96.724856
97.146507
98.367242
98.448217
97.865262
98.384295
99.429580
98.291572
98.490400
100.000000
99.346798
99.750647
99.759681
99.759998
100.000000
100.000000
99.528894
99.154389
99.984209
99.325853
100.000000
99.614355
99.063992
99.173253
99.861792
99.365025
100.000000
100.000000
99.742500
99.728508
99.864893
100.000000
100.000000
100.000000
100.000000
100.000000
100.000000
100.000000
100.000000
100.000000
100.000000
100.000000
100.000000
100.000000
99.860884
100.000000
99.971313
100.000000
99.981386
100.000000
100.000000
100.000000
100.000000
100.000000
100.000000
100.000000
100.000000
100.000000
100.000000
100.000000
99.986361
100.000000
100.000000
100.000000
100.000000
100.000000
100.000000
100.000000
100.000000
100.000000
100.000000
100.000000
100.000000
100.000000
100.000000
100.000000
100.000000
100.000000
100.000000
100.000000
100.000000
100.000000
99.182275
100.000000
100.000000
100.000000
100.000000
100.000000
99.194394
100.000000
100.000000
100.000000
99.340110
100.000000
99.981645
99.727394
99.937445
99.477714
99.243202
98.613334
97.406889
100.000000
99.234175
99.063856
98.387636
100.000000
99.956978
97.769558
97.462354
100.000000
98.639369
98.335581
99.440969
100.000000
100.000000
99.869660
100.000000
100.000000
100.000000
100.000000
99.393007
100.000000
100.000000
100.000000
99.705715
100.000000
100.000000
97.598858
97.585094
100.000000
96.647014
97.815255
100.000000
97.934150
97.619438
100.000000
99.821036
99.118658
100.000000
98.847512
98.350393
99.564929
99.205067
99.436128
99.687435
98.838880
98.945227
100.000000
98.551956
100.000000
100.000000
99.799527
99.703551
100.000000
99.886265
100.000000
100.000000
98.422451
99.046212
100.000000
100.000000
100.000000
100.000000
99.273644
99.210365
100.000000
100.000000
99.129732
97.714852
99.806785
100.000000
100.000000
99.514564
99.575617
100.000000
99.003345
98.307441
100.000000
100.000000
99.137645
99.579224
98.767501
98.993194
100.000000
100.000000
99.628608
100.000000
99.195597
98.664914
100.000000
98.866661
98.696138
100.000000
100.000000
98.802086
100.000000
98.665338
99.758838
99.159145
98.940948
97.964644
100.000000
99.028695
97.955001
99.006689
98.909463
99.851634
99.596359
98.341831
98.832508
100.000000
98.251230
95.959459
99.018503
99.692733
99.165719
97.124951
96.664609
98.898195
99.622362
96.633942
97.920414
100.000000
98.110621
97.178989
99.393215
97.674526
98.232117
96.679779
96.908101
97.654310
97.775544
95.942558
95.503485
100.000000
98.060558
96.716737
97.604507
97.086957
97.986517
96.541861
95.520058
96.661367
96.861664
96.311907
97.443364
98.525089
96.022626
95.285678
97.798298
97.542246
97.505751
98.105344
97.554154
96.544296
97.230828
95.732971
96.556632
99.645795
97.835117
96.466204
97.024978
95.251966
97.690942
97.914868
96.534809
96.479404
97.819539
95.766891
98.168778
98.677742
96.270590
95.651439
98.039858
95.525606
95.697755
98.337015
96.426442
95.095151
97.108106
95.290470
96.333090
98.149721
95.905292
95.368333
97.693816
95.411387
95.791653
97.124488
95.025672
96.748332
96.175890
94.516630
96.858919
98.425084
96.141177
95.542546
98.369111
95.233739
95.540144
95.621040
95.424929
95.352717
96.039452
95.342639
96.028911
97.474499
96.242005
96.389564
97.572024
96.062658
96.063612
98.210045
95.306383
95.329896
97.633996
95.570603
96.471323
98.444546
95.119190
95.026235
96.725426
95.205739
95.681597
97.946523
97.479451
96.130472
98.200413
95.622517
97.286681
99.651386
96.255216
96.987596
97.716567
97.531281
97.026837
97.059626
94.974881
95.196328
97.382993
95.729087
97.561708
98.310460
95.300981
95.023170
98.049162
95.541437
96.636573
96.326135
95.058681
94.902632
95.986377
96.021659
96.116247
98.790391
96.481819
95.678321
97.458024
97.197960
95.587920
96.922209
95.541236
95.152168
97.765835
96.493346
96.647031
98.347670
95.734612
96.509107
97.596737
96.575475
98.089224
99.587797
96.063743
96.011824
98.228955
97.699974
97.693139
98.776780
96.829705
96.430378
97.842318
98.636930
98.748404
99.242162
96.461321
96.163825
98.409989
96.438124
97.059310
98.648860
96.557049
96.440904
97.443060
97.143797
97.445252
98.542826
96.672133
95.998003
98.568136
96.406909
96.619924
97.901745
96.689818
96.698043
98.395358
96.270036
96.406916
97.649562
96.186587
96.022032
98.772011
96.476172
96.742066
99.638918
97.030320
96.026281
97.886023
96.247417
96.818065
96.210117
96.452122
97.221666
97.007705
96.532136
97.582707
98.761155
98.276750
97.876638
98.983870
97.428310
98.055643
98.910689
98.510778
97.683773
98.982179
97.132050
97.919095
98.947843
97.142148
96.743114
97.928440
95.634885
96.947294
100.000000
95.635986
94.967204
99.446969
96.264280
98.937000
96.204876
96.462660
97.786248
98.918933
97.102282
95.662671
93.552510
98.392393
98.073388
97.715893
98.794632
95.747752
97.523538
97.372272
98.035930
97.371863
96.846428
96.228136
94.857180
96.436734
93.185673
94.898535
98.351731
94.137655
98.013365
96.223981
95.574440
97.648245
96.357093
93.942840
99.051027
95.467583
96.048002
95.780265
95.749385
98.219323
100.000000
97.558779
96.666575
98.360576
98.310058
98.952098
97.863228
96.892739
98.382280
97.559312
97.695110
97.051913
99.617712
99.650692
97.198025
98.220206
96.779323
96.938300
98.659696
98.475754
96.788877
99.390826
97.878653
97.246898
98.240189
98.762343
96.800297
97.775644
96.911123
99.094728
98.841309
97.588380
97.008372
98.361307
97.009941
98.719287
97.789157
96.455846
95.878173
98.982361
96.638678
96.935162
98.222346
98.091935
98.632131
97.689358
98.611176
96.584562
99.694678
97.986831
97.068558
97.831162
97.115559
95.264516
94.374095
96.904110
96.744067
96.692026
95.872246
96.771870
97.941876
98.236339
97.932317
99.791499
97.677970
98.847927
98.222756
96.705098
96.868945
99.141716
97.373848
97.027328
98.690667
97.710109
96.851378
100.000000
97.848114
97.451979
97.743737
97.159359
98.525656
100.000000
97.007981
97.252975
98.427358
98.822484
97.599176
98.282306
96.543271
98.702773
99.614214
98.151366
96.825673
99.029610
98.658004
97.878841
98.543117
98.642689
97.208303
98.227546
98.789000
96.629318
97.730249
97.622006
95.808440
97.821385
96.706250
97.070700
99.921397
97.616759
96.877908
98.085249
97.025662
98.529088
97.116751
96.393942
96.106965
98.294600
97.270606
98.227843
98.112208
97.248836
97.888020
98.605598
97.733680
97.570630
99.106751
97.899647
98.043734
98.679177
96.437776
96.904770
99.482361
98.354572
97.585572
98.965779
97.656217
98.505391
99.926035
97.246355
97.229508
99.076953
97.157225
98.361876
99.127187
97.633811
98.555855
99.005337
97.789076
98.060266
99.411965
97.446462
97.545685
99.869494
97.606157
98.112349
99.592335
98.281923
97.964251
99.586981
97.749809
97.948307
98.587642
98.499401
98.750017
99.016552
98.014827
100.000000
100.000000
100.000000
100.000000
99.954747
97.642035
97.615770
98.290515
97.822880
97.252272
97.861763
97.878251
98.331168
99.736957
97.895274
97.589437
98.850339
97.803290
98.597144
100.000000
98.131613
98.012223
99.075762
98.598631
97.682203
98.853325
96.742756
96.072068
97.980383
96.202721
97.664400
98.855593
97.162031
95.738931
97.070859
96.545567
96.061586
97.645828
97.180306
95.615899
97.880006
96.776885
96.769468
99.596020
95.260274
95.383863
97.092175
95.841814
96.207211
97.862724
95.784921
94.816472
99.183900
95.250658
95.776201
96.142170
95.358010
95.899023
97.186591
95.175241
95.804350
97.963257
96.824742
96.470355
97.853593
95.684886
95.842709
97.755385
95.720522
96.388167
96.860356
96.635284
96.586835
98.173253
96.204872
95.072307
97.442127
95.201996
96.205661
98.264201
95.776162
94.493230
97.056096
95.274883
97.740149
98.507792
97.190000
95.062432
97.337136
95.232374
96.553505
97.343932
94.610486
94.048957
96.429518
94.035454
94.849750
98.165395
97.080126
94.252778
96.398819
94.190527
95.932879
98.281629
94.664769
94.582094
97.853218
94.290876
94.607907
97.584163
95.314806
96.475887
97.441318
94.780060
94.844865
95.427060
94.145607
94.730317
94.991160
96.014247
96.221802
96.477807
96.798151
94.292119
96.899417
93.912714
93.721424
97.612006
95.875089
94.176537
95.205370
94.112762
95.113768
97.729972
95.717219
94.659124
98.339508
96.130757
98.621265
100.000000
98.996095
99.241458
100.000000
99.452090
99.821513
100.000000
100.000000
100.000000
100.000000
100.000000
100.000000
100.000000
100.000000
100.000000
100.000000
100.000000
100.000000
100.000000
100.000000
100.000000
100.000000
100.000000
100.000000
100.000000
100.000000
100.000000
100.000000
100.000000
100.000000
100.000000
100.000000
100.000000
100.000000
100.000000
100.000000
100.000000
100.000000
100.000000
100.000000
100.000000
100.000000
100.000000
100.000000
100.000000
100.000000
100.000000
100.000000
100.000000
100.000000
100.000000
100.000000
100.000000
100.000000
100.000000
100.000000
100.000000
100.000000
100.000000
100.000000
100.000000
100.000000
100.000000
100.000000
100.000000
100.000000
100.000000
100.000000
100.000000
100.000000
100.000000
100.000000
100.000000
100.000000
100.000000
100.000000
100.000000
100.000000
100.000000
100.000000
100.000000
100.000000
100.000000
100.000000
100.000000
100.000000
100.000000
100.000000
100.000000
99.828488
100.000000
99.444598
98.885652
100.000000
99.762496
99.725242
98.633022
98.473902
98.773748
100.000000
98.678900
98.937934
100.000000
99.413119
99.029952
100.000000
99.023661
98.946708
98.850194
99.529364
99.804000
99.822516
99.497800
99.639668
100.000000
99.650479
99.413853
100.000000
98.852249
99.320926
99.693694
98.293327
98.231124
99.889161
98.567963
99.087228
99.877493
98.472796
98.644088
99.792041
98.535206
98.681437
99.944747
98.705944
98.925672
100.000000
99.462008
99.304944
100.000000
99.806561
99.415713
100.000000
99.648164
100.000000
100.000000
100.000000
100.000000
100.000000
100.000000
100.000000
100.000000
100.000000
100.000000
100.000000
100.000000
100.000000
100.000000
100.000000
100.000000
100.000000
99.855134
99.710574
100.000000
99.886864
99.706750
100.000000
99.277046
99.393494
98.695995
99.835754
99.236816
100.000000
99.837393
99.962934
99.784333
99.518178
99.302582
100.000000
99.418728
100.000000
100.000000
99.914522
99.912201
100.000000
99.426818
99.382347
100.000000
99.554919
99.882341
100.000000
100.000000
100.000000
100.000000
100.000000
100.000000
100.000000
100.000000
100.000000
100.000000
100.000000
100.000000
100.000000
100.000000
99.724153
100.000000
99.496942
98.797205
99.875918
99.392119
99.451079
99.461884
97.882547
97.417282
99.616054
97.399245
98.175903
99.401505
97.737486
97.337660
98.380440
97.313049
98.070220
100.000000
98.113228
97.754731
99.791647
98.046892
98.155813
97.413620
97.429294
97.753975
98.529010
97.758459
98.325988
99.080087
98.378765
98.744292
99.740137
98.084976
98.531600
99.596950
98.479625
98.159099
99.465938
98.916615
98.226169
99.323201
97.957021
97.768995
99.125889
97.921607
98.349455
99.332048
98.953529
99.044894
100.000000
99.325280
99.893650
100.000000
100.000000
100.000000
100.000000
100.000000
100.000000
100.000000
99.650936
100.000000
100.000000
100.000000
100.000000
100.000000
98.349612
98.359094
100.000000
98.014168
98.572003
99.296422
98.334437
98.179946
99.208815
98.575043
98.533336
100.000000
98.518558
98.538376
100.000000
99.724664
99.408234
99.542110
99.714901
99.658537
99.954944
100.000000
99.905788
100.000000
100.000000
100.000000
100.000000
99.486109
99.125141
100.000000
99.517840
98.916030
100.000000
99.894125
99.663803
99.409614
97.923878
98.462102
98.749155
98.156531
97.418963
98.735295
97.716713
97.199651
99.037510
97.261800
98.295948
98.202855
97.538512
97.463397
98.243903
97.999270
97.505148
98.101736
98.013564
97.103938
98.276433
98.150764
97.417358
98.681118
98.446500
98.159955
99.093929
98.471002
98.159461
98.589688
97.943181
99.131734
98.787047
99.698618
97.051709
99.554996
97.594933
97.600375
98.668543
97.552093
98.270409
97.639454
99.018437
99.679734
100.000000
99.623174
99.567721
100.000000
100.000000
100.000000
100.000000
99.942109
100.000000
100.000000
100.000000
100.000000
100.000000
100.000000
100.000000
100.000000
100.000000
100.000000
100.000000
100.000000
100.000000
100.000000
100.000000
100.000000
100.000000
100.000000
100.000000
100.000000
100.000000
100.000000
100.000000
99.991084
100.000000
100.000000
100.000000
100.000000
100.000000
100.000000
100.000000
100.000000
99.879627
99.936086
100.000000
100.000000
100.000000
100.000000
100.000000
100.000000
100.000000
100.000000
100.000000
100.000000
100.000000
100.000000
100.000000
100.000000
100.000000
100.000000
100.000000
100.000000
100.000000
100.000000
100.000000
100.000000
100.000000
100.000000
100.000000
100.000000
100.000000
100.000000
99.895939
100.000000
100.000000
99.757075
100.000000
99.482683
99.916816
98.498083
100.000000
99.638201
100.000000
99.875668
99.400195
99.118294
100.000000
99.462967
100.000000
100.000000
99.755386
99.906748
100.000000
99.422840
99.612747
99.823819
100.000000
100.000000
100.000000
100.000000
98.756135
98.670174
98.930242
99.881856
100.000000
98.818039
99.287071
100.000000
100.000000
100.000000
100.000000
100.000000
100.000000
100.000000
100.000000
100.000000
100.000000
100.000000
100.000000
99.626217
100.000000
100.000000
100.000000
100.000000
100.000000
100.000000
100.000000
100.000000
100.000000
100.000000
100.000000
100.000000
100.000000
100.000000
100.000000
100.000000
100.000000
100.000000
100.000000
100.000000
100.000000
100.000000
100.000000
100.000000
100.000000
100.000000
100.000000
100.000000
100.000000
100.000000
100.000000
100.000000
100.000000
100.000000
100.000000
100.000000
100.000000
100.000000
100.000000
100.000000
100.000000
100.000000
100.000000
100.000000
100.000000
100.000000
100.000000
100.000000
99.553719
100.000000
100.000000
100.000000
99.560316
100.000000
100.000000
99.990768
100.000000
99.906787
99.818039
100.000000
100.000000
100.000000
100.000000
100.000000
100.000000
100.000000
100.000000
100.000000
100.000000
100.000000
100.000000
100.000000
100.000000
100.000000
100.000000
100.000000
100.000000
100.000000
99.575734
99.463236
100.000000
99.739260
99.995518
100.000000
100.000000
100.000000
100.000000
100.000000
100.000000
100.000000
99.457711
99.330731
100.000000
99.157088
99.931362
99.890622
100.000000
100.000000
100.000000
99.766831
99.779201
100.000000
100.000000
100.000000
100.000000
100.000000
100.000000
99.141329
99.883674
99.997304
100.000000
100.000000
100.000000
100.000000
100.000000
100.000000
100.000000
100.000000
100.000000
99.612998
100.000000
100.000000
100.000000
100.000000
100.000000
100.000000
100.000000
100.000000
100.000000
100.000000
100.000000
100.000000
100.000000
100.000000
100.000000
100.000000
100.000000
100.000000
100.000000
100.000000
100.000000
100.000000
100.000000
100.000000
100.000000
100.000000
100.000000
100.000000
100.000000
100.000000
100.000000
100.000000
100.000000
100.000000
100.000000
100.000000
100.000000
100.000000
100.000000
100.000000
100.000000
100.000000
100.000000
100.000000
100.000000
99.979226
100.000000
99.947124
100.000000
100.000000
100.000000
100.000000
99.646965
100.000000
100.000000
100.000000
100.000000
100.000000
100.000000
99.625895
100.000000
99.789661
99.902159
99.355537
99.350081
99.028680
99.216760
99.112775
99.690485
99.284528
99.153293
98.641576
98.971626
98.936300
99.540988
99.138840
98.761654
99.289690
99.572847
99.565136
100.000000
98.926643
99.561507
99.612382
99.594693
99.160682
100.000000
99.190462
99.635052
99.682096
100.000000
100.000000
100.000000
99.575915
98.615080
100.000000
99.165133
99.697155
100.000000
100.000000
100.000000
100.000000
100.000000
100.000000
100.000000
100.000000
100.000000
100.000000
100.000000
100.000000
100.000000
100.000000
100.000000
100.000000
100.000000
100.000000
100.000000
100.000000
100.000000
100.000000
100.000000
100.000000
100.000000
100.000000
100.000000
100.000000
100.000000
100.000000
100.000000
100.000000
100.000000
100.000000
100.000000
100.000000
100.000000
100.000000
100.000000
100.000000
100.000000
100.000000
100.000000
100.000000
100.000000
100.000000
100.000000
100.000000
100.000000
100.000000
100.000000
100.000000
100.000000
100.000000
100.000000
100.000000
100.000000
100.000000
100.000000
100.000000
100.000000
100.000000
100.000000
100.000000
100.000000
100.000000
100.000000
100.000000
100.000000
100.000000
100.000000
100.000000
100.000000
100.000000
100.000000
100.000000
100.000000
100.000000
100.000000
100.000000
100.000000
100.000000
100.000000
100.000000
100.000000
100.000000
100.000000
100.000000
100.000000
100.000000
100.000000
100.000000
100.000000
100.000000
100.000000
100.000000
100.000000
100.000000
100.000000
100.000000
100.000000
100.000000
100.000000
100.000000
100.000000
100.000000
100.000000
100.000000
100.000000
100.000000
100.000000
100.000000
100.000000
100.000000
100.000000
100.000000
100.000000
100.000000
100.000000
100.000000
100.000000
100.000000
100.000000
100.000000
100.000000
100.000000
100.000000
100.000000
100.000000
100.000000
100.000000
100.000000
100.000000
100.000000
100.000000
