96.750604
96.694905
97.625415
97.544910
97.125662
96.411213
95.437337
96.007089
95.942723
97.207276
97.776746
97.216571
96.713488
97.287987
96.794723
98.099666
97.663952
97.395098
98.269406
96.720931
96.559999
97.730928
97.168890
98.448483
98.159982
96.161668
96.359932
97.264515
96.857253
97.890268
97.029748
96.365397
96.082190
97.033280
96.889328
97.630409
99.672178
95.518654
95.589857
96.918309
95.617633
97.612178
97.907758
96.208600
96.306905
98.599594
97.209347
96.882497
96.737251
96.283798
95.651448
97.189106
95.391215
96.526424
95.492424
96.877670
96.073178
96.658169
97.156546
95.404969
97.330190
95.850957
95.011119
99.308972
95.633028
95.830005
94.571564
95.031202
95.184930
96.284340
95.862291
97.233499
98.443323
96.445997
97.478280
97.307336
96.268972
97.509373
96.866569
97.286303
97.453664
97.369311
96.302469
96.425707
96.703362
97.974586
97.628898
97.472673
95.644962
95.872110
98.589610
98.080769
98.225307
96.806630
95.441767
97.032228
99.806464
98.072335
96.579958
97.315383
96.029133
97.050885
98.021179
96.545822
96.028679
97.621896
96.297802
96.042963
97.905727
96.517299
96.660541
97.890565
96.279886
96.209875
96.126894
96.355338
95.649578
96.265728
96.137289
96.561206
97.442360
96.272489
96.842688
97.768181
95.491831
95.669569
95.455061
96.525386
96.341282
96.436971
96.275719
96.200569
97.547970
97.208588
98.272387
97.810309
96.645360
97.986755
97.570188
96.003652
96.022503
97.909357
99.012760
96.842181
97.119166
95.536761
95.493686
100.000000
96.729786
96.335054
96.740861
96.558849
97.945118
98.894949
95.897795
96.421087
96.984676
97.795874
97.045138
98.315546
95.873094
96.388203
98.328084
96.210428
96.464272
97.951759
97.065621
97.007594
97.464879
96.805723
95.840553
96.968724
95.457089
96.855754
99.003336
96.194711
95.379223
95.774414
96.579117
98.839184
99.656178
96.205867
96.308730
97.503778
96.136613
96.154259
95.709403
95.393019
96.585795
96.080965
96.517339
96.732964
100.000000
96.115919
95.556515
97.195895
95.433735
97.176623
100.000000
95.933250
95.831190
97.470399
99.224080
99.162131
97.465637
95.850774
96.181407
98.938269
97.312075
95.994713
96.852802
96.184511
95.790503
97.366866
97.879339
96.110319
96.931184
95.581537
95.348131
97.017877
95.606058
97.078093
97.338023
94.589435
96.164309
97.471175
94.608264
96.272368
99.439811
98.658352
97.341738
98.351861
98.189862
97.504542
94.683959
94.764234
96.733035
95.814356
94.491669
96.819822
97.389272
96.191316
95.856050
99.357532
97.953188
97.743126
99.056519
97.346534
96.252692
98.264533
99.413354
97.610668
95.115194
95.913658
97.492048
96.959299
95.913007
96.292141
97.355310
96.977497
95.966879
97.464914
96.538766
98.017280
98.910015
96.789537
96.349408
99.046188
95.739034
96.200031
99.842435
98.282662
96.169405
97.618146
97.373819
98.402154
98.034823
97.094208
97.812536
98.343320
95.814933
96.674671
99.523695
95.504357
95.277819
97.184795
96.864029
95.885069
96.768870
95.535893
95.201246
97.338599
95.960289
95.139686
95.916000
95.713205
94.890029
95.964282
94.617412
96.791281
99.202369
97.285692
96.715718
97.934577
95.930694
95.818106
96.331271
96.106392
95.620521
95.936794
96.173739
96.067643
97.705301
96.202459
97.785360
98.228813
96.175702
96.143488
96.966062
97.903354
97.179353
97.919128
96.122831
97.271865
97.292637
97.025876
96.075674
97.439483
98.532223
96.238699
97.647064
95.889641
97.375932
97.681501
95.630301
96.408962
98.897739
96.671998
96.163950
97.971840
96.575600
96.485962
97.796643
96.699033
96.300976
97.680125
96.029450
97.987153
98.720734
96.220737
95.690678
97.698020
96.262152
97.205695
97.663426
96.089636
96.218874
96.596304
96.812665
96.611339
98.359653
96.763695
96.124251
97.586629
96.829789
96.014786
96.388481
95.691816
95.556434
96.542827
96.436224
96.491162
97.579600
96.319134
98.654469
99.759941
96.525034
97.086019
97.205986
96.648506
98.365710
98.136621
95.974204
97.143984
97.985976
96.362825
95.357609
98.064756
96.428840
95.993018
97.267956
95.379976
95.789984
96.985852
95.549886
95.762833
97.135300
96.656093
96.800803
97.596228
95.821251
96.248502
97.339364
95.992150
96.037540
97.613936
95.869198
96.088536
96.744534
95.849342
97.160772
97.831304
95.314943
95.689633
96.607665
96.384467
95.356124
95.984286
95.521862
96.415497
98.198396
96.672419
95.736578
98.070919
95.395277
95.415183
95.282216
95.641458
98.218965
96.488178
98.162249
96.019837
98.857606
96.641815
94.083309
97.166383
98.180603
95.964781
95.922556
96.264251
94.619850
98.672132
96.682230
95.594643
95.833470
94.238454
94.979914
98.367991
95.359046
95.932325
98.524119
94.513648
94.659177
97.093223
95.628522
98.465949
98.167808
95.080191
95.067315
98.334594
97.020390
97.652009
97.486595
95.394322
95.394439
97.091585
96.406888
95.786068
96.920662
95.775306
95.423166
97.038250
95.010894
95.083719
95.445351
95.015776
95.455826
96.158139
94.681245
95.942450
98.981200
96.454223
95.625708
97.262549
95.978344
95.666869
94.921979
94.585664
95.187419
96.050966
95.044916
95.670556
97.538850
97.202159
95.362049
96.431012
96.939600
96.715326
96.579670
95.422256
95.459865
97.793199
93.873548
94.063939
99.158574
97.877501
94.594355
96.308446
96.724265
97.264299
96.508439
95.260252
96.685330
97.264089
94.755436
95.263791
96.067172
96.121187
96.843300
97.103967
96.475411
97.306173
97.716707
97.845826
97.468977
97.333492
94.761871
95.740479
99.327819
97.894623
96.711721
97.808144
96.044875
96.917971
96.223493
93.904831
94.261699
95.337128
94.814843
94.820267
97.714026
95.899251
97.051557
98.730074
97.109953
96.935202
98.275505
95.318625
94.995758
97.721397
94.955973
95.573873
97.741938
95.324575
94.685660
97.096042
95.927771
96.594551
99.474308
96.425223
96.380140
98.479387
97.269110
98.411570
98.753498
97.232657
96.953305
99.700473
96.288948
96.094054
97.636114
94.884980
95.400479
99.130942
95.488084
95.498938
96.902560
95.360189
95.777128
97.433447
95.266145
96.989388
98.401469
95.297372
95.052850
97.002704
95.381163
95.174308
97.189501
95.668414
95.541698
97.780705
94.231312
93.989331
96.203784
96.275635
95.622698
94.975340
94.236219
97.803619
100.000000
98.876959
96.161465
96.109967
93.239645
96.446508
97.476482
94.286416
95.373905
95.817425
95.252318
93.859336
96.242807
97.395631
98.560084
99.212606
94.049852
93.561348
99.036779
99.032726
96.522821
97.577101
95.305869
95.350496
97.442699
98.251121
96.620125
95.988519
94.619403
95.253354
100.000000
96.694052
93.492946
95.481645
96.306916
94.369797
97.468263
93.562154
97.365719
99.896140
96.977211
96.180739
96.166041
96.600100
97.486812
98.621017
94.976923
95.036056
97.337885
95.129365
95.043426
96.070456
94.551565
96.397051
94.563858
93.664471
95.025760
97.312578
94.306420
95.019450
99.007452
96.576841
95.372833
97.629667
95.855779
94.836040
94.905553
94.838044
94.990012
95.214534
95.329355
96.154293
97.877473
96.497664
95.982647
97.657783
96.547184
96.585490
98.066154
96.662288
96.258450
97.710101
95.587196
96.046891
97.708675
95.971585
95.499635
97.431870
94.983409
95.476860
98.461911
96.056928
95.738759
97.156723
95.071600
95.614124
98.070320
96.154357
96.558544
97.117708
96.022226
96.989564
97.866529
95.321025
96.421375
98.037557
95.348335
96.798724
98.242515
96.106819
95.398294
97.475424
95.471423
95.461799
95.814986
95.421733
95.164315
97.187375
95.646821
96.529895
98.217564
96.518669
96.141660
98.063731
97.322261
95.781050
95.216338
95.277188
97.006942
96.353916
95.389409
95.667671
98.374869
96.107196
95.282662
98.664909
96.141199
97.976967
99.418284
95.012685
94.239048
96.547561
95.937559
99.143495
100.000000
93.029415
93.890036
97.108570
98.539600
98.755340
97.293096
94.168028
95.671850
95.919518
93.705012
92.891898
99.977276
98.609096
98.050693
97.845250
93.537741
93.505525
100.000000
99.181926
94.764064
96.127619
94.234381
95.994675
99.258705
95.475796
94.097344
98.865670
93.520467
93.527349
93.867787
95.187396
98.019219
98.806530
95.774040
96.980198
97.873323
97.855316
98.795431
95.837017
93.746887
94.987151
95.688479
95.166720
95.257504
97.046298
98.326308
98.066617
98.461951
97.114346
96.722427
97.165776
96.509312
97.341931
96.351040
96.321677
95.913194
96.885415
95.644639
97.844124
98.477300
97.260074
97.854932
99.411972
97.778914
97.617331
98.054956
96.458168
97.446594
97.635579
94.635639
95.317717
97.419016
96.605645
95.685577
97.450924
97.324278
97.202043
97.377268
95.022476
94.948049
98.861258
97.592345
96.461678
96.555762
96.787222
97.955810
99.375286
97.706290
95.364557
93.851220
93.799812
96.252960
97.743250
94.299991
94.722894
98.040274
95.759938
95.451688
98.256442
94.989394
95.584240
96.036826
94.854350
94.860598
96.430729
96.204191
96.719798
98.076429
95.834504
95.736155
97.317347
95.614843
96.969411
99.062127
95.487738
95.034009
96.999078
96.077163
96.803397
99.803175
97.858226
96.295466
97.288345
98.004022
99.325615
98.669163
96.707516
97.805258
98.516954
96.243742
97.367913
97.571373
95.265140
95.746821
97.038025
95.663983
96.792120
97.960984
95.765302
97.371581
99.395380
98.269114
98.667483
99.778005
95.755343
95.842457
100.000000
97.400920
95.152043
94.839058
95.310037
94.810224
95.901642
94.579937
95.851188
99.643702
95.611191
94.952378
98.261366
96.143765
95.179271
96.305765
94.651545
94.655538
95.632628
97.271361
95.816056
97.820825
95.662180
96.901884
97.083031
95.536020
95.527210
97.014803
96.269706
95.995485
97.027770
96.119049
96.576322
98.713836
96.047068
95.329906
97.352942
96.961634
98.042194
97.777995
95.498686
94.514562
96.603178
96.213795
96.698063
97.380937
95.186618
94.449201
96.462091
95.105228
95.326403
97.312356
98.021328
94.878900
97.123199
95.640516
96.120544
97.214054
95.598612
94.754168
97.827875
95.785168
95.787283
95.333656
94.754752
96.433316
97.339036
95.334854
95.443399
97.729839
96.359547
95.635195
97.764526
94.815127
94.444344
95.337658
96.263103
94.851498
95.420343
95.064905
95.885445
96.903446
95.484674
95.769001
98.472490
97.743848
96.770040
97.087331
96.894541
97.420090
98.778381
98.871787
99.340961
100.000000
100.000000
100.000000
100.000000
100.000000
100.000000
100.000000
100.000000
100.000000
100.000000
100.000000
100.000000
100.000000
100.000000
100.000000
100.000000
100.000000
100.000000
100.000000
100.000000
100.000000
100.000000
100.000000
100.000000
100.000000
100.000000
100.000000
100.000000
100.000000
100.000000
100.000000
100.000000
100.000000
100.000000
100.000000
100.000000
100.000000
100.000000
100.000000
100.000000
100.000000
100.000000
100.000000
100.000000
100.000000
100.000000
100.000000
100.000000
100.000000
100.000000
100.000000
100.000000
100.000000
100.000000
100.000000
100.000000
100.000000
100.000000
100.000000
100.000000
100.000000
100.000000
100.000000
100.000000
100.000000
100.000000
100.000000
100.000000
100.000000
100.000000
100.000000
100.000000
100.000000
100.000000
100.000000
100.000000
100.000000
100.000000
100.000000
100.000000
100.000000
100.000000
100.000000
100.000000
100.000000
100.000000
100.000000
100.000000
100.000000
100.000000
100.000000
100.000000
100.000000
100.000000
100.000000
100.000000
100.000000
100.000000
100.000000
100.000000
100.000000
100.000000
100.000000
100.000000
100.000000
100.000000
100.000000
100.000000
100.000000
100.000000
100.000000
100.000000
100.000000
100.000000
100.000000
100.000000
100.000000
100.000000
100.000000
100.000000
100.000000
100.000000
100.000000
100.000000
100.000000
100.000000
100.000000
100.000000
100.000000
100.000000
100.000000
100.000000
100.000000
100.000000
100.000000
100.000000
100.000000
100.000000
100.000000
100.000000
100.000000
100.000000
100.000000
100.000000
100.000000
100.000000
100.000000
100.000000
100.000000
100.000000
100.000000
100.000000
100.000000
100.000000
100.000000
100.000000
100.000000
100.000000
100.000000
100.000000
100.000000
100.000000
100.000000
100.000000
100.000000
100.000000
100.000000
100.000000
100.000000
100.000000
100.000000
100.000000
100.000000
100.000000
100.000000
100.000000
100.000000
100.000000
100.000000
100.000000
100.000000
100.000000
100.000000
100.000000
100.000000
100.000000
100.000000
100.000000
100.000000
100.000000
100.000000
100.000000
100.000000
100.000000
100.000000
100.000000
100.000000
100.000000
100.000000
100.000000
100.000000
100.000000
100.000000
100.000000
100.000000
100.000000
100.000000
100.000000
100.000000
100.000000
100.000000
100.000000
100.000000
100.000000
100.000000
100.000000
100.000000
100.000000
100.000000
100.000000
100.000000
100.000000
100.000000
100.000000
100.000000
100.000000
100.000000
100.000000
100.000000
100.000000
100.000000
100.000000
100.000000
100.000000
100.000000
100.000000
100.000000
100.000000
100.000000
100.000000
100.000000
100.000000
100.000000
100.000000
100.000000
100.000000
100.000000
100.000000
100.000000
100.000000
100.000000
100.000000
100.000000
100.000000
100.000000
100.000000
100.000000
100.000000
100.000000
100.000000
100.000000
100.000000
100.000000
100.000000
100.000000
100.000000
100.000000
100.000000
100.000000
100.000000
100.000000
100.000000
100.000000
100.000000
100.000000
100.000000
100.000000
100.000000
100.000000
100.000000
100.000000
100.000000
100.000000
100.000000
100.000000
100.000000
100.000000
100.000000
100.000000
100.000000
100.000000
100.000000
100.000000
100.000000
100.000000
100.000000
100.000000
100.000000
100.000000
100.000000
100.000000
100.000000
100.000000
100.000000
100.000000
100.000000
100.000000
100.000000
99.870324
99.562096
99.132002
99.315213
98.924255
99.527495
99.367112
99.676451
99.117025
99.057024
99.240761
99.634322
99.452378
99.746359
99.813511
99.656265
99.266985
100.000000
100.000000
100.000000
100.000000
100.000000
100.000000
100.000000
100.000000
100.000000
100.000000
99.777621
100.000000
100.000000
100.000000
100.000000
100.000000
100.000000
100.000000
100.000000
100.000000
100.000000
100.000000
100.000000
100.000000
100.000000
100.000000
100.000000
100.000000
100.000000
100.000000
100.000000
100.000000
100.000000
100.000000
100.000000
100.000000
100.000000
100.000000
100.000000
100.000000
100.000000
100.000000
100.000000
100.000000
100.000000
100.000000
100.000000
100.000000
100.000000
100.000000
100.000000
100.000000
100.000000
100.000000
100.000000
100.000000
100.000000
100.000000
100.000000
100.000000
100.000000
100.000000
100.000000
100.000000
100.000000
100.000000
100.000000
100.000000
100.000000
100.000000
99.834998
100.000000
99.966837
99.994212
100.000000
99.873256
99.401698
98.799562
99.274550
99.290699
99.387283
99.501674
99.539845
99.273083
99.733473
99.729811
99.895250
99.551327
99.571397
99.264354
99.462782
99.486833
99.725166
99.451540
99.684318
99.050369
99.507609
99.441520
99.976763
99.590676
99.267442
99.503759
99.676831
99.770331
100.000000
99.883517
99.943694
99.531167
99.637692
99.487960
100.000000
99.713361
100.000000
99.822390
99.639890
99.462916
100.000000
99.427507
99.783034
99.567350
99.803785
99.670916
100.000000
99.569835
99.418475
99.037042
99.843805
99.764411
100.000000
99.794114
99.377203
100.000000
100.000000
100.000000
100.000000
100.000000
100.000000
99.061950
99.970064
99.842613
100.000000
100.000000
100.000000
99.747387
99.989787
100.000000
100.000000
99.998622
100.000000
99.482217
99.958414
99.991465
100.000000
100.000000
100.000000
99.715819
100.000000
99.897416
100.000000
99.968271
100.000000
99.808261
99.674903
99.626788
100.000000
99.852475
100.000000
100.000000
99.597163
99.205320
100.000000
99.684434
99.795416
99.952039
99.695425
99.334435
99.873161
99.532759
99.663089
100.000000
99.435603
99.359763
100.000000
99.199809
99.543731
99.212996
99.540267
99.233242
99.792779
99.297855
99.218543
99.760330
100.000000
99.725292
100.000000
99.437377
99.123167
98.503245
99.120262
99.324026
99.275818
99.221653
99.360813
99.222836
97.273901
97.030332
96.508358
95.986544
94.438473
97.862779
96.077666
96.176115
97.877878
96.867528
95.818023
96.618418
95.654330
95.884736
97.558986
95.622505
96.140628
98.036243
95.611602
95.555595
97.946641
96.133489
97.335534
98.749091
95.871933
95.606428
98.524598
96.087435
96.996335
98.357098
96.203123
96.198972
97.567592
96.244302
96.505399
99.063468
98.591296
98.051960
97.449692
96.629307
99.146325
97.113659
97.158883
97.248964
96.968433
97.141924
97.676026
99.285050
96.280995
98.585548
99.144971
95.971746
96.326950
96.982343
99.511887
98.248976
97.484848
97.753995
98.482890
99.893057
99.559090
97.818629
98.156298
97.200103
98.443792
98.269194
97.851979
97.091716
100.000000
98.018299
97.493232
99.107199
97.847789
98.276476
100.000000
97.460135
98.027723
98.359478
97.256987
98.782452
99.441065
97.474745
97.910053
98.857815
97.629624
98.837672
98.371589
97.624263
97.912961
99.849317
97.455703
97.160316
98.646378
97.434030
97.613381
99.367805
97.939983
97.393188
98.844905
97.345757
97.519720
97.880629
96.521797
96.958928
98.375989
97.324144
97.456702
98.412419
99.673828
98.788844
98.441439
96.547037
96.657305
97.565744
99.026082
98.989504
97.200073
96.779140
97.633260
100.000000
99.225557
97.386837
98.188887
97.384115
99.346441
99.658710
97.640519
97.753025
99.246331
97.722107
98.714673
98.883266
98.131691
99.240067
98.516112
97.823920
97.861909
99.153832
99.135016
97.357068
98.586223
98.093157
98.270304
98.789567
97.491846
97.349966
98.259280
97.223778
97.753684
98.664411
96.991193
97.118227
97.867331
96.899010
97.434837
97.860824
98.103983
97.271077
98.403715
97.046702
97.477609
98.090646
98.115819
98.213323
97.717921
97.771573
97.631478
98.596711
97.322544
96.971053
97.668156
98.333012
99.132330
96.772943
96.709413
98.050724
99.512742
98.147045
98.476671
98.564583
98.116148
97.392158
98.048452
97.693236
98.284967
98.528418
97.749907
98.430467
98.525099
97.434388
98.160491
99.133886
99.341018
98.139593
99.572323
98.074460
98.978319
98.553436
98.467358
98.237404
99.889640
97.575903
97.764868
98.296455
99.388567
97.879099
98.128579
96.797689
96.917621
98.145796
98.042110
98.210636
98.330955
97.481979
98.652458
99.505150
99.205191
99.394638
99.171429
98.587517
98.684329
98.883347
98.793979
98.484691
98.179918
98.235880
98.011828
98.240525
97.305876
96.965933
97.822481
96.522303
96.916888
97.173831
97.116114
97.706795
97.623046
97.757736
98.492744
98.644368
97.976692
97.604603
98.753930
98.963173
98.882559
98.764547
97.874240
98.508029
99.506976
97.478731
98.369481
98.553093
97.677522
97.282485
99.155982
96.835758
97.769936
97.928111
97.699102
97.818165
98.294880
97.286519
97.872145
98.701135
97.473052
97.956568
99.242551
98.860569
98.028126
98.747691
98.538584
99.173712
99.348468
98.963663
99.146775
98.778937
97.936865
97.598311
97.702952
97.532165
97.535828
97.085708
97.626817
97.670758
97.768769
97.639436
97.206882
97.062980
96.593755
95.998811
96.430189
96.236491
95.606144
95.104193
96.319756
96.003979
96.039104
96.419774
96.609949
97.893491
96.884791
96.844807
97.466371
97.153695
97.536423
97.096716
96.962300
96.755536
97.221909
96.968682
97.254120
96.910065
96.659264
97.416080
97.696112
96.820498
97.076533
97.784958
97.009176
97.839112
98.207563
97.230269
97.765286
99.378017
99.103295
96.011151
97.158439
96.376918
97.740401
99.394575
96.434040
96.248314
97.236051
96.853820
97.284880
97.219574
96.811324
96.648589
97.255314
96.377847
96.810334
96.015137
96.431825
96.834515
96.911674
97.202186
96.415346
97.506180
96.613279
96.139822
97.390033
97.124439
96.411177
95.712529
96.156347
97.327969
97.473636
97.185223
97.181166
97.760878
97.587185
97.997736
98.812043
97.661122
97.624062
98.072419
98.198063
98.042010
98.654612
97.749845
97.106298
97.491965
97.582478
97.648176
97.709994
96.918474
96.995244
97.375999
97.074375
97.208875
97.620080
97.250423
97.020324
97.020271
97.158863
97.036965
97.643997
97.208340
97.061824
97.294515
97.255991
96.780000
97.381906
97.125245
96.827248
97.080700
96.730234
96.577192
97.553673
96.857675
97.036951
95.756664
96.955323
96.747194
97.073575
96.718276
96.636857
99.401264
98.518678
97.898032
98.584494
98.766717
99.312717
99.766810
98.470850
98.538469
100.000000
98.322290
96.433118
96.484836
98.496565
97.992665
97.818570
97.293449
97.487177
98.160215
98.108173
100.000000
98.340925
97.980256
96.952338
98.289952
98.061764
98.948358
97.495766
96.705660
96.890308
97.150910
97.127043
98.301221
97.470551
97.088194
97.805306
98.886769
97.861004
97.125467
97.846467
97.427804
97.825438
98.597618
97.315827
97.158212
98.652524
97.612393
97.811775
97.968463
97.348960
98.484125
98.433997
97.549362
97.750609
98.060993
98.528070
98.462076
98.987425
99.320717
97.923079
97.937666
99.946140
98.691444
98.771630
97.986952
98.206189
97.172101
97.792065
98.837411
98.941785
98.333429
98.729634
99.664072
98.776914
98.973200
100.000000
99.785448
100.000000
99.971563
99.785182
100.000000
100.000000
99.922910
99.493933
99.985809
99.413433
100.000000
100.000000
99.550277
99.613504
100.000000
99.538321
100.000000
100.000000
99.717425
99.782673
99.908389
100.000000
100.000000
100.000000
100.000000
100.000000
100.000000
100.000000
100.000000
100.000000
100.000000
100.000000
100.000000
100.000000
100.000000
100.000000
100.000000
100.000000
99.765097
100.000000
100.000000
100.000000
100.000000
100.000000
100.000000
100.000000
100.000000
100.000000
100.000000
100.000000
100.000000
100.000000
100.000000
100.000000
100.000000
100.000000
100.000000
100.000000
100.000000
100.000000
100.000000
100.000000
100.000000
100.000000
100.000000
100.000000
100.000000
100.000000
100.000000
100.000000
100.000000
100.000000
99.292247
100.000000
100.000000
100.000000
100.000000
100.000000
99.516467
100.000000
100.000000
100.000000
99.407199
100.000000
100.000000
99.744519
100.000000
99.964301
99.349405
99.269417
98.052091
100.000000
99.470761
99.178629
98.516645
100.000000
100.000000
98.447132
97.758167
100.000000
98.767459
99.083512
99.617451
100.000000
100.000000
100.000000
100.000000
100.000000
100.000000
100.000000
99.757477
100.000000
100.000000
100.000000
99.788986
100.000000
100.000000
98.457385
98.444992
100.000000
96.734178
98.509351
100.000000
98.960473
97.765833
100.000000
100.000000
99.189924
100.000000
99.089432
98.391042
100.000000
99.275619
99.677714
99.685758
98.938642
99.364657
100.000000
99.013982
100.000000
100.000000
99.819205
99.707073
100.000000
100.000000
100.000000
100.000000
98.965876
99.572871
100.000000
100.000000
100.000000
100.000000
99.896829
99.252929
100.000000
100.000000
99.770819
97.992274
100.000000
99.657625
100.000000
99.577747
99.502570
100.000000
99.936904
99.375099
100.000000
100.000000
100.000000
100.000000
98.828051
99.071619
100.000000
100.000000
100.000000
100.000000
99.993553
99.438012
100.000000
99.736615
98.793007
100.000000
100.000000
98.948852
100.000000
99.396740
99.853658
99.678263
99.753253
98.630535
100.000000
99.523308
98.199772
99.327795
99.443045
100.000000
99.653595
98.424524
99.396500
100.000000
98.922423
96.706122
99.700616
99.889717
99.289409
97.426624
97.389008
99.476114
100.000000
97.110667
98.300309
100.000000
98.122541
97.227974
100.000000
97.856601
98.484525
97.144254
97.736542
98.312870
98.465971
96.676761
96.056729
100.000000
98.378393
97.458545
97.696443
97.751546
98.642797
97.147626
96.364414
96.820395
97.616869
97.056848
98.141391
98.880104
96.648464
95.996824
98.477411
97.588043
98.057147
98.145498
98.194617
97.058373
97.987754
96.364264
97.076850
99.963985
98.377631
97.060350
97.746289
95.911595
98.295544
98.293994
97.039108
97.005004
97.892379
96.413364
98.643388
98.990161
96.917039
95.775665
98.645770
96.136396
96.088746
98.369679
96.994417
95.667250
97.812085
95.905347
96.502729
98.532674
96.518025
95.945906
97.730425
96.010789
95.846001
97.215563
95.731152
97.364356
97.051477
94.826985
97.407854
98.774007
96.793151
96.146429
99.107072
95.954576
96.300996
96.209586
95.591748
95.976170
96.715113
96.065385
97.059476
97.850209
96.389379
96.489243
98.256158
96.242492
96.292290
98.532832
95.931597
95.972214
98.300968
95.714321
96.675543
98.769020
95.840982
95.755202
97.487058
95.923576
96.288891
98.323686
97.597515
96.351574
98.873179
95.791103
97.792996
100.000000
96.927246
97.168056
98.398062
97.529889
97.125942
97.082291
95.830315
96.118497
98.026608
96.368655
97.745475
98.673732
95.481267
95.626664
98.726790
96.147596
97.196426
96.324096
95.675985
95.463124
96.072068
96.488054
96.110012
99.077227
97.025575
96.178808
97.521652
97.765378
96.285176
97.406469
95.670617
95.807713
97.844452
97.205924
97.295635
99.000952
96.389378
96.714760
98.288373
97.225160
98.631964
99.923439
96.640646
96.511140
98.885143
98.214841
98.204779
99.120287
97.459825
96.999516
98.564117
98.682907
99.123064
99.257881
96.871475
96.614159
98.503471
97.050415
97.652847
99.270838
97.252974
97.050660
98.161268
97.748962
97.977918
98.861394
97.160695
96.565059
98.654425
96.983290
97.155452
98.255155
97.718032
97.611782
99.003507
96.772319
96.787099
97.701777
96.220849
96.024405
99.252182
96.361829
96.685412
99.950017
97.286029
96.688999
98.648379
96.999875
97.982352
96.816428
96.730747
97.499450
97.735131
96.906079
97.879900
99.347636
99.009019
98.428218
99.550961
98.007731
98.558087
99.276493
99.031658
98.195533
99.536757
97.662173
98.336212
99.267252
97.647778
96.893241
98.569290
96.266685
97.641988
100.000000
95.786020
95.695927
100.000000
97.030528
99.745390
96.205954
97.204359
98.362451
98.936636
97.717511
96.157570
93.527060
98.610727
98.779048
98.692282
99.629340
96.573348
97.903702
98.213112
98.949264
98.348388
97.493836
97.159030
95.674433
97.433544
94.433754
96.036606
99.248049
95.455574
98.299190
96.834433
96.379696
98.448267
96.625171
94.874834
99.586809
95.636787
96.804231
96.579118
96.453473
98.701382
100.000000
98.175181
97.252929
98.970835
98.408540
98.996594
97.875253
96.965929
98.417580
98.307654
98.287985
97.698428
99.903658
99.717185
97.321313
98.874368
96.929848
97.137081
98.931637
98.982665
97.370918
99.993644
97.937703
97.538085
98.285150
99.086578
97.300637
98.422829
97.432067
99.533838
99.116657
98.126691
97.175693
99.004423
97.142948
99.230878
98.103956
97.151282
96.441243
99.002722
97.138691
96.610677
98.337373
98.485578
98.379758
98.325535
97.838575
96.374429
99.928485
98.517273
97.992781
98.603237
97.830493
96.215800
95.446850
97.729229
96.959143
98.032400
96.709173
97.422942
98.579685
98.837995
98.701945
100.000000
98.272875
98.966841
98.531836
97.236467
97.404618
99.169400
97.819339
97.489890
98.744503
98.189563
97.434008
100.000000
98.575638
98.012115
98.033703
97.326650
98.615396
100.000000
97.576182
97.804576
98.715843
99.497150
98.170806
99.019595
97.104556
99.149634
99.920795
98.304665
96.875686
99.710821
99.192414
98.402771
98.847634
98.774192
97.315103
99.007964
99.396004
97.342765
98.224838
98.296089
96.463563
98.462104
96.773930
97.307908
99.921397
98.058773
97.405555
98.781432
97.669988
98.590934
97.528929
96.541066
96.216526
98.287367
97.415136
98.750345
98.400179
97.872986
98.548090
99.292361
98.390097
97.681343
99.431805
98.043883
98.157095
98.709883
96.508994
97.518586
99.813998
98.541337
97.739795
99.642466
97.715376
98.944119
99.907412
97.659743
97.674565
99.745997
97.727132
98.493923
99.444157
98.154880
98.996574
99.700979
98.396906
98.583241
99.761617
97.990580
98.073074
99.967674
98.164331
98.636723
99.967662
98.818154
98.547015
100.000000
98.329016
98.533057
99.142631
99.200430
99.348998
99.719659
98.502499
100.000000
100.000000
100.000000
100.000000
100.000000
98.384716
98.365241
98.878893
98.073280
97.946695
98.589986
98.472268
99.127547
100.000000
98.504622
98.176590
99.579594
98.028202
98.810132
100.000000
98.377377
98.151702
99.793982
98.665052
98.669038
99.144721
97.398442
96.912219
99.385288
96.919095
98.902912
99.428123
97.967728
96.366367
97.810036
97.138557
96.626881
97.985264
97.477635
96.210159
97.850958
97.268765
96.737237
99.610582
95.249680
95.410629
97.792335
96.382770
96.635474
97.856490
96.304459
95.472182
99.838884
95.998290
96.391099
96.599674
96.072210
96.543996
97.266132
95.868764
96.336768
98.280589
97.366769
97.074369
97.925405
95.754035
96.039239
98.243047
96.439376
97.013062
96.939091
97.326642
97.180272
98.517790
96.899344
95.584727
97.491092
95.808288
96.388616
98.624606
96.386737
95.266083
97.769957
96.592169
98.289775
98.815131
97.697669
95.697278
97.409824
95.859363
97.269727
97.725807
94.829760
94.687692
97.217127
94.748403
95.382948
98.214003
97.642606
95.375388
97.183014
95.424568
96.403748
98.289705
94.717522
95.202367
98.585946
95.002245
95.236180
97.980805
95.445569
97.174377
97.473671
94.956641
95.594538
96.019214
95.009578
95.450783
95.893702
96.781747
96.712191
96.851682
97.390155
95.157698
97.712304
94.779649
94.537974
98.109079
96.127591
94.400436
96.134706
94.349180
95.787220
98.126114
96.474623
95.531283
98.425278
97.138487
99.335130
100.000000
99.605405
99.879362
100.000000
100.000000
100.000000
100.000000
100.000000
100.000000
100.000000
100.000000
100.000000
100.000000
100.000000
100.000000
100.000000
100.000000
100.000000
100.000000
100.000000
100.000000
100.000000
100.000000
100.000000
100.000000
100.000000
100.000000
100.000000
100.000000
100.000000
100.000000
100.000000
100.000000
100.000000
100.000000
100.000000
100.000000
100.000000
100.000000
100.000000
100.000000
100.000000
100.000000
100.000000
100.000000
100.000000
100.000000
100.000000
100.000000
100.000000
100.000000
100.000000
100.000000
100.000000
100.000000
100.000000
100.000000
100.000000
100.000000
100.000000
100.000000
100.000000
100.000000
100.000000
100.000000
100.000000
100.000000
100.000000
100.000000
100.000000
100.000000
100.000000
100.000000
100.000000
100.000000
100.000000
100.000000
100.000000
100.000000
100.000000
100.000000
100.000000
100.000000
100.000000
100.000000
100.000000
100.000000
100.000000
100.000000
100.000000
100.000000
100.000000
99.870790
100.000000
100.000000
100.000000
99.684402
99.392796
99.552116
100.000000
99.513279
99.608839
100.000000
99.978874
99.689051
100.000000
100.000000
100.000000
99.382786
100.000000
99.924049
100.000000
100.000000
100.000000
100.000000
100.000000
100.000000
100.000000
99.501300
99.920479
100.000000
99.594343
99.614263
100.000000
99.817114
99.759845
100.000000
99.189788
99.339119
100.000000
99.251700
99.314500
100.000000
99.350384
99.747995
100.000000
100.000000
100.000000
100.000000
100.000000
100.000000
100.000000
100.000000
100.000000
100.000000
100.000000
100.000000
100.000000
100.000000
100.000000
100.000000
100.000000
100.000000
100.000000
100.000000
100.000000
100.000000
100.000000
100.000000
100.000000
100.000000
100.000000
100.000000
100.000000
100.000000
100.000000
99.942581
100.000000
99.276322
99.944467
99.920956
100.000000
100.000000
100.000000
100.000000
99.586969
99.949420
100.000000
100.000000
100.000000
100.000000
100.000000
100.000000
100.000000
100.000000
99.934115
100.000000
100.000000
99.935766
100.000000
100.000000
100.000000
100.000000
100.000000
100.000000
100.000000
100.000000
100.000000
100.000000
100.000000
100.000000
100.000000
100.000000
100.000000
100.000000
100.000000
99.463632
100.000000
99.542075
99.692573
99.850199
98.732755
98.228247
100.000000
98.140404
98.856530
99.349279
98.403937
98.047029
99.054569
97.972043
98.495835
100.000000
98.730234
98.344911
99.916367
98.759939
98.267521
98.003422
98.207959
98.498650
99.212598
98.451214
98.391272
99.147053
98.454816
98.790096
100.000000
98.770041
99.707756
99.890810
99.162101
98.925499
100.000000
99.061253
98.973523
99.680232
98.751659
98.470678
99.883194
98.612010
99.083261
99.738623
99.697295
99.762175
100.000000
100.000000
100.000000
100.000000
100.000000
100.000000
100.000000
100.000000
100.000000
100.000000
100.000000
100.000000
100.000000
100.000000
100.000000
100.000000
99.193279
99.193595
100.000000
99.530381
100.000000
99.840844
99.193613
99.000884
99.962763
99.393531
98.937848
100.000000
99.219512
99.329080
100.000000
100.000000
100.000000
100.000000
100.000000
100.000000
100.000000
100.000000
100.000000
100.000000
100.000000
100.000000
100.000000
99.623077
100.000000
100.000000
100.000000
99.718839
100.000000
100.000000
100.000000
100.000000
98.209731
99.208697
100.000000
98.924563
98.135476
99.069021
97.883802
97.372215
99.753255
97.995406
98.866009
98.515693
97.719994
97.552681
99.050222
98.721965
98.203627
98.473189
98.190789
97.865031
98.996759
98.765241
97.510544
99.031690
99.177199
99.283766
99.699879
99.011757
97.901367
98.940187
97.603393
99.052150
99.442743
99.197391
97.045359
99.829576
98.911033
98.922034
99.868997
98.773807
98.848305
97.982584
99.682030
100.000000
100.000000
100.000000
100.000000
100.000000
100.000000
100.000000
100.000000
100.000000
100.000000
100.000000
100.000000
100.000000
100.000000
100.000000
100.000000
100.000000
100.000000
100.000000
100.000000
100.000000
100.000000
100.000000
100.000000
100.000000
100.000000
100.000000
100.000000
100.000000
100.000000
100.000000
100.000000
100.000000
100.000000
100.000000
100.000000
100.000000
100.000000
100.000000
100.000000
100.000000
100.000000
100.000000
100.000000
100.000000
100.000000
100.000000
100.000000
100.000000
100.000000
100.000000
100.000000
100.000000
100.000000
100.000000
100.000000
100.000000
100.000000
100.000000
100.000000
100.000000
100.000000
100.000000
100.000000
100.000000
100.000000
100.000000
100.000000
100.000000
100.000000
100.000000
100.000000
100.000000
100.000000
100.000000
100.000000
99.623534
100.000000
99.474976
100.000000
100.000000
100.000000
99.858591
99.845934
99.593208
100.000000
100.000000
100.000000
100.000000
100.000000
99.905309
100.000000
99.775698
99.954718
99.865990
100.000000
100.000000
100.000000
100.000000
98.776363
98.842646
99.398521
100.000000
100.000000
99.378845
99.795751
100.000000
100.000000
100.000000
100.000000
100.000000
100.000000
100.000000
100.000000
100.000000
100.000000
100.000000
100.000000
99.966905
100.000000
100.000000
100.000000
100.000000
100.000000
100.000000
100.000000
100.000000
100.000000
100.000000
100.000000
100.000000
100.000000
100.000000
100.000000
100.000000
100.000000
100.000000
100.000000
100.000000
100.000000
100.000000
100.000000
100.000000
100.000000
100.000000
100.000000
100.000000
100.000000
100.000000
100.000000
100.000000
100.000000
100.000000
100.000000
100.000000
100.000000
100.000000
100.000000
100.000000
100.000000
100.000000
100.000000
100.000000
100.000000
100.000000
100.000000
100.000000
100.000000
100.000000
100.000000
100.000000
99.882291
100.000000
100.000000
100.000000
100.000000
100.000000
100.000000
100.000000
100.000000
100.000000
100.000000
100.000000
100.000000
100.000000
100.000000
100.000000
100.000000
100.000000
100.000000
100.000000
100.000000
100.000000
100.000000
100.000000
100.000000
100.000000
100.000000
99.988383
100.000000
99.785395
100.000000
100.000000
100.000000
100.000000
100.000000
100.000000
100.000000
100.000000
99.935924
100.000000
100.000000
100.000000
100.000000
99.863512
100.000000
100.000000
100.000000
100.000000
100.000000
100.000000
100.000000
100.000000
100.000000
100.000000
100.000000
99.422797
100.000000
100.000000
100.000000
100.000000
100.000000
100.000000
100.000000
100.000000
100.000000
100.000000
100.000000
100.000000
100.000000
100.000000
100.000000
100.000000
100.000000
100.000000
100.000000
100.000000
100.000000
100.000000
100.000000
100.000000
100.000000
100.000000
100.000000
100.000000
100.000000
100.000000
100.000000
100.000000
100.000000
100.000000
100.000000
100.000000
100.000000
100.000000
100.000000
100.000000
100.000000
100.000000
100.000000
100.000000
100.000000
100.000000
100.000000
100.000000
100.000000
100.000000
100.000000
100.000000
100.000000
100.000000
100.000000
100.000000
100.000000
100.000000
100.000000
100.000000
100.000000
100.000000
100.000000
100.000000
99.961796
100.000000
100.000000
100.000000
100.000000
100.000000
100.000000
100.000000
100.000000
100.000000
99.927276
99.389712
99.433183
99.219996
99.668996
99.578650
100.000000
99.389367
99.622828
98.945466
99.458633
99.428228
99.933036
99.681864
99.360245
99.677092
100.000000
99.987930
100.000000
99.435133
100.000000
99.828951
100.000000
99.678990
100.000000
99.685181
100.000000
99.901076
100.000000
100.000000
100.000000
100.000000
99.197566
100.000000
99.696830
100.000000
100.000000
100.000000
100.000000
100.000000
100.000000
100.000000
100.000000
100.000000
100.000000
100.000000
100.000000
100.000000
100.000000
100.000000
100.000000
100.000000
100.000000
100.000000
100.000000
100.000000
100.000000
100.000000
100.000000
100.000000
100.000000
100.000000
100.000000
100.000000
100.000000
100.000000
100.000000
100.000000
100.000000
100.000000
100.000000
100.000000
100.000000
100.000000
100.000000
100.000000
100.000000
100.000000
100.000000
100.000000
100.000000
100.000000
100.000000
100.000000
100.000000
100.000000
100.000000
100.000000
100.000000
100.000000
100.000000
100.000000
100.000000
100.000000
100.000000
100.000000
100.000000
100.000000
100.000000
100.000000
100.000000
100.000000
100.000000
100.000000
100.000000
100.000000
100.000000
100.000000
100.000000
100.000000
100.000000
100.000000
100.000000
100.000000
100.000000
100.000000
100.000000
100.000000
100.000000
100.000000
100.000000
100.000000
100.000000
100.000000
100.000000
100.000000
100.000000
100.000000
100.000000
100.000000
100.000000
100.000000
100.000000
100.000000
100.000000
100.000000
100.000000
100.000000
100.000000
100.000000
100.000000
100.000000
100.000000
100.000000
100.000000
100.000000
100.000000
100.000000
100.000000
100.000000
100.000000
100.000000
100.000000
100.000000
100.000000
100.000000
100.000000
100.000000
100.000000
100.000000
100.000000
100.000000
100.000000
100.000000
100.000000
100.000000
100.000000
100.000000
100.000000
100.000000
100.000000
