96.182079
95.758920
97.569514
95.339225
97.486636
95.519151
97.760844
95.099744
96.320895
95.951892
98.594254
96.473432
97.025090
96.088095
97.391824
96.391111
98.129331
96.375464
98.623143
95.738889
97.219751
95.835927
97.813336
97.215895
98.613324
95.542264
97.455741
95.551984
97.794062
96.995955
97.526998
95.731541
97.149715
95.353749
97.602437
96.859775
99.934538
95.188318
97.462217
95.206966
96.647048
97.496073
98.611377
96.047815
98.089609
95.933399
98.061775
96.557490
97.391730
96.515314
98.034205
95.665194
97.274888
96.823637
97.690701
96.780148
97.536901
98.156518
97.551973
97.658289
97.927914
95.940087
97.738188
97.057337
97.532635
96.168248
97.466870
95.474947
96.745188
96.242292
97.089742
96.715985
99.097434
95.209846
98.151713
95.103926
96.499988
96.620648
97.220108
96.073217
97.994141
94.821842
96.344896
95.353513
96.951403
96.607407
98.382087
94.773596
96.072001
95.103840
98.741055
97.183070
98.975007
94.845190
96.211506
96.230182
100.000000
97.807494
97.971672
94.770646
96.367034
96.583334
98.358670
96.092147
97.119975
95.518719
96.940043
95.830792
98.303543
95.993107
98.024473
95.683675
97.251492
96.148026
97.289176
96.110910
96.923336
97.064584
96.204786
97.870237
97.664594
95.288862
97.913566
95.222388
96.265682
95.809638
97.562218
95.881213
96.846664
94.694072
96.314749
95.142485
97.657319
95.532194
98.170607
94.836973
96.098180
96.776803
97.535906
95.513557
96.713131
94.977882
98.265647
95.297253
97.007354
94.444663
96.856970
96.668138
96.970134
94.834320
96.612427
95.827619
98.416842
96.311248
96.556575
95.595106
96.849188
95.746151
98.052635
95.970532
96.580526
96.114510
98.414239
95.945558
97.340188
95.551070
97.538839
96.184126
97.551490
96.027140
96.576055
94.372968
96.177594
96.337272
99.964593
95.482483
96.251851
96.242285
96.687103
100.000000
99.226109
95.144577
97.005476
95.025267
96.945084
96.342732
97.960928
95.042494
96.897560
94.511922
96.512081
95.756244
100.000000
95.120677
96.329676
94.490800
95.970015
95.618774
100.000000
94.806402
96.541167
94.581958
98.843979
97.571920
97.209474
95.091592
97.336244
96.489355
97.893792
95.130836
97.163613
95.848570
96.454870
94.369456
97.886023
94.566969
96.815678
94.638212
96.437357
93.976723
96.084212
96.170649
97.310154
93.737997
97.034440
94.938187
96.291947
96.078878
99.120524
97.166732
99.125060
95.303385
98.457932
96.610343
95.498162
94.272124
97.876657
96.485731
95.127570
98.000981
97.316135
94.822416
96.746986
96.561394
99.036992
97.485066
100.000000
97.131906
97.554793
94.662958
98.814122
95.159508
95.097985
93.948920
97.985136
92.851158
95.628928
94.642472
97.091836
95.437154
96.793977
93.960385
96.175454
96.550165
98.570861
96.046173
97.410832
96.270091
96.506902
95.569868
99.658546
97.206719
97.154624
94.302937
97.690212
97.343778
97.945286
96.070667
98.858373
95.193814
96.538057
95.780888
99.212254
94.885440
96.733499
94.664339
97.032673
94.801323
96.995785
94.952920
96.875868
94.332152
96.723419
94.980756
97.075005
95.954534
96.796975
96.269573
95.030031
98.221086
98.982516
96.206904
97.463828
95.472214
96.564312
95.756417
98.296399
95.772699
96.457713
94.209202
96.183244
95.018089
97.804202
94.623286
97.773107
94.985157
95.824912
94.999114
96.871886
96.411747
97.789833
94.885117
96.198089
96.278556
97.142960
95.536364
96.606148
93.746074
98.052051
94.909852
97.341435
95.078567
98.148342
94.636994
96.044638
95.434732
98.989184
95.938745
96.819355
95.255541
96.923550
95.446432
97.693993
96.144031
97.539836
94.849266
96.370366
97.112872
98.378632
95.768159
96.982996
95.101898
96.880346
96.736350
98.319041
95.762649
97.198872
97.003147
96.449995
97.425427
98.031487
95.787896
97.050666
94.902896
97.684471
95.987660
98.247817
95.528953
96.502419
95.019119
96.802947
95.534822
97.768741
94.320839
98.189622
96.041756
96.282419
95.494776
97.077619
94.907155
98.410561
94.867482
96.386798
95.713203
97.959812
95.609353
96.286942
95.216765
96.373446
94.804197
97.090055
94.619526
96.843795
94.280077
96.015819
94.908257
97.049421
95.055587
97.184662
94.239469
96.106999
95.091650
97.316577
95.634727
97.253706
95.612687
96.744190
95.205906
96.849624
95.103804
98.197374
94.201356
96.138598
95.183121
97.193538
96.134494
96.861258
96.535948
95.729285
97.431599
98.107603
95.722250
96.586323
95.607842
96.347482
95.408429
97.220720
94.987246
97.859796
93.446598
96.972199
94.373849
98.674453
96.047974
96.160645
94.261053
97.540945
94.201346
95.758513
95.839187
96.230928
93.458177
95.984892
93.628628
95.247384
93.200715
96.175165
95.316459
95.810286
94.190791
98.145121
93.567775
95.674451
94.353263
96.111382
97.113226
97.438555
93.917679
96.167371
95.017668
96.948485
96.483302
96.780530
94.096887
96.181429
94.205480
96.636597
94.756604
96.632450
95.045922
96.614706
94.498731
95.730819
94.922088
96.338111
95.195393
96.827304
96.538982
95.273431
97.201151
98.550337
95.070281
96.138099
94.058772
96.282862
95.370737
97.335273
94.632938
96.584055
94.695125
95.694761
94.571687
97.337706
95.890608
95.729146
93.124341
96.488624
94.916152
96.219495
93.501198
96.317756
95.004640
95.028205
93.162663
99.014151
95.817878
95.858594
92.821689
96.786899
95.773368
96.557481
93.933435
97.275079
93.713985
95.069914
94.052922
96.127254
94.326916
96.952889
93.159865
96.116651
95.872378
97.371176
96.166164
98.065306
93.749553
95.612942
95.027329
99.288540
96.838351
98.556418
95.232121
96.876630
96.371696
97.397732
93.529666
95.767449
95.789094
94.933607
96.427137
97.079129
94.638746
97.716762
95.472521
97.567163
96.658428
100.000000
95.597523
97.125712
95.246638
96.041194
93.919331
97.463221
94.224121
95.750423
93.364799
95.350373
94.937699
99.149037
95.411603
97.649330
94.954543
97.185632
96.781120
98.070742
96.013670
97.950729
95.637811
96.566033
94.416438
97.189915
93.137572
96.535372
94.926286
95.857281
93.477567
96.556784
93.737735
96.513735
93.287022
95.569841
95.257996
97.636172
93.312880
95.866415
93.309892
95.626561
93.498316
96.444551
94.398499
96.696184
94.060861
95.023102
92.737946
96.544769
95.781663
96.172226
95.737964
93.778014
98.650421
100.000000
97.051613
97.236745
93.402491
94.695933
95.845090
99.234036
91.618829
95.975535
91.767679
95.553414
92.183361
96.058319
95.509426
98.477886
95.843542
94.912367
91.096945
97.683082
95.790374
97.259353
91.826779
94.730677
93.724495
96.557086
95.669472
97.736484
90.611694
94.153217
94.026972
100.000000
95.777189
94.724079
90.121159
96.365433
92.463782
96.949853
89.974441
97.790761
96.390772
97.294633
94.860793
95.178069
94.267718
98.136706
94.279413
95.893344
93.992397
96.792891
94.009445
95.778215
93.167601
95.193175
95.636811
94.821699
93.383289
96.517467
97.257147
94.387814
95.665584
98.803910
95.653601
96.379907
95.093351
96.662698
94.847321
97.302261
95.224597
96.577623
94.272516
96.090582
95.302900
97.617048
95.570596
97.045113
94.991333
96.884098
95.518126
97.779762
95.670846
97.359079
95.041455
96.070412
95.187668
97.875529
95.550583
97.123696
94.579126
96.214115
94.790359
98.328164
95.172088
96.957432
94.428476
95.995449
95.138698
98.210447
95.245376
97.596656
94.050701
96.465936
95.933005
97.887200
94.934864
98.005219
95.590735
96.753205
96.149076
98.394668
95.636604
97.260833
94.850045
96.750176
95.449326
97.050648
95.327306
97.097882
97.799499
95.716727
97.614339
98.004211
95.391141
97.040331
94.886501
97.730283
95.309120
96.900627
92.226363
97.209340
92.948164
95.492498
94.359953
98.180598
94.596922
95.936698
94.577093
96.707890
96.145565
98.754056
93.857062
95.191872
92.554903
96.186954
96.542955
100.000000
91.674350
94.404165
92.859340
98.668586
96.341191
96.757155
91.984443
96.051337
92.503278
94.087567
90.949389
99.504426
97.274618
98.589510
94.264483
95.610640
92.724443
99.633082
95.900747
96.258712
92.305730
94.728327
95.497092
98.746602
94.785932
96.857621
95.212941
94.995265
92.750373
94.171078
93.697098
98.781515
97.771197
95.196467
97.339781
97.003992
95.719251
98.987833
92.522769
95.374722
95.053747
98.065098
95.814869
96.872816
94.759472
98.405131
96.347997
97.793202
95.532361
97.277452
93.394811
96.430812
95.879259
96.349351
95.009181
97.000826
92.875768
96.224241
96.949302
98.261181
96.426541
99.352721
96.022897
98.323827
96.490531
97.615168
95.709730
98.786430
95.781400
95.883505
94.648440
97.472728
95.883624
96.687768
94.126963
97.052472
95.735626
97.251114
94.799164
96.521605
95.831261
98.226735
95.482706
96.103316
95.599041
99.324446
96.398733
98.123132
94.853090
94.950992
93.655284
98.158271
97.585268
94.438571
96.050862
97.876490
94.822867
96.809799
94.317219
96.275813
95.779189
98.064484
94.822398
96.115989
94.825386
96.509813
95.209690
97.793239
94.618235
96.454253
94.272830
95.535386
95.442678
98.398773
94.175031
95.799011
93.886505
96.133052
95.607615
99.292672
96.764948
97.120749
94.272304
98.522865
97.871747
98.545721
95.871470
99.085752
95.705910
96.789888
96.603641
97.648812
94.299832
96.647813
94.208185
95.919444
95.734091
97.751668
94.424757
98.047871
96.608623
98.510462
97.461212
99.521432
94.890412
98.052674
96.416355
98.476936
94.762945
96.463507
95.551265
96.654720
95.726638
94.875055
97.347439
99.339638
94.698471
96.322973
95.262383
97.206260
95.347606
98.356293
94.812312
96.138665
93.728382
97.313738
94.423454
97.709782
94.004801
97.275082
93.482735
95.466391
94.086921
96.669632
94.460532
96.251743
93.515163
96.048291
95.256127
98.403381
94.623196
95.774777
92.864793
96.506397
95.978044
97.268905
94.485413
95.849800
93.290532
96.455197
95.515179
96.830719
94.460421
95.699200
93.608330
95.667118
94.435385
96.833343
96.274293
96.170237
93.874719
95.898264
95.027318
97.290440
95.212842
96.553423
94.644120
96.792072
94.967995
96.032614
94.220437
98.113472
97.544178
95.527657
96.466041
97.646892
95.740867
97.098626
95.205096
96.582144
94.361768
96.936205
95.618624
96.447516
93.479904
96.000830
95.019785
97.097535
93.913912
96.878560
94.415765
97.874177
97.264541
98.392194
98.320323
99.904819
99.107030
100.000000
99.922402
100.000000
100.000000
100.000000
100.000000
100.000000
100.000000
100.000000
100.000000
100.000000
100.000000
100.000000
100.000000
100.000000
100.000000
100.000000
100.000000
100.000000
100.000000
100.000000
100.000000
100.000000
100.000000
100.000000
100.000000
100.000000
100.000000
100.000000
100.000000
100.000000
100.000000
100.000000
100.000000
100.000000
100.000000
100.000000
100.000000
100.000000
100.000000
100.000000
100.000000
100.000000
100.000000
100.000000
100.000000
100.000000
100.000000
100.000000
100.000000
100.000000
100.000000
100.000000
100.000000
100.000000
100.000000
100.000000
100.000000
100.000000
100.000000
100.000000
100.000000
100.000000
100.000000
100.000000
100.000000
100.000000
100.000000
100.000000
100.000000
100.000000
100.000000
100.000000
100.000000
100.000000
100.000000
100.000000
100.000000
100.000000
100.000000
100.000000
100.000000
100.000000
100.000000
100.000000
100.000000
100.000000
100.000000
100.000000
100.000000
100.000000
100.000000
100.000000
100.000000
100.000000
100.000000
100.000000
100.000000
100.000000
100.000000
100.000000
100.000000
100.000000
100.000000
100.000000
100.000000
100.000000
100.000000
100.000000
100.000000
100.000000
100.000000
100.000000
100.000000
100.000000
100.000000
100.000000
100.000000
100.000000
100.000000
100.000000
100.000000
100.000000
100.000000
100.000000
100.000000
100.000000
100.000000
100.000000
100.000000
100.000000
100.000000
100.000000
100.000000
100.000000
100.000000
100.000000
100.000000
100.000000
100.000000
100.000000
100.000000
100.000000
100.000000
100.000000
100.000000
100.000000
100.000000
100.000000
100.000000
100.000000
100.000000
100.000000
100.000000
100.000000
100.000000
100.000000
100.000000
100.000000
100.000000
100.000000
100.000000
100.000000
100.000000
100.000000
100.000000
100.000000
100.000000
100.000000
100.000000
100.000000
100.000000
100.000000
100.000000
100.000000
100.000000
100.000000
100.000000
100.000000
100.000000
100.000000
100.000000
100.000000
100.000000
100.000000
100.000000
100.000000
100.000000
100.000000
99.843926
100.000000
100.000000
100.000000
100.000000
100.000000
100.000000
100.000000
100.000000
100.000000
100.000000
100.000000
100.000000
100.000000
100.000000
100.000000
100.000000
100.000000
100.000000
100.000000
100.000000
100.000000
100.000000
100.000000
100.000000
100.000000
100.000000
100.000000
100.000000
100.000000
100.000000
100.000000
100.000000
100.000000
100.000000
100.000000
100.000000
100.000000
100.000000
100.000000
100.000000
100.000000
100.000000
100.000000
100.000000
100.000000
100.000000
100.000000
100.000000
100.000000
100.000000
100.000000
100.000000
100.000000
100.000000
100.000000
100.000000
100.000000
100.000000
100.000000
100.000000
100.000000
100.000000
100.000000
100.000000
100.000000
100.000000
100.000000
100.000000
100.000000
100.000000
100.000000
100.000000
100.000000
100.000000
100.000000
100.000000
100.000000
100.000000
100.000000
100.000000
100.000000
100.000000
100.000000
100.000000
100.000000
100.000000
100.000000
100.000000
100.000000
100.000000
100.000000
100.000000
100.000000
100.000000
100.000000
100.000000
100.000000
100.000000
100.000000
100.000000
100.000000
100.000000
100.000000
100.000000
100.000000
100.000000
100.000000
100.000000
100.000000
100.000000
100.000000
100.000000
100.000000
100.000000
100.000000
100.000000
100.000000
100.000000
100.000000
99.697056
100.000000
98.363370
99.463844
98.721573
98.903909
98.610903
99.889819
98.961148
99.842925
98.778744
99.346815
98.606802
99.810372
98.496529
100.000000
99.053285
99.482299
99.298724
100.000000
99.752763
100.000000
100.000000
100.000000
99.599863
100.000000
100.000000
99.723536
100.000000
100.000000
99.477066
100.000000
99.552462
100.000000
100.000000
100.000000
99.880063
100.000000
99.617072
100.000000
100.000000
100.000000
99.517011
100.000000
99.298596
100.000000
99.956279
100.000000
99.852914
100.000000
100.000000
100.000000
100.000000
100.000000
100.000000
100.000000
100.000000
100.000000
100.000000
100.000000
100.000000
100.000000
100.000000
100.000000
100.000000
100.000000
99.267132
100.000000
99.137168
100.000000
99.415809
100.000000
99.315721
100.000000
99.358042
100.000000
99.827042
100.000000
99.177045
100.000000
99.152037
100.000000
100.000000
100.000000
99.210110
100.000000
100.000000
100.000000
100.000000
100.000000
99.114446
100.000000
99.022546
100.000000
98.832495
99.468878
98.455961
99.942490
98.378159
99.685709
98.679769
99.399200
98.385490
100.000000
98.399105
99.839393
99.426844
99.565301
98.074623
100.000000
98.464657
99.714632
98.856081
99.466833
98.339352
100.000000
98.458303
99.791404
99.140301
99.757568
98.535770
100.000000
98.603564
99.973377
99.073652
99.832066
98.523110
100.000000
98.664642
100.000000
99.160450
100.000000
98.411322
100.000000
98.421182
100.000000
99.110784
99.806368
98.557281
100.000000
98.529218
100.000000
99.022230
99.565496
98.546125
100.000000
100.000000
99.105467
99.930667
99.943695
98.583331
100.000000
98.835542
100.000000
99.197286
99.787119
98.592975
100.000000
98.818983
99.999611
99.111145
100.000000
98.389414
100.000000
98.482387
99.724056
99.004451
99.774828
98.412341
100.000000
98.383619
99.848160
99.070050
100.000000
98.618359
100.000000
98.573480
99.928426
99.395183
100.000000
98.592765
100.000000
98.849644
100.000000
99.605657
100.000000
98.294029
100.000000
98.309956
99.872853
98.672312
100.000000
98.681514
99.925729
97.700534
99.974095
98.665718
100.000000
98.483350
100.000000
98.534954
99.558612
98.862468
99.427195
98.571696
100.000000
100.000000
98.764952
99.449017
99.918884
98.630620
100.000000
98.589987
100.000000
98.571269
99.658212
97.960597
99.875860
98.123424
99.681163
98.545394
99.499592
97.048310
97.094872
95.655618
96.185332
92.640193
97.122196
93.593570
96.123036
93.020667
95.803987
93.607092
95.738619
94.027844
96.227680
93.673929
95.234584
94.275150
96.982463
94.362674
96.371375
94.859907
96.072260
96.156711
97.906213
95.162460
96.708575
95.763959
96.193727
95.705912
97.807120
95.302047
97.019938
94.809684
96.457972
95.624027
98.673996
97.358706
98.704613
94.542764
97.188058
97.890108
97.295402
96.582945
98.110883
97.309322
96.557941
98.158462
98.704339
94.970797
98.905281
96.477004
97.034130
95.960693
98.202369
97.679702
98.396799
95.566142
97.531754
97.240016
99.164178
97.967404
98.304536
95.783482
96.994138
96.963395
97.952253
96.357403
98.261537
97.954906
98.338610
96.148953
98.615391
97.132133
99.287173
97.774184
97.499351
96.883613
97.872633
96.192673
99.520692
97.164544
97.457629
96.860201
98.389954
96.234302
99.063608
95.687155
97.455464
96.732781
99.331661
97.016812
98.057254
96.582631
97.916991
97.105589
99.071161
97.521094
98.590597
97.433615
98.309000
97.116022
98.385161
96.390575
98.226473
98.689203
97.173710
98.059329
98.444490
98.818883
99.581674
96.680253
97.669710
96.786478
99.180044
98.366502
99.401432
96.000841
97.395806
97.072071
100.000000
98.601302
97.962969
95.930189
97.232838
98.284859
99.464731
96.954299
98.355769
97.538496
97.819985
97.996266
98.797578
97.354522
99.517587
96.662681
98.034504
97.321027
99.141671
98.913205
97.881076
97.080567
98.176549
97.718487
98.752028
97.146329
98.083493
96.789432
97.307761
97.044678
98.631482
96.426624
97.950571
96.301647
97.204528
96.845908
97.830063
97.358242
98.382559
96.619671
97.299472
96.739348
98.515661
97.520771
98.283481
97.954990
96.974703
98.040814
98.782370
97.189875
97.873453
96.036918
99.269515
98.998316
97.675597
95.941746
98.815062
98.606227
98.373235
97.657379
98.931776
97.317417
97.567352
96.087929
97.287754
97.402724
98.469682
97.109328
98.849363
96.729783
97.868222
97.376994
98.987476
98.887960
98.911440
97.836448
98.548351
98.301823
98.565263
97.801355
99.073082
98.304635
98.181752
97.299936
98.278100
98.497447
98.463552
96.353909
97.549663
96.505323
98.231730
97.768510
98.638017
96.930587
97.892283
97.269371
99.144067
98.213216
99.715072
97.349341
98.347390
97.447643
98.812632
97.625674
98.154087
98.180732
97.462400
98.190467
99.248176
97.638663
98.453991
97.018901
98.319783
97.481628
98.851824
97.369064
98.385350
97.041386
98.119029
97.495905
98.714129
97.261795
98.399767
96.886202
99.236618
97.675198
98.677970
97.050175
99.171008
97.881089
98.054190
97.363813
98.519289
97.026912
98.126867
97.684741
97.552236
96.796183
97.758708
96.712744
98.443337
96.391954
97.997516
97.415556
98.449100
97.132775
98.398532
97.397724
99.002509
97.427366
98.315649
97.710479
99.815906
97.800243
98.886119
97.815625
98.655908
97.000789
98.110290
95.999289
97.370642
96.474047
97.390926
96.441450
98.250296
97.660545
96.884980
97.425753
97.886895
96.682646
97.506676
95.491673
97.671519
96.178448
97.217419
96.622294
96.739250
96.037515
96.742144
95.824131
98.479768
95.889270
97.141931
95.643688
97.069009
96.621156
97.323585
96.156203
97.307494
95.818863
96.720693
96.329158
97.086346
95.776913
97.741816
96.059281
96.540324
96.069618
97.689329
95.934641
98.201503
96.321102
97.363406
96.833252
99.269921
98.247862
96.987898
95.324728
97.086659
97.057111
99.319940
95.396344
96.932565
95.419910
97.255480
96.730704
97.477245
95.991030
97.572559
95.479802
96.420124
96.310852
96.517344
95.589432
97.173067
97.268019
96.308308
96.708472
97.763458
96.427694
97.572537
96.254050
98.274905
96.625426
97.232578
96.132753
98.322905
97.221694
97.917928
96.971744
98.105705
96.938562
98.440685
97.438787
97.798367
96.989798
98.172130
97.168171
98.171484
96.910524
97.826799
96.315237
97.449141
96.536954
97.636595
96.156407
96.813257
96.332431
97.502000
96.315535
97.513689
96.247558
97.230427
96.318370
97.146385
96.352770
97.492837
96.127648
97.256237
96.330094
97.468021
96.448829
97.153601
95.606288
97.207881
96.456685
97.450225
96.322262
97.665982
95.794506
97.315682
96.341176
97.074925
96.199543
97.139873
97.091364
95.981852
97.502797
99.642816
98.439435
99.042039
97.597580
99.829018
99.658181
100.000000
98.196216
99.770412
99.414166
98.824018
95.989314
97.064950
97.874921
98.206720
96.031314
97.218362
96.626013
98.055129
96.009709
99.604355
95.726062
97.196785
95.935442
98.032925
96.439113
99.178074
95.640889
96.775443
96.503650
97.628756
96.683788
99.115002
95.984081
97.059986
97.266501
98.954508
97.137659
97.594965
95.916854
97.061129
96.953502
98.578794
96.516436
97.719041
96.968813
97.372048
97.063942
98.040321
96.355779
98.986520
96.622029
97.588763
96.732620
98.467099
97.810745
98.842563
99.561318
98.072507
98.008638
98.462086
99.397465
99.332826
97.425802
99.093146
98.649093
99.415897
97.860098
99.959216
98.267712
98.957077
98.353337
99.965858
97.870074
99.756964
99.340860
99.488838
99.177914
99.877376
98.659906
100.000000
98.831851
99.479537
98.417613
99.924630
98.441984
100.000000
97.744556
99.016197
98.656501
100.000000
98.250993
100.000000
97.795964
99.695230
98.694316
99.705551
100.000000
100.000000
98.886066
100.000000
99.491145
100.000000
100.000000
100.000000
99.532302
100.000000
99.449855
100.000000
98.849532
100.000000
99.918737
100.000000
100.000000
100.000000
99.489036
100.000000
100.000000
100.000000
100.000000
100.000000
100.000000
100.000000
99.629343
100.000000
100.000000
100.000000
100.000000
100.000000
100.000000
100.000000
100.000000
100.000000
100.000000
100.000000
99.994170
100.000000
100.000000
100.000000
100.000000
100.000000
98.538147
100.000000
99.828752
100.000000
99.814136
100.000000
99.038956
99.565473
98.934625
100.000000
99.611560
100.000000
97.253050
99.795135
99.873403
100.000000
98.957290
100.000000
98.002677
100.000000
98.676078
99.964959
98.251311
100.000000
96.054005
98.198947
99.065411
99.475801
97.232741
100.000000
96.763415
100.000000
96.761490
97.683091
98.651087
99.866217
99.224621
99.345679
100.000000
100.000000
98.689250
100.000000
98.480239
100.000000
99.350311
100.000000
98.713646
100.000000
97.471086
99.955583
98.062530
100.000000
96.991119
100.000000
97.954243
98.608913
95.988999
100.000000
96.668412
99.874244
97.554520
99.869882
97.720418
100.000000
98.844101
99.795015
97.338135
99.914383
98.337902
99.628219
97.902217
100.000000
97.593989
99.911544
98.970528
100.000000
98.378052
100.000000
97.417525
100.000000
99.196178
100.000000
96.688991
100.000000
97.788151
100.000000
100.000000
100.000000
98.785839
100.000000
98.933948
100.000000
98.897165
98.486608
98.111430
100.000000
100.000000
98.190554
99.989147
100.000000
98.257496
100.000000
96.614987
100.000000
98.882834
100.000000
97.248496
100.000000
99.050361
100.000000
98.135894
100.000000
98.255656
99.922359
98.855717
99.301550
96.899918
100.000000
98.223603
100.000000
95.919726
99.557085
97.629671
99.399399
97.430069
99.902839
97.486761
100.000000
96.738779
99.076264
97.498143
100.000000
96.001538
98.987540
97.551737
100.000000
98.194959
98.967116
96.235233
99.662939
97.676901
96.943638
95.245423
100.000000
96.654001
98.361071
97.343756
100.000000
97.927506
99.252843
97.366236
98.974217
98.215513
98.231736
96.822262
99.637708
99.065674
96.950972
97.744622
99.932922
97.020564
98.030631
94.979518
98.005846
97.819832
99.083276
95.118599
97.669748
96.067032
97.419786
96.519477
99.076971
95.433499
97.389717
95.055281
97.088176
96.181000
98.212828
95.587900
98.237100
94.682341
96.460677
96.217712
100.000000
97.743317
98.321460
94.934357
96.713679
96.794403
98.541739
95.787754
98.209701
94.848509
96.546361
97.282146
98.804375
95.627145
97.691832
95.664381
96.568991
95.002883
98.519696
96.048418
97.255556
94.894998
96.666944
95.764254
98.367721
95.476765
97.161837
95.208706
96.988228
95.555178
97.641874
94.668022
98.246217
96.991664
95.349303
98.355177
98.263230
95.493401
97.304747
96.082360
97.207428
95.897257
97.719903
94.716448
96.934819
94.910121
96.356973
95.412073
97.824841
94.917627
97.190585
94.898480
96.329479
94.673619
98.228644
94.453126
96.745272
95.583798
96.076065
95.082995
98.445529
94.389470
96.670210
94.715966
96.245941
94.987104
98.085584
96.136682
98.117818
95.360630
97.084817
96.794509
99.831168
95.061195
97.999274
94.405014
97.922594
95.704797
96.825881
94.917336
96.900533
95.542340
96.874402
96.756447
98.542546
94.579041
96.973578
95.835074
97.180790
96.924680
97.312300
95.443467
96.626787
96.799384
96.731736
97.724754
98.766363
96.006248
96.914066
94.398496
97.867500
95.409493
98.706975
95.019274
96.926702
96.247532
97.787049
96.279010
98.575086
95.014794
97.277011
95.400862
97.044108
97.236634
99.672852
95.494642
97.220729
95.857394
98.228247
96.424052
98.645683
96.308121
97.638699
95.880533
98.913923
97.959093
99.079566
96.002527
97.483823
96.169113
97.316404
96.711113
98.996540
96.388781
97.827225
95.519936
97.835094
96.725431
98.571397
96.623837
97.812723
96.178903
97.596367
96.320090
98.069932
96.558396
98.412158
96.476199
97.663949
96.756745
98.653370
96.287475
98.026504
99.663962
96.581598
97.580515
100.000000
97.030484
98.223700
96.537263
97.977809
97.876243
98.955592
96.717162
98.674022
96.191335
97.778498
97.129281
99.196842
97.623224
99.165893
97.162992
98.041717
97.439280
99.162748
97.622008
99.426886
97.006332
98.050536
97.615818
99.198564
96.642437
98.248120
95.447127
96.478131
95.972796
100.000000
92.993932
97.989853
95.687258
98.363765
98.686188
96.644253
95.367246
99.472063
94.237159
97.730870
93.857958
93.656644
98.279983
98.445569
94.651419
99.571814
94.432154
97.808893
95.072838
98.049754
93.944540
97.519622
93.757880
96.788240
95.641555
96.043470
96.403825
97.786796
95.832580
97.848663
95.639278
98.033434
96.436135
97.310856
94.612853
100.000000
94.526225
97.357215
94.774254
97.097667
97.969073
100.000000
96.353335
97.523848
96.108264
98.335856
97.798582
97.573526
95.960019
98.864630
95.403007
98.241960
95.915581
99.513339
98.389751
98.380275
96.345952
97.731903
96.293743
98.301335
97.166679
98.800692
97.687397
98.704871
96.783702
98.176848
98.116114
98.428958
96.204214
98.206571
98.537914
99.153702
97.601900
99.123355
96.908482
98.554397
98.244768
98.448278
96.862852
98.708162
96.411433
98.297939
96.275280
98.947226
97.217209
100.000000
98.547072
97.281075
97.380354
99.500239
97.145011
98.862613
95.477440
98.648091
96.009731
97.346212
96.728845
98.325794
96.238948
97.466497
96.614363
98.437978
96.674811
99.438020
97.302622
98.605155
96.949029
98.439416
96.350735
98.582037
96.923250
98.466602
96.594923
98.671960
96.585183
99.350422
97.681193
98.841814
96.638455
98.146481
95.869089
100.000000
98.334927
97.971667
96.603540
98.798240
97.993634
99.045034
96.409133
97.826012
98.053487
99.941046
97.527775
98.755475
96.853167
99.735924
97.774727
98.934391
97.946893
98.775562
95.531116
99.807470
96.301787
98.611169
97.668845
98.207459
98.764116
97.212428
98.378993
99.188841
96.539172
97.589505
95.703033
97.928596
97.485770
98.862104
95.842830
97.482455
96.190444
98.004050
97.101541
98.003581
95.739107
98.313354
95.665483
97.945717
96.330546
99.504019
96.981211
99.196147
96.182874
97.347848
96.373460
99.906032
97.731742
99.131823
96.225459
98.520298
97.699955
100.000000
96.853671
98.905714
96.790131
98.302103
97.597010
99.318921
96.759032
99.799853
96.042929
98.496131
97.630289
99.929728
97.401930
99.303512
97.646899
98.795583
98.038071
99.948760
97.975852
99.707746
97.759979
99.358792
98.621683
100.000000
98.585439
99.971083
99.841054
98.781540
100.000000
100.000000
99.484112
100.000000
97.991974
99.159737
98.376422
100.000000
98.198645
99.089505
96.965603
99.258330
98.010290
100.000000
97.535951
98.799160
96.738522
97.933002
97.674736
100.000000
96.993038
98.949619
96.024898
98.630967
96.657784
98.869686
96.142978
98.087171
95.842862
97.572159
96.596124
98.957068
96.268949
97.250068
94.424332
97.607864
95.253716
97.762556
96.232422
97.213864
94.563351
97.401033
95.694883
99.432021
94.446819
97.369949
95.098829
97.126580
95.773202
98.304694
95.519656
97.587068
95.815754
97.635664
95.380679
97.466589
95.678049
97.693176
97.617480
95.971510
97.169474
97.653282
95.719620
97.941442
94.929610
96.666434
95.403497
99.623181
94.548132
98.063167
93.996405
97.351509
95.523127
98.137998
95.214664
96.329303
94.321261
95.995241
94.884957
98.065985
95.154683
96.096627
94.792830
96.280581
96.701616
98.173473
95.971086
96.536938
94.014315
96.163424
95.365493
97.230468
94.029880
95.999175
94.258839
95.805658
94.704901
98.035227
95.894320
96.159573
94.143479
96.143630
95.167324
98.229882
93.702806
96.849681
95.108199
96.632140
94.561863
97.693581
94.179969
98.216104
94.076273
96.311757
95.062286
96.813677
94.343838
97.058848
96.819941
96.223797
97.210355
96.011565
94.921863
96.822740
94.197203
95.745018
93.781724
99.448565
95.741489
96.406049
94.209801
95.367419
94.635722
98.217488
95.347559
96.792342
94.524914
97.908091
98.843195
100.000000
99.500668
100.000000
99.870466
100.000000
100.000000
100.000000
100.000000
100.000000
100.000000
100.000000
100.000000
100.000000
100.000000
100.000000
100.000000
100.000000
100.000000
100.000000
100.000000
100.000000
100.000000
100.000000
100.000000
100.000000
100.000000
100.000000
100.000000
100.000000
100.000000
100.000000
100.000000
100.000000
100.000000
100.000000
100.000000
100.000000
100.000000
100.000000
100.000000
100.000000
100.000000
100.000000
100.000000
100.000000
100.000000
100.000000
100.000000
100.000000
100.000000
100.000000
100.000000
100.000000
100.000000
100.000000
100.000000
100.000000
100.000000
100.000000
100.000000
100.000000
100.000000
100.000000
100.000000
100.000000
100.000000
100.000000
100.000000
100.000000
100.000000
100.000000
100.000000
100.000000
100.000000
100.000000
100.000000
100.000000
100.000000
100.000000
100.000000
100.000000
100.000000
100.000000
100.000000
100.000000
100.000000
100.000000
98.473911
100.000000
99.080649
100.000000
98.430145
100.000000
98.426834
100.000000
98.671318
99.446971
97.867172
100.000000
100.000000
98.515241
99.834110
100.000000
97.482915
100.000000
98.289592
100.000000
98.660848
100.000000
98.103312
100.000000
97.987820
100.000000
98.516510
100.000000
97.839782
100.000000
97.952447
99.525440
98.441943
99.769319
97.357277
100.000000
97.173106
99.781534
98.086246
99.911627
97.099047
100.000000
97.760084
99.600010
98.028417
100.000000
97.484755
100.000000
98.140647
100.000000
98.860928
100.000000
98.960525
100.000000
99.006923
100.000000
99.996870
100.000000
99.718619
100.000000
99.945851
100.000000
100.000000
100.000000
100.000000
100.000000
100.000000
100.000000
100.000000
100.000000
100.000000
100.000000
100.000000
100.000000
100.000000
100.000000
99.478248
100.000000
98.897833
100.000000
99.378346
100.000000
98.678698
100.000000
98.810806
100.000000
99.512904
100.000000
98.365520
100.000000
99.630948
100.000000
99.449758
100.000000
98.677807
100.000000
98.967448
100.000000
98.930896
100.000000
98.543917
100.000000
99.537132
100.000000
99.735721
100.000000
99.511921
100.000000
99.347593
100.000000
99.905310
100.000000
99.048800
100.000000
99.148114
100.000000
99.689991
100.000000
99.076316
100.000000
98.560647
100.000000
98.932222
99.982823
97.065443
100.000000
97.701622
99.738351
98.804746
100.000000
97.629551
99.925271
100.000000
97.931024
99.480110
99.768853
97.310232
99.943323
97.998497
99.667478
98.075385
99.336878
96.916039
99.714563
97.121426
99.425225
97.336946
99.404729
96.806844
99.801922
97.260997
99.736994
98.133903
99.735318
97.626735
100.000000
97.614646
100.000000
98.015141
99.594251
97.202795
99.809094
97.739176
99.956828
98.335990
99.977510
98.120093
100.000000
99.383259
100.000000
99.818148
100.000000
99.095256
100.000000
99.486932
100.000000
100.000000
100.000000
99.094446
100.000000
99.263979
100.000000
99.730579
100.000000
97.904933
100.000000
98.161454
100.000000
99.049608
100.000000
98.563743
100.000000
100.000000
98.609635
99.541036
100.000000
97.622209
100.000000
98.239963
100.000000
99.113017
100.000000
98.928517
100.000000
98.850751
100.000000
99.553447
100.000000
98.732555
100.000000
99.106206
100.000000
98.977162
100.000000
98.435834
100.000000
99.030590
100.000000
98.625667
100.000000
96.677160
99.988413
96.407039
99.411518
96.943526
98.935897
96.777368
99.345715
96.889914
99.227145
98.025225
98.701452
96.480807
99.507880
96.446460
99.469131
96.717002
98.601943
97.540971
99.265004
96.596404
99.571434
96.421769
99.044232
97.419401
99.906865
96.800335
99.921885
96.875656
99.318123
97.015893
99.953762
99.890247
98.489164
97.658695
99.509305
97.297635
99.797034
97.394038
99.748323
98.125566
99.653445
98.150469
100.000000
98.788286
100.000000
99.562265
100.000000
98.857592
100.000000
98.868438
100.000000
99.645214
100.000000
99.215921
100.000000
99.088104
100.000000
100.000000
100.000000
99.525701
100.000000
99.534311
100.000000
100.000000
100.000000
99.537508
100.000000
100.000000
100.000000
100.000000
100.000000
99.850091
100.000000
99.521146
100.000000
100.000000
100.000000
99.710630
100.000000
99.463360
100.000000
99.800773
100.000000
99.659722
100.000000
99.910593
100.000000
100.000000
100.000000
100.000000
100.000000
100.000000
100.000000
100.000000
100.000000
100.000000
100.000000
100.000000
100.000000
100.000000
100.000000
100.000000
100.000000
100.000000
100.000000
100.000000
100.000000
100.000000
100.000000
100.000000
100.000000
100.000000
100.000000
98.888680
100.000000
98.977713
100.000000
99.480558
99.828732
99.058941
100.000000
99.492339
100.000000
100.000000
100.000000
98.766215
100.000000
100.000000
100.000000
100.000000
100.000000
99.282561
100.000000
99.223192
100.000000
99.206727
100.000000
99.114935
100.000000
99.310431
100.000000
98.399231
99.001094
98.022177
100.000000
99.072645
100.000000
99.303412
100.000000
100.000000
100.000000
100.000000
100.000000
100.000000
100.000000
99.936066
100.000000
100.000000
100.000000
100.000000
100.000000
99.998838
100.000000
100.000000
100.000000
100.000000
100.000000
100.000000
100.000000
100.000000
100.000000
100.000000
100.000000
99.963141
100.000000
100.000000
100.000000
100.000000
100.000000
100.000000
100.000000
100.000000
100.000000
100.000000
100.000000
99.588029
100.000000
100.000000
100.000000
100.000000
100.000000
100.000000
100.000000
99.748930
100.000000
100.000000
100.000000
99.423142
100.000000
100.000000
100.000000
100.000000
100.000000
100.000000
100.000000
100.000000
100.000000
99.974748
100.000000
99.229885
100.000000
100.000000
100.000000
100.000000
100.000000
99.918888
100.000000
99.917561
100.000000
99.881186
100.000000
98.919366
100.000000
99.172075
100.000000
99.593257
100.000000
98.844633
100.000000
99.251164
100.000000
99.649072
100.000000
99.394299
100.000000
99.223548
100.000000
99.961727
100.000000
98.530989
100.000000
99.339306
100.000000
99.401741
100.000000
100.000000
100.000000
99.205463
100.000000
99.222288
100.000000
98.953943
100.000000
99.021867
100.000000
99.267275
100.000000
100.000000
100.000000
100.000000
100.000000
99.719801
100.000000
99.164836
100.000000
99.206700
100.000000
100.000000
100.000000
99.824196
100.000000
100.000000
100.000000
100.000000
100.000000
99.463997
100.000000
99.523467
100.000000
100.000000
100.000000
100.000000
100.000000
100.000000
100.000000
100.000000
100.000000
100.000000
100.000000
100.000000
100.000000
100.000000
100.000000
100.000000
100.000000
100.000000
100.000000
100.000000
100.000000
100.000000
100.000000
100.000000
100.000000
100.000000
100.000000
100.000000
100.000000
100.000000
100.000000
100.000000
100.000000
100.000000
100.000000
100.000000
100.000000
100.000000
100.000000
100.000000
100.000000
100.000000
100.000000
100.000000
100.000000
99.984052
100.000000
100.000000
100.000000
100.000000
100.000000
99.750636
100.000000
100.000000
100.000000
100.000000
100.000000
100.000000
100.000000
100.000000
100.000000
100.000000
100.000000
99.500084
100.000000
98.896323
100.000000
99.103104
99.518181
98.279764
100.000000
98.251922
99.873043
98.632186
99.198338
97.623389
99.905206
97.447304
100.000000
98.232797
99.593006
98.911143
100.000000
98.264063
99.876639
99.164829
99.988458
98.920723
100.000000
98.758727
100.000000
99.163456
100.000000
99.103604
100.000000
98.732229
100.000000
98.893342
100.000000
98.748753
100.000000
99.402569
100.000000
99.797039
100.000000
99.857088
100.000000
100.000000
100.000000
100.000000
100.000000
99.753824
100.000000
100.000000
100.000000
100.000000
100.000000
100.000000
100.000000
100.000000
100.000000
100.000000
100.000000
100.000000
100.000000
100.000000
100.000000
100.000000
100.000000
100.000000
100.000000
100.000000
100.000000
100.000000
100.000000
100.000000
100.000000
100.000000
100.000000
100.000000
100.000000
100.000000
100.000000
100.000000
100.000000
100.000000
100.000000
100.000000
100.000000
100.000000
100.000000
100.000000
100.000000
100.000000
100.000000
100.000000
100.000000
100.000000
100.000000
100.000000
100.000000
100.000000
100.000000
100.000000
100.000000
100.000000
100.000000
100.000000
100.000000
100.000000
100.000000
100.000000
100.000000
100.000000
100.000000
100.000000
100.000000
100.000000
100.000000
100.000000
100.000000
100.000000
100.000000
100.000000
100.000000
100.000000
100.000000
100.000000
100.000000
100.000000
100.000000
100.000000
100.000000
100.000000
100.000000
100.000000
100.000000
100.000000
100.000000
100.000000
100.000000
100.000000
100.000000
100.000000
100.000000
100.000000
100.000000
100.000000
100.000000
100.000000
100.000000
100.000000
100.000000
100.000000
100.000000
100.000000
100.000000
100.000000
100.000000
100.000000
100.000000
100.000000
100.000000
100.000000
100.000000
100.000000
100.000000
100.000000
100.000000
100.000000
100.000000
100.000000
100.000000
100.000000
100.000000
100.000000
