96.613160
96.983047
98.884310
96.225378
98.761717
96.812395
98.535943
96.047030
98.208705
96.707415
99.874753
97.377984
97.691629
96.591744
98.832670
97.224617
99.213544
97.151078
99.169155
96.338417
98.637845
96.491030
98.972633
97.830938
99.055184
96.078109
98.794328
96.317872
98.845408
97.760530
98.015697
96.344010
98.501472
96.089158
98.646945
97.703640
100.000000
95.778134
98.740007
96.172662
98.208136
98.150443
99.060905
96.738343
99.177810
96.591867
99.387120
97.190779
97.830027
97.019636
99.155065
96.355015
98.773793
97.371226
97.938882
97.124850
99.031562
99.359404
97.988253
98.042396
98.246716
96.356784
98.654954
97.854431
98.763265
96.839111
97.860347
96.117969
98.439634
96.958153
98.522734
97.454526
99.428593
95.947839
99.420945
96.002971
98.296791
97.408501
97.684198
96.598056
99.121707
95.733166
98.106656
96.327469
97.430550
97.109655
99.526718
95.736453
97.932516
96.160791
99.228729
97.783500
100.000000
95.785748
98.127600
97.087150
100.000000
98.412728
99.284893
95.704540
98.286503
97.420916
98.916062
96.714966
98.612912
96.304657
98.581563
96.704674
98.907335
96.665679
99.634014
96.665644
98.801522
97.090357
98.028144
96.907706
98.743708
98.863941
97.203500
98.538392
98.137419
96.046751
99.111485
96.107449
98.137390
96.669473
98.238996
96.574307
98.740540
95.944822
98.150496
96.139028
98.175357
96.364227
99.602607
95.847177
98.132446
97.576693
98.206521
96.384243
98.396591
95.863459
100.000000
96.523885
97.656717
95.443900
98.585876
97.852842
98.751785
96.076611
97.565002
96.683073
100.000000
97.078654
98.170273
96.651210
97.753021
96.650765
99.872888
96.697171
98.193378
97.177354
99.321555
96.930574
99.073114
96.593802
99.419754
97.403331
98.541658
97.027918
98.799971
95.731761
98.168363
97.461528
100.000000
96.628772
98.442451
98.119240
97.783964
100.000000
99.951069
96.313848
98.914878
96.392426
98.730351
97.424038
98.746214
96.174311
98.722528
96.015616
98.541102
97.043684
100.000000
96.278819
98.647479
96.180582
98.466306
96.841392
100.000000
95.961330
98.758250
95.781401
100.000000
98.434692
98.116366
96.190981
99.264687
97.518662
99.389221
96.335170
98.042774
96.933107
98.484488
95.544986
99.824559
95.977268
97.715929
95.749238
98.477344
95.561200
98.166280
97.500706
98.385955
95.201022
98.869554
96.232513
98.128558
97.266832
99.994859
98.140939
100.000000
96.987905
100.000000
97.741961
96.543775
95.258882
99.851936
98.362418
96.476520
99.179643
97.841392
95.778093
98.442471
97.598994
100.000000
98.379183
100.000000
97.918792
99.952680
96.201573
100.000000
96.632364
95.775525
95.255161
99.792534
94.757619
97.814737
96.303746
98.362699
96.972385
98.631084
95.791671
98.213375
98.011421
99.642595
97.316948
99.476234
97.514440
98.585146
96.851154
100.000000
98.182323
99.111464
96.185779
99.472574
98.426238
98.807284
97.281094
100.000000
96.654622
98.735626
97.294474
100.000000
96.142198
98.856393
96.266642
99.227731
96.448802
98.153829
96.269060
98.667150
95.799364
99.130575
96.523116
98.059575
96.982439
98.937299
98.184502
96.337084
99.109410
99.666875
97.186898
99.188048
96.636790
98.479793
96.906801
98.963799
96.898243
98.293647
95.749762
98.237111
96.210214
98.549543
95.782763
99.721520
96.451315
98.017224
96.335518
97.934588
97.537073
99.706687
96.215578
98.370839
97.367276
98.157576
96.732681
98.572392
95.464541
99.986083
96.075511
98.216912
96.166171
99.961694
96.091824
98.065127
96.761734
99.912778
97.096902
98.857425
96.579808
98.879113
96.789241
98.771050
97.389016
99.281176
96.177710
98.387337
98.318394
99.431237
96.992971
99.055558
96.544031
98.905971
98.020835
99.328469
96.744333
99.313055
99.085698
97.644379
98.491777
98.818595
96.855409
98.899624
96.078804
99.149989
97.051050
99.016078
96.687823
98.541559
96.378926
98.398946
96.778342
98.548129
95.616443
100.000000
97.329577
98.463544
96.912661
98.003061
95.963427
100.000000
96.065793
98.289399
96.957232
98.952183
96.696437
98.325946
96.389453
98.349323
96.135199
98.034718
95.705137
98.974470
95.494312
97.893466
96.297923
98.091726
96.170043
99.121049
95.678813
98.170088
96.249928
98.333215
96.730981
99.301395
96.833285
98.582260
96.561915
97.880487
96.174270
99.924989
95.504211
98.419157
96.460040
98.385752
97.264854
98.510207
98.384155
96.976311
98.404614
98.535064
96.518974
98.509704
96.605992
98.023752
96.569972
97.823746
95.893521
99.668782
95.107890
99.066337
95.630237
99.650794
96.981171
98.585485
95.513917
99.672318
95.644041
96.803322
96.699417
98.550432
95.388624
98.969859
95.370063
96.433801
94.612191
98.258598
96.465631
97.899828
95.711668
99.400518
94.982687
97.577431
95.784000
98.040368
98.136995
98.630623
95.403154
98.314330
96.545886
98.998176
97.918402
98.101018
95.534829
98.339221
95.819988
98.679794
96.071851
97.750648
96.119866
98.809104
95.998253
98.123643
96.313290
97.556816
96.408331
99.056634
98.251640
96.480362
98.180457
99.434423
96.267406
98.240691
95.616982
98.352955
96.711265
98.437186
96.012165
98.558149
96.134298
97.741645
95.973816
98.422481
97.221656
97.874481
94.776358
98.701720
96.530919
97.442216
95.017441
98.602276
96.421577
97.579187
95.153955
100.000000
96.924825
98.017847
94.723179
98.886359
97.208893
97.544706
95.400294
99.170155
95.529915
97.605498
95.787253
97.065204
95.477232
98.870342
95.500927
98.466316
97.485321
98.475393
97.497469
100.000000
95.784562
98.538601
96.875405
100.000000
97.944711
100.000000
96.690705
99.235266
98.014163
98.773513
95.151915
98.165585
98.493161
96.723129
97.754137
97.967142
96.128140
99.690438
97.193579
99.506560
98.338321
100.000000
97.247816
99.246649
97.234820
98.424116
95.923392
98.729480
95.913605
97.962645
95.546040
98.203906
96.953347
100.000000
97.065647
99.705209
96.937196
99.784410
98.593187
99.204555
97.567619
100.000000
97.763733
99.422677
96.540538
98.881669
95.284686
99.010203
97.008551
98.492223
95.981069
98.071903
95.789530
99.053997
95.527970
98.329771
97.776197
99.186846
95.449705
98.903850
95.692521
98.248184
95.940375
98.469029
96.506578
99.592831
96.349949
98.210000
95.503587
98.647904
97.803003
99.177710
98.990863
96.216762
100.000000
100.000000
98.696528
99.582485
95.649189
97.841529
97.860432
100.000000
94.390588
98.621259
94.496257
98.231361
95.097042
97.530540
97.487044
100.000000
98.135505
98.188985
94.853074
99.631868
98.063993
99.914086
95.003149
98.353349
96.312665
98.409289
97.900439
100.000000
94.145056
97.640907
96.289537
100.000000
97.958771
97.608521
93.592064
99.013970
95.628210
98.449388
93.304491
99.996160
98.289619
99.464637
96.874078
96.694261
96.349491
100.000000
96.229739
98.588268
96.327437
98.835945
96.098963
98.826310
95.585951
98.083780
97.896728
97.192187
95.573344
99.481303
99.693632
96.557586
97.722969
99.650739
96.952999
98.835223
96.617055
98.648519
96.435719
98.237905
96.473032
98.820415
96.193039
98.279050
96.937147
98.861870
96.961403
99.075145
96.524509
98.686707
96.991456
98.897362
96.957802
99.285407
96.656920
98.190019
96.597085
98.868336
96.747182
99.145107
96.128786
98.279282
96.316015
99.194779
96.320789
98.723790
95.860256
98.253673
96.582179
98.995632
96.297584
99.220665
95.569421
98.480838
97.272546
98.743463
96.064556
99.867505
96.899165
98.928701
97.647074
99.148055
96.635035
99.161855
96.333195
99.111659
97.036719
98.254319
96.657339
99.179436
100.000000
97.194194
98.802118
98.619428
96.347983
99.120195
96.264446
99.755284
96.674346
97.628546
94.257468
99.772512
95.109522
97.763884
96.044057
99.402243
96.227726
98.385150
96.385109
99.170818
97.883016
100.000000
95.638775
98.477213
94.864349
98.501058
98.427047
100.000000
93.851088
97.807956
95.026931
100.000000
98.154314
98.135104
94.173110
98.747766
94.864940
97.493302
94.028403
100.000000
98.957206
100.000000
96.131383
98.372628
95.546348
100.000000
97.478660
99.083493
94.740031
97.594586
97.670218
100.000000
96.811002
99.335006
97.061969
97.778235
95.487294
96.372878
95.711493
100.000000
100.000000
97.519673
99.404232
98.146168
97.221257
100.000000
94.540987
97.670824
96.655877
99.119368
97.335079
99.459286
96.625262
100.000000
98.156158
99.127594
96.926406
99.529657
95.504119
98.926663
97.612896
97.623170
96.484815
99.027374
95.262772
98.822177
98.418349
99.582465
97.563717
100.000000
97.549006
100.000000
97.816693
98.772427
96.889656
100.000000
97.178773
98.293466
96.390261
98.739991
97.216582
98.975908
95.912853
99.509141
97.357195
98.482003
96.120959
98.596020
97.272653
100.000000
96.921249
96.936522
96.769389
100.000000
97.542370
100.000000
96.140034
95.979525
94.877434
99.935612
99.427486
96.032235
97.459867
98.443769
95.864296
98.710989
95.767520
98.120193
97.122113
98.935531
96.154098
98.098381
96.641090
98.531294
96.728980
98.930796
96.065937
98.838538
96.059362
98.081401
97.061276
99.818722
95.738247
98.424586
95.845191
98.684378
97.337650
100.000000
97.975006
99.255654
95.972080
100.000000
99.118785
99.442584
97.109225
100.000000
97.178440
98.991543
98.020309
98.722303
95.762531
98.663114
95.885137
98.063889
97.208721
98.948045
95.880785
100.000000
98.040134
100.000000
98.645711
100.000000
96.233537
100.000000
97.779339
100.000000
96.455959
97.695544
96.831353
98.723630
98.401769
96.443490
98.594181
99.966399
95.793556
98.280982
96.445339
99.076314
96.459636
99.219068
96.081120
98.047511
95.275045
99.418415
96.075381
98.549906
95.433247
99.391464
95.392491
97.892257
95.960257
98.073676
95.983704
98.473353
95.331307
98.405104
96.794214
99.686615
96.068041
98.153386
94.862371
98.688495
97.590780
98.539733
95.884167
98.238338
94.924913
98.924629
97.046973
98.098017
95.860660
98.154173
95.405481
98.394748
96.157863
98.059762
97.297955
98.559568
95.669030
98.254150
96.750668
98.732821
96.416107
98.940083
95.883067
99.032543
96.921189
97.448702
95.596624
100.000000
99.310556
96.796611
97.773174
98.388009
96.646574
99.071159
96.336318
98.619491
95.927884
98.086002
96.596810
98.530467
95.114531
98.503645
96.479036
98.205026
95.309388
99.214292
96.028636
99.807075
98.112834
98.949088
98.985501
100.000000
99.848446
100.000000
100.000000
100.000000
100.000000
100.000000
100.000000
100.000000
100.000000
100.000000
100.000000
100.000000
100.000000
100.000000
100.000000
100.000000
100.000000
100.000000
100.000000
100.000000
100.000000
100.000000
100.000000
100.000000
100.000000
100.000000
100.000000
100.000000
100.000000
100.000000
100.000000
100.000000
100.000000
100.000000
100.000000
100.000000
100.000000
100.000000
100.000000
100.000000
100.000000
100.000000
100.000000
100.000000
100.000000
100.000000
100.000000
100.000000
100.000000
100.000000
100.000000
100.000000
100.000000
100.000000
100.000000
100.000000
100.000000
100.000000
100.000000
100.000000
100.000000
100.000000
100.000000
100.000000
100.000000
100.000000
100.000000
100.000000
100.000000
100.000000
100.000000
100.000000
100.000000
100.000000
100.000000
100.000000
100.000000
100.000000
100.000000
100.000000
100.000000
100.000000
100.000000
100.000000
100.000000
100.000000
100.000000
100.000000
100.000000
100.000000
100.000000
100.000000
100.000000
100.000000
100.000000
100.000000
100.000000
100.000000
100.000000
100.000000
100.000000
100.000000
100.000000
100.000000
100.000000
100.000000
100.000000
100.000000
100.000000
100.000000
100.000000
100.000000
100.000000
100.000000
100.000000
100.000000
100.000000
100.000000
100.000000
100.000000
100.000000
100.000000
100.000000
100.000000
100.000000
100.000000
100.000000
100.000000
100.000000
100.000000
100.000000
100.000000
100.000000
100.000000
100.000000
100.000000
100.000000
100.000000
100.000000
100.000000
100.000000
100.000000
100.000000
100.000000
100.000000
100.000000
100.000000
100.000000
100.000000
100.000000
100.000000
100.000000
100.000000
100.000000
100.000000
100.000000
100.000000
100.000000
100.000000
100.000000
100.000000
100.000000
100.000000
100.000000
100.000000
100.000000
100.000000
100.000000
100.000000
100.000000
100.000000
100.000000
100.000000
100.000000
100.000000
100.000000
100.000000
100.000000
100.000000
100.000000
100.000000
100.000000
100.000000
100.000000
100.000000
100.000000
100.000000
100.000000
100.000000
100.000000
100.000000
100.000000
100.000000
100.000000
100.000000
100.000000
100.000000
100.000000
100.000000
100.000000
100.000000
100.000000
100.000000
100.000000
100.000000
100.000000
100.000000
100.000000
100.000000
100.000000
100.000000
100.000000
100.000000
100.000000
100.000000
100.000000
100.000000
100.000000
100.000000
100.000000
100.000000
100.000000
100.000000
100.000000
100.000000
100.000000
100.000000
100.000000
100.000000
100.000000
100.000000
100.000000
100.000000
100.000000
100.000000
100.000000
100.000000
100.000000
100.000000
100.000000
100.000000
100.000000
100.000000
100.000000
100.000000
100.000000
100.000000
100.000000
100.000000
100.000000
100.000000
100.000000
100.000000
100.000000
100.000000
100.000000
100.000000
100.000000
100.000000
100.000000
100.000000
100.000000
100.000000
100.000000
100.000000
100.000000
100.000000
100.000000
100.000000
100.000000
100.000000
100.000000
100.000000
100.000000
100.000000
100.000000
100.000000
100.000000
100.000000
100.000000
100.000000
100.000000
100.000000
100.000000
100.000000
100.000000
100.000000
100.000000
100.000000
100.000000
100.000000
100.000000
100.000000
100.000000
100.000000
100.000000
100.000000
100.000000
100.000000
100.000000
100.000000
100.000000
100.000000
100.000000
100.000000
100.000000
100.000000
100.000000
100.000000
100.000000
100.000000
100.000000
99.254986
100.000000
99.277642
99.061996
99.338692
100.000000
99.570017
100.000000
99.475572
99.437370
99.364007
100.000000
99.692150
100.000000
100.000000
99.700878
99.952409
100.000000
100.000000
100.000000
100.000000
100.000000
100.000000
100.000000
100.000000
100.000000
100.000000
100.000000
100.000000
100.000000
100.000000
100.000000
100.000000
100.000000
100.000000
100.000000
100.000000
100.000000
100.000000
100.000000
100.000000
100.000000
100.000000
100.000000
100.000000
100.000000
100.000000
100.000000
100.000000
100.000000
100.000000
100.000000
100.000000
100.000000
100.000000
100.000000
100.000000
100.000000
100.000000
100.000000
100.000000
100.000000
100.000000
100.000000
99.975061
100.000000
99.988820
100.000000
100.000000
100.000000
100.000000
100.000000
100.000000
100.000000
100.000000
100.000000
99.793350
100.000000
100.000000
100.000000
100.000000
100.000000
100.000000
100.000000
100.000000
100.000000
100.000000
100.000000
99.718024
100.000000
99.632460
100.000000
99.760160
99.612396
99.111063
100.000000
99.400763
100.000000
99.676895
99.668269
99.244357
100.000000
99.373304
100.000000
99.674116
99.557993
99.014809
100.000000
99.315685
100.000000
99.699504
99.440516
99.164778
100.000000
99.462970
100.000000
99.495116
99.748705
99.164332
100.000000
99.476693
100.000000
99.887175
99.865733
99.214530
100.000000
99.433081
100.000000
100.000000
100.000000
99.204966
100.000000
99.607598
100.000000
99.760316
99.825837
99.304748
100.000000
99.673449
100.000000
99.773525
99.653882
99.334572
100.000000
100.000000
100.000000
100.000000
100.000000
99.211298
100.000000
99.850042
100.000000
100.000000
100.000000
99.389811
100.000000
99.616782
100.000000
100.000000
100.000000
99.089387
100.000000
99.426891
100.000000
100.000000
99.908773
99.050184
100.000000
99.290769
100.000000
99.994731
100.000000
99.407371
100.000000
99.552860
100.000000
100.000000
100.000000
99.285718
100.000000
99.655067
100.000000
100.000000
100.000000
98.984496
100.000000
99.289617
100.000000
99.648087
100.000000
99.102235
100.000000
98.988763
100.000000
99.587180
100.000000
98.988696
100.000000
99.540862
100.000000
99.557548
99.884783
99.277667
100.000000
100.000000
99.800290
99.907788
100.000000
99.187568
100.000000
98.999724
100.000000
99.187720
99.969227
98.525921
100.000000
98.711203
100.000000
99.224111
99.860699
98.092524
99.070862
97.442044
98.776787
97.442835
100.000000
96.435569
99.127494
95.981344
98.344824
96.500759
97.851479
96.151888
98.659063
96.015276
98.021345
96.680766
98.887289
96.427058
98.439092
97.029939
98.609966
97.958471
99.522148
96.751085
98.679553
97.644319
98.716739
97.520228
99.234755
96.766145
98.921932
96.525185
99.087908
97.483417
100.000000
98.758989
100.000000
96.456126
98.861343
99.245324
98.691704
98.030656
99.802814
99.345221
97.979543
99.439465
99.530026
96.191557
100.000000
97.830884
98.831268
97.305509
99.234118
98.983038
100.000000
97.397548
99.388825
98.713950
100.000000
99.064572
100.000000
97.316310
99.118993
98.513093
99.074286
97.407353
100.000000
99.236690
100.000000
97.807656
99.690238
98.269919
100.000000
99.080760
99.475385
98.288537
98.951426
97.287616
100.000000
98.397352
99.460736
98.202642
99.468879
97.429647
100.000000
97.146723
99.391046
98.256777
100.000000
98.127174
99.792576
97.935203
99.903644
98.345179
100.000000
98.672684
100.000000
98.380477
99.976364
98.423902
99.515234
97.315837
99.859001
99.946158
98.428796
99.080468
99.056705
99.493519
100.000000
97.635902
98.837876
97.749096
99.904260
99.093312
100.000000
97.151421
98.777170
98.073286
100.000000
99.347938
99.478766
97.101213
98.622927
99.200400
100.000000
97.968504
99.804172
98.545985
99.559738
98.961407
99.582128
98.271072
100.000000
97.443270
99.380052
98.252249
99.869406
99.490106
99.252714
97.912483
99.470239
98.534962
99.518020
97.925027
99.240328
97.622780
98.665847
97.825129
99.433015
97.242440
99.348688
97.139486
98.718747
97.763933
98.561849
98.112143
99.899845
97.473623
98.783305
97.722097
99.242303
98.172156
99.443962
99.203970
97.748684
98.753272
99.172897
97.692169
99.111114
96.646649
100.000000
99.353103
98.185871
96.690904
99.945515
99.094692
99.489574
98.360206
99.460725
97.945318
98.834385
96.941459
98.551731
98.123614
99.121503
97.672463
100.000000
97.420503
98.821012
97.977849
99.644972
99.273224
100.000000
98.231587
99.536211
98.833346
99.069498
98.213621
100.000000
98.607872
99.051283
98.068778
98.876813
98.992448
99.607374
97.122934
98.834275
97.270390
98.768332
98.274247
99.728457
97.379185
99.070975
97.801013
99.612132
98.642837
100.000000
97.824103
99.185458
98.061280
99.371877
98.174052
99.433103
99.336800
98.229302
98.782401
99.337005
97.994027
99.291151
97.231830
99.226756
97.983969
99.040663
97.622371
99.266496
97.247237
98.740333
97.931384
99.236135
97.641120
99.312786
97.170720
99.828922
98.173139
99.078207
97.396186
100.000000
98.139395
98.913901
97.998083
99.002277
97.380943
99.163195
97.850066
98.436396
97.342447
98.287585
97.078030
99.369470
96.733555
98.671212
97.943510
99.001041
97.506606
99.428638
97.679665
100.000000
98.045268
98.931740
98.109947
100.000000
98.189797
99.648090
98.369714
99.206544
97.493802
98.985706
96.405795
98.627186
97.137839
97.856726
96.880878
98.898083
98.907206
97.365341
97.860545
97.927696
96.798741
98.086716
96.086138
98.285135
96.529754
97.389839
96.458055
97.909337
96.112098
97.648512
96.239175
98.809926
96.136023
97.991542
96.102934
97.804627
96.973865
97.654719
96.394968
98.106183
95.909937
97.929634
96.701116
97.423148
96.074046
98.693405
96.220059
97.553910
96.439122
98.047525
96.173921
99.148500
96.475993
98.254155
97.203579
99.626230
98.350466
97.774103
95.540252
97.932158
97.448818
99.546908
95.621446
97.678769
95.608109
97.919622
97.055230
97.782255
96.194468
98.439898
95.580124
97.756272
96.743759
96.938955
95.973150
97.758527
97.799137
96.736956
97.084366
98.024723
96.593732
98.314693
96.611458
98.656720
97.033476
97.560983
96.415659
98.865834
97.314981
98.401575
97.488275
98.426448
97.177236
99.292573
97.562226
98.421083
97.337472
98.582636
97.453822
99.136923
97.137306
98.444832
96.695420
97.883193
96.766270
98.679965
96.319887
97.755387
96.744224
97.878760
96.576100
98.583580
96.642783
97.732886
96.899362
97.725244
96.672820
98.531096
96.479746
97.809982
96.931828
97.997570
96.696736
98.263009
95.922381
97.746887
96.967425
97.961748
96.660578
98.628301
96.191051
98.121262
96.901064
97.744390
96.752224
98.028962
98.004077
96.500549
97.892353
99.714107
98.583434
99.609701
97.800715
100.000000
99.869798
100.000000
98.509739
100.000000
99.694650
99.615902
96.567089
97.512932
98.263197
99.257664
96.535037
98.292450
97.148473
98.498524
96.462113
100.000000
96.488989
98.403612
96.462137
98.526017
97.095949
99.990952
96.321558
98.135796
97.198017
98.255306
97.250601
100.000000
96.503098
98.173868
97.778353
99.446944
97.465268
98.719427
96.582002
98.372889
97.567942
99.250674
96.999990
98.751014
97.464610
98.687165
97.586488
98.614335
96.804255
99.941884
97.206663
99.129484
97.593300
99.195497
98.416533
100.000000
100.000000
98.601388
98.479835
98.506160
99.437768
100.000000
97.935815
100.000000
99.059449
99.641029
98.071663
100.000000
98.658180
99.719377
98.850647
100.000000
98.252283
100.000000
99.739258
100.000000
99.710677
100.000000
99.120943
100.000000
99.345727
100.000000
99.110902
100.000000
98.992098
100.000000
98.576251
100.000000
99.256188
100.000000
98.914793
100.000000
98.689435
100.000000
99.348268
100.000000
100.000000
100.000000
99.706401
100.000000
100.000000
100.000000
100.000000
100.000000
100.000000
100.000000
100.000000
100.000000
99.517588
100.000000
100.000000
100.000000
100.000000
100.000000
100.000000
100.000000
100.000000
100.000000
100.000000
100.000000
100.000000
100.000000
100.000000
100.000000
100.000000
100.000000
100.000000
100.000000
100.000000
100.000000
100.000000
100.000000
100.000000
100.000000
100.000000
100.000000
100.000000
100.000000
100.000000
100.000000
99.306877
100.000000
100.000000
100.000000
100.000000
100.000000
99.775384
100.000000
99.684331
100.000000
100.000000
100.000000
98.574350
100.000000
100.000000
100.000000
99.582354
100.000000
98.816265
100.000000
99.573948
100.000000
98.979809
100.000000
97.361531
100.000000
100.000000
100.000000
98.538556
100.000000
97.956108
100.000000
98.446288
98.346200
99.631967
100.000000
100.000000
100.000000
100.000000
100.000000
99.623648
100.000000
99.332204
100.000000
100.000000
100.000000
99.725481
100.000000
99.189830
100.000000
99.560017
100.000000
98.022604
100.000000
100.000000
100.000000
98.049994
100.000000
98.183897
100.000000
98.753246
100.000000
98.896214
100.000000
99.716506
100.000000
98.344958
100.000000
99.328743
100.000000
98.804140
100.000000
98.422104
100.000000
99.897559
100.000000
99.244181
100.000000
98.436477
100.000000
100.000000
100.000000
97.691324
100.000000
98.875068
100.000000
100.000000
100.000000
99.526169
100.000000
99.763686
100.000000
100.000000
99.036308
99.068199
100.000000
100.000000
100.000000
100.000000
100.000000
98.894594
100.000000
98.236212
100.000000
100.000000
100.000000
98.222133
100.000000
99.733210
100.000000
99.358024
100.000000
99.122730
100.000000
99.432105
100.000000
98.551794
100.000000
99.200802
100.000000
97.646999
100.000000
99.216997
100.000000
98.777538
100.000000
98.458380
100.000000
98.457097
100.000000
98.492352
100.000000
97.483277
100.000000
99.124047
100.000000
99.230510
100.000000
97.455678
100.000000
99.103019
97.863383
96.606787
100.000000
97.904528
100.000000
98.634889
100.000000
98.824352
100.000000
98.393054
100.000000
99.448258
99.255666
97.756435
100.000000
100.000000
98.146284
98.793767
100.000000
97.919834
99.725963
96.448263
99.950691
98.873874
99.884361
96.574107
99.306801
97.548514
99.331496
97.642888
99.731391
96.503346
99.351280
96.498706
99.447963
97.721223
99.102450
97.147375
99.671682
96.554660
98.564759
97.549919
100.000000
98.741852
99.750491
96.125963
98.628885
98.069291
99.276670
96.865855
99.724066
96.360230
98.499361
98.536021
99.542460
96.692139
99.331850
97.063261
98.654479
96.532940
99.260556
97.224603
99.088501
96.568838
98.804362
97.392469
99.643863
96.890823
99.206314
96.636942
99.143778
97.475176
99.001778
96.338711
100.000000
98.838316
96.702040
99.561844
99.072644
96.671278
99.080631
97.255991
98.710733
97.446739
98.760060
96.013748
98.857670
96.712318
98.581764
97.022486
98.899858
96.421804
99.244116
96.606188
98.180746
96.600294
99.413387
96.017336
98.539842
96.989161
98.422718
96.730741
99.514321
96.034973
98.612810
96.297844
98.273248
96.849382
99.196467
97.405045
99.970553
97.046879
99.131866
98.229295
100.000000
96.840999
100.000000
96.641379
99.505462
97.456454
98.236933
96.353586
99.132844
96.994143
98.850263
98.301190
99.851362
96.305467
99.010534
97.367495
99.346928
98.277096
98.757608
96.924671
98.945108
98.726830
98.151625
98.824220
99.725268
97.220747
98.916773
95.782739
99.805757
97.178660
99.623128
96.494443
99.099478
97.886121
99.608815
97.904289
99.731320
96.315828
99.060407
96.918698
99.021805
98.567717
100.000000
96.695394
99.026701
97.380702
99.811070
97.983177
99.684009
97.488903
99.393329
97.357775
100.000000
99.205780
100.000000
97.205930
99.232799
97.572034
99.211379
97.958892
99.901348
97.476496
99.449204
96.907490
99.790945
98.227348
99.550446
97.703324
99.543726
97.498814
99.409937
97.707008
99.108788
97.593449
99.967081
97.507078
99.460580
98.098549
99.620248
97.517831
99.332324
100.000000
97.854597
98.328830
100.000000
97.759964
99.831888
97.610765
99.596749
98.846912
99.474107
97.630374
100.000000
97.358753
99.327610
98.217392
99.942007
98.388716
100.000000
98.079444
99.746094
98.359980
99.895564
98.287857
100.000000
98.002171
99.864794
98.475940
99.960710
97.607473
100.000000
96.718894
99.119059
97.747778
100.000000
94.744389
100.000000
98.067596
100.000000
100.000000
97.376351
97.763498
100.000000
97.137824
100.000000
95.656316
94.735936
100.000000
100.000000
97.732183
100.000000
96.795586
98.774406
97.503441
100.000000
97.119241
100.000000
97.029213
98.342840
97.676767
98.749274
98.980044
99.701537
97.361321
98.523176
96.893421
99.710811
97.765134
99.259878
96.977074
100.000000
96.237308
99.392875
96.308340
99.054851
99.157940
100.000000
97.346393
99.852222
97.294933
100.000000
98.930057
98.421820
97.059301
100.000000
96.962083
100.000000
97.534714
100.000000
99.110402
100.000000
97.427099
99.648687
97.535484
99.291657
97.936232
100.000000
98.456907
100.000000
97.731894
98.776698
98.826222
99.907422
97.017343
100.000000
99.282562
99.641649
98.263470
100.000000
97.731289
100.000000
99.119630
99.000129
97.622484
100.000000
97.134419
100.000000
97.745771
99.580354
98.117479
100.000000
100.000000
98.313274
98.202033
99.958694
98.029233
100.000000
96.931160
100.000000
96.920018
97.878831
97.433197
99.828515
97.061977
99.102623
97.517834
98.968367
97.361836
100.000000
98.165322
100.000000
98.161024
99.105134
97.279101
100.000000
97.875319
100.000000
97.577208
99.174385
97.435291
100.000000
98.971840
100.000000
97.878800
98.746676
97.124565
100.000000
99.534893
100.000000
98.008874
99.379443
98.807797
100.000000
97.654925
99.829624
99.147494
100.000000
98.509333
100.000000
97.937283
100.000000
98.765840
99.595481
98.761808
100.000000
97.021738
100.000000
97.777079
99.685662
98.610484
100.000000
100.000000
98.342500
99.500773
100.000000
97.604342
99.730115
97.114724
99.936834
98.640940
99.684291
96.989952
99.639608
97.445526
99.733766
98.330564
98.849723
96.967286
99.951121
96.956046
99.869461
97.719049
100.000000
97.930993
100.000000
97.465834
99.400420
97.635067
100.000000
98.535289
100.000000
97.685619
100.000000
98.906777
100.000000
97.892652
100.000000
97.966097
99.833732
98.708999
99.936625
97.784859
100.000000
97.524387
100.000000
98.844500
100.000000
98.350624
100.000000
98.740184
100.000000
99.233354
100.000000
99.039429
100.000000
98.844316
100.000000
99.632132
100.000000
99.644002
100.000000
100.000000
99.810599
100.000000
100.000000
100.000000
100.000000
99.095581
100.000000
99.236083
100.000000
98.947438
100.000000
98.029787
100.000000
98.883692
100.000000
98.328588
100.000000
97.942327
100.000000
98.691808
100.000000
98.080204
100.000000
97.449324
100.000000
98.066709
99.693935
97.155763
100.000000
97.308784
99.513410
98.121718
99.818244
97.201903
99.277618
95.944317
99.394815
96.780705
98.785414
97.466660
99.191738
95.967257
99.109743
97.211383
100.000000
95.632602
99.168851
96.323831
98.914912
97.199290
99.360332
96.877659
99.548972
97.218679
99.343470
96.940472
98.656830
96.893450
99.722478
99.740548
97.262054
98.378595
98.448693
96.825215
99.631961
96.299018
98.553003
97.002139
100.000000
96.134736
99.801456
95.921096
99.236096
96.987370
99.186957
96.726704
98.591702
95.908328
98.058819
96.480909
99.318994
96.598749
98.620262
96.187723
98.357139
98.136812
99.362489
97.226653
98.774110
95.687291
98.366537
96.813197
98.583472
95.377664
98.478313
95.790625
97.790879
96.512521
99.265682
97.004474
98.654343
95.811244
98.004002
96.717717
99.524387
95.182927
99.087280
96.459124
98.520388
95.969651
98.891248
95.630392
99.978099
95.566619
98.626976
96.462487
98.104831
95.775419
98.921371
98.651356
97.833504
98.486216
96.844344
96.018175
98.606133
95.585739
98.032239
95.319633
100.000000
96.814496
98.502913
95.890211
97.729227
96.143844
99.276984
96.853979
99.147953
96.617783
99.925725
100.000000
100.000000
100.000000
100.000000
100.000000
100.000000
100.000000
100.000000
100.000000
100.000000
100.000000
100.000000
100.000000
100.000000
100.000000
100.000000
100.000000
100.000000
100.000000
100.000000
100.000000
100.000000
100.000000
100.000000
100.000000
100.000000
100.000000
100.000000
100.000000
100.000000
100.000000
100.000000
100.000000
100.000000
100.000000
100.000000
100.000000
100.000000
100.000000
100.000000
100.000000
100.000000
100.000000
100.000000
100.000000
100.000000
100.000000
100.000000
100.000000
100.000000
100.000000
100.000000
100.000000
100.000000
100.000000
100.000000
100.000000
100.000000
100.000000
100.000000
100.000000
100.000000
100.000000
100.000000
100.000000
100.000000
100.000000
100.000000
100.000000
100.000000
100.000000
100.000000
100.000000
100.000000
100.000000
100.000000
100.000000
100.000000
100.000000
100.000000
100.000000
100.000000
100.000000
100.000000
100.000000
100.000000
100.000000
100.000000
100.000000
100.000000
100.000000
100.000000
100.000000
100.000000
100.000000
100.000000
100.000000
100.000000
100.000000
100.000000
100.000000
100.000000
100.000000
100.000000
100.000000
100.000000
100.000000
100.000000
100.000000
100.000000
100.000000
100.000000
100.000000
100.000000
100.000000
100.000000
100.000000
100.000000
100.000000
100.000000
100.000000
100.000000
99.553599
100.000000
99.593734
100.000000
100.000000
100.000000
99.692830
100.000000
100.000000
100.000000
100.000000
100.000000
99.840095
100.000000
100.000000
100.000000
100.000000
100.000000
100.000000
100.000000
100.000000
100.000000
100.000000
100.000000
100.000000
100.000000
100.000000
100.000000
100.000000
100.000000
100.000000
100.000000
100.000000
100.000000
100.000000
100.000000
100.000000
100.000000
100.000000
100.000000
100.000000
100.000000
100.000000
100.000000
100.000000
100.000000
100.000000
100.000000
100.000000
100.000000
100.000000
100.000000
100.000000
100.000000
100.000000
100.000000
100.000000
100.000000
100.000000
100.000000
100.000000
100.000000
100.000000
100.000000
100.000000
100.000000
100.000000
100.000000
100.000000
100.000000
100.000000
100.000000
100.000000
100.000000
100.000000
100.000000
100.000000
100.000000
100.000000
100.000000
100.000000
100.000000
100.000000
100.000000
100.000000
100.000000
100.000000
100.000000
100.000000
100.000000
99.330030
100.000000
99.629387
100.000000
100.000000
100.000000
99.690481
100.000000
100.000000
99.662619
100.000000
100.000000
99.335892
100.000000
99.886193
100.000000
100.000000
100.000000
98.867748
100.000000
99.031734
100.000000
99.459669
100.000000
98.774642
100.000000
99.199557
100.000000
100.000000
100.000000
99.463234
100.000000
99.688118
100.000000
99.880267
100.000000
99.106328
100.000000
99.573615
100.000000
100.000000
100.000000
100.000000
100.000000
100.000000
100.000000
100.000000
100.000000
100.000000
100.000000
100.000000
100.000000
100.000000
100.000000
100.000000
100.000000
100.000000
100.000000
100.000000
100.000000
100.000000
100.000000
100.000000
100.000000
100.000000
100.000000
100.000000
100.000000
100.000000
100.000000
100.000000
100.000000
100.000000
100.000000
100.000000
100.000000
100.000000
100.000000
100.000000
100.000000
100.000000
100.000000
100.000000
100.000000
100.000000
100.000000
100.000000
100.000000
100.000000
100.000000
100.000000
100.000000
100.000000
100.000000
100.000000
100.000000
98.903398
100.000000
98.808131
100.000000
99.119831
99.972316
98.730484
100.000000
99.180465
100.000000
99.778584
99.750643
98.398966
100.000000
98.505726
100.000000
98.987574
99.556362
99.336261
100.000000
98.776761
100.000000
98.970385
100.000000
99.135184
100.000000
99.064140
100.000000
99.272420
100.000000
98.819832
100.000000
100.000000
100.000000
98.497751
100.000000
98.979561
100.000000
99.232565
100.000000
100.000000
100.000000
99.635405
100.000000
100.000000
100.000000
100.000000
100.000000
100.000000
100.000000
100.000000
100.000000
100.000000
100.000000
100.000000
100.000000
100.000000
100.000000
100.000000
100.000000
100.000000
100.000000
100.000000
100.000000
100.000000
100.000000
100.000000
100.000000
100.000000
100.000000
100.000000
100.000000
100.000000
100.000000
100.000000
100.000000
100.000000
100.000000
100.000000
100.000000
100.000000
100.000000
100.000000
100.000000
100.000000
100.000000
100.000000
100.000000
100.000000
100.000000
100.000000
100.000000
100.000000
100.000000
100.000000
100.000000
100.000000
100.000000
100.000000
100.000000
100.000000
100.000000
100.000000
100.000000
100.000000
100.000000
100.000000
100.000000
100.000000
100.000000
100.000000
100.000000
100.000000
100.000000
100.000000
100.000000
99.953461
100.000000
100.000000
100.000000
100.000000
100.000000
100.000000
100.000000
100.000000
100.000000
99.801234
100.000000
100.000000
100.000000
100.000000
100.000000
100.000000
100.000000
100.000000
100.000000
100.000000
100.000000
100.000000
100.000000
100.000000
100.000000
99.968471
99.449439
99.337985
100.000000
100.000000
100.000000
100.000000
100.000000
100.000000
100.000000
100.000000
100.000000
100.000000
100.000000
100.000000
100.000000
100.000000
100.000000
100.000000
100.000000
100.000000
100.000000
100.000000
100.000000
100.000000
100.000000
100.000000
100.000000
100.000000
100.000000
100.000000
100.000000
100.000000
100.000000
100.000000
100.000000
100.000000
100.000000
100.000000
100.000000
100.000000
100.000000
100.000000
100.000000
100.000000
100.000000
100.000000
100.000000
100.000000
100.000000
100.000000
100.000000
100.000000
100.000000
100.000000
100.000000
100.000000
100.000000
100.000000
100.000000
100.000000
100.000000
100.000000
100.000000
100.000000
100.000000
100.000000
100.000000
100.000000
100.000000
100.000000
100.000000
100.000000
100.000000
100.000000
100.000000
100.000000
100.000000
100.000000
100.000000
100.000000
100.000000
100.000000
100.000000
100.000000
100.000000
100.000000
100.000000
100.000000
100.000000
100.000000
100.000000
100.000000
100.000000
100.000000
100.000000
100.000000
100.000000
99.834668
100.000000
100.000000
100.000000
100.000000
100.000000
100.000000
100.000000
100.000000
100.000000
100.000000
100.000000
100.000000
100.000000
100.000000
100.000000
100.000000
100.000000
100.000000
100.000000
100.000000
100.000000
100.000000
100.000000
100.000000
100.000000
100.000000
100.000000
100.000000
100.000000
100.000000
100.000000
100.000000
100.000000
100.000000
100.000000
100.000000
100.000000
100.000000
100.000000
100.000000
100.000000
100.000000
100.000000
100.000000
100.000000
100.000000
100.000000
100.000000
100.000000
100.000000
100.000000
100.000000
100.000000
100.000000
100.000000
100.000000
100.000000
100.000000
100.000000
100.000000
100.000000
100.000000
100.000000
100.000000
100.000000
100.000000
100.000000
100.000000
100.000000
100.000000
100.000000
100.000000
100.000000
100.000000
100.000000
100.000000
100.000000
100.000000
100.000000
100.000000
100.000000
100.000000
100.000000
100.000000
100.000000
100.000000
100.000000
100.000000
100.000000
100.000000
100.000000
100.000000
100.000000
100.000000
100.000000
100.000000
100.000000
100.000000
100.000000
100.000000
100.000000
100.000000
100.000000
99.953069
100.000000
100.000000
100.000000
99.478371
100.000000
99.685391
100.000000
99.876998
99.688391
99.183269
100.000000
99.350742
100.000000
99.527188
100.000000
100.000000
100.000000
99.784967
100.000000
100.000000
100.000000
100.000000
100.000000
100.000000
100.000000
100.000000
100.000000
100.000000
100.000000
100.000000
100.000000
100.000000
100.000000
100.000000
100.000000
100.000000
100.000000
100.000000
100.000000
100.000000
100.000000
100.000000
100.000000
100.000000
100.000000
100.000000
100.000000
100.000000
100.000000
100.000000
100.000000
100.000000
100.000000
100.000000
100.000000
100.000000
100.000000
100.000000
100.000000
100.000000
100.000000
100.000000
100.000000
100.000000
100.000000
100.000000
100.000000
100.000000
100.000000
100.000000
100.000000
100.000000
100.000000
100.000000
100.000000
100.000000
100.000000
100.000000
100.000000
100.000000
100.000000
100.000000
100.000000
100.000000
100.000000
100.000000
100.000000
100.000000
100.000000
100.000000
100.000000
100.000000
100.000000
100.000000
100.000000
100.000000
100.000000
100.000000
100.000000
100.000000
100.000000
100.000000
100.000000
100.000000
100.000000
100.000000
100.000000
100.000000
100.000000
100.000000
100.000000
100.000000
100.000000
100.000000
100.000000
100.000000
100.000000
100.000000
100.000000
100.000000
100.000000
100.000000
100.000000
100.000000
100.000000
100.000000
100.000000
100.000000
100.000000
100.000000
100.000000
100.000000
100.000000
100.000000
100.000000
100.000000
100.000000
100.000000
100.000000
100.000000
100.000000
100.000000
100.000000
100.000000
100.000000
100.000000
100.000000
100.000000
100.000000
100.000000
100.000000
100.000000
100.000000
100.000000
100.000000
100.000000
100.000000
100.000000
100.000000
100.000000
100.000000
100.000000
100.000000
100.000000
100.000000
100.000000
100.000000
100.000000
100.000000
100.000000
