96.112049
94.078009
95.271535
93.882114
93.656400
91.937987
92.620958
91.520660
91.448315
93.536907
94.936136
94.742911
94.642206
94.415652
93.914675
95.488315
95.093233
94.900626
96.660101
94.279154
94.118869
95.369135
94.799220
96.675483
97.028838
94.027612
94.219508
94.710989
94.704638
95.704455
95.659511
94.178881
93.771838
94.472986
94.689931
95.306362
98.232899
93.528901
93.627210
94.187154
93.679535
95.945337
96.464855
94.145016
93.540325
95.918572
94.862902
95.179785
94.875067
94.016537
93.362496
93.441707
92.343042
93.418014
92.588121
93.167097
92.279792
93.247595
94.483003
92.880722
96.721382
94.753782
93.638943
97.094942
93.371506
93.361682
92.447392
92.179081
92.492689
93.649426
93.369153
95.410339
96.946937
93.974495
95.309077
94.690688
93.942997
95.518798
95.520547
95.132323
95.366397
94.716397
93.960277
94.326957
95.335667
96.054882
95.742318
94.727965
93.662543
94.103502
97.251115
96.069273
96.222723
94.118160
92.979328
94.827825
98.494943
96.364789
94.680027
93.885521
93.489939
94.797478
96.173690
94.169347
93.395691
94.302140
93.737955
93.967176
95.748850
93.742546
93.874704
94.140445
93.084154
93.035587
93.131293
93.207336
92.395645
93.000959
93.248381
93.660318
96.412546
94.102890
94.331462
93.725099
91.949300
92.025400
92.101277
92.815262
92.601161
92.298135
92.881502
93.296080
95.300269
93.880276
95.207359
94.374551
93.544154
95.575250
95.662054
93.786903
93.351423
95.311257
96.699904
94.865873
95.956672
93.417353
92.911577
96.925868
94.371646
93.930840
95.279914
94.746237
95.624656
95.748737
93.374676
94.356989
95.067437
95.420966
94.300029
95.093360
93.005576
94.499872
96.668154
93.916042
93.717405
94.323736
94.218468
94.490076
95.148226
94.382125
92.926081
93.526075
91.815296
93.806768
96.862019
93.086124
91.342427
92.048169
93.984345
96.575556
97.869287
92.808296
92.951903
93.132850
92.178879
91.905285
91.506395
91.194451
92.146438
91.699617
91.971501
93.657693
97.751226
92.865446
92.563254
93.579015
92.540849
93.783795
99.285379
92.329254
91.348124
93.313612
96.009558
96.599661
94.947445
92.325530
92.921309
95.315223
94.519584
93.557161
94.968270
93.821323
92.977567
94.212751
95.210400
93.659675
95.252844
92.934824
92.268632
93.087140
93.095897
95.067198
95.599915
91.694684
93.302096
93.705099
91.401677
93.852301
97.516376
95.941537
94.728028
94.469626
95.965145
95.687944
92.346943
90.898136
94.591286
92.661139
92.716571
94.530241
95.619673
93.167420
92.675473
95.585767
94.226115
93.717979
95.412734
93.870775
92.484884
94.227729
94.677502
94.715121
92.819677
92.200862
94.360505
92.047847
92.491513
93.456638
94.894952
93.346907
92.958162
93.373448
93.086986
95.416032
97.113784
94.158676
93.374564
95.522603
92.747381
93.538538
97.799064
95.189996
92.865540
93.602957
94.527560
95.814391
95.956059
93.900383
94.653455
93.966455
92.380908
93.846284
96.894021
91.633059
91.039790
92.985482
92.970217
92.395109
93.876710
91.606091
91.189055
92.727840
93.160002
92.526230
92.832176
92.453502
92.172282
91.842802
91.970750
94.260285
96.989093
93.953551
92.480464
92.789044
91.293253
91.236632
92.033667
91.553920
91.223845
91.822740
92.362421
92.765023
95.135454
92.574932
94.329612
94.462264
92.534507
93.416230
94.552378
94.564387
94.003500
94.224759
93.123251
94.973320
95.505355
94.042111
92.901143
93.617082
95.362278
93.180786
95.264644
92.880567
94.526399
93.828981
92.557445
93.528379
96.554784
93.378863
92.626248
94.167334
93.190300
93.534363
95.460765
93.824094
93.304943
93.685823
92.955458
95.908353
96.016126
93.181559
93.006266
93.449724
93.188251
94.234694
94.637265
92.916617
93.640087
92.437474
94.527947
94.012169
96.471975
93.952788
92.844755
93.498225
93.198702
91.998379
92.524527
91.960954
92.000727
92.538740
92.876508
93.459222
95.214373
92.751802
95.431662
95.581374
93.047783
93.985197
94.918905
93.709514
95.801975
94.412278
92.862831
94.097169
95.606421
93.009239
91.793578
94.193468
93.408277
93.312867
94.967218
92.424852
92.768117
92.847316
92.033269
92.710335
94.764239
93.230307
93.644464
93.822796
92.455461
93.215763
94.946258
92.926110
93.084981
94.105245
92.654360
92.974165
94.193258
92.524204
94.734556
92.806029
92.901539
92.935772
93.402341
92.945784
92.005213
91.533337
92.990682
93.681387
96.227910
93.543585
92.127433
93.313049
91.192801
91.300372
91.069692
91.098955
93.741888
91.913808
93.709737
92.668794
96.549536
93.220561
90.750078
93.684978
94.997120
92.833731
93.390271
93.231863
90.476220
93.665042
92.986957
92.861062
93.425043
90.803362
91.394345
94.380103
91.508026
92.618566
96.038011
90.817283
90.927686
92.954340
91.942356
96.089972
95.834663
91.498425
91.303733
93.441275
93.111406
94.802523
94.428091
91.455083
91.539265
92.601248
92.378829
92.146651
93.487318
91.580522
91.042444
92.070878
90.947820
91.879925
91.390764
91.483807
92.292404
91.204431
91.631347
92.573565
97.387969
93.298719
91.281564
91.595032
90.847660
90.662678
90.399982
90.289231
91.107413
91.507051
91.186950
92.445595
94.274437
92.991317
91.038388
91.970441
92.834970
93.634734
93.866983
92.040567
91.820437
93.447646
89.840150
90.444792
96.550891
93.673984
90.236205
91.558546
92.926893
93.990078
93.858849
91.833765
92.921962
92.898014
90.332119
91.659214
93.304140
91.983929
92.730719
92.158336
92.254232
93.637369
95.044363
93.407531
93.009844
91.754219
89.416216
91.514131
95.673077
93.700465
93.130876
92.626386
91.471680
92.639884
91.163037
88.774016
88.932723
90.574131
91.216010
90.171319
95.314928
92.667837
92.905239
94.124688
92.503039
91.604465
94.294069
90.963258
90.454162
92.494272
90.840769
91.915869
94.285420
91.242431
90.522065
92.352463
91.483946
92.777755
96.548559
92.748539
92.121787
93.324544
93.392870
95.084233
96.202400
93.224556
92.607082
94.541794
91.799044
92.243106
94.741494
90.778955
91.675903
94.821109
91.533352
91.606559
93.186700
90.964412
91.725591
92.588795
90.960000
93.177070
94.977958
90.427912
90.518618
92.970598
90.475217
90.478588
93.909450
91.264676
90.711280
92.869246
89.135820
88.422140
91.837449
91.044059
90.189198
89.966511
88.812269
93.558176
98.557315
94.982058
91.578517
91.142373
87.743019
91.084351
93.069252
88.104468
89.458463
89.767142
90.383985
89.160541
92.788724
92.566948
94.129596
95.218174
89.041659
87.851849
95.933964
93.952855
92.412617
92.034839
90.057602
90.196482
93.614701
93.116806
92.753691
89.923675
88.777415
90.813064
98.549297
92.196178
88.013143
88.616245
91.873641
89.984444
94.217520
87.458488
92.946821
95.432114
92.466854
92.480365
93.299927
93.006320
93.719119
94.340536
90.857042
90.763290
93.843906
90.392900
90.157174
90.618229
89.184149
91.362026
89.963174
88.244002
90.211658
92.112747
89.552974
90.288058
97.020060
93.451615
91.550266
93.289295
91.609159
90.454869
90.928587
90.084426
90.388997
90.783602
91.068442
92.653223
95.143081
92.743758
92.086587
93.365049
92.886285
93.052674
94.964652
92.728104
92.222256
93.486103
91.526052
92.602657
94.851886
92.497983
91.859294
93.116675
91.368866
92.237223
95.575201
91.550777
91.063614
92.384856
90.892457
92.473966
95.375144
91.896874
91.966351
91.970647
91.290905
93.112940
94.725965
91.549938
93.067486
94.359407
91.667047
93.351716
94.855581
91.814259
91.257509
93.462171
91.774637
92.364792
91.931822
91.398808
92.196013
93.325825
92.834376
93.381529
95.829414
92.906992
92.270668
93.589021
92.638988
91.288532
91.577796
90.110024
92.033703
91.716412
90.828831
92.043948
94.944696
91.733541
91.203831
94.214914
92.610398
95.007150
96.682401
91.200734
90.028482
91.386271
91.455873
95.507740
98.278642
88.429857
88.181272
92.148846
94.551071
95.060076
93.921196
89.689061
91.107702
91.020944
88.800672
87.953693
97.168545
95.130811
94.364824
92.843353
87.187748
88.604093
98.017389
95.710269
91.279139
91.670970
89.945087
92.439536
96.694355
91.788219
89.880766
93.940784
89.325617
89.546005
90.360235
90.883787
93.786459
93.838893
91.660606
92.568491
95.320210
94.473134
95.603012
91.477531
89.215470
89.481494
91.127329
90.668795
90.903374
92.348005
94.524969
94.795082
95.599875
92.978720
92.883218
92.247904
92.170609
93.896248
93.428300
92.081358
92.233366
91.724920
91.766691
94.769023
95.650654
93.746678
94.639695
95.211976
94.088643
94.501244
94.875797
92.760845
94.124883
93.883691
90.769562
91.923959
94.284581
92.022312
91.499603
93.104882
93.236122
94.076032
95.029047
91.607828
90.437972
93.992177
93.279750
93.227359
93.720122
92.812728
94.432641
95.727749
94.823944
93.055006
90.256189
89.722324
93.471907
92.676677
91.693445
91.623580
95.716950
92.384842
91.478354
93.301223
90.481024
91.088084
91.446927
89.851950
89.874721
91.864442
91.754374
93.110452
94.883684
92.201638
92.066949
93.013100
91.915003
93.650009
95.873785
91.389737
90.757961
92.530967
91.892721
93.163385
96.775522
93.804570
92.231548
92.752860
94.238884
95.825087
96.105890
93.333996
94.609101
94.278456
92.660973
94.196477
94.264981
90.643882
91.563493
92.444927
91.372918
93.152812
94.640748
91.263362
92.813446
94.585248
94.124782
95.770164
96.753803
91.970607
93.727313
95.153267
95.044543
92.076100
91.095241
91.021304
91.714976
90.680759
91.531079
92.749812
97.332855
91.733302
90.824730
92.935807
90.984326
90.505704
91.709278
89.504873
89.603194
90.816289
92.754289
92.223052
94.574843
91.969137
93.460545
93.253859
92.040429
92.152858
94.062848
92.358215
91.959894
92.545908
92.102802
93.187382
95.960311
92.077474
91.049921
91.947712
93.434258
94.780011
95.652280
91.605686
90.528990
91.569306
92.076199
93.447700
94.348391
91.558366
91.173501
91.909769
91.870662
92.314626
94.208142
94.223831
91.347753
92.696007
91.814987
92.844200
94.729507
92.356042
91.303176
94.118546
92.654224
93.232976
92.426409
91.246170
93.908359
93.355849
92.880114
93.113414
95.216463
92.918117
91.744565
93.162094
90.111125
89.560807
90.655082
91.204761
89.570466
89.383845
89.890786
91.412032
92.882251
91.191880
91.525752
92.797407
92.417156
93.313717
94.141163
95.178654
95.755376
96.610648
97.304697
97.446321
98.428575
99.911944
100.000000
100.000000
100.000000
100.000000
100.000000
100.000000
100.000000
100.000000
100.000000
100.000000
100.000000
100.000000
100.000000
100.000000
100.000000
100.000000
100.000000
100.000000
100.000000
100.000000
100.000000
100.000000
100.000000
100.000000
100.000000
100.000000
100.000000
100.000000
100.000000
100.000000
100.000000
100.000000
100.000000
100.000000
100.000000
100.000000
99.924567
100.000000
100.000000
100.000000
100.000000
100.000000
99.969949
100.000000
99.931485
99.947211
100.000000
100.000000
100.000000
100.000000
100.000000
100.000000
100.000000
100.000000
100.000000
100.000000
100.000000
100.000000
100.000000
100.000000
100.000000
100.000000
100.000000
100.000000
100.000000
100.000000
100.000000
100.000000
100.000000
100.000000
100.000000
100.000000
100.000000
100.000000
100.000000
100.000000
100.000000
100.000000
100.000000
100.000000
100.000000
100.000000
100.000000
100.000000
100.000000
100.000000
100.000000
100.000000
100.000000
100.000000
100.000000
100.000000
100.000000
100.000000
100.000000
100.000000
100.000000
100.000000
100.000000
100.000000
100.000000
100.000000
100.000000
100.000000
100.000000
100.000000
100.000000
100.000000
100.000000
100.000000
100.000000
100.000000
100.000000
100.000000
100.000000
100.000000
100.000000
100.000000
100.000000
100.000000
100.000000
100.000000
100.000000
100.000000
99.667346
99.748004
99.503611
100.000000
100.000000
100.000000
100.000000
100.000000
100.000000
100.000000
100.000000
100.000000
100.000000
100.000000
100.000000
100.000000
100.000000
100.000000
100.000000
100.000000
100.000000
100.000000
100.000000
100.000000
100.000000
100.000000
100.000000
100.000000
100.000000
100.000000
100.000000
100.000000
100.000000
100.000000
100.000000
100.000000
100.000000
100.000000
100.000000
100.000000
100.000000
100.000000
100.000000
100.000000
100.000000
100.000000
100.000000
100.000000
100.000000
100.000000
100.000000
100.000000
100.000000
100.000000
99.650833
100.000000
99.998800
100.000000
99.781061
99.681512
99.868162
99.712282
100.000000
100.000000
100.000000
100.000000
100.000000
100.000000
100.000000
100.000000
100.000000
100.000000
100.000000
100.000000
100.000000
100.000000
100.000000
100.000000
100.000000
100.000000
100.000000
100.000000
100.000000
100.000000
100.000000
100.000000
100.000000
100.000000
100.000000
100.000000
100.000000
100.000000
100.000000
100.000000
100.000000
100.000000
100.000000
100.000000
100.000000
100.000000
100.000000
100.000000
100.000000
100.000000
100.000000
100.000000
100.000000
100.000000
100.000000
100.000000
100.000000
100.000000
100.000000
100.000000
100.000000
100.000000
100.000000
100.000000
100.000000
100.000000
100.000000
100.000000
100.000000
100.000000
100.000000
100.000000
100.000000
100.000000
100.000000
100.000000
100.000000
100.000000
100.000000
100.000000
100.000000
100.000000
100.000000
100.000000
100.000000
100.000000
100.000000
100.000000
100.000000
100.000000
100.000000
100.000000
100.000000
100.000000
100.000000
100.000000
100.000000
100.000000
100.000000
100.000000
100.000000
100.000000
100.000000
100.000000
100.000000
100.000000
100.000000
100.000000
100.000000
100.000000
100.000000
100.000000
100.000000
100.000000
100.000000
100.000000
100.000000
100.000000
100.000000
100.000000
100.000000
100.000000
100.000000
100.000000
100.000000
100.000000
100.000000
99.466201
98.885667
98.784792
98.220125
98.262920
98.378405
98.272692
97.989153
98.734183
98.005823
97.949010
98.668167
98.425952
98.260175
98.816922
98.840374
98.796239
98.741805
99.506647
99.620916
100.000000
99.722225
99.997690
99.409970
99.967887
100.000000
99.857670
99.249035
99.226031
99.809345
99.615544
99.776861
99.936031
99.834622
99.896037
99.019025
100.000000
100.000000
99.986159
100.000000
100.000000
99.871690
100.000000
100.000000
100.000000
100.000000
100.000000
100.000000
100.000000
100.000000
100.000000
100.000000
100.000000
100.000000
100.000000
100.000000
100.000000
100.000000
100.000000
100.000000
100.000000
100.000000
100.000000
100.000000
100.000000
100.000000
99.147612
99.208486
99.009507
99.249596
98.855207
99.462596
98.989676
98.951765
99.615528
99.008275
99.336763
99.367957
99.109798
99.357071
99.692949
99.093826
99.134738
98.985486
99.358377
99.518288
99.808063
99.728170
98.784162
99.964184
99.445429
99.167298
99.504885
98.812222
98.459746
97.925016
98.600887
98.662865
98.487252
98.615411
98.708878
98.719007
98.908860
98.885602
99.096576
98.934060
98.925915
98.728553
98.683135
98.675595
99.253886
98.762684
98.976785
98.669021
98.503721
98.390274
98.876922
98.504642
98.436715
98.992108
98.430974
98.457568
98.920083
98.466576
98.914311
99.024054
98.464315
98.236096
99.266366
98.752611
98.969003
99.259653
98.364138
98.456062
98.969860
98.333131
98.393259
98.752733
98.425799
98.226833
98.905634
98.128514
98.123063
98.024461
98.462193
98.386354
99.219038
98.553837
98.345366
99.497071
99.293895
99.171854
99.761807
99.524187
99.362100
98.214012
98.547136
98.449145
99.353749
98.865196
99.548732
99.342153
99.340081
99.451751
99.702190
98.752202
99.032826
99.009686
99.014033
98.942195
99.047315
99.179028
99.363662
98.976432
98.914856
98.776527
99.553958
99.320885
99.458997
99.295198
98.891740
98.841235
99.769322
99.162175
99.550144
99.733049
98.378026
98.326461
99.338315
98.522104
98.403338
98.910911
98.225900
97.862502
98.609996
98.234869
98.236555
99.828889
97.969790
97.874773
99.059413
97.439057
97.910322
97.957031
97.636169
97.452289
98.163462
97.798769
97.885964
99.164915
98.483294
97.937096
98.768029
98.129427
97.713727
97.605938
97.827041
98.024450
98.315418
97.853476
98.369836
98.288936
95.601050
94.539535
93.739189
92.309503
88.246278
93.891439
91.450418
91.694524
92.692887
92.618249
91.575056
92.937408
91.513653
91.867672
93.499171
91.578392
92.675152
95.146811
91.608659
91.503755
93.447220
92.134049
94.132759
96.065410
92.309415
91.825227
94.240869
92.395098
93.730700
96.240638
92.806187
92.376270
93.080764
92.318340
93.242728
96.550804
95.107558
94.467115
93.143750
92.622307
95.486404
93.960331
93.065338
93.228343
93.302053
93.168082
94.376573
97.319546
93.013234
94.758459
95.538864
91.965285
92.346850
93.930077
95.483916
94.466517
93.501374
93.975909
94.987525
97.055759
96.500660
94.699487
94.434159
93.648316
95.201617
95.818374
94.865615
93.655794
97.264253
94.725882
94.550946
96.967730
94.759756
95.077744
96.892487
93.995425
95.095058
95.711661
93.965008
95.840226
96.008895
94.018742
94.846075
96.103434
94.197432
95.558932
94.670180
94.097590
94.783997
97.143210
93.985591
93.998729
95.036692
94.247006
95.326332
96.476570
94.631249
95.422401
95.798245
95.277997
95.357182
94.821012
94.274650
95.050206
95.218576
95.404423
94.881060
96.464746
96.941127
95.147264
93.898728
92.552853
92.982164
94.609272
95.665369
95.872458
93.721754
93.335051
94.722064
98.761292
96.590545
94.878148
94.800426
94.357316
96.811267
97.587885
94.784908
95.327257
96.315492
95.397842
96.415197
96.882115
95.730436
97.079189
95.558373
95.472075
95.811772
97.248146
96.788104
95.127440
95.913273
95.725206
96.801382
96.997724
95.197435
94.966994
95.506057
95.482453
96.299756
97.231368
94.794428
94.905109
95.181286
95.428963
96.103669
96.448830
96.475191
95.995587
95.526583
95.330193
95.148802
96.265356
95.832725
95.793778
95.084061
95.178144
95.439475
97.306419
95.429707
94.675090
94.555053
95.988663
96.768891
94.213737
93.865088
95.406931
96.678411
95.780464
96.181407
96.758113
95.618190
94.933767
95.049151
95.102790
95.903022
96.423901
95.494331
96.321787
95.713350
95.270317
96.003829
97.464638
97.442376
96.237942
97.158920
96.426430
97.298422
97.077210
96.481663
96.282537
97.420612
95.684858
96.495511
96.848380
97.632065
95.848145
95.388562
95.069391
95.884692
96.919867
96.168725
96.132666
96.327906
96.637531
97.180339
98.639194
97.838177
97.598455
97.173309
96.961853
96.767956
97.705787
96.793406
96.531899
96.638552
95.983025
96.648905
97.299842
95.805255
95.113741
95.300243
94.991114
94.975628
95.214590
95.086182
95.388775
95.355434
95.580335
96.176651
97.221221
96.223196
96.207765
96.510958
98.043026
97.341441
97.465397
96.374734
97.305413
98.097080
96.615714
97.257169
97.329219
96.220127
96.146484
97.811889
95.706673
96.940362
96.908058
96.263772
96.551112
96.098472
95.695207
97.310588
97.628225
96.189120
96.504660
97.622911
97.392387
97.653474
97.884089
97.504929
98.283852
98.155265
98.129135
97.936711
98.092218
97.137623
96.596766
96.152896
96.497640
96.084531
96.161559
96.138644
96.657397
96.348573
96.499540
96.001745
96.844914
95.820265
95.092336
94.825301
95.053533
94.158397
94.009180
94.884335
94.575041
94.786803
94.596557
94.514440
96.694058
95.057001
95.011206
95.339426
95.414459
96.165838
95.981936
95.607888
95.422171
95.908315
96.160714
96.231442
96.107475
95.330019
96.360651
96.207997
96.201758
96.220146
97.039647
95.846454
96.961117
96.754766
96.602437
97.056295
98.817119
98.081958
95.126766
95.573547
96.048866
97.118734
98.581686
95.058716
95.493942
95.289973
96.382483
96.825688
96.549724
96.275518
96.194000
95.769740
95.543188
95.959908
95.110668
95.662975
95.914275
95.698707
95.752353
94.948131
96.675148
95.340308
94.976615
95.214017
95.347683
94.430899
94.034412
94.200213
95.432555
95.674354
95.471020
95.528411
96.285501
95.649515
96.196160
96.770219
96.000977
95.928460
96.699691
96.253843
96.360843
96.655425
96.336208
95.607512
96.124094
95.883093
96.055090
96.441315
95.851968
95.901051
96.447330
95.768211
96.054744
96.468437
96.163683
96.392711
96.488136
96.007695
95.898780
96.150185
96.345025
96.422255
96.618394
95.836957
95.298768
95.578150
96.111257
96.229153
96.252160
96.054151
96.005060
95.806873
95.982165
95.829552
94.751454
95.480742
95.265462
94.808413
95.566600
95.510208
99.011915
97.776462
96.935474
97.314372
97.563187
98.011696
98.949596
97.141775
97.262859
98.992881
97.235384
95.014279
95.312911
96.881809
96.273975
95.780382
95.596171
95.896513
97.140954
96.234982
98.615302
96.332008
96.104486
95.438446
97.400266
96.827638
97.976382
96.078502
95.755917
96.018651
96.491875
95.990698
97.179492
95.963707
96.183619
96.955633
98.132889
96.271393
95.413885
95.741383
95.663189
96.338760
97.510228
95.561424
95.396653
96.753154
95.835617
96.362968
96.763113
95.531601
96.815733
96.369852
96.586549
96.524231
96.535663
97.089821
96.996746
97.411755
97.393674
96.545614
97.484997
99.078196
97.213780
96.175544
95.742641
95.851084
95.251573
95.287587
96.420978
96.551841
96.110866
96.959163
98.186560
96.529329
96.576533
99.488419
97.698623
98.283475
98.708042
97.999808
99.045107
99.204884
98.128632
97.921287
99.063680
97.928215
98.995918
97.936986
97.770426
98.044902
99.221173
98.099368
99.671271
98.430862
98.346330
98.503554
99.213517
100.000000
99.652410
98.991245
99.067356
98.935935
100.000000
100.000000
99.401454
99.307621
98.949482
98.912922
100.000000
98.242037
98.600666
99.731829
98.538341
99.945467
98.315217
98.555159
99.461729
98.602443
99.486843
99.558086
100.000000
99.164926
99.066655
98.851910
98.488628
98.322686
98.347673
99.049374
98.947768
98.455313
98.781449
99.037017
100.000000
100.000000
99.568747
100.000000
99.533983
100.000000
100.000000
100.000000
99.578045
99.187896
98.529787
99.181644
100.000000
99.106365
98.812333
99.351327
97.720214
98.474699
100.000000
99.467404
99.078646
97.795140
97.866037
99.294561
100.000000
98.562090
97.426178
97.939529
98.260096
97.921725
98.524252
97.935122
97.550514
96.157606
95.550127
99.044805
98.105378
97.099195
96.416118
97.186680
97.440955
95.637200
95.726157
97.983948
97.248619
96.091893
98.778396
98.822814
99.966427
98.529483
98.711552
98.671940
98.014026
98.511132
97.826879
98.577565
98.981605
96.995151
97.121709
98.252247
99.942333
94.904783
94.778938
99.276811
94.507856
96.195758
100.000000
95.747687
95.049936
97.838679
98.139878
97.399930
98.556848
96.961531
95.936392
96.813600
96.896001
97.596122
97.854037
96.756382
97.175041
97.337574
96.629076
98.219605
98.707894
97.653199
97.610950
97.455705
98.301944
98.915437
99.360815
96.138107
97.155488
98.040501
99.241226
99.993958
100.000000
97.423508
97.125951
99.850561
100.000000
99.137705
96.547581
97.351009
99.150473
98.393100
97.671302
98.420959
100.000000
97.250790
96.221662
97.430347
97.624650
96.940620
96.625218
95.171318
95.583087
97.542977
97.635528
97.569458
98.371031
97.411028
96.869196
100.000000
96.255563
96.001591
99.349766
98.887496
96.384049
97.907089
96.652474
97.738787
97.931912
97.079455
96.352109
98.095244
97.098826
95.995034
97.802391
97.453512
97.789434
96.318030
95.883456
97.059170
100.000000
96.230791
93.725514
96.748633
97.098348
97.215529
96.089585
94.048573
96.351075
95.989802
93.888651
95.525976
98.495141
95.093681
94.067834
96.046167
94.512004
95.493576
94.670855
93.814434
95.093133
95.247251
93.166694
93.316752
99.023933
95.855590
94.514084
94.097293
94.327868
95.297487
93.798743
92.663979
93.453013
93.720254
93.741459
95.402060
96.606324
93.586904
92.538901
94.568319
94.510035
95.197489
96.273637
95.767668
94.795657
94.617461
93.311140
94.626460
98.160870
95.772498
94.012682
93.914049
93.232970
95.135072
95.868559
93.471844
93.307763
93.849426
93.256892
95.996333
96.890351
93.485723
92.632484
94.872214
92.282529
92.916672
95.952690
93.502412
92.014072
93.494480
92.149905
93.064175
95.255118
92.321824
91.469705
93.100742
91.432273
91.704647
92.958733
90.610719
92.660796
91.722565
91.853267
93.486118
96.672385
93.830564
92.898537
95.223009
92.377909
92.732153
92.715671
91.823137
92.319109
92.653446
92.504045
93.488332
95.282820
93.267717
93.301508
95.043582
93.448364
93.702720
96.065743
92.632935
92.629599
94.527034
92.270978
93.820356
96.432296
92.420623
91.792096
93.479266
92.063505
92.781902
95.857106
94.630842
92.880708
94.795723
92.116967
94.650386
97.677760
92.929423
93.668604
94.237094
94.507136
94.120082
94.553359
92.029302
92.153919
94.036974
92.258090
95.030693
96.054603
91.307974
91.386142
93.949129
92.261262
94.187769
93.226923
92.770321
92.782996
92.123285
94.341168
93.150526
97.566546
93.840995
92.067512
93.048168
93.331467
92.320572
93.882584
91.907384
92.103076
93.853312
93.741784
94.035608
96.327168
93.117880
93.649321
94.598055
93.690629
95.745915
97.759801
93.732494
93.495181
95.305580
95.319339
95.654972
97.020287
94.072002
93.610245
94.964960
95.431579
96.544440
97.466397
93.697094
93.213993
94.740334
93.328200
94.537286
96.605107
93.576571
93.425323
94.242510
93.845601
94.656171
96.142551
93.498214
92.835002
94.830822
93.154808
94.294876
95.285969
93.668926
94.550322
95.065170
94.587549
94.011578
94.379763
93.460082
93.510495
95.442540
94.059310
94.020837
97.955034
93.959888
92.885024
93.949979
92.320864
94.043256
93.396698
93.272790
94.204806
94.088114
93.613653
95.090559
96.779958
95.826158
95.641969
96.000547
94.543574
95.580767
96.739763
96.325626
95.254608
96.023602
94.749923
95.677530
96.722832
94.305574
93.680283
94.716599
93.265844
94.212452
98.775380
92.081608
91.657380
95.971995
92.947574
95.747782
94.727276
92.294597
93.995621
94.162256
93.452273
92.168238
91.275479
93.909811
94.380046
93.197031
94.745430
92.052290
95.743960
93.385352
94.694611
92.316114
94.801516
94.385192
92.487324
93.826030
90.951813
91.434411
97.058857
92.490122
96.212950
93.000201
91.593173
93.825777
92.189036
90.484750
96.192360
92.132722
93.018980
91.756425
92.780969
95.728288
98.291455
95.025908
94.178583
95.983367
95.642910
96.944333
95.823860
94.633729
96.428083
94.965859
95.462636
94.308969
98.421509
97.568500
95.210770
95.258821
94.301005
94.772467
96.541748
96.183531
94.013248
96.763966
95.531693
95.552749
96.724821
96.497259
94.666347
95.754883
94.725783
97.469825
97.698704
95.600074
94.728409
95.775913
94.709564
97.479040
96.568695
94.419039
94.582615
95.639482
95.316552
94.928527
96.937113
95.996102
96.124380
94.387672
96.356218
95.115213
98.175143
95.548315
94.786771
94.096393
93.870131
91.759110
91.360186
93.798698
93.311056
94.329419
93.581950
94.655654
96.026965
96.103671
95.776550
97.071938
95.617067
95.863252
96.929179
94.349971
94.217518
95.539107
94.948391
94.903186
96.945161
95.152431
93.893334
98.374233
95.438222
95.427269
96.518826
94.415483
95.394806
98.229351
94.357956
94.875290
96.794217
95.845171
94.654507
95.307753
93.700278
96.373142
97.899613
94.977305
93.218952
95.576641
95.686063
95.396280
96.770281
95.346599
93.743339
94.845272
96.471266
94.872543
95.160254
95.025410
94.140438
94.800387
94.705309
95.074997
97.848005
94.888431
93.360009
93.826593
93.311389
94.283294
93.433884
92.130481
92.636945
94.412271
94.576485
95.955703
95.755892
94.240466
95.371420
96.106832
94.888412
94.781097
97.108451
95.171612
95.327378
95.722520
94.044991
95.083059
98.099144
95.997678
94.893113
95.871780
94.740661
95.846576
97.741435
94.198681
94.729784
96.017079
94.631356
95.840036
96.943014
94.808709
95.844349
95.890585
94.998578
96.008922
97.518660
94.708719
94.699917
96.338557
94.702379
95.691060
97.607414
95.471212
95.827484
96.346870
96.028266
96.845361
96.671132
95.846443
97.248643
96.176678
96.978174
99.045463
99.757993
97.686691
96.792146
96.030110
93.772236
94.246686
95.598307
94.561591
93.921761
94.620390
95.255637
95.974815
97.352610
94.999120
95.062789
95.650416
94.895511
96.189645
98.521909
95.347464
95.117851
95.771180
95.855077
95.729148
97.066235
93.849459
93.140418
95.353605
93.351644
95.161320
97.565199
94.363839
92.701920
93.764555
93.392297
93.449881
95.715359
94.114818
92.267263
93.696682
93.342733
93.841191
97.239112
91.904558
92.057440
93.497070
92.464458
93.389639
95.576877
92.526213
91.189353
94.943485
91.800934
93.927196
93.484106
92.226552
94.389154
93.180659
93.609928
93.738808
96.094252
93.993065
93.333590
93.408369
91.413500
91.821886
94.866573
92.504508
93.367097
93.112207
93.819601
93.735546
96.175278
93.335753
92.405963
93.834498
92.227823
93.169534
95.660306
92.964919
91.645286
94.304387
92.537850
95.565390
96.627172
94.174871
91.987102
93.024258
92.019909
94.262546
95.382974
91.447255
91.255248
92.818260
91.195500
92.391948
96.232987
94.027362
91.296098
92.726512
91.280565
93.210241
96.080708
90.967755
91.040489
93.708288
90.715948
92.036975
95.460679
91.456150
92.738210
92.701821
90.377243
92.683512
92.492665
90.375621
92.571676
91.098914
94.250026
94.032703
94.645537
94.025872
91.005608
93.808181
90.367971
90.166679
94.685109
92.365992
90.418981
92.024107
90.457955
91.994336
95.064852
92.858113
91.680469
94.660408
92.536311
94.806715
98.231329
95.911329
95.559164
97.308027
96.351617
96.905809
98.759519
96.954133
96.523122
98.465253
97.784733
99.194014
99.830634
98.442576
99.456176
99.395216
99.469179
99.105595
98.817965
96.833063
99.097213
98.453229
99.352344
99.450614
100.000000
98.593441
98.205660
100.000000
100.000000
100.000000
100.000000
99.338147
98.827731
99.950992
97.768315
99.312965
99.607128
98.257979
97.810395
99.336713
99.254543
100.000000
100.000000
99.144477
98.257268
99.570720
98.035980
98.664464
98.185832
98.269626
98.804918
100.000000
99.003275
99.618368
100.000000
100.000000
100.000000
100.000000
100.000000
100.000000
100.000000
100.000000
100.000000
100.000000
99.970563
99.903193
98.850153
99.897212
99.875435
100.000000
100.000000
100.000000
100.000000
100.000000
100.000000
100.000000
100.000000
100.000000
100.000000
100.000000
100.000000
100.000000
99.474650
99.866518
100.000000
98.037794
96.604529
97.603275
95.955902
96.199327
98.212669
95.743361
95.056879
96.825985
95.106281
94.990087
95.666180
94.258105
94.540027
95.496189
94.455300
95.911001
99.224789
95.998507
95.172156
96.805798
95.106868
94.872062
95.319404
94.758800
95.149467
96.267314
94.999805
96.111320
97.925849
96.065884
95.843238
97.179136
95.170633
95.239214
97.726393
93.734819
93.287821
95.639535
94.495644
94.766434
97.412893
94.596037
94.846153
96.372398
94.612989
94.941173
97.457678
94.809182
95.137539
96.845709
95.656218
95.669504
98.630181
95.519279
95.058191
97.551991
96.111584
96.846041
99.517231
96.529262
96.485490
98.582785
97.356634
97.998667
100.000000
97.355480
97.462597
98.973989
96.804802
96.997348
97.580054
96.508583
96.450710
96.645172
96.088559
96.915615
99.664949
96.755434
96.360609
97.108195
95.222602
95.339900
96.037626
95.126288
95.833525
96.592566
96.429082
96.953007
97.910803
96.084283
95.752725
98.486002
96.872237
97.364706
98.397868
95.837596
96.254408
97.954090
96.417510
96.415396
98.567658
95.920603
96.128935
98.444658
96.173421
96.805637
99.352065
96.799368
96.508719
98.176076
96.338951
96.835769
99.166752
96.223393
95.972453
97.274132
96.338440
96.627310
98.663835
96.169905
95.313533
96.518714
95.136992
95.288032
96.949160
93.842264
93.336968
96.174309
93.413756
94.419204
96.912451
93.925023
93.319450
94.599687
94.264345
95.572801
98.875523
95.009532
94.191667
96.855107
94.570582
94.463766
94.668813
94.275580
94.662307
94.977186
94.761681
94.331477
97.138499
94.935333
95.249444
96.431217
95.185541
94.941242
97.721673
94.914019
94.331411
96.041932
95.387086
94.660995
97.390969
94.327652
93.664535
95.565896
93.954501
94.513566
97.155053
94.397042
95.115744
97.410922
95.432755
96.240092
98.853453
95.383588
95.746721
98.079485
96.630638
96.659264
97.980686
95.735124
96.227233
97.903843
95.416470
95.531816
98.264723
94.126901
93.971924
95.753395
94.366398
94.227096
96.266132
93.982497
93.693086
95.133680
93.511124
95.551617
98.735623
94.697349
93.167621
96.046093
95.447116
95.182928
95.736851
95.283797
95.232354
95.932407
96.049588
96.096192
98.542123
95.799711
96.706089
97.098610
95.800868
95.557354
97.990960
95.975854
95.463817
98.023505
95.677004
95.485250
97.753577
94.173332
94.628574
95.245755
94.296555
93.766499
96.919895
94.136802
93.172038
95.663739
93.310123
94.839913
96.084479
93.914786
93.395387
94.543339
94.398658
93.811336
96.124392
93.852737
93.462154
94.842842
94.532120
93.012508
96.668793
94.358478
94.683249
95.803749
95.050876
94.112710
96.222543
93.164225
95.784697
95.684114
96.544372
94.895481
98.414373
94.480970
94.263584
96.220712
94.211943
94.751245
94.923218
95.030774
95.929109
97.054477
96.532253
96.634493
98.924917
96.506076
96.608908
97.724452
96.849080
97.543033
99.055324
97.608461
97.330228
98.705708
98.219730
98.912752
99.870832
97.544530
97.465683
99.137671
98.400456
98.190240
100.000000
97.659954
97.546581
99.514680
97.762600
98.081529
100.000000
97.883981
98.170937
98.954747
97.794169
98.582728
100.000000
98.388458
97.790107
98.158374
96.829806
96.948061
100.000000
97.587538
97.296815
99.109482
99.432197
99.872511
98.851453
98.293975
99.200388
98.606683
99.309785
99.625532
100.000000
99.690734
98.629899
99.150608
98.833672
99.325171
98.439537
98.624942
99.079389
99.948002
98.939551
99.474931
100.000000
99.573251
99.419713
100.000000
98.607781
99.305645
99.924979
98.097082
98.509797
98.847854
98.122983
98.362426
98.565737
97.994835
96.694428
98.992438
97.919391
98.450198
98.855404
97.019570
96.698448
99.220488
97.856157
98.216992
99.434477
97.754479
97.254179
98.527387
97.192994
97.408818
98.941298
98.703735
98.866480
99.164486
98.803219
95.921684
97.775796
96.614374
97.765772
98.639132
96.051490
97.301802
99.468881
98.849931
98.749802
99.778151
99.726640
99.930096
100.000000
99.283487
99.862946
100.000000
100.000000
100.000000
98.017656
98.825504
98.846610
100.000000
99.304780
100.000000
100.000000
100.000000
100.000000
100.000000
99.972117
100.000000
100.000000
99.811830
99.453304
100.000000
100.000000
99.639563
100.000000
100.000000
100.000000
100.000000
100.000000
100.000000
100.000000
97.868435
98.324183
100.000000
98.875732
99.064864
99.782286
98.707518
98.106417
98.895143
98.459201
99.210052
99.818275
98.445083
99.080875
100.000000
98.852412
98.748068
100.000000
99.600533
98.926188
99.942566
98.547655
97.791330
98.392196
97.065062
97.777525
97.621388
98.526112
97.821596
100.000000
99.589035
98.454501
99.535743
98.185301
98.158865
99.083718
97.995946
98.509105
98.639992
98.529964
98.538004
99.436490
98.590411
99.009061
99.589456
98.915340
99.023514
99.548775
98.863367
98.778364
99.403855
99.005849
98.905246
99.933170
97.833497
97.566790
99.116757
97.337896
97.708198
100.000000
100.000000
99.084055
98.817153
97.379384
97.372377
99.343518
97.473311
97.268592
98.270117
97.020927
97.341481
98.581056
97.976960
97.832596
99.319678
97.967629
98.018484
100.000000
97.868327
97.951519
98.476393
97.887726
97.582559
97.360540
97.279075
97.917223
98.580095
98.069485
98.431303
99.726066
98.068594
98.054298
98.524702
97.778642
97.627178
97.180275
98.105117
98.113672
98.549700
98.234239
98.211343
99.149589
99.084949
99.500679
100.000000
99.684178
98.784737
100.000000
99.265035
98.878567
100.000000
99.360819
98.504469
100.000000
99.295193
99.966647
100.000000
99.689815
100.000000
100.000000
100.000000
99.981621
100.000000
100.000000
100.000000
100.000000
100.000000
100.000000
100.000000
100.000000
100.000000
100.000000
99.112465
99.115105
100.000000
99.094280
99.540763
100.000000
98.437877
98.364986
99.622277
98.152380
98.191078
98.643398
97.692715
98.113654
98.063134
97.931780
97.820095
99.775928
98.529011
98.421182
99.180797
97.718256
97.568116
97.859364
97.663231
97.337822
97.691484
96.956032
97.134531
97.753943
97.503189
97.472541
98.183446
96.582935
96.951276
97.374102
96.535950
96.398087
97.214534
96.716613
96.885009
98.148347
97.942879
97.856984
98.581941
96.657243
97.085525
98.672111
97.534343
96.866170
98.547537
97.380291
97.829561
98.569812
97.803290
97.641803
98.442518
96.822934
96.269506
98.794835
96.306025
96.874695
98.751000
97.378977
97.903818
99.302249
98.201917
98.193248
99.770104
98.160716
98.064908
98.618673
97.752618
98.621881
99.581861
98.787758
99.332410
100.000000
99.100245
98.401785
99.928566
98.510266
98.523486
98.838479
98.488107
99.510823
99.523476
99.081682
99.602787
100.000000
100.000000
99.674562
100.000000
100.000000
100.000000
100.000000
100.000000
100.000000
100.000000
100.000000
100.000000
100.000000
100.000000
100.000000
100.000000
100.000000
100.000000
100.000000
100.000000
100.000000
100.000000
100.000000
100.000000
100.000000
100.000000
100.000000
100.000000
100.000000
100.000000
100.000000
100.000000
100.000000
100.000000
100.000000
100.000000
100.000000
100.000000
100.000000
100.000000
100.000000
100.000000
100.000000
100.000000
100.000000
100.000000
100.000000
100.000000
100.000000
100.000000
100.000000
100.000000
100.000000
100.000000
100.000000
100.000000
99.321418
99.725439
98.403446
99.442558
100.000000
100.000000
99.731131
100.000000
100.000000
100.000000
100.000000
100.000000
99.777595
100.000000
99.365694
99.339980
100.000000
98.935019
98.916252
100.000000
99.408942
100.000000
100.000000
99.947622
99.039886
100.000000
100.000000
100.000000
100.000000
100.000000
100.000000
100.000000
100.000000
100.000000
100.000000
100.000000
100.000000
100.000000
100.000000
100.000000
100.000000
100.000000
100.000000
100.000000
100.000000
100.000000
100.000000
100.000000
100.000000
100.000000
100.000000
100.000000
