96.684174
97.424171
99.554899
96.937707
99.258128
97.380403
98.819593
96.390761
98.814425
97.209740
100.000000
97.912683
98.001279
96.920729
99.497392
97.585069
99.694851
97.781126
99.434606
96.654901
99.289736
96.814004
99.605434
98.138653
99.241747
96.366325
99.462563
96.678310
99.540761
98.115982
98.192115
96.580487
99.213071
96.477494
99.263040
98.277291
100.000000
96.186390
99.364684
96.405137
98.633679
98.630442
99.215046
96.882128
99.791690
97.333578
99.769085
97.577230
97.966667
97.337311
99.751953
96.850049
99.173829
97.579628
98.228710
97.495545
99.266419
99.538253
98.489884
98.316445
98.241870
96.651426
99.196575
98.321233
99.351965
97.299546
98.093647
96.408919
99.121575
97.207059
99.241453
97.839149
99.670631
96.286668
100.000000
96.355277
98.808690
97.832185
97.945129
96.829727
99.799248
96.075044
98.858588
96.851570
97.656776
97.367318
100.000000
96.128792
98.788451
96.563140
99.463512
98.061121
100.000000
96.127474
98.901426
97.513474
100.000000
98.620519
99.817498
96.229743
98.886022
97.790600
99.139261
97.003644
99.242790
96.578467
99.329500
97.213051
99.126989
97.028721
100.000000
97.003058
99.517084
97.652177
98.347994
97.282452
99.074474
99.083469
97.853783
98.902900
98.202331
96.287830
99.716375
96.462648
98.680574
97.096975
98.361556
96.781211
99.444847
96.337324
98.984934
96.718909
98.453483
96.723857
100.000000
96.355480
98.959897
98.098575
98.478635
96.693351
99.270483
96.409106
100.000000
96.888851
97.925746
95.709610
99.449918
98.563467
99.345634
96.565066
97.877698
97.126467
100.000000
97.461686
98.824193
97.353655
98.068659
97.106137
100.000000
97.145897
98.887579
97.708868
99.614564
97.256581
99.917641
97.155548
100.000000
97.957409
98.875299
97.422406
99.649302
96.432872
98.790984
97.945223
100.000000
97.089086
99.269794
99.074095
98.213656
100.000000
100.000000
96.682537
99.887854
96.849098
99.410369
97.892989
99.011668
96.625518
99.614152
96.511185
99.300852
97.587411
100.000000
96.696780
99.532636
96.627986
99.083165
97.439015
100.000000
96.380201
99.633370
96.498430
100.000000
98.986254
98.398237
96.520773
100.000000
97.946263
100.000000
97.023762
98.352410
97.316761
99.371898
96.077813
100.000000
96.654056
98.117538
96.283562
99.237544
96.075896
99.062542
98.021458
98.679927
95.784054
99.723312
96.779140
99.018719
97.614018
100.000000
98.435752
100.000000
97.528821
100.000000
98.211336
96.949129
96.082169
100.000000
99.100899
96.975697
99.430539
98.262053
96.322751
99.489724
98.136070
100.000000
98.996126
100.000000
98.262286
100.000000
96.903305
100.000000
97.181890
96.086512
95.806238
100.000000
95.749136
98.614224
96.814145
98.733228
97.270552
99.418163
96.446120
98.800167
98.508432
99.987437
97.783201
100.000000
97.851237
99.552039
97.558999
100.000000
98.569861
99.846554
96.838212
100.000000
98.788308
99.087067
97.579508
100.000000
97.081687
99.420229
97.720762
100.000000
96.589634
99.601136
96.620149
99.818794
96.972343
98.369851
96.610347
99.582766
96.367658
99.830910
97.057250
98.535877
97.579075
99.285031
99.060975
96.830233
99.382303
99.801532
97.582195
99.852447
97.239213
99.241264
97.321880
99.174683
97.183640
99.266070
96.237514
98.935325
96.909152
98.791205
96.325392
100.000000
96.983173
98.754802
96.823424
98.193577
97.802427
100.000000
96.723820
99.072132
97.962905
98.523392
97.040007
99.401058
96.163450
100.000000
96.945825
98.503726
96.600256
100.000000
96.574603
99.045915
97.229101
100.000000
97.470158
99.780629
97.031235
99.484727
97.393031
99.095970
97.709911
100.000000
96.665297
99.336800
98.790878
99.804565
97.371732
99.909588
96.948235
99.565860
98.460063
99.710888
97.142470
100.000000
99.807424
98.087331
98.868940
98.948348
97.076798
99.566771
96.519560
100.000000
97.436202
99.197765
96.924712
99.496316
96.763500
99.469208
97.383938
98.778017
95.978896
100.000000
97.670303
99.301457
97.346237
98.377979
96.437631
100.000000
96.492873
98.970462
97.332746
99.303194
97.002579
99.266393
96.721093
99.063226
96.605422
98.408347
96.055675
99.830888
95.998076
98.547049
96.788129
98.475158
96.612039
99.896196
95.995842
98.871837
96.819938
98.646606
97.086074
100.000000
97.303166
99.536790
97.057907
98.243932
96.592409
100.000000
96.068030
99.089342
96.939001
98.853768
97.703444
99.404147
99.089099
97.320450
98.829301
98.663111
96.764271
99.150338
96.892648
98.797611
96.903048
98.078317
96.245273
100.000000
95.859359
99.929326
96.347547
99.949063
97.271159
99.413560
96.038462
100.000000
96.183242
97.026078
97.019774
99.800120
96.043091
99.998185
96.088573
96.902857
95.254364
99.247265
96.855163
98.745282
96.315800
99.723132
95.547917
98.701818
96.333851
98.962962
98.554753
99.107618
95.863821
99.368118
97.023868
99.803289
98.411371
98.704302
96.123238
99.378633
96.438462
99.562091
96.805687
98.353288
96.593191
99.751580
96.642157
98.821146
97.131076
98.304181
96.862761
99.926770
99.225228
97.126141
98.936237
99.552654
96.585840
98.924760
96.009720
98.935702
97.307036
98.596331
96.323452
99.467198
96.586461
98.472841
96.658587
98.667121
97.382676
98.870188
95.162318
99.444504
97.341636
97.829162
95.695331
99.264840
96.633390
98.492310
95.857403
100.000000
97.490335
99.213682
95.170912
99.852719
97.880674
98.031180
96.103290
100.000000
96.137714
98.636345
96.458471
97.554827
96.047527
100.000000
96.198029
99.400320
98.056900
99.001260
98.019037
100.000000
96.323990
99.460532
97.514587
100.000000
98.304047
100.000000
97.209255
100.000000
98.513585
99.310376
95.990326
98.926316
99.127180
97.255899
98.115186
98.254270
96.758955
100.000000
97.784493
100.000000
98.816330
100.000000
97.637788
100.000000
97.796669
99.348246
96.496164
99.004867
96.522412
99.271389
96.198374
99.313016
97.596427
100.000000
97.716401
100.000000
97.610351
100.000000
99.216550
99.661816
98.129626
100.000000
98.172305
100.000000
97.271646
99.304633
96.007030
100.000000
97.506178
99.433777
96.617033
98.588966
96.410124
100.000000
96.156516
99.468197
98.409647
99.697903
96.250242
99.677725
96.341474
99.146417
96.670134
98.877165
97.053158
100.000000
96.800956
99.191774
96.341336
99.061076
98.410370
100.000000
100.000000
97.189562
100.000000
100.000000
99.215507
100.000000
96.412325
98.931466
98.350467
100.000000
95.522695
99.966212
95.589342
99.637458
96.055620
98.125554
98.302084
100.000000
98.603882
99.344564
96.063474
100.000000
99.478622
100.000000
95.964118
99.298471
97.060473
98.835733
98.714927
100.000000
95.112617
98.943412
97.111047
100.000000
98.566151
98.818506
94.509813
100.000000
96.747063
98.896415
94.532194
100.000000
98.916198
100.000000
97.450779
97.135847
97.285167
100.000000
96.907974
99.475176
97.014567
99.271131
96.773887
99.680474
96.289851
99.167529
98.528757
97.729362
96.194507
100.000000
100.000000
96.982883
98.159040
99.980970
97.421608
99.741181
97.120811
99.461617
97.082863
98.558142
96.950797
99.608412
96.514107
99.064735
97.357026
99.127677
97.212934
99.844164
96.914938
99.628505
97.503609
99.210217
97.328689
100.000000
97.009408
99.113766
97.114067
99.118281
97.118406
99.825074
96.688235
99.175999
96.854257
99.492086
96.855721
99.821850
96.478448
99.285462
97.151267
99.436364
96.717560
100.000000
96.129861
99.355843
97.759352
99.103891
96.545064
100.000000
97.298273
99.661653
98.220192
99.539845
97.120249
100.000000
96.840514
99.781271
97.602595
98.649647
97.120507
99.918993
100.000000
97.790798
99.133064
98.887910
96.837871
100.000000
96.831507
100.000000
97.266026
97.946156
95.165646
100.000000
95.643895
98.652733
96.639986
99.736333
96.704914
99.579018
97.001973
100.000000
98.354326
100.000000
96.304564
99.383942
95.648007
99.598939
99.099960
100.000000
94.732648
98.907112
95.932270
100.000000
98.706084
98.713626
95.268772
99.833736
95.762149
98.605265
95.124572
100.000000
99.369867
100.000000
96.899080
99.521372
96.477419
100.000000
98.190443
99.926467
95.615803
98.680113
98.269983
100.000000
97.447612
100.000000
97.604024
99.001611
96.112353
97.043326
96.504698
100.000000
100.000000
98.256137
100.000000
98.625751
97.767906
100.000000
95.216528
98.910696
97.312331
99.601825
97.889839
100.000000
97.223266
100.000000
98.681650
99.434848
97.428124
100.000000
96.293791
99.674388
98.113315
97.983864
96.900734
100.000000
95.955678
99.695082
98.933033
99.755952
97.967228
100.000000
98.083257
100.000000
98.273748
99.075087
97.317060
100.000000
97.439629
99.187006
96.909110
99.239381
97.710702
99.729471
96.359916
100.000000
97.940512
99.061878
96.718855
99.558347
97.823232
100.000000
97.580289
97.328928
97.306570
100.000000
98.088155
100.000000
97.058850
96.517563
95.717013
100.000000
100.000000
96.752163
97.790284
98.702576
96.322200
99.516101
96.360155
98.991420
97.643886
99.191241
96.504300
98.890095
97.087964
99.351804
97.217745
99.209989
96.510370
99.586647
96.497475
98.897959
97.509684
100.000000
96.321122
99.165024
96.377475
99.470912
97.817149
100.000000
98.436550
100.000000
96.723351
100.000000
99.522264
99.705681
97.516874
100.000000
97.624341
100.000000
98.525726
99.038189
96.180412
99.552490
96.517556
99.033243
97.726786
99.282211
96.467523
100.000000
98.353285
100.000000
99.213829
100.000000
96.854302
100.000000
98.130504
100.000000
97.091142
98.126328
97.228570
99.601658
99.281460
96.820788
98.879943
100.000000
96.191597
99.303471
96.720011
100.000000
97.103217
99.418799
96.419249
99.102800
95.661579
100.000000
96.844262
98.928588
95.994765
100.000000
95.855536
98.984020
96.600549
98.442773
96.530280
99.443867
95.999311
99.060022
97.400785
100.000000
96.509951
99.187786
95.587900
99.750158
98.198534
98.944806
96.349503
99.127577
95.531959
99.826731
97.519696
98.444836
96.326799
99.266819
95.855266
99.399693
96.788465
98.402444
97.636279
99.572369
96.051750
99.222052
97.332546
99.129402
96.869416
99.712895
96.349911
100.000000
97.461251
97.865686
96.132240
100.000000
100.000000
97.371169
98.050123
98.534137
96.937493
99.930755
96.567066
99.365498
96.617470
98.428694
96.960975
99.405715
95.561096
99.407994
97.119838
98.668224
95.985528
99.725930
96.807622
100.000000
98.540554
99.236350
99.428334
100.000000
100.000000
100.000000
100.000000
100.000000
100.000000
100.000000
100.000000
100.000000
100.000000
100.000000
100.000000
100.000000
100.000000
100.000000
100.000000
100.000000
100.000000
100.000000
100.000000
100.000000
100.000000
100.000000
100.000000
100.000000
100.000000
100.000000
100.000000
100.000000
100.000000
100.000000
100.000000
100.000000
100.000000
100.000000
100.000000
100.000000
100.000000
100.000000
100.000000
100.000000
100.000000
100.000000
100.000000
100.000000
100.000000
100.000000
100.000000
100.000000
100.000000
100.000000
100.000000
100.000000
100.000000
100.000000
100.000000
100.000000
100.000000
100.000000
100.000000
100.000000
100.000000
100.000000
100.000000
100.000000
100.000000
100.000000
100.000000
100.000000
100.000000
100.000000
100.000000
100.000000
100.000000
100.000000
100.000000
100.000000
100.000000
100.000000
100.000000
100.000000
100.000000
100.000000
100.000000
100.000000
100.000000
100.000000
100.000000
100.000000
100.000000
100.000000
100.000000
100.000000
100.000000
100.000000
100.000000
100.000000
100.000000
100.000000
100.000000
100.000000
100.000000
100.000000
100.000000
100.000000
100.000000
100.000000
100.000000
100.000000
100.000000
100.000000
100.000000
100.000000
100.000000
100.000000
100.000000
100.000000
100.000000
100.000000
100.000000
100.000000
100.000000
100.000000
100.000000
100.000000
100.000000
100.000000
100.000000
100.000000
100.000000
100.000000
100.000000
100.000000
100.000000
100.000000
100.000000
100.000000
100.000000
100.000000
100.000000
100.000000
100.000000
100.000000
100.000000
100.000000
100.000000
100.000000
100.000000
100.000000
100.000000
100.000000
100.000000
100.000000
100.000000
100.000000
100.000000
100.000000
100.000000
100.000000
100.000000
100.000000
100.000000
100.000000
100.000000
100.000000
100.000000
100.000000
100.000000
100.000000
100.000000
100.000000
100.000000
100.000000
100.000000
100.000000
100.000000
100.000000
100.000000
100.000000
100.000000
100.000000
100.000000
100.000000
100.000000
100.000000
100.000000
100.000000
100.000000
100.000000
100.000000
100.000000
100.000000
100.000000
100.000000
100.000000
100.000000
100.000000
100.000000
100.000000
100.000000
100.000000
100.000000
100.000000
100.000000
100.000000
100.000000
100.000000
100.000000
100.000000
100.000000
100.000000
100.000000
100.000000
100.000000
100.000000
100.000000
100.000000
100.000000
100.000000
100.000000
100.000000
100.000000
100.000000
100.000000
100.000000
100.000000
100.000000
100.000000
100.000000
100.000000
100.000000
100.000000
100.000000
100.000000
100.000000
100.000000
100.000000
100.000000
100.000000
100.000000
100.000000
100.000000
100.000000
100.000000
100.000000
100.000000
100.000000
100.000000
100.000000
100.000000
100.000000
100.000000
100.000000
100.000000
100.000000
100.000000
100.000000
100.000000
100.000000
100.000000
100.000000
100.000000
100.000000
100.000000
100.000000
100.000000
100.000000
100.000000
100.000000
100.000000
100.000000
100.000000
100.000000
100.000000
100.000000
100.000000
100.000000
100.000000
100.000000
100.000000
100.000000
100.000000
100.000000
100.000000
100.000000
100.000000
100.000000
100.000000
100.000000
100.000000
100.000000
100.000000
100.000000
100.000000
100.000000
100.000000
100.000000
100.000000
100.000000
100.000000
100.000000
100.000000
100.000000
100.000000
100.000000
100.000000
100.000000
100.000000
100.000000
100.000000
100.000000
100.000000
100.000000
99.854793
100.000000
99.829351
99.127149
99.867410
100.000000
99.847684
100.000000
99.694674
99.518580
99.860780
100.000000
99.845544
100.000000
100.000000
99.763914
100.000000
100.000000
100.000000
100.000000
100.000000
100.000000
100.000000
100.000000
100.000000
100.000000
100.000000
100.000000
100.000000
100.000000
100.000000
100.000000
100.000000
100.000000
100.000000
100.000000
100.000000
100.000000
100.000000
100.000000
100.000000
100.000000
100.000000
100.000000
100.000000
100.000000
100.000000
100.000000
100.000000
100.000000
100.000000
100.000000
100.000000
100.000000
100.000000
100.000000
100.000000
100.000000
100.000000
100.000000
100.000000
100.000000
100.000000
100.000000
100.000000
100.000000
100.000000
100.000000
100.000000
100.000000
100.000000
100.000000
100.000000
100.000000
100.000000
100.000000
100.000000
100.000000
100.000000
100.000000
100.000000
100.000000
100.000000
100.000000
100.000000
100.000000
100.000000
100.000000
100.000000
100.000000
100.000000
100.000000
100.000000
99.610695
99.577061
100.000000
99.766059
100.000000
99.922566
99.677179
99.586475
100.000000
99.689446
100.000000
99.925008
99.577119
99.471599
100.000000
99.711710
100.000000
100.000000
99.460589
99.594566
100.000000
99.818439
100.000000
99.928797
99.809864
99.733044
100.000000
99.854617
100.000000
100.000000
99.889074
99.783166
100.000000
100.000000
100.000000
100.000000
100.000000
99.885348
100.000000
100.000000
100.000000
100.000000
99.923519
99.982299
100.000000
100.000000
100.000000
100.000000
99.715275
100.000000
100.000000
100.000000
100.000000
100.000000
100.000000
99.834405
100.000000
100.000000
100.000000
100.000000
100.000000
99.880436
100.000000
100.000000
100.000000
100.000000
100.000000
99.609353
100.000000
99.909328
100.000000
100.000000
99.953886
99.502016
100.000000
99.760271
100.000000
100.000000
100.000000
99.894904
100.000000
100.000000
100.000000
100.000000
100.000000
99.656150
100.000000
99.909833
100.000000
100.000000
100.000000
99.569603
100.000000
99.871201
100.000000
100.000000
100.000000
99.668317
100.000000
100.000000
100.000000
100.000000
100.000000
99.566322
100.000000
99.729204
100.000000
100.000000
99.864268
99.677304
100.000000
100.000000
100.000000
99.946852
100.000000
99.619546
100.000000
99.679245
100.000000
99.774623
100.000000
99.037742
100.000000
99.422414
100.000000
99.714684
99.923026
98.532130
99.726301
97.987593
99.589041
98.542936
100.000000
97.109222
100.000000
96.914361
99.502008
97.320784
98.385621
96.930303
99.490703
96.489975
99.035762
97.433335
99.368405
97.087694
99.284193
97.401032
99.543862
98.441290
99.895914
97.307095
99.527090
98.177574
99.572476
98.141858
99.626849
97.327711
99.746919
97.076759
99.693614
97.901118
100.000000
99.270099
100.000000
97.283733
99.892638
99.715874
99.150060
98.389972
100.000000
100.000000
98.588907
99.839376
99.566118
96.882220
100.000000
98.348623
99.727767
97.762049
99.393061
99.387945
100.000000
97.813519
100.000000
99.275746
100.000000
99.494267
100.000000
97.738775
99.748784
98.953050
99.404132
97.930540
100.000000
99.678815
100.000000
98.400923
99.914951
98.624881
100.000000
99.510613
100.000000
98.812533
99.263150
97.760625
100.000000
98.786164
100.000000
98.616576
99.812160
97.736418
100.000000
97.704975
100.000000
98.806412
100.000000
98.591362
100.000000
98.377806
100.000000
98.853804
100.000000
98.954761
100.000000
98.820260
100.000000
98.970471
99.810267
97.741672
100.000000
100.000000
98.826813
99.403760
99.162144
99.695876
100.000000
97.981857
99.406057
97.979753
100.000000
99.345334
100.000000
97.588482
99.701235
98.451375
100.000000
99.546448
100.000000
97.503207
99.360742
99.588259
100.000000
98.281984
100.000000
98.743794
99.897236
99.381710
99.878900
98.538380
100.000000
97.823285
99.859686
98.623962
100.000000
99.694144
99.968218
98.178210
100.000000
98.927725
99.780036
98.177367
99.927146
97.888641
99.378364
98.235557
99.701201
97.579860
99.809211
97.510761
99.396105
98.069504
98.861234
98.469812
100.000000
97.766089
99.437254
97.996677
99.564958
98.462747
100.000000
99.819045
98.037574
99.084468
99.318979
97.876928
99.716554
96.941140
100.000000
99.738613
98.387154
96.986179
100.000000
99.378914
100.000000
98.717175
99.702042
98.190796
99.386726
97.306418
99.205719
98.501984
99.363849
97.948910
100.000000
97.708558
99.466280
98.297162
99.840080
99.425296
100.000000
98.551485
100.000000
99.145024
99.214909
98.359205
100.000000
98.902730
99.645328
98.215170
99.024820
99.050245
100.000000
97.428924
99.220785
97.483527
98.932846
98.498892
100.000000
97.740992
99.352609
98.110398
99.759573
98.743207
100.000000
98.206665
99.806794
98.405945
99.643460
98.275934
99.939423
99.953368
98.518078
99.043196
99.391310
98.080090
99.845146
97.535020
99.499048
98.192987
98.997659
97.697555
99.890996
97.470984
99.345389
98.063785
99.258476
97.774750
99.877742
97.427559
100.000000
98.360299
99.288813
97.566513
100.000000
98.370856
99.498902
98.118218
99.147538
97.625898
99.700676
98.064156
99.049235
97.569456
98.410918
97.274027
99.891761
97.155070
99.211569
98.145961
99.144614
97.782220
99.871784
98.020127
100.000000
98.225319
99.076292
98.338815
100.000000
98.479134
100.000000
98.778676
99.347014
97.563717
99.486165
96.754508
98.699071
97.198728
98.039686
97.253614
99.168065
99.193333
97.658453
98.001132
97.930153
96.868937
98.458368
96.072787
98.682314
96.822365
97.474986
96.571439
98.187724
96.420142
97.967030
96.374061
98.910839
96.239549
98.408464
96.189986
98.115917
97.181348
97.842261
96.534660
98.588636
96.408103
98.255485
96.942223
97.559460
96.227552
98.781338
96.587038
98.108235
96.630727
98.177273
96.382975
99.274437
96.766155
98.656535
97.570582
99.726680
98.389225
98.210167
95.990479
98.086645
97.779136
99.730573
95.774558
98.173963
96.036621
98.231963
97.468241
97.983245
96.368357
98.809115
96.096100
97.921113
97.128976
97.197191
96.042352
98.623060
98.306388
97.039209
97.290386
97.856759
96.596424
98.423403
96.904164
99.108239
97.143294
97.536924
96.365609
99.425805
97.518307
98.787196
97.538657
98.484638
97.321995
99.535524
97.759355
99.031354
97.611821
98.624089
97.478176
99.361806
97.236917
99.043632
97.012023
97.956755
96.858086
98.942242
96.565084
98.373284
96.988556
97.991978
96.680851
98.840199
96.620532
98.673105
97.053607
97.796448
96.732254
98.825223
96.386221
98.693146
97.135615
98.064812
96.841459
98.670516
96.276992
98.446818
97.303305
98.056444
96.685241
99.131862
96.436876
98.521483
97.096794
97.837609
96.911190
98.639883
98.650568
96.774967
98.229778
99.823220
98.730072
100.000000
98.009711
100.000000
100.000000
100.000000
98.594201
100.000000
99.979725
99.930685
96.841324
97.556441
98.252172
99.787340
96.836905
98.627360
97.369260
98.781237
96.879779
100.000000
96.752470
98.981051
96.844790
98.721671
97.360916
100.000000
96.472424
98.692591
97.492505
98.432375
97.423334
100.000000
96.675946
98.827929
97.976314
99.574056
97.578563
99.241204
96.764617
98.842720
97.908647
99.296910
97.151625
99.187953
97.673584
99.177821
97.974448
98.795367
96.923755
100.000000
97.503613
99.464406
97.788131
99.366398
98.661022
100.000000
100.000000
98.946922
98.615307
98.584630
99.568767
100.000000
98.118443
100.000000
99.210001
99.766531
98.300619
100.000000
99.048274
100.000000
99.058691
100.000000
98.517283
100.000000
100.000000
100.000000
99.962222
100.000000
99.322684
100.000000
99.635827
100.000000
99.418504
100.000000
99.206590
100.000000
98.785646
100.000000
99.516516
100.000000
99.137977
100.000000
99.129536
100.000000
99.557416
100.000000
100.000000
100.000000
100.000000
100.000000
100.000000
100.000000
100.000000
100.000000
100.000000
100.000000
100.000000
100.000000
99.847315
100.000000
100.000000
100.000000
100.000000
100.000000
100.000000
100.000000
100.000000
100.000000
100.000000
100.000000
100.000000
100.000000
100.000000
100.000000
100.000000
100.000000
100.000000
100.000000
100.000000
100.000000
100.000000
100.000000
100.000000
100.000000
100.000000
100.000000
100.000000
100.000000
100.000000
100.000000
99.734574
100.000000
100.000000
100.000000
100.000000
100.000000
100.000000
100.000000
100.000000
100.000000
100.000000
100.000000
98.988609
100.000000
100.000000
100.000000
99.943941
100.000000
99.308155
100.000000
100.000000
100.000000
99.259640
100.000000
98.300610
100.000000
100.000000
100.000000
98.637005
100.000000
98.494868
100.000000
99.085010
98.660021
100.000000
100.000000
100.000000
100.000000
100.000000
100.000000
99.887891
100.000000
99.856783
100.000000
100.000000
100.000000
100.000000
100.000000
99.949566
100.000000
100.000000
100.000000
98.515021
100.000000
100.000000
100.000000
98.892116
100.000000
98.882298
100.000000
99.277463
100.000000
99.345804
100.000000
99.882631
100.000000
98.734293
100.000000
99.739803
100.000000
98.922906
100.000000
98.748903
100.000000
100.000000
100.000000
99.373200
100.000000
99.113405
100.000000
100.000000
100.000000
98.081059
100.000000
99.340338
100.000000
100.000000
100.000000
99.671512
100.000000
100.000000
100.000000
100.000000
99.416632
99.917745
100.000000
100.000000
100.000000
100.000000
100.000000
99.234246
100.000000
99.038511
100.000000
100.000000
100.000000
98.623940
100.000000
100.000000
100.000000
99.908744
100.000000
99.407045
100.000000
100.000000
100.000000
99.342837
100.000000
99.683952
100.000000
98.717250
100.000000
100.000000
100.000000
99.409882
100.000000
98.974602
100.000000
99.192718
100.000000
98.961852
100.000000
98.428114
100.000000
99.678421
100.000000
99.508499
100.000000
97.889333
100.000000
99.745144
98.096276
97.241264
100.000000
98.658933
100.000000
99.384947
100.000000
99.148196
100.000000
99.010167
100.000000
99.977226
99.553486
98.142981
100.000000
100.000000
98.688753
99.151139
100.000000
98.381847
100.000000
97.116457
100.000000
99.443697
100.000000
97.097679
100.000000
97.802856
100.000000
98.197769
100.000000
96.952653
99.994394
96.972223
100.000000
98.420665
99.314234
97.724969
100.000000
97.092970
99.608197
98.063859
100.000000
99.070209
100.000000
96.669541
99.437095
98.657990
99.587883
97.419199
100.000000
96.794071
99.304761
99.016687
99.841007
97.042372
100.000000
97.598839
99.446887
97.179153
99.572704
97.757165
99.990061
97.082761
99.764655
97.956248
99.955094
97.389924
100.000000
97.218238
99.968420
97.819013
99.351702
96.961823
100.000000
99.552539
97.333784
99.839465
99.369876
97.260124
99.800094
97.825712
99.513258
98.017030
99.041984
96.652074
99.764301
97.169912
99.400426
97.663980
99.164871
96.966590
99.967734
97.063647
99.343686
97.146277
99.757976
96.666584
99.491413
97.399074
99.183096
97.234237
99.823722
96.642012
99.483246
96.915794
99.194083
97.513775
99.493757
97.995589
100.000000
97.679434
100.000000
98.698794
100.000000
97.482286
100.000000
97.399425
100.000000
97.875303
98.515254
96.852347
99.918236
97.388822
99.749743
98.783057
100.000000
96.827195
99.890977
97.760151
100.000000
98.762499
99.088242
97.298472
99.400119
99.381284
98.540482
99.216053
99.695509
97.544323
99.573506
96.341266
100.000000
97.760480
99.842753
96.988678
99.921380
98.199741
100.000000
98.367564
100.000000
96.780086
99.764280
97.407424
99.769476
99.000543
100.000000
97.313053
99.704231
97.779653
100.000000
98.439279
99.935250
98.007396
100.000000
97.854103
100.000000
99.563019
100.000000
97.646485
100.000000
98.130271
99.966279
98.451125
100.000000
97.951606
100.000000
97.286304
100.000000
98.638645
99.813469
98.099791
100.000000
97.821581
99.990503
98.194282
99.433758
98.017750
100.000000
98.030507
100.000000
98.513533
99.940564
97.889474
100.000000
100.000000
98.172500
98.542411
100.000000
98.063761
100.000000
98.036306
100.000000
99.274636
99.664573
98.042744
100.000000
97.783743
100.000000
98.739019
100.000000
98.832017
100.000000
98.418731
100.000000
98.818194
100.000000
98.606545
100.000000
98.264626
100.000000
98.837522
100.000000
97.891921
100.000000
97.291818
99.878449
98.644125
100.000000
95.777791
100.000000
99.138495
100.000000
100.000000
97.649131
98.564000
100.000000
98.592395
100.000000
97.003773
94.994018
100.000000
100.000000
99.662876
100.000000
98.171813
99.197831
98.617031
100.000000
98.284631
100.000000
98.557823
98.891835
98.544833
99.581348
100.000000
100.000000
97.749392
98.900453
97.577427
100.000000
98.461431
100.000000
98.085410
100.000000
96.710365
100.000000
97.113521
100.000000
99.658387
100.000000
97.956770
100.000000
97.935978
100.000000
99.229051
98.668952
97.307097
100.000000
97.894216
100.000000
98.120838
100.000000
99.450092
100.000000
97.900467
100.000000
98.051993
99.699092
98.462380
100.000000
98.908401
100.000000
98.232305
99.138574
99.214456
100.000000
97.478803
100.000000
99.933004
99.974727
98.660648
100.000000
98.203668
100.000000
99.660782
99.292223
98.136617
100.000000
97.859234
100.000000
98.194986
99.935864
98.769460
100.000000
100.000000
99.111442
98.504382
100.000000
98.372207
100.000000
97.828074
100.000000
97.656597
98.230979
97.798375
100.000000
97.778549
99.711219
97.953021
99.333101
97.726210
100.000000
98.812726
100.000000
98.622959
99.426011
97.716035
100.000000
98.373852
100.000000
98.039064
99.517946
97.851431
100.000000
100.000000
100.000000
98.338625
99.055095
97.611184
100.000000
100.000000
100.000000
98.491332
99.566624
99.235956
100.000000
98.247753
100.000000
99.489723
100.000000
98.902586
100.000000
98.379081
100.000000
99.299398
99.793338
99.180446
100.000000
97.620315
100.000000
98.565493
100.000000
99.016355
100.000000
100.000000
98.811532
99.842421
100.000000
98.070295
100.000000
97.601809
100.000000
99.072546
100.000000
97.300675
100.000000
97.746092
100.000000
98.805261
99.108428
97.471279
100.000000
97.471240
100.000000
98.334485
100.000000
98.475516
100.000000
97.721901
100.000000
98.106810
100.000000
98.847242
100.000000
98.197895
100.000000
99.319845
100.000000
98.223189
100.000000
98.385941
100.000000
99.184428
100.000000
98.304774
100.000000
97.977460
100.000000
99.127657
100.000000
98.797769
100.000000
99.214053
100.000000
99.724241
100.000000
99.372125
100.000000
99.191294
100.000000
100.000000
100.000000
100.000000
100.000000
100.000000
100.000000
100.000000
100.000000
100.000000
100.000000
99.548368
100.000000
99.719472
100.000000
99.333306
100.000000
98.399449
100.000000
99.268010
100.000000
98.739908
100.000000
98.374204
100.000000
99.144450
100.000000
98.590378
100.000000
98.063618
100.000000
98.587628
99.943555
97.852776
100.000000
97.813855
100.000000
98.573332
100.000000
97.980868
100.000000
96.375975
100.000000
97.340885
99.086868
98.096307
99.930003
96.572008
100.000000
97.870851
100.000000
96.471799
100.000000
96.896742
99.834011
97.809237
99.710789
97.299216
100.000000
97.808219
100.000000
97.679157
99.027971
97.502069
100.000000
100.000000
97.747722
98.735425
98.753952
97.274248
100.000000
97.024439
99.602594
97.365785
100.000000
96.871731
100.000000
96.472930
100.000000
97.529452
99.460543
97.145787
99.420929
96.379725
98.980518
96.960693
99.656783
96.858779
99.407939
96.750709
99.228786
98.612332
99.651371
97.629005
99.592243
96.354563
99.268338
97.489084
98.847757
95.812691
99.256034
96.316529
98.631543
96.974615
99.543475
97.464515
99.486842
96.388200
98.961185
97.183691
99.844146
95.716733
99.784517
96.903901
99.578325
96.598668
99.200210
96.311191
100.000000
96.172451
99.484310
97.129817
98.586625
96.221239
99.783661
99.481019
98.224581
98.861998
97.174622
96.649817
99.622482
96.410106
98.884122
96.021882
100.000000
97.095128
99.622363
96.484494
98.993335
96.713836
99.539951
97.382658
99.994658
97.575380
100.000000
100.000000
100.000000
100.000000
100.000000
100.000000
100.000000
100.000000
100.000000
100.000000
100.000000
100.000000
100.000000
100.000000
100.000000
100.000000
100.000000
100.000000
100.000000
100.000000
100.000000
100.000000
100.000000
100.000000
100.000000
100.000000
100.000000
100.000000
100.000000
100.000000
100.000000
100.000000
100.000000
100.000000
100.000000
100.000000
100.000000
100.000000
100.000000
100.000000
100.000000
100.000000
100.000000
100.000000
100.000000
100.000000
100.000000
100.000000
100.000000
100.000000
100.000000
100.000000
100.000000
100.000000
100.000000
100.000000
100.000000
100.000000
100.000000
100.000000
100.000000
100.000000
100.000000
100.000000
100.000000
100.000000
100.000000
100.000000
100.000000
100.000000
100.000000
100.000000
100.000000
100.000000
100.000000
100.000000
100.000000
100.000000
100.000000
100.000000
100.000000
100.000000
100.000000
100.000000
100.000000
100.000000
100.000000
100.000000
100.000000
100.000000
100.000000
100.000000
100.000000
100.000000
100.000000
100.000000
100.000000
100.000000
100.000000
100.000000
100.000000
100.000000
100.000000
100.000000
100.000000
100.000000
100.000000
100.000000
100.000000
100.000000
100.000000
100.000000
100.000000
100.000000
100.000000
100.000000
100.000000
100.000000
100.000000
100.000000
100.000000
100.000000
100.000000
100.000000
100.000000
100.000000
100.000000
100.000000
100.000000
100.000000
100.000000
100.000000
100.000000
100.000000
100.000000
100.000000
100.000000
100.000000
100.000000
100.000000
100.000000
100.000000
100.000000
100.000000
100.000000
100.000000
100.000000
100.000000
100.000000
100.000000
100.000000
100.000000
100.000000
100.000000
100.000000
100.000000
100.000000
100.000000
100.000000
100.000000
100.000000
100.000000
100.000000
100.000000
100.000000
100.000000
100.000000
100.000000
100.000000
100.000000
100.000000
100.000000
100.000000
100.000000
100.000000
100.000000
100.000000
100.000000
100.000000
100.000000
100.000000
100.000000
100.000000
100.000000
100.000000
100.000000
100.000000
100.000000
100.000000
100.000000
100.000000
100.000000
100.000000
100.000000
100.000000
100.000000
100.000000
100.000000
100.000000
100.000000
100.000000
100.000000
100.000000
100.000000
100.000000
100.000000
100.000000
100.000000
100.000000
100.000000
100.000000
100.000000
100.000000
100.000000
100.000000
100.000000
100.000000
100.000000
100.000000
100.000000
100.000000
100.000000
100.000000
100.000000
100.000000
100.000000
100.000000
100.000000
100.000000
100.000000
100.000000
99.831914
100.000000
99.750032
100.000000
100.000000
100.000000
99.723315
100.000000
100.000000
100.000000
100.000000
100.000000
100.000000
100.000000
100.000000
100.000000
100.000000
100.000000
100.000000
100.000000
100.000000
100.000000
100.000000
100.000000
100.000000
100.000000
100.000000
100.000000
100.000000
100.000000
100.000000
100.000000
100.000000
100.000000
100.000000
100.000000
100.000000
100.000000
100.000000
100.000000
100.000000
100.000000
100.000000
100.000000
100.000000
100.000000
100.000000
100.000000
100.000000
100.000000
100.000000
100.000000
100.000000
100.000000
100.000000
100.000000
100.000000
100.000000
100.000000
100.000000
100.000000
100.000000
100.000000
100.000000
100.000000
100.000000
100.000000
100.000000
100.000000
100.000000
100.000000
100.000000
100.000000
100.000000
100.000000
100.000000
100.000000
100.000000
99.666149
100.000000
99.722358
100.000000
100.000000
100.000000
99.477744
100.000000
100.000000
100.000000
100.000000
99.873618
99.397178
100.000000
99.791159
100.000000
100.000000
99.631185
100.000000
100.000000
99.766587
100.000000
99.868995
100.000000
99.842347
100.000000
99.980620
100.000000
100.000000
100.000000
99.929868
100.000000
100.000000
100.000000
98.674826
100.000000
99.875971
100.000000
100.000000
100.000000
100.000000
100.000000
100.000000
100.000000
100.000000
100.000000
100.000000
100.000000
100.000000
100.000000
100.000000
100.000000
100.000000
100.000000
100.000000
100.000000
100.000000
100.000000
100.000000
100.000000
100.000000
100.000000
100.000000
100.000000
100.000000
100.000000
100.000000
100.000000
100.000000
100.000000
100.000000
100.000000
100.000000
100.000000
100.000000
100.000000
100.000000
100.000000
100.000000
100.000000
100.000000
100.000000
100.000000
100.000000
100.000000
100.000000
100.000000
100.000000
100.000000
100.000000
100.000000
100.000000
100.000000
100.000000
100.000000
100.000000
100.000000
100.000000
100.000000
100.000000
100.000000
100.000000
100.000000
100.000000
100.000000
100.000000
100.000000
100.000000
100.000000
100.000000
100.000000
100.000000
100.000000
100.000000
100.000000
100.000000
100.000000
100.000000
100.000000
100.000000
100.000000
100.000000
100.000000
100.000000
100.000000
100.000000
100.000000
100.000000
100.000000
100.000000
100.000000
100.000000
100.000000
100.000000
100.000000
100.000000
100.000000
100.000000
100.000000
100.000000
100.000000
100.000000
100.000000
99.494720
99.962553
100.000000
100.000000
100.000000
100.000000
100.000000
100.000000
100.000000
100.000000
100.000000
100.000000
100.000000
100.000000
100.000000
100.000000
100.000000
100.000000
100.000000
100.000000
100.000000
100.000000
100.000000
100.000000
100.000000
100.000000
100.000000
100.000000
100.000000
100.000000
100.000000
100.000000
100.000000
100.000000
100.000000
100.000000
100.000000
100.000000
100.000000
100.000000
100.000000
100.000000
100.000000
100.000000
100.000000
100.000000
100.000000
100.000000
100.000000
100.000000
100.000000
100.000000
100.000000
100.000000
100.000000
100.000000
100.000000
100.000000
100.000000
100.000000
100.000000
100.000000
100.000000
100.000000
100.000000
100.000000
100.000000
100.000000
100.000000
100.000000
100.000000
100.000000
100.000000
100.000000
100.000000
100.000000
100.000000
100.000000
100.000000
100.000000
100.000000
100.000000
100.000000
100.000000
100.000000
100.000000
100.000000
100.000000
100.000000
100.000000
100.000000
100.000000
100.000000
100.000000
100.000000
100.000000
100.000000
100.000000
100.000000
100.000000
100.000000
100.000000
100.000000
100.000000
100.000000
100.000000
100.000000
100.000000
100.000000
100.000000
100.000000
100.000000
100.000000
100.000000
100.000000
100.000000
100.000000
100.000000
100.000000
100.000000
100.000000
100.000000
100.000000
100.000000
100.000000
100.000000
100.000000
100.000000
100.000000
100.000000
100.000000
100.000000
100.000000
100.000000
100.000000
100.000000
100.000000
100.000000
100.000000
100.000000
100.000000
100.000000
100.000000
100.000000
100.000000
100.000000
100.000000
100.000000
100.000000
100.000000
100.000000
100.000000
100.000000
100.000000
100.000000
100.000000
100.000000
100.000000
100.000000
100.000000
100.000000
100.000000
100.000000
100.000000
100.000000
100.000000
100.000000
100.000000
100.000000
100.000000
100.000000
100.000000
100.000000
100.000000
100.000000
100.000000
100.000000
100.000000
100.000000
100.000000
100.000000
100.000000
100.000000
100.000000
100.000000
100.000000
100.000000
100.000000
100.000000
100.000000
100.000000
100.000000
100.000000
100.000000
100.000000
100.000000
100.000000
100.000000
100.000000
100.000000
100.000000
100.000000
100.000000
100.000000
100.000000
100.000000
100.000000
100.000000
100.000000
100.000000
99.785977
99.765821
100.000000
99.957282
100.000000
100.000000
100.000000
100.000000
100.000000
100.000000
100.000000
100.000000
100.000000
100.000000
100.000000
100.000000
100.000000
100.000000
100.000000
100.000000
100.000000
100.000000
100.000000
100.000000
100.000000
100.000000
100.000000
100.000000
100.000000
100.000000
100.000000
100.000000
100.000000
100.000000
100.000000
100.000000
100.000000
100.000000
100.000000
100.000000
100.000000
100.000000
100.000000
100.000000
100.000000
100.000000
100.000000
100.000000
100.000000
100.000000
100.000000
100.000000
100.000000
100.000000
100.000000
100.000000
100.000000
100.000000
100.000000
100.000000
100.000000
100.000000
100.000000
100.000000
100.000000
100.000000
100.000000
100.000000
100.000000
100.000000
100.000000
100.000000
100.000000
100.000000
100.000000
100.000000
100.000000
100.000000
100.000000
100.000000
100.000000
100.000000
100.000000
100.000000
100.000000
100.000000
100.000000
100.000000
100.000000
100.000000
100.000000
100.000000
100.000000
100.000000
100.000000
100.000000
100.000000
100.000000
100.000000
100.000000
100.000000
100.000000
100.000000
100.000000
100.000000
100.000000
100.000000
100.000000
100.000000
100.000000
100.000000
100.000000
100.000000
100.000000
100.000000
100.000000
100.000000
100.000000
100.000000
100.000000
100.000000
100.000000
100.000000
100.000000
100.000000
100.000000
100.000000
100.000000
100.000000
100.000000
100.000000
100.000000
100.000000
100.000000
100.000000
100.000000
100.000000
100.000000
100.000000
100.000000
100.000000
100.000000
100.000000
100.000000
100.000000
100.000000
100.000000
100.000000
100.000000
100.000000
100.000000
100.000000
100.000000
100.000000
100.000000
100.000000
100.000000
100.000000
100.000000
100.000000
100.000000
100.000000
