96.364311
95.571545
96.750415
96.464652
95.464024
94.111926
94.411353
94.479835
94.452065
95.457763
97.047754
96.543775
96.089602
96.185048
95.699373
97.535144
96.722921
96.510467
97.961030
95.650933
95.426275
96.747919
96.028050
97.677477
97.869424
95.597492
95.757149
96.662131
96.233653
96.888643
96.432487
95.316563
95.008071
95.858450
95.862977
96.909204
99.199345
94.884074
94.650623
96.325209
94.747061
97.165877
97.553009
95.639533
95.029529
97.620938
96.161225
96.368799
96.148910
95.500761
94.842303
95.208599
94.528721
95.600962
94.492210
95.401349
94.562132
95.269601
95.704469
94.335179
97.330190
95.643724
94.635059
98.858848
95.100603
95.219362
94.157962
94.327491
94.561914
95.642254
95.227212
96.759967
98.132047
95.793746
96.791243
96.108664
95.108978
96.851545
96.298044
96.618788
96.838059
96.112201
95.155823
95.360910
96.138363
97.333159
97.440264
96.247826
94.896957
95.201614
98.050822
97.458684
97.637645
96.139824
94.857684
96.161301
99.496918
97.513426
95.932436
96.008862
94.992653
96.337476
97.395312
95.500395
95.267108
96.357418
95.521688
95.312930
97.201389
95.409705
95.580882
96.577857
95.341206
95.285698
95.054690
94.996344
94.288516
95.433317
94.863672
95.581160
97.442360
95.588966
96.065453
96.523462
94.827403
94.977092
94.648278
95.838958
95.151338
95.170865
95.138726
95.537422
96.967321
96.004895
97.183725
96.509972
95.328906
97.187113
96.655295
95.114935
94.769475
97.197491
97.891407
96.172989
96.508392
94.764969
94.550907
99.445293
95.632363
95.399793
96.432600
96.015447
97.027909
97.705993
95.152559
95.693172
96.374169
96.688083
96.091468
97.215718
94.928584
95.926635
97.967616
95.512083
95.306069
96.092659
96.185773
96.001304
96.779206
96.074985
94.596373
95.485884
93.987964
95.647163
98.487660
94.884600
93.671857
94.032424
95.227071
97.857500
99.403018
95.069208
95.188007
95.992772
94.797233
95.193398
94.606008
94.449762
94.798168
95.260910
95.161940
95.976385
99.636074
95.346993
94.717227
96.358861
94.595620
95.894267
100.000000
94.584940
93.742855
95.972997
98.135312
98.495131
96.823524
94.603100
94.976191
97.620254
96.158812
95.191935
96.047062
95.266273
94.483652
95.940154
96.826406
95.126964
96.533462
94.648258
94.133872
95.510330
94.903215
96.482229
96.977794
93.427253
95.444826
96.102756
93.794909
95.603705
98.878955
97.652352
96.399514
96.876231
96.683460
96.230517
93.701560
93.003968
95.442831
94.390856
93.999150
95.946350
97.013106
95.263430
94.708900
98.052332
96.598553
96.468909
98.204772
95.957306
94.571746
96.827774
97.667772
96.713596
94.528853
94.240851
96.646311
95.398264
94.577899
95.158628
96.559984
95.774259
95.169924
95.933033
95.325264
97.129527
98.504297
95.785530
95.610150
97.728308
94.870737
95.483959
99.218368
97.115291
94.856249
95.382380
96.211625
97.296213
97.390233
95.890005
96.758796
96.341863
94.296920
95.409546
98.458821
94.044246
93.678931
95.618387
95.530285
94.581791
95.813218
94.084102
93.571092
94.865733
94.352475
94.180335
94.835880
94.240777
94.954514
94.490988
94.678333
96.192317
98.507195
95.997075
94.880013
95.652050
94.140145
94.351769
95.112191
94.525770
94.041646
94.376681
94.726889
94.880120
96.872975
94.856148
96.996737
96.897308
94.788524
95.348414
96.201270
96.656926
96.066025
96.595038
94.846530
96.427372
96.909205
95.967071
95.081779
96.033995
97.330965
95.088199
96.753457
94.747154
96.291268
96.226664
94.816155
95.374404
98.100183
95.502911
94.666701
96.613236
95.544118
95.627146
97.378477
95.822416
95.695416
96.291480
95.281368
96.989431
97.970054
94.976449
94.365784
95.541631
95.762583
97.379590
96.964291
94.895406
96.339552
95.427848
97.163926
96.357541
97.325716
95.384728
94.320176
95.294991
95.311558
94.510145
95.149991
94.097867
94.577508
94.936053
95.466518
95.682989
96.805765
95.004571
97.513654
98.593983
95.192206
95.819165
96.470894
95.439827
97.731726
96.778916
95.163828
95.889235
97.228956
95.073433
94.001799
96.614475
95.287331
94.837421
96.518294
94.567888
95.051230
95.468908
94.261499
94.620508
96.362284
95.433246
95.758568
96.196982
94.636618
95.135138
96.564938
94.734630
94.867244
96.031251
94.898255
94.861675
95.893593
94.857768
96.219191
95.585385
95.734891
95.741594
95.454304
95.187207
95.100114
94.524398
95.127472
95.772553
97.163178
95.264102
93.876245
95.738538
93.585901
93.568982
93.409786
93.748172
96.662059
94.610839
96.633340
94.639348
98.019782
95.372479
93.170819
96.250171
96.868206
95.058600
95.056898
95.312554
93.493775
97.207572
95.793433
94.809892
94.997271
92.942921
93.720832
96.872955
94.467565
94.707531
97.684490
93.249539
93.478435
96.185732
94.467111
97.818747
97.450307
93.792336
93.882688
96.837854
95.767743
96.612196
96.691116
94.094927
94.217574
95.495751
95.129130
94.682124
96.042815
94.519659
94.010810
95.265114
93.273279
93.233807
93.590484
93.178017
93.662521
93.850662
93.360153
94.514741
98.307800
94.865576
93.642072
94.831543
93.831647
93.528057
93.559494
93.456597
94.236425
94.997716
93.948620
94.288397
96.191994
95.624839
93.810470
95.464169
95.664849
95.827709
95.676746
94.402786
94.090252
96.170820
92.082410
92.545293
98.727258
96.706654
93.070827
94.465953
95.436056
96.067361
95.624596
94.341951
95.273376
95.686954
93.088187
93.982322
95.198101
94.609142
95.453426
95.250963
95.051508
96.104751
96.877157
96.447166
96.220058
95.560585
92.946270
94.306902
98.397128
96.436814
95.712874
96.077337
94.332939
95.337521
94.916270
91.794032
92.156398
93.106612
92.566129
92.571754
96.924744
94.976360
95.623850
97.024226
95.621746
95.186898
96.893105
94.092385
93.123126
95.901525
93.328122
94.308919
96.871071
94.353588
93.695940
95.445251
94.439056
95.332456
98.579859
94.914089
94.630020
96.134758
95.703050
97.104492
97.978873
95.899239
95.552447
98.112901
94.772517
94.660590
96.689373
93.165323
93.824114
96.842187
93.948533
94.071339
95.969605
94.224470
94.734569
95.674692
93.561094
95.380239
97.062866
93.440383
93.765326
95.258260
93.523350
93.448591
96.142356
94.096126
93.805946
96.055827
92.403444
92.072775
94.641325
94.507596
93.813393
93.777994
92.432350
96.375893
100.000000
97.847322
94.964480
95.022630
92.080244
95.279388
96.118919
91.922720
93.194065
92.735610
93.793375
92.096138
95.703781
95.948697
97.107325
97.568900
92.258831
91.401232
98.128161
97.078073
95.396539
94.550469
92.701639
93.582520
96.457691
96.196528
95.729942
93.845816
92.528698
93.578599
100.000000
95.112990
91.675179
93.389161
95.372280
93.397323
96.951531
91.764569
96.400815
98.326615
95.460732
94.917795
95.289920
95.223945
96.649244
97.074580
93.304897
93.963200
96.178676
93.594584
93.635768
94.976252
92.974697
94.598695
92.983309
91.772738
93.131670
94.888392
92.347933
93.406102
98.156321
95.024266
93.340590
95.197132
93.602893
92.839913
93.410738
93.069506
93.205897
93.540964
93.588920
94.582765
96.500852
94.894508
94.522057
95.950487
94.945348
95.157591
96.789035
94.761307
94.414615
96.112182
93.821761
94.795670
96.770360
94.627982
94.010666
95.787844
93.498728
94.109561
97.328121
94.506454
94.354753
95.615684
94.071786
94.732483
97.180518
94.755875
95.223732
95.538437
94.780117
95.709518
97.027691
94.055657
95.134183
96.515973
93.946528
95.553097
97.418799
94.682666
93.893000
95.740379
93.916716
94.038277
94.612904
93.830624
93.639483
96.306445
94.449972
95.805706
97.457538
95.670340
95.189881
96.443821
96.378482
94.800805
94.560670
93.494647
95.191251
94.772396
93.815361
94.819117
97.521835
94.714442
93.741527
97.109118
94.744363
96.940996
98.982980
94.121765
93.233945
94.768087
94.463457
97.870885
99.937850
91.007143
91.010686
95.315032
97.516547
97.316505
95.911703
92.137768
93.867631
93.695871
91.495556
90.701205
99.053627
97.634194
97.200266
96.002222
92.066817
92.089221
99.279647
97.751498
93.795230
95.074985
92.866080
94.914178
98.168742
94.351074
92.859442
97.039595
92.196142
91.629961
92.286802
93.237580
96.298408
96.979445
94.473729
95.408078
97.504061
96.808968
98.223013
94.873059
92.111026
92.860661
94.213590
93.405680
93.578897
95.525844
96.977553
97.056430
97.964179
95.893257
95.406115
95.373447
95.100694
96.007239
95.452891
94.314773
94.879068
95.015378
94.571464
96.940012
97.600376
95.898483
96.578925
97.862515
96.723302
96.513756
96.820357
94.963865
96.289769
96.765065
93.846906
94.675100
96.903401
95.197092
93.971848
95.882573
95.684479
95.912311
96.896728
93.880316
93.258071
97.498220
96.674807
95.359036
95.882506
95.559795
96.714202
97.883101
96.248502
94.004425
92.722154
92.204044
94.596369
95.429625
92.905286
93.519303
97.314900
94.574878
94.074986
96.127433
93.472545
94.222082
94.762338
93.165463
93.133022
94.822259
94.662263
95.394588
96.859078
94.760678
94.843157
96.432266
94.746300
96.151965
98.208743
94.154392
93.610263
95.379592
94.753479
95.651015
99.068250
96.537401
95.047172
95.670209
96.796097
98.108233
98.250979
95.620381
96.858214
96.964910
94.702099
96.356480
96.282178
93.725795
94.406364
96.028098
94.148364
95.203447
96.564605
93.963831
95.966786
97.859239
96.960354
97.392161
98.924825
94.209710
94.383433
98.647919
96.067884
93.556992
93.580744
93.701071
93.255129
94.159861
93.190208
94.958234
98.928775
94.261182
93.453819
95.898615
94.531575
93.660978
95.004891
92.951593
92.948176
93.978006
95.716900
94.543317
97.008797
94.226904
95.557093
95.457768
94.097699
94.233674
96.115792
94.907262
94.678658
95.393019
94.874605
95.573960
98.235209
94.759468
93.855509
94.872673
95.707598
96.766979
97.320439
94.383888
93.702584
94.926524
95.372690
95.853811
96.590596
94.322531
93.683426
95.552226
94.375915
94.481411
96.496637
96.283685
93.636709
95.522155
94.002253
94.894889
96.679488
94.439848
93.388157
96.907237
94.325202
94.301030
94.158163
93.244821
94.925472
95.749019
94.811215
94.684205
96.903828
95.468690
94.383312
96.806695
93.802582
93.399402
94.020413
94.744753
93.349747
93.582966
93.528634
94.856560
96.401566
94.654439
94.856937
97.035283
96.051317
95.761757
96.297517
96.133335
97.031025
97.500817
98.944687
99.192027
100.000000
100.000000
100.000000
100.000000
100.000000
100.000000
100.000000
100.000000
100.000000
100.000000
100.000000
100.000000
100.000000
100.000000
100.000000
100.000000
100.000000
100.000000
100.000000
100.000000
100.000000
100.000000
100.000000
100.000000
100.000000
100.000000
100.000000
100.000000
100.000000
100.000000
100.000000
100.000000
100.000000
100.000000
100.000000
100.000000
100.000000
100.000000
100.000000
100.000000
100.000000
100.000000
100.000000
100.000000
100.000000
100.000000
100.000000
100.000000
100.000000
100.000000
100.000000
100.000000
100.000000
100.000000
100.000000
100.000000
100.000000
100.000000
100.000000
100.000000
100.000000
100.000000
100.000000
100.000000
100.000000
100.000000
100.000000
100.000000
100.000000
100.000000
100.000000
100.000000
100.000000
100.000000
100.000000
100.000000
100.000000
100.000000
100.000000
100.000000
100.000000
100.000000
100.000000
100.000000
100.000000
100.000000
100.000000
100.000000
100.000000
100.000000
100.000000
100.000000
100.000000
100.000000
100.000000
100.000000
100.000000
100.000000
100.000000
100.000000
100.000000
100.000000
100.000000
100.000000
100.000000
100.000000
100.000000
100.000000
100.000000
100.000000
100.000000
100.000000
100.000000
100.000000
100.000000
100.000000
100.000000
100.000000
100.000000
100.000000
100.000000
100.000000
100.000000
100.000000
100.000000
100.000000
100.000000
100.000000
100.000000
100.000000
100.000000
100.000000
100.000000
100.000000
100.000000
100.000000
100.000000
100.000000
100.000000
100.000000
100.000000
100.000000
100.000000
100.000000
100.000000
100.000000
100.000000
100.000000
100.000000
100.000000
100.000000
100.000000
100.000000
100.000000
100.000000
100.000000
100.000000
100.000000
100.000000
100.000000
100.000000
100.000000
100.000000
100.000000
100.000000
100.000000
100.000000
100.000000
100.000000
100.000000
100.000000
100.000000
100.000000
100.000000
100.000000
100.000000
100.000000
100.000000
100.000000
100.000000
99.935385
100.000000
100.000000
100.000000
100.000000
100.000000
100.000000
100.000000
100.000000
100.000000
100.000000
100.000000
100.000000
100.000000
100.000000
100.000000
100.000000
100.000000
100.000000
100.000000
100.000000
100.000000
100.000000
100.000000
100.000000
100.000000
100.000000
100.000000
100.000000
100.000000
100.000000
100.000000
100.000000
100.000000
100.000000
100.000000
100.000000
100.000000
100.000000
100.000000
100.000000
100.000000
100.000000
100.000000
100.000000
100.000000
100.000000
100.000000
100.000000
100.000000
100.000000
100.000000
100.000000
100.000000
100.000000
100.000000
100.000000
100.000000
100.000000
100.000000
100.000000
100.000000
100.000000
100.000000
100.000000
100.000000
100.000000
100.000000
100.000000
100.000000
100.000000
100.000000
100.000000
100.000000
100.000000
100.000000
100.000000
100.000000
100.000000
100.000000
100.000000
100.000000
100.000000
100.000000
100.000000
100.000000
100.000000
100.000000
100.000000
100.000000
100.000000
100.000000
100.000000
100.000000
100.000000
100.000000
100.000000
100.000000
100.000000
100.000000
100.000000
100.000000
100.000000
100.000000
100.000000
100.000000
100.000000
100.000000
100.000000
100.000000
100.000000
100.000000
100.000000
100.000000
100.000000
100.000000
100.000000
100.000000
100.000000
100.000000
100.000000
100.000000
100.000000
100.000000
100.000000
100.000000
100.000000
99.914889
99.341598
99.098609
98.650636
98.832205
98.666448
99.030475
98.877956
99.422343
98.877241
98.803998
98.983564
99.198602
99.025909
99.516577
99.653580
99.777458
99.110312
100.000000
99.957167
100.000000
99.858840
100.000000
99.824100
100.000000
100.000000
100.000000
100.000000
99.402169
100.000000
99.979467
100.000000
100.000000
100.000000
100.000000
99.288927
100.000000
100.000000
100.000000
100.000000
100.000000
100.000000
100.000000
100.000000
100.000000
100.000000
100.000000
100.000000
100.000000
100.000000
100.000000
100.000000
100.000000
100.000000
100.000000
100.000000
100.000000
100.000000
100.000000
100.000000
100.000000
100.000000
100.000000
100.000000
100.000000
100.000000
99.927820
99.995428
100.000000
100.000000
99.904821
99.956833
100.000000
99.736038
100.000000
100.000000
100.000000
99.876595
99.899649
100.000000
100.000000
99.914965
99.898340
99.722339
99.992475
100.000000
100.000000
100.000000
99.505858
99.966814
99.638282
99.147461
99.535671
99.309855
99.004699
98.101017
98.901638
98.958325
98.791138
98.923172
98.998832
98.907057
99.478717
99.461959
99.645776
99.309986
99.088357
99.041562
99.215015
99.226483
99.522683
99.188383
99.456700
98.928032
99.076878
98.981118
99.389529
99.271381
99.229719
99.257079
99.007254
99.048158
99.673779
99.179510
99.695056
99.391804
99.570532
99.223719
100.000000
99.506903
99.600122
99.683005
99.367120
99.492551
100.000000
99.409894
99.346045
99.459750
99.507191
99.327152
99.840504
99.306850
99.050808
98.798234
99.498650
99.532068
99.955386
99.408939
99.099044
99.516174
99.274333
99.202255
99.818516
99.548534
99.447673
98.200722
99.244939
99.150763
99.334584
99.496724
99.497288
99.349140
99.648370
99.752624
100.000000
99.423317
99.693765
99.321425
99.628348
99.664949
99.719139
99.281416
99.749769
99.366733
99.611682
99.504640
99.912784
99.663527
99.704414
99.506370
99.300169
99.269509
100.000000
99.610910
100.000000
100.000000
98.890452
98.386738
100.000000
98.963150
98.810867
99.743910
99.607020
99.224670
99.517629
99.485788
99.116721
100.000000
98.689377
98.614591
99.826357
98.697027
99.192372
98.814604
98.815508
98.768325
99.446415
98.900892
98.817643
99.755376
99.807145
99.438198
100.000000
98.871869
98.473466
98.563585
99.144692
99.274106
99.187446
99.148447
98.982132
98.839281
96.654687
96.041108
95.419213
94.275722
91.681290
96.537087
94.487133
94.599647
95.669969
94.971747
94.540122
95.692173
94.291136
94.517551
95.613065
94.188909
95.016580
97.122855
93.752441
93.726731
95.961296
94.328516
95.863057
97.886195
94.665497
94.306276
96.645742
94.594872
95.720935
97.504700
94.812931
94.740900
95.474708
94.740272
95.250713
98.228105
97.062716
96.375552
95.899664
94.791475
97.260568
95.582407
95.488892
95.614152
95.231416
95.039124
96.004279
98.640211
95.431426
97.453867
97.823878
94.910182
94.811377
95.458200
97.899185
96.825720
95.999369
96.381652
96.920903
98.724957
98.274846
96.677301
96.927291
96.115261
97.473575
97.817709
96.961836
95.963637
99.451502
96.917210
96.450718
98.473084
96.729627
97.192422
99.176319
96.352489
97.163885
97.679096
95.953890
97.718197
98.214133
96.193003
96.740914
97.773987
96.438379
97.811409
97.645150
96.503384
96.915029
99.151187
96.662184
96.313803
97.409244
96.655522
96.861141
98.635111
96.845441
96.323298
98.144250
96.260549
96.427410
97.004857
95.343416
96.954358
97.312734
97.380452
96.890754
97.799382
98.817567
97.563649
97.124034
95.310671
95.410484
96.602992
97.829796
97.866893
95.961138
95.622513
96.692679
100.000000
98.542154
96.742812
96.936335
96.282282
98.445889
98.994451
96.614328
96.819988
98.120289
96.826819
97.666130
98.301202
97.496595
98.669840
97.368032
96.917367
97.115033
98.525543
98.560458
96.731359
97.537185
97.212932
97.491070
98.150184
96.862193
96.752296
97.180991
96.467758
97.653382
98.308877
96.273234
96.377551
96.821757
96.870814
97.178681
97.413873
97.730341
97.215289
96.843626
96.614671
96.770815
97.549946
97.466563
97.613805
96.511164
97.045922
96.870918
98.021910
96.500936
96.043110
96.034095
97.369834
98.234157
95.572644
95.483466
97.050059
98.167818
97.207905
97.436091
97.931367
97.115066
96.443270
96.885050
96.656316
97.286139
97.661898
96.983856
97.786688
97.454409
96.858435
97.276378
98.521062
98.826185
97.598411
98.628937
97.568874
98.433568
98.060369
98.044555
97.752848
98.999323
97.044749
97.270705
97.804748
98.856788
97.330450
97.075038
96.329159
97.079066
97.845665
97.374347
97.435087
97.770571
97.680042
98.146598
99.360071
99.109172
98.629323
98.055382
97.690553
97.882456
98.678025
98.267962
98.124883
97.912048
97.709065
97.720942
98.240525
96.888547
96.384540
96.876650
96.188208
96.188145
96.605101
96.657457
96.764060
96.760249
96.918644
97.466016
98.221978
97.499057
97.465608
97.994042
98.766714
98.583549
98.349309
97.184963
98.150405
99.455383
97.064896
97.512441
98.194268
97.272739
97.234609
98.846502
96.738334
97.229128
97.574849
97.082009
97.405044
97.577274
96.904208
97.934993
98.333737
97.011283
97.219434
98.509490
98.223693
98.194525
98.444702
98.183470
98.883818
98.974519
98.626200
98.910549
98.662932
97.421011
97.230131
97.264333
97.116760
97.054248
96.917708
97.092449
97.201884
97.394352
97.273862
96.659676
97.062980
96.387991
95.577205
96.070497
95.600685
95.131624
94.822499
95.945667
95.561740
95.726604
95.640445
95.569183
97.646323
96.135576
96.119946
96.733764
96.437543
96.967256
96.830444
96.854329
96.675576
97.200482
96.954595
96.710172
96.886159
96.231186
97.006860
97.044739
96.694808
96.675312
97.469840
96.536618
97.490009
97.865941
96.788179
97.392284
99.081006
98.710920
95.770455
96.419392
96.082968
97.485185
98.991074
95.925274
95.722089
96.841970
96.410624
97.338375
97.031034
96.379679
96.697365
96.909356
96.355938
96.681526
95.793567
96.180129
96.440749
96.461975
96.692197
95.908960
97.150092
96.002500
95.684312
96.569776
96.332999
95.538076
95.117984
95.384488
96.570231
96.829323
96.534875
96.540044
97.344795
97.033738
97.452827
98.441270
97.186324
97.401225
97.704962
97.852132
97.695285
98.307107
97.590167
96.976033
97.154735
96.888844
96.910227
97.348228
96.505727
96.896893
97.186792
96.670853
97.167919
97.319441
96.798390
96.715228
96.989209
96.777669
96.655200
97.293214
96.741060
96.585385
97.088638
96.791080
96.237956
96.949071
96.540863
96.543790
96.656731
96.527571
96.380893
97.111434
96.229509
96.147885
95.464222
96.066596
96.243077
96.102477
96.388986
96.401344
99.226077
98.225301
97.378457
98.093084
98.307103
98.919931
99.517333
97.877169
98.044508
99.802744
97.907098
95.821359
95.947191
97.625887
97.068914
96.893337
96.391037
96.636892
97.700369
97.101321
99.330010
97.456082
96.982296
96.381947
97.898365
98.324262
99.139004
97.862626
96.899828
96.930324
97.587015
97.043036
98.107092
97.106546
96.753953
97.436030
98.560444
97.104178
96.252919
96.934518
96.545777
96.967823
98.159802
96.729242
96.588338
98.185661
97.100694
97.360450
97.675456
96.858801
98.002593
97.993473
97.025862
97.078445
97.755354
98.174509
97.560926
98.940700
98.638536
97.612583
97.707860
99.577675
98.017773
97.738212
96.959769
97.140173
96.415976
96.689094
97.863850
97.968003
97.436273
97.965179
99.140924
97.803895
97.948978
100.000000
98.878855
99.349348
99.531496
99.250979
100.000000
100.000000
99.414254
99.039620
99.779691
98.921457
100.000000
99.609877
99.046013
99.101919
99.826020
99.049270
100.000000
100.000000
99.706484
99.446355
99.889179
100.000000
100.000000
100.000000
100.000000
99.902701
100.000000
100.000000
100.000000
100.000000
99.808201
99.575061
100.000000
99.662693
99.753489
100.000000
99.774116
100.000000
99.355578
99.979042
100.000000
99.919412
100.000000
100.000000
100.000000
100.000000
100.000000
100.000000
100.000000
99.965523
100.000000
100.000000
100.000000
100.000000
100.000000
100.000000
100.000000
100.000000
100.000000
100.000000
100.000000
100.000000
100.000000
100.000000
100.000000
99.996224
100.000000
100.000000
100.000000
99.811805
99.591107
100.000000
98.615189
99.299194
100.000000
100.000000
100.000000
99.845133
99.291339
100.000000
100.000000
99.574330
98.799658
100.000000
99.486350
99.125642
99.479556
98.927891
98.768358
98.591414
96.922335
100.000000
99.188469
98.157342
97.837843
99.303190
99.388529
97.230886
97.117761
100.000000
98.206321
98.303583
98.777669
99.998812
100.000000
99.597707
100.000000
100.000000
99.848229
100.000000
98.684124
100.000000
99.757174
98.798934
98.955629
99.531769
100.000000
97.476126
96.536776
100.000000
95.624924
97.090306
100.000000
97.084143
96.799636
100.000000
99.425575
98.925574
99.726184
98.328654
97.553929
98.741682
98.477839
99.029907
99.059395
98.149067
98.379936
99.557849
98.270555
99.686281
99.890353
99.124715
99.082973
99.809154
99.643739
100.000000
100.000000
97.697001
98.863395
100.000000
100.000000
100.000000
100.000000
98.906294
98.109170
100.000000
100.000000
98.988959
97.586881
99.305338
99.031930
100.000000
98.856570
99.300917
100.000000
98.891200
98.127568
100.000000
99.926576
98.901950
99.046810
97.967218
98.187167
99.745059
99.273751
99.024102
99.754466
98.987675
98.592324
100.000000
98.129479
97.929358
100.000000
100.000000
98.208597
99.579614
98.656639
99.236722
99.109841
98.855553
97.960696
99.774521
98.848189
97.377539
98.711032
98.727562
99.657019
98.892426
97.862306
98.382253
100.000000
97.787424
95.877365
98.283940
99.049703
98.657859
96.860443
95.893973
98.303026
98.220845
95.901482
97.233300
100.000000
97.140541
96.070827
98.711742
96.554562
97.611909
96.130084
96.172633
96.926017
96.949919
95.112646
94.834549
99.842517
97.387948
96.029840
95.974366
96.066374
97.443680
95.310233
95.336187
95.381944
96.189365
95.588209
96.835919
98.115614
95.774918
95.079448
96.970593
96.847989
96.862674
97.743526
96.914551
95.938026
96.407007
94.949210
95.966578
99.198062
97.265708
95.838452
96.268966
95.050286
96.997416
97.491191
95.817618
95.799427
96.347449
95.057339
97.549384
98.314857
95.590509
95.032051
97.259239
94.770243
95.133285
97.958838
95.638484
94.780612
96.360383
95.057624
95.677548
97.709719
95.189222
94.649990
96.912255
94.669166
94.971038
96.146291
94.058818
95.883763
95.416097
93.726089
96.272908
98.089661
95.576682
94.851120
97.630540
94.466273
94.757611
94.991456
94.640318
94.579391
95.356411
94.663474
95.453048
97.009745
95.099137
95.131170
96.859537
95.338536
95.497370
97.791651
94.599472
94.654596
96.899505
94.292884
95.821863
98.074956
94.406985
94.377549
96.022680
94.521268
95.049064
97.547348
96.494047
94.873006
96.742184
94.803693
96.684390
99.307733
95.474961
95.839797
96.912012
96.319706
96.315713
96.302212
94.519339
94.378120
96.590537
94.973126
97.032301
97.860281
94.549210
94.743589
97.244607
94.708334
95.697566
95.149137
93.957669
94.036323
95.126031
96.165820
95.148260
98.428686
95.903534
94.839035
96.106336
96.481790
94.858634
96.381372
94.728044
94.340030
96.546016
95.882902
96.203193
98.298687
95.591095
95.949174
96.993110
96.008509
97.609345
99.257720
95.463732
95.316737
97.530084
97.391846
97.366055
98.104805
96.087326
95.795471
97.172145
97.558204
98.265974
98.856731
95.776658
95.455505
97.155256
95.828644
96.686245
98.612712
96.105407
95.925314
96.716068
96.509210
96.905339
98.171820
96.028106
95.389439
97.318700
95.718115
96.005917
97.513653
96.065161
95.967833
97.005413
95.739814
96.844061
96.999100
95.625703
96.388482
98.086531
96.702718
96.284669
99.331806
96.135410
95.777679
97.151409
95.521230
96.099995
95.642868
95.683603
96.620381
96.335360
95.922595
97.078154
98.390774
98.097805
97.717780
98.301451
96.822033
97.561671
98.571136
98.055586
97.099303
98.349817
96.980475
97.692617
98.614857
96.625916
96.080916
97.295437
95.069795
96.296814
100.000000
94.946028
93.966678
98.679067
95.178825
97.976319
95.885265
95.587901
96.885136
97.408484
96.238409
94.834197
93.165513
97.448577
96.644621
96.694169
96.923874
94.753359
97.053303
96.458592
96.995808
96.221718
95.922742
95.283760
94.061389
95.539357
91.861914
93.885882
97.594985
93.369051
97.638970
95.570344
94.800492
97.603743
95.295543
93.777707
98.498887
94.571843
95.389141
94.846885
95.119204
97.983041
100.000000
96.888064
95.984734
98.336996
97.403394
98.456936
97.528289
96.712471
97.857779
96.794705
97.111045
96.400869
99.619102
99.265263
96.751582
97.609275
96.202423
96.474821
98.302733
98.043700
96.234057
99.348381
97.514459
97.083299
97.945515
98.169753
96.402344
97.773802
96.510412
98.706339
98.825013
97.257092
96.594647
97.787565
96.560523
98.416766
97.782818
96.164488
95.319507
98.374486
95.910862
95.372025
97.935826
97.362191
97.435634
96.441918
97.844600
96.057267
99.399335
97.449755
96.911284
97.002968
96.374659
94.387264
93.726772
96.231032
96.075882
96.723152
95.723218
96.459370
97.573536
98.143240
97.870181
99.818267
97.593265
98.264581
97.867509
96.488875
96.277390
98.424312
96.759660
96.507079
98.436694
97.126710
96.084157
100.000000
97.271739
96.954737
97.369576
96.533007
97.872056
100.000000
96.447192
96.780311
98.091354
97.740165
96.670871
97.644424
96.321935
98.515866
99.247848
97.028438
95.595758
98.381973
97.988373
97.381570
98.163715
97.537119
96.043952
97.377581
98.605845
96.313086
97.191729
96.364192
95.082319
97.091627
96.032664
96.784448
99.664361
97.145151
96.293299
97.347210
96.334271
97.224903
96.513170
95.611389
95.925298
96.991481
96.637679
97.730946
97.783511
96.674986
97.344143
97.897884
97.093595
96.932904
98.716735
97.332785
97.469849
97.958751
95.755783
96.905584
99.446866
97.904462
96.719373
98.311786
97.064019
97.962150
99.564158
96.630007
96.657793
98.371653
96.855646
97.672301
98.473853
96.906862
97.781831
97.616607
97.000492
97.523522
98.997940
96.809034
96.862061
98.564666
96.900929
97.550839
99.175107
97.594808
97.281402
98.813325
96.994162
97.248877
98.030416
97.399612
97.602027
98.321472
98.289781
100.000000
100.000000
99.842771
99.660719
99.242362
97.009088
96.922708
97.793767
97.148763
96.512375
97.127070
97.661166
98.037817
99.374043
97.741076
97.389092
98.133469
97.203599
98.040041
99.875743
97.508369
97.397017
98.332345
97.925393
97.550701
98.459490
96.120140
95.429781
97.208590
95.607369
97.593002
98.862510
96.629016
95.082271
96.324004
95.868679
95.753108
97.636864
96.709482
94.861984
96.325741
95.455668
96.052497
98.919812
94.439602
94.615817
96.213433
95.068664
95.613179
97.401687
95.070667
94.019448
97.685659
94.450049
95.038272
95.518767
94.564139
95.064804
96.262847
94.412288
95.204327
97.594340
96.203044
95.802074
96.291137
94.229404
94.602770
97.148206
95.413480
95.565513
95.888713
95.795878
95.975526
97.783613
95.344926
94.306418
95.868636
94.895860
95.536006
97.868778
95.072943
93.772605
96.254637
95.146370
97.220147
98.136840
96.487013
94.354977
95.811018
94.395191
95.887681
96.957699
93.865634
93.322221
95.553748
93.269593
94.685036
97.764023
96.434719
93.995003
95.561609
93.486532
95.247930
97.818175
93.493522
93.806096
97.051509
93.484780
94.334135
97.234898
94.633883
95.854525
96.571493
94.011208
94.072361
94.842283
93.286133
93.860802
94.775347
95.424197
95.583207
96.124817
95.711453
93.507763
95.960030
92.593092
92.839931
96.995698
95.095950
93.283294
94.292357
93.216950
94.425435
97.204443
95.013032
93.798510
96.772516
95.007714
97.772570
100.000000
98.208675
98.536937
99.905632
98.618724
99.568578
100.000000
100.000000
99.669880
100.000000
100.000000
100.000000
100.000000
100.000000
100.000000
100.000000
100.000000
100.000000
100.000000
99.887957
100.000000
100.000000
100.000000
100.000000
100.000000
100.000000
100.000000
100.000000
100.000000
100.000000
100.000000
100.000000
100.000000
100.000000
100.000000
100.000000
100.000000
100.000000
100.000000
100.000000
100.000000
100.000000
100.000000
100.000000
100.000000
100.000000
100.000000
100.000000
100.000000
100.000000
100.000000
100.000000
100.000000
100.000000
100.000000
100.000000
100.000000
100.000000
100.000000
100.000000
100.000000
100.000000
100.000000
100.000000
100.000000
100.000000
100.000000
100.000000
100.000000
100.000000
100.000000
100.000000
100.000000
100.000000
100.000000
100.000000
100.000000
100.000000
100.000000
100.000000
100.000000
100.000000
100.000000
100.000000
100.000000
100.000000
99.572293
100.000000
99.693126
99.821487
100.000000
98.751171
98.182619
100.000000
98.393781
98.376008
98.635581
97.634436
97.962267
99.539845
97.732175
98.412709
100.000000
98.582517
98.163280
99.479570
98.144871
98.064404
98.224316
98.011878
98.337998
99.036829
97.945317
98.128529
99.659199
98.191886
97.964122
99.649255
97.991571
98.479611
99.304855
97.448244
97.281716
98.462400
97.566423
97.688898
99.491941
97.624226
97.755585
98.970826
98.278705
97.801937
99.152101
97.726078
98.014592
99.458111
98.637811
98.508143
100.000000
98.473513
98.580201
100.000000
98.886710
99.324594
100.000000
99.843466
99.878979
100.000000
100.000000
100.000000
100.000000
99.907148
100.000000
100.000000
100.000000
100.000000
99.714678
99.453333
99.436689
100.000000
99.021822
99.091100
100.000000
99.231162
99.021631
100.000000
98.660421
98.727939
98.139191
98.588675
98.668145
99.764379
99.135087
99.318534
99.393599
98.751206
99.216067
100.000000
99.353598
99.734147
100.000000
98.946172
98.717942
100.000000
98.853518
98.712209
99.912347
98.924145
99.181146
100.000000
99.341990
99.591811
100.000000
99.787790
99.625453
100.000000
99.554933
99.799245
100.000000
99.471429
99.409743
100.000000
99.597945
99.659661
100.000000
98.790825
98.120376
99.823704
98.719675
98.781894
99.087913
96.995127
96.621236
98.938834
96.483863
97.299213
98.754297
96.788265
96.483650
97.566247
96.377868
97.443982
99.765655
97.342325
96.844059
99.157982
97.255754
96.713424
96.818256
96.523715
97.550324
97.626835
97.508301
96.717003
98.380725
97.540914
97.952681
99.039520
97.867150
97.751141
99.241551
97.783457
97.284377
98.605276
98.073508
97.961890
98.507987
96.474895
96.817581
99.053991
97.241406
97.668705
99.325519
98.263857
98.193941
100.000000
98.517619
99.067560
100.000000
99.157852
99.364590
100.000000
99.780957
99.664085
99.803177
98.896892
99.332710
100.000000
98.756062
98.614752
100.000000
97.320567
97.288151
98.711704
97.635424
97.489731
98.010890
97.165378
97.003500
97.126775
96.502457
97.122607
100.000000
97.579999
96.681218
99.213790
98.759786
97.720666
98.254047
98.658579
98.772927
99.128734
99.099571
98.991149
100.000000
98.823998
98.945172
99.783467
98.051019
98.920828
99.657482
98.717422
98.205204
100.000000
98.576378
99.025278
99.386224
97.153026
97.018601
98.755486
96.653343
96.683457
98.393017
96.881972
96.347758
98.278328
96.385883
97.444975
97.780402
96.092092
96.550155
97.446175
97.213377
96.633943
97.659288
97.226643
96.248077
97.453883
97.350476
95.852817
98.296405
97.113839
97.310605
98.327705
98.187078
96.897611
98.045847
96.761920
97.702448
98.108292
98.028021
96.510910
99.561730
97.660523
97.581450
98.660607
97.510577
97.598226
97.579304
97.778463
98.617983
99.429047
98.932751
99.427663
100.000000
99.458980
99.678204
100.000000
99.336895
99.796178
100.000000
99.384799
99.694036
100.000000
100.000000
100.000000
100.000000
99.654754
99.657242
100.000000
99.877183
99.703926
100.000000
99.632520
100.000000
100.000000
99.849135
100.000000
100.000000
99.867526
99.690635
100.000000
99.783684
100.000000
100.000000
99.645786
99.476924
100.000000
99.345582
99.449743
100.000000
99.729225
99.739545
100.000000
100.000000
100.000000
100.000000
100.000000
100.000000
100.000000
100.000000
100.000000
100.000000
100.000000
100.000000
100.000000
100.000000
100.000000
100.000000
100.000000
100.000000
100.000000
100.000000
100.000000
100.000000
100.000000
100.000000
100.000000
100.000000
100.000000
100.000000
99.422889
99.686618
99.992374
99.327324
99.442622
99.166393
99.792526
98.930719
100.000000
99.153637
99.609190
99.682103
98.787328
98.569048
100.000000
99.323529
99.245273
100.000000
99.675181
99.384993
99.980420
98.391775
99.083486
99.559856
100.000000
100.000000
100.000000
100.000000
98.065605
98.508550
98.396605
99.440322
100.000000
98.278753
99.198956
100.000000
100.000000
99.970981
100.000000
100.000000
100.000000
100.000000
100.000000
100.000000
100.000000
100.000000
100.000000
99.638464
100.000000
100.000000
100.000000
100.000000
100.000000
100.000000
100.000000
100.000000
100.000000
100.000000
100.000000
100.000000
100.000000
100.000000
100.000000
100.000000
100.000000
100.000000
100.000000
100.000000
100.000000
100.000000
100.000000
100.000000
100.000000
100.000000
100.000000
100.000000
100.000000
100.000000
100.000000
100.000000
100.000000
100.000000
100.000000
100.000000
99.834597
100.000000
100.000000
100.000000
100.000000
100.000000
100.000000
100.000000
100.000000
99.911728
99.663252
99.635648
98.972167
99.689539
100.000000
100.000000
99.575557
100.000000
100.000000
99.919291
100.000000
99.777010
99.643684
99.972066
99.162549
99.594508
99.803144
99.619134
99.923555
100.000000
99.651695
100.000000
100.000000
99.946758
100.000000
100.000000
100.000000
99.792964
100.000000
100.000000
100.000000
100.000000
99.022524
98.906535
100.000000
99.242615
99.510831
100.000000
100.000000
100.000000
100.000000
99.269464
99.550915
100.000000
99.303302
99.166994
100.000000
98.978245
98.825399
99.601114
99.870365
99.739956
100.000000
99.692125
99.295639
100.000000
99.317387
99.736271
100.000000
100.000000
99.955893
98.364326
99.313485
99.374237
100.000000
99.653265
99.892373
100.000000
99.576012
99.780924
100.000000
99.734569
99.686012
99.321816
99.712868
99.693308
100.000000
100.000000
100.000000
100.000000
100.000000
100.000000
100.000000
100.000000
100.000000
100.000000
100.000000
100.000000
100.000000
100.000000
100.000000
100.000000
100.000000
100.000000
100.000000
100.000000
100.000000
100.000000
100.000000
100.000000
100.000000
100.000000
100.000000
100.000000
100.000000
100.000000
100.000000
100.000000
100.000000
100.000000
100.000000
100.000000
100.000000
100.000000
100.000000
100.000000
99.988159
99.550273
100.000000
99.398845
99.744806
99.614997
99.551473
100.000000
100.000000
100.000000
99.277236
100.000000
100.000000
100.000000
100.000000
99.529112
99.485127
99.270181
99.548974
99.273629
99.465106
98.756751
98.819399
98.749839
99.069052
99.020294
99.274775
98.310323
98.695866
98.369499
97.968856
98.372678
99.064429
98.575797
98.247098
99.074773
99.160828
99.085222
99.692630
98.397518
98.643815
99.563929
99.563468
99.093707
99.793074
98.632657
99.090862
99.211325
99.599765
99.521281
100.000000
98.329747
97.856201
99.578183
98.982747
99.629015
100.000000
99.990635
99.906544
100.000000
100.000000
100.000000
100.000000
100.000000
100.000000
100.000000
100.000000
100.000000
100.000000
100.000000
100.000000
100.000000
100.000000
100.000000
100.000000
100.000000
100.000000
100.000000
100.000000
100.000000
100.000000
100.000000
100.000000
100.000000
100.000000
100.000000
100.000000
100.000000
100.000000
100.000000
100.000000
100.000000
100.000000
100.000000
100.000000
100.000000
100.000000
100.000000
100.000000
100.000000
100.000000
100.000000
100.000000
100.000000
100.000000
100.000000
100.000000
100.000000
100.000000
100.000000
100.000000
100.000000
100.000000
100.000000
100.000000
100.000000
100.000000
100.000000
100.000000
100.000000
100.000000
100.000000
100.000000
100.000000
100.000000
100.000000
100.000000
100.000000
100.000000
100.000000
100.000000
100.000000
100.000000
100.000000
100.000000
100.000000
100.000000
100.000000
100.000000
100.000000
100.000000
100.000000
100.000000
100.000000
100.000000
100.000000
100.000000
100.000000
100.000000
100.000000
100.000000
100.000000
100.000000
100.000000
100.000000
100.000000
100.000000
100.000000
100.000000
100.000000
100.000000
100.000000
100.000000
100.000000
100.000000
100.000000
100.000000
100.000000
100.000000
100.000000
100.000000
100.000000
100.000000
100.000000
100.000000
100.000000
100.000000
100.000000
100.000000
100.000000
100.000000
100.000000
100.000000
100.000000
100.000000
100.000000
100.000000
100.000000
100.000000
100.000000
100.000000
