97.133174
98.432397
100.000000
98.234540
100.000000
98.493789
99.126115
97.183919
99.669676
98.179712
100.000000
98.820085
98.206258
97.721830
100.000000
98.357880
100.000000
98.739414
99.562929
97.276156
99.940188
97.843593
100.000000
98.992921
99.338503
96.902124
100.000000
97.496382
100.000000
98.781023
98.307362
97.325754
99.767921
97.391334
99.945702
99.220582
100.000000
97.004742
99.961607
97.322978
99.667752
99.262569
99.328605
97.495308
100.000000
98.206898
100.000000
98.525233
98.131322
98.020425
100.000000
97.738760
99.918187
98.569651
98.463871
98.293158
100.000000
100.000000
99.085911
98.561686
98.424494
97.164715
99.789557
99.762182
99.948920
98.067206
98.294480
96.971505
99.705757
98.033223
100.000000
98.362455
99.794380
96.982894
100.000000
97.485834
99.553610
98.402511
98.170027
97.277105
100.000000
97.308853
99.656977
97.455486
97.876117
97.843045
100.000000
97.547290
99.614057
97.363403
99.714891
98.640720
100.000000
97.423512
99.715000
98.029594
100.000000
99.171887
100.000000
97.156016
99.811560
98.441711
99.400158
97.501436
100.000000
97.481009
100.000000
98.208644
99.461011
97.624577
100.000000
98.069804
100.000000
98.344799
98.752417
98.227034
99.983029
100.000000
98.708742
99.151845
98.364132
96.961643
100.000000
97.509917
99.716818
97.904847
98.699365
97.376874
100.000000
97.333919
99.834184
97.544741
98.681531
97.268462
100.000000
97.406813
99.759805
98.783801
98.768662
97.271517
100.000000
97.457823
100.000000
97.912727
98.212676
96.522425
100.000000
99.995186
100.000000
97.635638
98.117572
97.848766
100.000000
98.222068
100.000000
98.161889
98.308720
98.205882
100.000000
98.023699
99.902983
98.386914
99.874262
97.892207
100.000000
98.114526
100.000000
98.681817
99.116540
98.039971
100.000000
97.687632
100.000000
98.947186
100.000000
97.873548
100.000000
100.000000
99.195175
100.000000
100.000000
97.608135
100.000000
98.028358
100.000000
98.900019
99.235001
97.353728
100.000000
97.792042
100.000000
98.570073
100.000000
97.300280
100.000000
97.806869
100.000000
98.511965
100.000000
97.185694
100.000000
97.922323
100.000000
99.818828
98.642947
97.479048
100.000000
98.859772
100.000000
97.801145
98.665026
98.027147
100.000000
97.434004
100.000000
97.685591
98.419075
97.177123
100.000000
97.368336
100.000000
98.817304
98.962424
96.963528
100.000000
97.715244
100.000000
98.379647
100.000000
99.448582
100.000000
98.788506
100.000000
99.297564
97.277389
97.123155
100.000000
99.985915
97.978806
99.860203
98.643884
97.121779
100.000000
99.209422
100.000000
99.947655
100.000000
99.056046
100.000000
98.641097
100.000000
98.692704
96.407495
96.834819
100.000000
96.897716
99.950026
98.018275
99.078333
97.853543
100.000000
97.579867
100.000000
99.235757
100.000000
98.517297
100.000000
98.859687
100.000000
98.501916
100.000000
99.043826
100.000000
97.949619
100.000000
99.569519
99.329237
98.419207
100.000000
98.043671
100.000000
98.734042
100.000000
97.390936
100.000000
97.497315
100.000000
98.098133
98.819031
97.407202
100.000000
97.562022
100.000000
98.088914
99.136719
98.433543
100.000000
100.000000
97.969503
99.949071
100.000000
98.358015
100.000000
97.907175
100.000000
98.310822
99.527831
97.899491
100.000000
96.997228
100.000000
97.783400
99.163293
97.335733
100.000000
97.660028
100.000000
97.711316
98.408394
98.469558
100.000000
97.518788
100.000000
98.756777
98.612883
97.739395
100.000000
97.270415
100.000000
97.956489
98.631493
97.348764
100.000000
97.500099
100.000000
98.012183
100.000000
98.059186
100.000000
97.842751
100.000000
98.043022
99.277433
98.368358
100.000000
97.655835
100.000000
99.585604
99.975669
98.007260
100.000000
97.960323
100.000000
99.348978
99.897617
97.899031
100.000000
100.000000
98.893437
99.074404
99.225905
97.644932
100.000000
97.340078
100.000000
98.315153
99.471906
97.484566
100.000000
97.727336
100.000000
98.189150
98.946055
96.947512
100.000000
98.578073
100.000000
98.236597
98.556286
97.203231
100.000000
97.262310
100.000000
98.213264
99.484737
97.543771
100.000000
97.607429
100.000000
97.790219
98.562066
96.659824
100.000000
96.963626
99.986649
97.834943
98.643937
97.400533
100.000000
96.865711
100.000000
97.770509
98.798355
97.565823
100.000000
98.045664
100.000000
97.838871
98.420707
97.248326
100.000000
97.024094
100.000000
98.012656
99.138000
98.152525
100.000000
100.000000
98.124420
99.090342
98.995293
97.340328
100.000000
97.498073
100.000000
97.879440
98.353000
96.976236
100.000000
97.647676
100.000000
97.594796
100.000000
97.723065
100.000000
97.014100
100.000000
97.070965
97.387236
97.777191
100.000000
97.866993
100.000000
97.289914
97.262080
96.029450
100.000000
97.732295
100.000000
97.367870
100.000000
96.298796
100.000000
97.245204
100.000000
99.631557
99.421241
96.874182
100.000000
97.888639
100.000000
99.134957
98.912302
96.875690
100.000000
97.281244
100.000000
97.597400
98.651209
97.265563
100.000000
97.399549
100.000000
98.153341
98.825682
97.817610
100.000000
100.000000
98.102109
99.271862
99.959959
97.412638
100.000000
96.889513
100.000000
98.180507
99.011745
97.025489
100.000000
97.517491
99.916661
97.417405
99.179689
98.120795
100.000000
96.417113
100.000000
98.414429
98.160859
96.686085
100.000000
97.492603
99.948288
97.135867
100.000000
98.702968
100.000000
96.541073
100.000000
98.671280
98.402105
97.225443
100.000000
97.314406
99.939385
97.439616
97.948700
96.868301
100.000000
97.653153
100.000000
98.866731
99.409640
98.788803
100.000000
97.522976
100.000000
98.359815
100.000000
98.998581
100.000000
98.237687
100.000000
99.269362
99.977708
96.950173
100.000000
100.000000
98.444151
98.730815
98.681516
97.649302
100.000000
98.766378
100.000000
99.687972
100.000000
98.534224
100.000000
99.053874
100.000000
97.736052
99.455853
97.424728
100.000000
97.442068
100.000000
98.608274
100.000000
98.575802
100.000000
98.761182
100.000000
100.000000
100.000000
99.035380
100.000000
99.237471
100.000000
98.296527
99.813659
97.283763
100.000000
98.549816
100.000000
97.921777
99.045216
97.415691
100.000000
97.520502
100.000000
99.424435
100.000000
97.288695
100.000000
97.571563
100.000000
97.891008
99.463146
98.178963
100.000000
97.841230
100.000000
98.011025
99.662446
99.257204
100.000000
100.000000
98.556316
100.000000
100.000000
100.000000
100.000000
97.685267
100.000000
99.608037
100.000000
97.022373
100.000000
97.418785
100.000000
97.712315
98.550390
99.141025
100.000000
99.683797
100.000000
98.289028
100.000000
100.000000
100.000000
97.615616
100.000000
98.310614
99.419102
99.841099
100.000000
96.934486
100.000000
98.391434
100.000000
99.362786
100.000000
96.712680
100.000000
98.842544
99.421085
96.438046
100.000000
99.735555
100.000000
98.579269
97.650678
98.417444
100.000000
98.036647
100.000000
98.108881
99.643559
97.604625
100.000000
97.398253
100.000000
99.301498
98.029555
97.192826
100.000000
100.000000
98.145395
98.530046
100.000000
98.085507
100.000000
97.961186
100.000000
97.844056
98.882418
97.623984
100.000000
97.536711
100.000000
98.104624
99.429721
97.928120
100.000000
97.948566
100.000000
98.169544
99.440513
97.906281
100.000000
97.967546
100.000000
97.792602
99.363219
97.789577
100.000000
97.753138
100.000000
97.756906
99.680267
97.583372
100.000000
97.493510
100.000000
98.134958
99.618647
97.571658
100.000000
97.318076
100.000000
98.722808
99.303315
97.357673
100.000000
98.151183
100.000000
99.391396
99.863843
97.986606
100.000000
97.914246
100.000000
98.383632
99.210105
98.097600
100.000000
100.000000
98.892763
99.561006
99.188651
97.651814
100.000000
97.883612
100.000000
98.274072
98.101599
96.777390
100.000000
97.212552
100.000000
97.986333
99.894314
97.484291
100.000000
98.485291
100.000000
99.603030
100.000000
97.332682
100.000000
96.963000
100.000000
100.000000
100.000000
96.230526
100.000000
97.383497
100.000000
100.000000
99.113509
97.006749
100.000000
97.277234
100.000000
97.353169
100.000000
100.000000
100.000000
98.157669
100.000000
98.488250
100.000000
99.582755
100.000000
97.344035
100.000000
99.259218
100.000000
98.231449
100.000000
99.099502
100.000000
97.665736
97.686786
98.031112
100.000000
100.000000
99.471009
100.000000
99.086449
98.746103
100.000000
96.741592
100.000000
98.425979
100.000000
98.852617
100.000000
98.386233
100.000000
99.763267
99.805399
98.319590
100.000000
97.898684
100.000000
99.145592
98.300778
97.728122
100.000000
97.709744
100.000000
99.765311
100.000000
98.993192
100.000000
99.185054
100.000000
99.351969
99.451181
98.180320
100.000000
98.242322
100.000000
98.013299
99.495781
98.407129
100.000000
97.503410
100.000000
98.957148
99.285076
97.475154
100.000000
98.628168
100.000000
98.638038
97.602541
98.011824
100.000000
99.306591
100.000000
98.221286
96.840877
96.619125
100.000000
100.000000
97.811066
98.285762
99.084638
97.116741
100.000000
97.688078
100.000000
98.408574
99.477200
97.348853
100.000000
97.857914
100.000000
98.340814
99.606180
97.331006
100.000000
97.432022
100.000000
98.444019
100.000000
97.146134
100.000000
97.362187
100.000000
98.691822
100.000000
99.143458
100.000000
97.935638
100.000000
100.000000
100.000000
98.438779
100.000000
98.419203
100.000000
99.433945
99.475262
97.169714
100.000000
97.331475
100.000000
98.738444
99.715706
97.290557
100.000000
99.273876
100.000000
100.000000
100.000000
97.902306
100.000000
99.625433
100.000000
98.340431
98.709832
97.986148
100.000000
100.000000
97.859577
99.497167
100.000000
96.995335
100.000000
97.665356
100.000000
98.061837
99.855996
97.268180
100.000000
96.939126
100.000000
98.024602
99.159749
96.856579
100.000000
97.080377
100.000000
97.504855
98.881302
97.285536
100.000000
97.000762
100.000000
98.232597
100.000000
97.217041
100.000000
96.879886
100.000000
99.236039
99.314431
97.174645
100.000000
96.895841
100.000000
98.326090
98.934367
97.275662
100.000000
96.906185
100.000000
97.772999
98.829758
98.603550
100.000000
97.255699
100.000000
98.064678
99.602008
97.653027
100.000000
97.718281
100.000000
98.409429
98.447748
97.133626
100.000000
100.000000
98.212411
98.450391
98.822503
97.681936
100.000000
97.614361
100.000000
97.679296
98.631964
97.720961
100.000000
96.829407
100.000000
98.022240
98.897207
97.032310
100.000000
98.454858
100.000000
99.201017
99.366799
99.897508
100.000000
100.000000
100.000000
100.000000
100.000000
100.000000
100.000000
100.000000
100.000000
100.000000
100.000000
100.000000
100.000000
100.000000
100.000000
100.000000
100.000000
100.000000
100.000000
100.000000
100.000000
100.000000
100.000000
100.000000
100.000000
100.000000
100.000000
100.000000
100.000000
100.000000
100.000000
100.000000
100.000000
100.000000
100.000000
100.000000
100.000000
100.000000
100.000000
100.000000
100.000000
100.000000
100.000000
100.000000
100.000000
100.000000
100.000000
100.000000
100.000000
100.000000
100.000000
100.000000
100.000000
100.000000
100.000000
100.000000
100.000000
100.000000
100.000000
100.000000
100.000000
100.000000
100.000000
100.000000
100.000000
100.000000
100.000000
100.000000
100.000000
100.000000
100.000000
100.000000
100.000000
100.000000
100.000000
100.000000
100.000000
100.000000
100.000000
100.000000
100.000000
100.000000
100.000000
100.000000
100.000000
100.000000
100.000000
100.000000
100.000000
100.000000
100.000000
100.000000
100.000000
100.000000
100.000000
100.000000
100.000000
100.000000
100.000000
100.000000
100.000000
100.000000
100.000000
100.000000
100.000000
100.000000
100.000000
100.000000
100.000000
100.000000
100.000000
100.000000
100.000000
100.000000
100.000000
100.000000
100.000000
100.000000
100.000000
100.000000
100.000000
100.000000
100.000000
100.000000
100.000000
100.000000
100.000000
100.000000
100.000000
100.000000
100.000000
100.000000
100.000000
100.000000
100.000000
100.000000
100.000000
100.000000
100.000000
100.000000
100.000000
100.000000
100.000000
100.000000
100.000000
100.000000
100.000000
100.000000
100.000000
100.000000
100.000000
100.000000
100.000000
100.000000
100.000000
100.000000
100.000000
100.000000
100.000000
100.000000
100.000000
100.000000
100.000000
100.000000
100.000000
100.000000
100.000000
100.000000
100.000000
100.000000
100.000000
100.000000
100.000000
100.000000
100.000000
100.000000
100.000000
100.000000
100.000000
100.000000
100.000000
100.000000
100.000000
100.000000
100.000000
100.000000
100.000000
100.000000
100.000000
100.000000
100.000000
100.000000
100.000000
100.000000
100.000000
100.000000
100.000000
100.000000
100.000000
100.000000
100.000000
100.000000
100.000000
100.000000
100.000000
100.000000
100.000000
100.000000
100.000000
100.000000
100.000000
100.000000
100.000000
100.000000
100.000000
100.000000
100.000000
100.000000
100.000000
100.000000
100.000000
100.000000
100.000000
100.000000
100.000000
100.000000
100.000000
100.000000
100.000000
100.000000
100.000000
100.000000
100.000000
100.000000
100.000000
100.000000
100.000000
100.000000
100.000000
100.000000
100.000000
100.000000
100.000000
100.000000
100.000000
100.000000
100.000000
100.000000
100.000000
100.000000
100.000000
100.000000
100.000000
100.000000
100.000000
100.000000
100.000000
100.000000
100.000000
100.000000
100.000000
100.000000
100.000000
100.000000
100.000000
100.000000
100.000000
100.000000
100.000000
100.000000
100.000000
100.000000
100.000000
100.000000
100.000000
100.000000
100.000000
100.000000
100.000000
100.000000
100.000000
100.000000
100.000000
100.000000
100.000000
100.000000
100.000000
100.000000
100.000000
100.000000
100.000000
100.000000
100.000000
100.000000
100.000000
100.000000
100.000000
100.000000
100.000000
100.000000
100.000000
100.000000
100.000000
100.000000
100.000000
100.000000
100.000000
100.000000
100.000000
100.000000
100.000000
100.000000
100.000000
100.000000
100.000000
100.000000
99.214396
100.000000
100.000000
100.000000
100.000000
99.981677
99.667544
100.000000
100.000000
100.000000
100.000000
100.000000
99.919220
100.000000
100.000000
100.000000
100.000000
100.000000
100.000000
100.000000
100.000000
100.000000
100.000000
100.000000
100.000000
100.000000
100.000000
100.000000
100.000000
100.000000
100.000000
100.000000
100.000000
100.000000
100.000000
100.000000
100.000000
100.000000
100.000000
100.000000
100.000000
100.000000
100.000000
100.000000
100.000000
100.000000
100.000000
100.000000
100.000000
100.000000
100.000000
100.000000
100.000000
100.000000
100.000000
100.000000
100.000000
100.000000
100.000000
100.000000
100.000000
100.000000
100.000000
100.000000
100.000000
100.000000
100.000000
100.000000
100.000000
100.000000
100.000000
100.000000
100.000000
100.000000
100.000000
100.000000
100.000000
100.000000
100.000000
100.000000
100.000000
100.000000
100.000000
100.000000
100.000000
100.000000
100.000000
100.000000
100.000000
100.000000
99.716860
100.000000
100.000000
100.000000
100.000000
100.000000
99.738075
100.000000
100.000000
100.000000
100.000000
100.000000
99.670259
100.000000
100.000000
100.000000
100.000000
100.000000
99.526018
100.000000
100.000000
100.000000
100.000000
100.000000
99.877332
100.000000
100.000000
100.000000
100.000000
100.000000
99.964560
100.000000
100.000000
100.000000
100.000000
100.000000
100.000000
100.000000
100.000000
100.000000
100.000000
100.000000
99.995175
100.000000
100.000000
100.000000
100.000000
100.000000
99.767712
100.000000
100.000000
100.000000
100.000000
100.000000
100.000000
100.000000
100.000000
100.000000
100.000000
100.000000
100.000000
100.000000
100.000000
100.000000
100.000000
100.000000
100.000000
100.000000
100.000000
100.000000
100.000000
100.000000
100.000000
100.000000
100.000000
100.000000
100.000000
100.000000
100.000000
100.000000
100.000000
100.000000
100.000000
100.000000
100.000000
100.000000
100.000000
100.000000
100.000000
100.000000
100.000000
100.000000
100.000000
100.000000
100.000000
100.000000
100.000000
100.000000
100.000000
100.000000
100.000000
100.000000
100.000000
100.000000
100.000000
100.000000
100.000000
100.000000
99.993412
100.000000
100.000000
100.000000
100.000000
100.000000
100.000000
100.000000
100.000000
100.000000
100.000000
100.000000
100.000000
100.000000
100.000000
100.000000
100.000000
100.000000
100.000000
99.282431
100.000000
98.842270
100.000000
100.000000
100.000000
98.422016
100.000000
98.146174
100.000000
98.584135
98.868499
97.904670
100.000000
97.530548
99.994230
98.412671
99.863913
97.696817
100.000000
98.258087
100.000000
99.098147
100.000000
97.959546
100.000000
98.862407
100.000000
98.933046
100.000000
97.951158
100.000000
98.156256
100.000000
98.757982
100.000000
99.850487
100.000000
98.395624
100.000000
100.000000
99.502793
99.110452
100.000000
100.000000
99.357505
100.000000
99.974950
97.868984
100.000000
99.195570
100.000000
98.856363
99.709499
100.000000
100.000000
99.092835
100.000000
99.969984
100.000000
100.000000
100.000000
98.561155
100.000000
99.836257
99.754123
98.728831
100.000000
100.000000
100.000000
99.191891
100.000000
99.393388
100.000000
100.000000
100.000000
99.582052
99.662714
98.485218
100.000000
99.481239
100.000000
99.393071
100.000000
98.639770
100.000000
98.541509
100.000000
99.555533
100.000000
99.173558
100.000000
99.063904
100.000000
99.583357
100.000000
99.618270
100.000000
99.408990
100.000000
99.783751
100.000000
98.534233
100.000000
100.000000
99.571464
99.806059
99.321758
100.000000
100.000000
98.684034
100.000000
98.733323
100.000000
99.790908
100.000000
98.303511
100.000000
99.134771
100.000000
99.921744
100.000000
98.412362
100.000000
100.000000
100.000000
98.881421
100.000000
99.441142
100.000000
99.875930
100.000000
99.002698
100.000000
98.477851
100.000000
99.124979
100.000000
100.000000
100.000000
98.878485
100.000000
99.399415
100.000000
98.630561
100.000000
98.639854
100.000000
98.763540
99.897514
98.024603
100.000000
98.224229
100.000000
98.554825
99.148451
98.867561
100.000000
98.610162
100.000000
98.775781
99.978466
99.073270
100.000000
100.000000
98.786589
99.357347
99.383037
98.326792
100.000000
97.706217
100.000000
100.000000
98.480129
97.561661
100.000000
99.784709
100.000000
99.347896
99.815177
98.546048
100.000000
97.924489
100.000000
99.080950
99.553201
98.345965
100.000000
98.463636
100.000000
98.933442
100.000000
99.726688
100.000000
99.137834
100.000000
99.697354
99.330326
98.770057
100.000000
99.480304
100.000000
99.010023
99.159971
99.574061
100.000000
98.261287
99.976972
98.154697
99.084200
98.934048
100.000000
98.369760
100.000000
98.720286
99.974133
99.229925
100.000000
98.834882
100.000000
98.985750
99.826079
98.668410
100.000000
100.000000
98.953222
99.201247
99.508667
98.462306
100.000000
98.230360
100.000000
98.926430
99.195705
98.232816
100.000000
98.168380
100.000000
98.657531
99.371149
98.095101
100.000000
98.115338
100.000000
99.258378
99.411809
97.951214
100.000000
99.001649
100.000000
98.952246
99.291206
98.033306
100.000000
98.696613
99.851006
98.356814
98.571207
97.636632
100.000000
97.815084
100.000000
98.780385
99.324368
98.291090
100.000000
98.842331
100.000000
99.127486
99.186227
98.758812
100.000000
99.206625
100.000000
99.453715
99.499494
98.040702
99.985201
97.452942
99.453395
98.056083
98.256039
97.541963
99.925376
99.998644
98.003648
98.182596
98.058718
97.192570
98.814531
96.431554
99.187773
97.430004
97.683573
96.794530
98.750429
96.792130
98.772208
97.241333
99.046240
96.638324
99.002526
96.834157
98.883744
97.810953
97.995107
96.718605
99.287136
96.919810
98.924823
97.612212
97.725425
96.538158
99.387669
96.893281
98.840656
97.434515
98.304836
96.553831
99.866871
97.484188
98.978969
98.037788
99.816407
98.485468
98.826557
96.498780
98.737911
98.217408
99.833891
96.126689
98.829628
96.532497
98.791744
97.903738
98.163643
96.721201
99.264114
96.960040
98.535731
97.684625
97.422825
96.626117
98.795103
99.003875
97.812693
97.503875
97.914517
96.886654
98.836739
97.545491
99.777644
97.673571
97.773050
96.707284
99.891169
97.935544
99.542099
98.156466
98.667138
97.479104
100.000000
98.154986
99.610891
98.140573
98.803496
97.746985
100.000000
97.834059
99.549155
97.605414
98.155689
97.106946
99.540628
97.191277
98.852597
97.544949
98.165907
96.989269
99.430895
97.118769
99.177202
97.650884
97.977882
96.960994
99.454657
97.095592
98.938386
97.697907
98.278480
97.060396
99.331563
96.908613
98.960973
97.909795
98.301865
97.012155
99.597565
97.224919
99.163745
97.695559
98.106557
97.186341
99.454944
99.162087
97.489739
98.436038
99.889756
98.858378
100.000000
98.745639
100.000000
100.000000
100.000000
99.045203
100.000000
100.000000
100.000000
97.471538
97.751834
98.631229
100.000000
97.522588
99.614705
97.893699
98.931179
97.355946
100.000000
97.665838
99.803283
97.522536
98.896507
97.843733
100.000000
96.958876
99.440973
98.042597
98.623839
97.768901
100.000000
97.208134
99.465587
98.527460
99.751455
97.714109
100.000000
97.261420
99.730959
98.434132
99.581769
97.360782
99.923064
98.188927
99.854352
98.512364
98.989287
97.280624
100.000000
97.968379
99.994980
98.517879
99.612927
98.926768
100.000000
100.000000
99.575060
98.826069
98.642335
99.816896
100.000000
99.033521
100.000000
99.817128
99.922357
98.564600
100.000000
99.496828
100.000000
99.657689
100.000000
98.848117
100.000000
100.000000
100.000000
100.000000
100.000000
99.574322
100.000000
100.000000
100.000000
100.000000
100.000000
99.574197
100.000000
99.601860
100.000000
100.000000
100.000000
99.690810
100.000000
99.702512
100.000000
100.000000
100.000000
100.000000
100.000000
100.000000
100.000000
100.000000
100.000000
100.000000
100.000000
100.000000
100.000000
100.000000
100.000000
100.000000
100.000000
100.000000
100.000000
100.000000
100.000000
100.000000
100.000000
100.000000
100.000000
100.000000
100.000000
100.000000
100.000000
100.000000
100.000000
100.000000
100.000000
100.000000
100.000000
100.000000
100.000000
100.000000
100.000000
100.000000
100.000000
100.000000
100.000000
100.000000
100.000000
100.000000
100.000000
100.000000
100.000000
100.000000
100.000000
100.000000
100.000000
100.000000
100.000000
100.000000
100.000000
100.000000
100.000000
100.000000
100.000000
100.000000
100.000000
100.000000
100.000000
100.000000
100.000000
100.000000
100.000000
99.817938
100.000000
99.622612
100.000000
100.000000
100.000000
99.991061
100.000000
100.000000
100.000000
100.000000
98.869375
100.000000
100.000000
100.000000
100.000000
100.000000
100.000000
100.000000
100.000000
100.000000
100.000000
100.000000
100.000000
100.000000
100.000000
100.000000
100.000000
100.000000
100.000000
99.844436
100.000000
100.000000
100.000000
100.000000
100.000000
100.000000
100.000000
100.000000
100.000000
100.000000
100.000000
100.000000
100.000000
99.720642
100.000000
100.000000
100.000000
99.574643
100.000000
99.675436
100.000000
100.000000
100.000000
99.901899
100.000000
100.000000
100.000000
100.000000
100.000000
99.545521
100.000000
100.000000
100.000000
100.000000
100.000000
100.000000
100.000000
100.000000
100.000000
100.000000
99.462240
100.000000
100.000000
100.000000
100.000000
100.000000
100.000000
100.000000
100.000000
100.000000
100.000000
100.000000
100.000000
99.657785
100.000000
100.000000
100.000000
100.000000
100.000000
100.000000
100.000000
100.000000
100.000000
100.000000
100.000000
100.000000
100.000000
100.000000
100.000000
100.000000
100.000000
100.000000
100.000000
100.000000
100.000000
100.000000
100.000000
99.977074
100.000000
100.000000
100.000000
100.000000
100.000000
100.000000
100.000000
99.321721
100.000000
100.000000
98.207116
98.479918
100.000000
99.908182
100.000000
100.000000
100.000000
99.947579
100.000000
100.000000
100.000000
100.000000
99.892334
99.367065
100.000000
100.000000
99.556499
99.340668
100.000000
99.266627
100.000000
98.364258
100.000000
100.000000
100.000000
97.999549
100.000000
98.729154
100.000000
99.421649
100.000000
97.737682
100.000000
98.118741
100.000000
99.620408
99.656260
99.447080
100.000000
98.537843
100.000000
98.928574
100.000000
99.845663
100.000000
97.833922
100.000000
99.613655
99.978009
98.388815
100.000000
97.980177
100.000000
99.927034
100.000000
98.145206
100.000000
98.879198
100.000000
98.305931
99.893990
99.098488
100.000000
98.286437
100.000000
98.874468
100.000000
98.340010
100.000000
98.260643
100.000000
99.112319
99.713115
98.431077
100.000000
100.000000
98.465813
100.000000
99.609629
98.008996
100.000000
99.002969
100.000000
98.843659
99.285573
97.463355
100.000000
98.234032
100.000000
98.561298
99.422843
97.641632
100.000000
98.331628
100.000000
98.159644
99.968280
97.475507
100.000000
98.453626
100.000000
98.378072
100.000000
97.528769
100.000000
98.033714
100.000000
98.631734
99.769752
98.924635
100.000000
99.101655
100.000000
99.536569
100.000000
98.442345
100.000000
98.953395
100.000000
99.066812
98.696887
97.712200
100.000000
98.442932
100.000000
99.717219
100.000000
97.726867
100.000000
98.632489
100.000000
99.673657
99.579923
98.420791
100.000000
100.000000
99.473416
99.635348
100.000000
98.301583
100.000000
97.699792
100.000000
98.772535
100.000000
97.746596
100.000000
99.304035
100.000000
99.111600
100.000000
97.684131
100.000000
98.471315
100.000000
99.797624
100.000000
98.075493
100.000000
98.966507
100.000000
99.304459
100.000000
98.821785
100.000000
98.712679
100.000000
100.000000
100.000000
98.413262
100.000000
98.931891
100.000000
99.335276
100.000000
98.736356
100.000000
98.371743
100.000000
99.453527
100.000000
98.762958
100.000000
98.663555
100.000000
98.874579
99.837805
98.741899
100.000000
99.024216
100.000000
99.244871
100.000000
98.695764
100.000000
100.000000
99.200800
98.890960
100.000000
98.755240
100.000000
98.763821
100.000000
99.926869
99.962105
98.713145
100.000000
98.600181
100.000000
99.364042
100.000000
99.286229
100.000000
99.147963
100.000000
99.700422
100.000000
99.206182
100.000000
99.353378
100.000000
99.524104
100.000000
98.600929
100.000000
98.254120
100.000000
100.000000
100.000000
97.734094
100.000000
100.000000
100.000000
100.000000
97.851189
100.000000
100.000000
100.000000
100.000000
98.654937
95.397600
100.000000
100.000000
100.000000
100.000000
100.000000
99.652785
100.000000
100.000000
100.000000
100.000000
100.000000
99.482469
100.000000
100.000000
100.000000
100.000000
98.399837
99.127872
98.654622
100.000000
99.700557
100.000000
99.580045
100.000000
98.021203
100.000000
98.590762
100.000000
100.000000
100.000000
98.802593
100.000000
98.864612
100.000000
100.000000
99.066988
98.121593
100.000000
99.270445
100.000000
99.456965
100.000000
100.000000
100.000000
99.103345
100.000000
99.039662
99.890661
99.189421
100.000000
99.846290
100.000000
99.094402
99.315862
99.889384
100.000000
98.601992
100.000000
100.000000
100.000000
99.273121
100.000000
99.315462
100.000000
100.000000
99.492148
98.597070
100.000000
99.097037
100.000000
99.599585
100.000000
99.823428
100.000000
100.000000
100.000000
98.699407
100.000000
99.180901
100.000000
99.312577
100.000000
98.488253
98.353677
98.451748
100.000000
98.577468
100.000000
98.805891
99.458246
98.537312
100.000000
99.825206
100.000000
99.932792
99.520095
98.390222
100.000000
99.246954
100.000000
99.024630
99.520925
98.939761
100.000000
100.000000
100.000000
99.187571
99.069074
98.574500
100.000000
100.000000
100.000000
99.343543
99.705060
100.000000
100.000000
99.197193
100.000000
100.000000
100.000000
99.711192
100.000000
99.142433
100.000000
100.000000
100.000000
100.000000
100.000000
99.012841
100.000000
99.610179
100.000000
99.812889
100.000000
100.000000
99.686686
100.000000
100.000000
98.794012
100.000000
98.583218
100.000000
100.000000
100.000000
98.225618
100.000000
98.909670
100.000000
99.596750
99.405720
98.357934
100.000000
98.791201
100.000000
99.456274
100.000000
99.212594
100.000000
98.881157
100.000000
99.121077
100.000000
99.409135
100.000000
99.183239
100.000000
100.000000
100.000000
99.008925
100.000000
99.338009
100.000000
99.973982
100.000000
99.040884
100.000000
99.381822
100.000000
100.000000
100.000000
99.376210
100.000000
100.000000
100.000000
100.000000
100.000000
100.000000
100.000000
100.000000
100.000000
100.000000
100.000000
100.000000
100.000000
100.000000
100.000000
100.000000
100.000000
100.000000
100.000000
100.000000
100.000000
100.000000
100.000000
99.935236
100.000000
99.360280
100.000000
100.000000
100.000000
99.222138
100.000000
99.322397
100.000000
100.000000
100.000000
99.236854
100.000000
99.520091
100.000000
99.574933
100.000000
98.616857
100.000000
99.104856
100.000000
99.756573
100.000000
98.894890
100.000000
97.729616
100.000000
98.468247
99.306363
98.852282
100.000000
97.828220
100.000000
99.038128
100.000000
97.382367
100.000000
98.011225
100.000000
98.820739
100.000000
98.049868
100.000000
99.567553
100.000000
98.848184
99.403830
98.485359
100.000000
100.000000
98.961515
99.150848
99.143768
98.270088
100.000000
98.136596
100.000000
98.693724
100.000000
98.253260
100.000000
98.172225
100.000000
98.873575
99.765284
98.171196
100.000000
97.444707
100.000000
98.013219
100.000000
97.679681
100.000000
97.764167
100.000000
99.601825
99.949364
98.470135
100.000000
97.475822
100.000000
98.818021
99.200968
96.971817
100.000000
97.363987
100.000000
98.098209
99.763773
98.383033
100.000000
97.522174
100.000000
98.263047
100.000000
96.822845
100.000000
98.234821
100.000000
97.852975
99.489213
97.481446
100.000000
97.882167
100.000000
98.212301
99.061245
97.410830
100.000000
100.000000
99.484446
99.168668
97.548702
97.793165
100.000000
97.752206
100.000000
97.323670
100.000000
97.921185
100.000000
97.696810
100.000000
97.928399
100.000000
98.199034
100.000000
99.085965
100.000000
100.000000
100.000000
100.000000
100.000000
100.000000
100.000000
100.000000
100.000000
100.000000
100.000000
100.000000
100.000000
100.000000
100.000000
100.000000
100.000000
100.000000
100.000000
100.000000
100.000000
100.000000
100.000000
100.000000
100.000000
100.000000
100.000000
100.000000
100.000000
100.000000
100.000000
100.000000
100.000000
100.000000
100.000000
100.000000
100.000000
100.000000
100.000000
100.000000
100.000000
100.000000
100.000000
100.000000
100.000000
100.000000
100.000000
100.000000
100.000000
100.000000
100.000000
100.000000
100.000000
100.000000
100.000000
100.000000
100.000000
100.000000
100.000000
100.000000
100.000000
100.000000
100.000000
100.000000
100.000000
100.000000
100.000000
100.000000
100.000000
100.000000
100.000000
100.000000
100.000000
100.000000
100.000000
100.000000
100.000000
100.000000
100.000000
100.000000
100.000000
100.000000
100.000000
100.000000
100.000000
100.000000
100.000000
100.000000
100.000000
100.000000
100.000000
100.000000
100.000000
100.000000
100.000000
100.000000
100.000000
100.000000
100.000000
100.000000
100.000000
100.000000
100.000000
100.000000
100.000000
100.000000
100.000000
100.000000
100.000000
100.000000
100.000000
100.000000
100.000000
100.000000
100.000000
100.000000
100.000000
100.000000
100.000000
100.000000
100.000000
100.000000
100.000000
100.000000
100.000000
100.000000
100.000000
100.000000
100.000000
100.000000
100.000000
100.000000
100.000000
100.000000
100.000000
100.000000
100.000000
100.000000
100.000000
100.000000
100.000000
100.000000
100.000000
100.000000
100.000000
100.000000
100.000000
100.000000
100.000000
100.000000
100.000000
100.000000
100.000000
100.000000
100.000000
100.000000
100.000000
100.000000
100.000000
100.000000
100.000000
100.000000
100.000000
100.000000
100.000000
100.000000
100.000000
100.000000
100.000000
100.000000
100.000000
100.000000
100.000000
100.000000
100.000000
100.000000
100.000000
100.000000
100.000000
100.000000
100.000000
100.000000
100.000000
100.000000
100.000000
100.000000
100.000000
100.000000
100.000000
100.000000
100.000000
100.000000
100.000000
100.000000
100.000000
100.000000
100.000000
100.000000
100.000000
100.000000
100.000000
100.000000
100.000000
100.000000
100.000000
100.000000
100.000000
100.000000
100.000000
100.000000
100.000000
100.000000
100.000000
100.000000
100.000000
100.000000
100.000000
100.000000
100.000000
100.000000
100.000000
100.000000
100.000000
100.000000
100.000000
100.000000
100.000000
100.000000
100.000000
100.000000
100.000000
100.000000
100.000000
100.000000
100.000000
100.000000
100.000000
100.000000
100.000000
100.000000
100.000000
100.000000
100.000000
100.000000
100.000000
100.000000
100.000000
100.000000
100.000000
100.000000
100.000000
100.000000
100.000000
100.000000
100.000000
100.000000
100.000000
100.000000
100.000000
100.000000
100.000000
100.000000
100.000000
100.000000
100.000000
100.000000
100.000000
100.000000
100.000000
100.000000
100.000000
100.000000
100.000000
100.000000
100.000000
100.000000
100.000000
100.000000
100.000000
100.000000
100.000000
100.000000
100.000000
100.000000
100.000000
100.000000
100.000000
100.000000
100.000000
100.000000
100.000000
100.000000
100.000000
100.000000
100.000000
100.000000
100.000000
100.000000
100.000000
100.000000
100.000000
100.000000
100.000000
100.000000
100.000000
100.000000
100.000000
100.000000
100.000000
100.000000
100.000000
100.000000
100.000000
100.000000
100.000000
100.000000
100.000000
100.000000
100.000000
100.000000
100.000000
100.000000
100.000000
100.000000
100.000000
100.000000
99.923787
100.000000
100.000000
100.000000
100.000000
100.000000
100.000000
100.000000
100.000000
100.000000
100.000000
100.000000
100.000000
100.000000
100.000000
100.000000
100.000000
99.081783
100.000000
100.000000
100.000000
100.000000
100.000000
100.000000
100.000000
100.000000
100.000000
100.000000
100.000000
100.000000
100.000000
100.000000
100.000000
100.000000
100.000000
100.000000
100.000000
100.000000
100.000000
100.000000
100.000000
100.000000
100.000000
100.000000
100.000000
100.000000
100.000000
100.000000
100.000000
100.000000
100.000000
100.000000
100.000000
100.000000
100.000000
100.000000
100.000000
100.000000
100.000000
100.000000
100.000000
100.000000
100.000000
100.000000
100.000000
100.000000
100.000000
100.000000
100.000000
100.000000
100.000000
100.000000
100.000000
100.000000
100.000000
100.000000
100.000000
100.000000
100.000000
100.000000
100.000000
100.000000
100.000000
100.000000
100.000000
100.000000
100.000000
100.000000
100.000000
100.000000
100.000000
100.000000
100.000000
100.000000
100.000000
100.000000
100.000000
100.000000
100.000000
100.000000
100.000000
100.000000
100.000000
100.000000
100.000000
100.000000
100.000000
100.000000
100.000000
100.000000
100.000000
100.000000
100.000000
100.000000
100.000000
100.000000
100.000000
100.000000
100.000000
100.000000
100.000000
100.000000
100.000000
100.000000
100.000000
100.000000
99.607117
100.000000
100.000000
100.000000
100.000000
100.000000
100.000000
100.000000
100.000000
100.000000
100.000000
100.000000
100.000000
100.000000
100.000000
100.000000
100.000000
100.000000
100.000000
100.000000
100.000000
100.000000
100.000000
100.000000
100.000000
100.000000
100.000000
100.000000
100.000000
100.000000
100.000000
100.000000
100.000000
100.000000
100.000000
100.000000
100.000000
100.000000
100.000000
100.000000
100.000000
100.000000
100.000000
100.000000
100.000000
100.000000
100.000000
100.000000
100.000000
100.000000
100.000000
100.000000
100.000000
100.000000
100.000000
100.000000
100.000000
100.000000
100.000000
100.000000
100.000000
100.000000
100.000000
100.000000
100.000000
100.000000
100.000000
100.000000
100.000000
100.000000
100.000000
100.000000
100.000000
100.000000
100.000000
100.000000
100.000000
100.000000
100.000000
100.000000
100.000000
100.000000
100.000000
100.000000
100.000000
100.000000
100.000000
100.000000
100.000000
100.000000
100.000000
100.000000
100.000000
100.000000
100.000000
100.000000
100.000000
100.000000
100.000000
100.000000
100.000000
100.000000
100.000000
100.000000
100.000000
100.000000
100.000000
100.000000
100.000000
100.000000
100.000000
100.000000
100.000000
100.000000
100.000000
100.000000
100.000000
100.000000
100.000000
100.000000
100.000000
100.000000
100.000000
100.000000
100.000000
100.000000
100.000000
100.000000
100.000000
100.000000
100.000000
100.000000
100.000000
100.000000
100.000000
100.000000
100.000000
100.000000
100.000000
100.000000
100.000000
100.000000
100.000000
100.000000
100.000000
100.000000
100.000000
100.000000
100.000000
100.000000
100.000000
100.000000
100.000000
100.000000
100.000000
100.000000
100.000000
100.000000
100.000000
100.000000
100.000000
100.000000
100.000000
100.000000
100.000000
100.000000
100.000000
100.000000
100.000000
100.000000
100.000000
100.000000
100.000000
100.000000
100.000000
100.000000
100.000000
100.000000
100.000000
100.000000
100.000000
100.000000
100.000000
100.000000
100.000000
100.000000
100.000000
100.000000
100.000000
100.000000
100.000000
100.000000
100.000000
100.000000
100.000000
100.000000
100.000000
100.000000
100.000000
100.000000
100.000000
100.000000
100.000000
100.000000
100.000000
100.000000
100.000000
100.000000
100.000000
100.000000
99.921731
100.000000
100.000000
100.000000
100.000000
100.000000
100.000000
100.000000
100.000000
100.000000
100.000000
100.000000
100.000000
100.000000
100.000000
100.000000
100.000000
100.000000
100.000000
100.000000
100.000000
100.000000
100.000000
100.000000
100.000000
100.000000
100.000000
100.000000
100.000000
100.000000
100.000000
100.000000
100.000000
100.000000
100.000000
100.000000
100.000000
100.000000
100.000000
100.000000
100.000000
100.000000
100.000000
100.000000
100.000000
100.000000
100.000000
100.000000
100.000000
100.000000
100.000000
100.000000
100.000000
100.000000
100.000000
100.000000
100.000000
100.000000
100.000000
100.000000
100.000000
100.000000
100.000000
100.000000
100.000000
100.000000
100.000000
100.000000
100.000000
100.000000
100.000000
100.000000
100.000000
100.000000
100.000000
100.000000
100.000000
100.000000
100.000000
100.000000
100.000000
100.000000
100.000000
100.000000
100.000000
100.000000
100.000000
100.000000
100.000000
100.000000
100.000000
100.000000
100.000000
100.000000
100.000000
100.000000
100.000000
100.000000
100.000000
100.000000
100.000000
100.000000
100.000000
100.000000
100.000000
100.000000
100.000000
100.000000
100.000000
100.000000
100.000000
100.000000
100.000000
100.000000
100.000000
100.000000
100.000000
100.000000
100.000000
100.000000
100.000000
100.000000
100.000000
100.000000
100.000000
100.000000
100.000000
100.000000
100.000000
100.000000
100.000000
100.000000
100.000000
100.000000
100.000000
100.000000
100.000000
100.000000
100.000000
100.000000
100.000000
100.000000
100.000000
100.000000
100.000000
100.000000
100.000000
100.000000
100.000000
100.000000
100.000000
100.000000
100.000000
100.000000
100.000000
100.000000
100.000000
100.000000
100.000000
100.000000
100.000000
100.000000
