97.387597
100.000000
99.970107
100.000000
99.762344
99.056616
98.115744
98.178521
98.088092
99.379834
100.000000
99.335844
97.753671
99.075525
98.712859
100.000000
99.399085
99.250345
99.199920
98.613358
98.462154
99.297799
99.035455
99.925690
99.028669
98.244677
98.366659
99.281617
98.823915
99.242735
97.955765
98.267128
98.162877
99.064402
98.695413
99.550782
100.000000
98.245075
98.225310
99.037464
98.143897
99.844306
99.026193
98.808839
98.500344
100.000000
98.782419
98.866163
97.762670
99.146391
98.653227
99.381226
98.351837
99.142051
97.464188
99.059933
97.935378
99.156285
99.091880
97.516672
98.251155
98.527563
98.222095
100.000000
98.539367
98.733219
97.043720
98.150620
98.147059
98.980769
98.715166
99.446212
99.588188
98.717535
99.451619
99.100812
98.049406
99.009431
97.869841
99.152447
98.948047
99.529941
98.423068
98.469900
97.496155
100.000000
99.865321
99.666452
97.911831
97.989056
99.476214
100.000000
100.000000
99.129969
97.898935
98.687737
100.000000
100.000000
98.889172
99.448229
98.211724
99.007840
99.056215
98.631952
98.154184
99.686200
98.475569
98.470029
99.033434
98.738424
98.876880
100.000000
98.620057
98.630726
97.741025
98.711666
98.156539
98.938026
98.745693
98.244908
98.273898
98.716543
99.344595
100.000000
98.516001
98.284706
97.498004
98.862144
98.683555
99.034592
98.967169
98.726583
98.482266
98.959347
99.838653
99.520134
98.338221
99.841402
98.557593
99.013048
98.823129
100.000000
100.000000
98.969966
98.110200
98.284767
98.412830
100.000000
98.890531
98.448263
97.954314
99.563482
100.000000
100.000000
98.683439
98.860425
98.003532
100.000000
99.662610
100.000000
98.746555
99.191720
99.631906
98.916288
98.831433
100.000000
99.734390
99.601278
98.922931
99.713163
98.738682
99.518097
98.345084
99.426080
100.000000
99.246981
98.472875
98.764601
99.829342
100.000000
100.000000
99.096458
99.160325
100.000000
99.209895
99.306832
97.752623
98.783394
99.160502
99.205696
99.073494
99.458588
100.000000
99.047730
98.725523
99.862538
98.742444
99.487463
100.000000
98.491486
98.064086
100.000000
100.000000
100.000000
98.465335
98.581640
98.761908
100.000000
100.000000
98.802688
98.323202
99.378368
98.805763
99.889525
100.000000
98.726372
98.227745
98.455185
98.302894
99.564282
98.495429
99.520012
98.735786
98.331322
99.281724
99.921372
98.461676
98.892412
100.000000
100.000000
100.000000
100.000000
100.000000
99.915087
96.072582
97.813693
99.392894
98.837876
98.031357
98.488652
98.393287
98.804873
98.885572
100.000000
100.000000
100.000000
100.000000
100.000000
99.827550
100.000000
100.000000
100.000000
96.137962
98.613785
100.000000
99.569178
98.528576
99.177260
98.800831
99.363062
98.920145
99.967362
98.922333
100.000000
100.000000
99.987567
99.341624
100.000000
99.276595
99.057057
100.000000
100.000000
99.020391
100.000000
100.000000
100.000000
99.213839
99.816944
100.000000
100.000000
98.952784
99.257613
100.000000
98.720035
98.505597
100.000000
99.669065
98.771361
98.242007
98.664769
98.448722
99.935857
99.098290
98.734712
98.007973
99.254476
98.535590
99.154840
98.318032
98.893836
100.000000
99.547796
99.218963
100.000000
98.694348
98.717580
98.248230
98.933789
98.301077
99.004042
98.801343
98.606348
99.075863
98.871120
99.960535
100.000000
98.355486
98.806589
98.336782
100.000000
99.591984
100.000000
98.673606
99.495454
98.457018
99.608822
98.516639
99.842656
100.000000
98.536924
98.621252
98.742278
100.000000
100.000000
98.475232
98.671735
100.000000
99.436380
99.044786
100.000000
98.971628
98.750598
99.028282
99.392061
99.150850
100.000000
98.688987
100.000000
99.681263
99.386187
98.992336
100.000000
98.875286
99.754413
99.326826
99.207280
99.246580
99.509728
99.693799
98.097974
99.010733
99.199736
98.514602
99.984109
99.669039
99.149201
98.196411
98.926337
98.715471
99.510687
99.339500
99.239808
98.873731
98.980636
100.000000
100.000000
99.194861
99.337511
98.518163
99.493461
100.000000
100.000000
99.012582
99.366449
99.231664
98.707636
98.142448
100.000000
98.836547
98.768740
98.408288
98.187429
98.751884
99.611103
98.277072
98.273035
98.514663
99.290063
99.188016
100.000000
98.515505
98.627611
98.582871
99.012587
99.067850
100.000000
98.912198
98.487737
98.091732
98.777747
99.778981
99.859129
98.398163
98.551141
98.395108
99.235835
98.212603
99.022536
98.585931
98.259371
98.871900
99.107831
98.598720
100.000000
98.666298
98.716244
97.124546
98.600085
100.000000
99.291405
100.000000
98.797764
99.975333
99.141966
98.039412
99.967019
100.000000
98.637467
97.231760
99.549910
98.642615
100.000000
99.985773
98.433437
96.812608
97.591052
98.225520
100.000000
98.483272
98.512097
99.797882
97.961508
98.030087
99.881088
98.804059
100.000000
99.334692
98.315896
98.416888
100.000000
99.852050
100.000000
98.755115
97.929500
98.617777
99.928608
99.509275
98.706681
98.322911
98.891484
98.674560
99.984565
98.453157
98.626443
97.585860
98.778527
98.938595
99.007338
98.475407
98.126776
99.875871
98.938228
98.371414
100.000000
98.903422
98.877940
97.561501
98.432604
98.828705
99.340934
98.419326
98.678204
98.853035
99.823675
98.221966
99.363146
99.634875
99.741031
98.010258
98.170614
98.212824
100.000000
97.254873
97.307002
100.000000
100.000000
98.344715
99.520483
99.997032
100.000000
97.903139
98.543266
99.394413
99.666504
97.805315
98.575082
97.489605
98.818889
99.436078
100.000000
99.342853
99.910376
99.249025
100.000000
100.000000
99.931160
98.147715
98.685678
100.000000
100.000000
99.793597
100.000000
99.253308
100.000000
98.610963
98.270038
97.700914
99.000584
99.043519
97.327009
98.706950
98.865396
99.707109
100.000000
99.962786
100.000000
100.000000
99.224014
98.922147
100.000000
98.443478
98.602594
98.981657
99.158168
98.844356
100.000000
99.482321
99.331957
100.000000
99.759004
99.759371
100.000000
100.000000
100.000000
99.922841
100.000000
100.000000
100.000000
99.532401
99.143559
99.187750
98.592679
98.833268
100.000000
98.810550
98.643440
98.458637
98.740752
99.160055
100.000000
98.744415
99.991750
99.587090
98.670661
98.825264
100.000000
98.918693
98.560496
98.869172
99.201207
99.098669
100.000000
98.280046
98.201484
98.551919
100.000000
99.469337
99.790450
98.772242
100.000000
100.000000
100.000000
99.877330
100.000000
98.087460
100.000000
99.895404
98.850592
99.337447
99.744415
99.593851
98.560290
98.042707
100.000000
100.000000
100.000000
98.464691
98.299098
100.000000
100.000000
100.000000
100.000000
99.219912
99.205722
99.033694
100.000000
100.000000
99.775322
98.691378
99.332719
100.000000
100.000000
97.961247
99.332032
100.000000
99.371112
99.353952
98.160131
100.000000
100.000000
100.000000
99.056678
97.534001
100.000000
100.000000
100.000000
99.070704
98.833937
99.224250
98.721852
98.642012
99.665731
98.475209
100.000000
97.175891
97.881022
98.745546
100.000000
98.195942
97.607125
100.000000
98.998904
98.241954
100.000000
99.265967
98.781708
97.279176
98.525239
98.429562
99.227754
98.532792
98.803155
99.283164
99.023435
99.213242
100.000000
99.513773
99.434052
99.319268
99.127311
98.804970
100.000000
98.221744
98.490539
99.064063
98.882237
99.171502
100.000000
98.755486
98.898214
99.571419
98.776387
98.382084
100.000000
98.282473
98.558109
99.308995
98.802945
99.116593
100.000000
99.214923
99.316348
99.103520
98.465096
99.350078
100.000000
98.547316
100.000000
99.401066
99.501711
98.911583
100.000000
98.593753
98.632102
98.041510
99.267960
98.976040
100.000000
99.501736
98.326882
99.022083
98.766884
98.649950
100.000000
100.000000
99.454580
97.189451
98.612556
99.841167
99.637571
98.337480
98.613693
99.768004
98.913263
98.256365
100.000000
99.190834
100.000000
100.000000
98.409410
97.981188
99.803785
98.914435
100.000000
100.000000
97.383672
97.511492
100.000000
100.000000
100.000000
98.725360
98.522701
99.276955
99.711110
98.108611
97.678056
100.000000
100.000000
100.000000
100.000000
98.329122
98.246286
100.000000
100.000000
98.173633
99.737986
98.204247
99.279621
100.000000
99.289219
98.676026
100.000000
97.789596
97.841750
96.502272
99.351682
100.000000
100.000000
99.732416
99.526066
98.992311
100.000000
100.000000
99.971240
98.016732
98.661145
98.384628
99.299932
99.328518
100.000000
100.000000
100.000000
99.844976
99.888925
99.487794
100.000000
99.313077
100.000000
98.140485
99.212883
99.039277
100.000000
98.965297
100.000000
100.000000
100.000000
100.000000
100.000000
100.000000
100.000000
99.292253
99.461707
100.000000
100.000000
98.148960
98.489665
99.220229
99.916510
99.111781
100.000000
99.926673
99.742915
99.141705
98.352336
97.920076
100.000000
100.000000
99.097130
97.528611
99.845277
100.000000
100.000000
100.000000
98.387298
95.840835
97.265347
99.139914
100.000000
97.588325
96.697323
99.034106
98.644843
98.722588
100.000000
98.661037
99.008610
98.132628
98.512614
97.778739
99.684422
99.511523
99.446632
99.335535
98.977112
98.963087
100.000000
98.808659
99.628710
100.000000
98.103644
97.816625
99.852669
98.686636
99.787634
100.000000
100.000000
99.463557
100.000000
100.000000
100.000000
99.955810
99.731662
100.000000
100.000000
99.313245
99.827823
99.000342
98.132184
99.085850
100.000000
98.389545
99.203004
99.353511
99.193462
100.000000
100.000000
100.000000
100.000000
100.000000
99.492551
99.538421
100.000000
100.000000
98.367915
97.158979
99.129579
98.753919
98.880078
98.526449
98.247517
100.000000
98.624976
98.414053
100.000000
99.491424
98.885331
98.471629
98.553431
98.501139
99.166971
100.000000
98.600197
99.050683
99.066117
100.000000
100.000000
99.000036
98.792789
98.643180
98.901200
98.729287
100.000000
98.755394
99.123051
100.000000
98.679664
98.163369
99.792982
99.985237
100.000000
99.244076
98.324338
97.747798
99.657607
99.026187
99.549930
98.468942
98.907282
97.650955
99.582778
98.881771
98.355918
98.577117
100.000000
98.112999
100.000000
98.503493
98.692922
98.913083
99.058453
98.605250
100.000000
99.344782
98.863353
97.499070
98.588062
99.926429
100.000000
99.079909
97.632567
98.779581
99.259556
99.003178
100.000000
98.658699
98.323037
97.438799
99.834743
98.647356
98.510568
98.788075
99.282664
98.526767
98.540879
98.990603
100.000000
100.000000
98.838612
98.669600
99.020465
99.259092
100.000000
100.000000
100.000000
100.000000
100.000000
100.000000
100.000000
100.000000
100.000000
100.000000
100.000000
100.000000
100.000000
100.000000
100.000000
100.000000
100.000000
100.000000
100.000000
100.000000
100.000000
100.000000
100.000000
100.000000
100.000000
100.000000
100.000000
100.000000
100.000000
100.000000
100.000000
100.000000
100.000000
100.000000
100.000000
100.000000
100.000000
100.000000
100.000000
100.000000
100.000000
100.000000
100.000000
100.000000
100.000000
100.000000
100.000000
100.000000
100.000000
100.000000
100.000000
100.000000
100.000000
100.000000
100.000000
100.000000
100.000000
100.000000
100.000000
100.000000
100.000000
100.000000
100.000000
100.000000
100.000000
100.000000
100.000000
100.000000
100.000000
100.000000
100.000000
100.000000
100.000000
100.000000
100.000000
100.000000
100.000000
100.000000
100.000000
100.000000
100.000000
100.000000
100.000000
100.000000
100.000000
100.000000
100.000000
100.000000
100.000000
100.000000
100.000000
100.000000
100.000000
100.000000
100.000000
100.000000
100.000000
100.000000
100.000000
100.000000
100.000000
100.000000
100.000000
100.000000
100.000000
100.000000
100.000000
100.000000
100.000000
100.000000
100.000000
100.000000
100.000000
100.000000
100.000000
100.000000
100.000000
100.000000
100.000000
100.000000
100.000000
100.000000
100.000000
100.000000
100.000000
100.000000
100.000000
100.000000
100.000000
100.000000
100.000000
100.000000
100.000000
100.000000
100.000000
100.000000
100.000000
100.000000
100.000000
100.000000
100.000000
100.000000
100.000000
100.000000
100.000000
100.000000
100.000000
100.000000
100.000000
100.000000
100.000000
100.000000
100.000000
100.000000
100.000000
100.000000
100.000000
100.000000
100.000000
100.000000
100.000000
100.000000
100.000000
100.000000
100.000000
100.000000
100.000000
100.000000
100.000000
100.000000
100.000000
100.000000
100.000000
100.000000
100.000000
100.000000
100.000000
100.000000
100.000000
100.000000
100.000000
100.000000
100.000000
100.000000
100.000000
100.000000
100.000000
100.000000
100.000000
100.000000
100.000000
100.000000
100.000000
100.000000
100.000000
100.000000
100.000000
100.000000
100.000000
100.000000
100.000000
100.000000
100.000000
100.000000
100.000000
100.000000
100.000000
100.000000
100.000000
100.000000
100.000000
100.000000
100.000000
100.000000
100.000000
100.000000
100.000000
100.000000
100.000000
100.000000
100.000000
100.000000
100.000000
100.000000
100.000000
100.000000
100.000000
100.000000
100.000000
100.000000
100.000000
100.000000
100.000000
100.000000
100.000000
100.000000
100.000000
100.000000
100.000000
100.000000
100.000000
100.000000
100.000000
100.000000
100.000000
100.000000
100.000000
100.000000
100.000000
100.000000
100.000000
100.000000
100.000000
100.000000
100.000000
100.000000
100.000000
100.000000
100.000000
100.000000
100.000000
100.000000
100.000000
100.000000
100.000000
100.000000
100.000000
100.000000
100.000000
100.000000
100.000000
100.000000
100.000000
100.000000
100.000000
100.000000
100.000000
100.000000
100.000000
100.000000
100.000000
100.000000
100.000000
100.000000
100.000000
100.000000
100.000000
100.000000
100.000000
100.000000
100.000000
100.000000
100.000000
100.000000
100.000000
100.000000
100.000000
100.000000
100.000000
100.000000
100.000000
100.000000
100.000000
100.000000
100.000000
100.000000
100.000000
100.000000
100.000000
100.000000
100.000000
100.000000
100.000000
100.000000
100.000000
99.274047
100.000000
100.000000
100.000000
100.000000
100.000000
99.567560
100.000000
100.000000
100.000000
100.000000
100.000000
99.672175
100.000000
100.000000
100.000000
100.000000
100.000000
100.000000
100.000000
100.000000
100.000000
100.000000
100.000000
100.000000
100.000000
100.000000
100.000000
100.000000
100.000000
100.000000
100.000000
100.000000
100.000000
100.000000
100.000000
100.000000
100.000000
100.000000
100.000000
100.000000
100.000000
100.000000
100.000000
100.000000
100.000000
100.000000
100.000000
100.000000
100.000000
100.000000
100.000000
100.000000
100.000000
100.000000
100.000000
100.000000
100.000000
100.000000
100.000000
100.000000
100.000000
100.000000
100.000000
100.000000
100.000000
100.000000
100.000000
100.000000
100.000000
100.000000
100.000000
100.000000
100.000000
100.000000
100.000000
100.000000
100.000000
100.000000
100.000000
100.000000
100.000000
100.000000
100.000000
100.000000
100.000000
100.000000
100.000000
100.000000
100.000000
99.348482
100.000000
100.000000
100.000000
100.000000
100.000000
99.651765
100.000000
100.000000
100.000000
100.000000
100.000000
99.579489
100.000000
100.000000
100.000000
100.000000
100.000000
99.428301
100.000000
100.000000
100.000000
100.000000
100.000000
99.756580
100.000000
100.000000
100.000000
100.000000
100.000000
99.845525
100.000000
100.000000
100.000000
100.000000
100.000000
100.000000
100.000000
100.000000
100.000000
100.000000
100.000000
99.928436
100.000000
100.000000
100.000000
100.000000
100.000000
99.676398
100.000000
100.000000
100.000000
100.000000
99.979173
100.000000
100.000000
100.000000
100.000000
100.000000
100.000000
99.904419
100.000000
100.000000
100.000000
100.000000
100.000000
100.000000
100.000000
100.000000
100.000000
100.000000
100.000000
99.918385
100.000000
100.000000
100.000000
100.000000
100.000000
100.000000
100.000000
100.000000
100.000000
100.000000
100.000000
100.000000
100.000000
100.000000
100.000000
100.000000
100.000000
100.000000
100.000000
100.000000
100.000000
100.000000
100.000000
100.000000
100.000000
100.000000
100.000000
100.000000
100.000000
100.000000
100.000000
100.000000
100.000000
100.000000
100.000000
99.872836
100.000000
100.000000
100.000000
100.000000
99.942374
100.000000
100.000000
100.000000
100.000000
100.000000
100.000000
99.688319
100.000000
100.000000
100.000000
100.000000
100.000000
99.922054
99.551437
99.452578
99.903247
99.213083
100.000000
100.000000
100.000000
100.000000
100.000000
100.000000
99.633167
98.635851
99.456299
99.208593
100.000000
99.155059
99.222829
99.734558
99.023938
99.015605
100.000000
99.437229
100.000000
100.000000
99.201555
99.051152
100.000000
99.365267
99.848192
99.859511
99.360139
99.403952
100.000000
98.992620
99.715719
100.000000
100.000000
100.000000
100.000000
99.596875
100.000000
98.868499
100.000000
100.000000
99.906825
100.000000
99.495156
100.000000
99.457793
100.000000
100.000000
99.582471
99.444791
98.698701
100.000000
100.000000
100.000000
100.000000
100.000000
100.000000
100.000000
100.000000
100.000000
99.617272
100.000000
99.589842
100.000000
100.000000
100.000000
100.000000
100.000000
100.000000
100.000000
100.000000
100.000000
99.994525
100.000000
99.455571
99.804915
100.000000
100.000000
99.971349
100.000000
99.955045
100.000000
100.000000
100.000000
100.000000
100.000000
100.000000
100.000000
99.926948
100.000000
100.000000
100.000000
100.000000
100.000000
100.000000
100.000000
99.978132
100.000000
99.547207
99.433687
99.689159
100.000000
100.000000
99.070525
99.221126
100.000000
100.000000
100.000000
98.950152
99.048681
99.434645
100.000000
100.000000
99.865004
99.209089
99.621672
100.000000
100.000000
99.646310
100.000000
99.444596
100.000000
100.000000
99.662715
99.683685
100.000000
99.676698
100.000000
99.894721
99.965825
100.000000
100.000000
99.856597
99.861834
100.000000
100.000000
99.110471
100.000000
99.620386
99.821385
99.764970
99.551428
99.423114
100.000000
99.101216
99.444913
99.773526
98.856438
98.966662
99.796712
99.008823
99.163597
98.887400
99.778871
99.429610
100.000000
98.935044
99.024155
99.174167
99.625403
99.338593
99.436563
98.881889
98.544311
99.329036
99.143978
98.985617
99.990672
100.000000
100.000000
98.096632
98.772095
99.845277
100.000000
100.000000
99.896708
99.668726
99.583236
98.835444
99.615662
99.411607
99.612896
99.381332
99.427134
99.991319
100.000000
99.124295
99.410431
99.799136
100.000000
99.832534
100.000000
99.755718
100.000000
99.263057
100.000000
99.894291
100.000000
99.266250
99.289500
99.040066
100.000000
99.438239
99.956092
98.588997
98.663302
98.962384
99.639528
99.764461
100.000000
98.892336
99.304097
100.000000
100.000000
100.000000
100.000000
99.344876
99.606453
99.809445
99.599526
99.306238
99.683576
99.144615
98.715394
99.161750
99.186848
99.066051
100.000000
99.048609
99.111421
98.612938
98.960351
99.034058
99.469807
98.959048
99.163994
99.372187
99.494647
99.378253
100.000000
100.000000
99.640661
99.347416
99.045177
99.934736
100.000000
99.070264
99.235414
99.108217
98.950601
98.890130
100.000000
98.537269
98.760016
98.511428
98.845096
99.186357
99.737117
98.806929
99.202463
99.220597
99.110565
99.138851
100.000000
99.957406
99.445067
99.194214
99.839141
100.000000
100.000000
99.833456
99.673418
99.407834
99.090146
98.490191
99.053151
98.328739
98.366802
97.843068
98.407651
98.499263
98.886143
98.404162
97.775431
97.853960
98.095929
97.591623
98.338452
98.062081
97.824563
96.817343
98.223031
97.590252
98.239145
97.704580
97.625322
98.805105
98.106855
98.312723
98.533903
98.214945
98.483493
97.700339
97.994588
97.841139
98.548397
98.254266
98.341819
97.488925
98.033060
98.335749
98.977624
97.818870
97.814039
98.203827
98.197441
98.921539
99.177011
98.414776
98.419813
99.705782
99.832135
97.342091
98.164298
97.669536
98.822808
99.578692
97.778514
97.263932
98.543160
97.911736
98.049011
97.838260
97.914211
98.021779
98.323688
97.777384
97.861787
96.795157
97.465264
97.586145
98.005242
97.915798
96.962558
98.001889
98.126745
98.063815
98.966048
98.820695
98.225459
96.968172
98.012964
98.980683
99.144589
98.877377
98.909551
98.461352
98.931683
99.220372
99.925791
98.870936
98.831234
98.499258
99.150554
99.015915
99.549500
98.904533
98.348280
97.854499
98.313542
98.614893
98.937655
98.172193
98.295000
97.900745
98.078498
98.194822
98.865123
98.263847
98.377355
97.635027
98.237108
98.107836
98.874759
98.232877
98.128968
97.915072
98.359857
97.908058
98.757733
98.235932
98.287370
97.826286
98.245069
98.162402
98.982291
98.169110
98.064598
97.024977
98.249689
98.042932
98.300974
98.026328
97.587441
99.903486
100.000000
99.743792
100.000000
100.000000
100.000000
100.000000
100.000000
100.000000
100.000000
100.000000
98.478619
97.347305
100.000000
99.851659
99.265269
99.116599
98.982673
98.752459
98.890888
100.000000
99.427807
98.775950
98.507845
98.704787
99.625647
100.000000
99.174460
98.385758
98.959707
98.281140
98.937747
99.933350
99.221692
98.630203
99.372204
99.595850
99.017086
98.465450
99.568667
98.713159
99.337081
99.275165
98.533475
98.439042
99.955478
98.911971
99.058040
98.682273
98.697558
99.727523
100.000000
98.907497
98.912589
99.021575
99.923308
99.728850
100.000000
100.000000
98.523630
98.498402
100.000000
100.000000
100.000000
100.000000
100.000000
98.825629
99.703248
100.000000
100.000000
100.000000
100.000000
100.000000
100.000000
100.000000
100.000000
100.000000
100.000000
100.000000
100.000000
100.000000
100.000000
100.000000
100.000000
100.000000
100.000000
100.000000
100.000000
100.000000
100.000000
100.000000
100.000000
100.000000
100.000000
100.000000
100.000000
100.000000
100.000000
100.000000
100.000000
100.000000
100.000000
100.000000
100.000000
100.000000
100.000000
100.000000
100.000000
100.000000
100.000000
100.000000
100.000000
100.000000
100.000000
100.000000
100.000000
100.000000
100.000000
100.000000
100.000000
100.000000
100.000000
100.000000
100.000000
100.000000
100.000000
100.000000
100.000000
100.000000
100.000000
100.000000
100.000000
100.000000
100.000000
100.000000
100.000000
100.000000
100.000000
100.000000
100.000000
100.000000
100.000000
100.000000
100.000000
100.000000
100.000000
100.000000
100.000000
100.000000
100.000000
100.000000
100.000000
100.000000
100.000000
100.000000
100.000000
100.000000
100.000000
100.000000
100.000000
100.000000
100.000000
100.000000
100.000000
100.000000
100.000000
100.000000
100.000000
100.000000
100.000000
100.000000
100.000000
100.000000
100.000000
98.832007
100.000000
100.000000
100.000000
100.000000
100.000000
100.000000
100.000000
100.000000
100.000000
100.000000
100.000000
100.000000
100.000000
100.000000
100.000000
100.000000
100.000000
100.000000
100.000000
100.000000
100.000000
100.000000
100.000000
100.000000
100.000000
100.000000
100.000000
100.000000
100.000000
100.000000
100.000000
100.000000
100.000000
100.000000
100.000000
100.000000
100.000000
100.000000
100.000000
100.000000
100.000000
100.000000
100.000000
100.000000
100.000000
100.000000
100.000000
100.000000
100.000000
100.000000
100.000000
100.000000
100.000000
100.000000
100.000000
100.000000
100.000000
100.000000
100.000000
98.979019
100.000000
100.000000
100.000000
100.000000
100.000000
100.000000
100.000000
100.000000
100.000000
100.000000
100.000000
100.000000
100.000000
100.000000
100.000000
100.000000
100.000000
100.000000
100.000000
100.000000
100.000000
100.000000
100.000000
100.000000
100.000000
100.000000
100.000000
100.000000
100.000000
100.000000
100.000000
100.000000
100.000000
100.000000
100.000000
100.000000
100.000000
100.000000
100.000000
100.000000
100.000000
100.000000
100.000000
100.000000
100.000000
100.000000
100.000000
98.151158
99.967981
100.000000
100.000000
99.805942
100.000000
100.000000
100.000000
100.000000
100.000000
100.000000
100.000000
99.011970
100.000000
100.000000
100.000000
99.893521
98.196090
100.000000
100.000000
99.950662
100.000000
100.000000
100.000000
99.041041
99.388177
99.527200
100.000000
99.766802
100.000000
100.000000
99.380608
99.005211
100.000000
100.000000
100.000000
99.434466
100.000000
100.000000
100.000000
99.577025
99.943030
100.000000
100.000000
99.514289
100.000000
99.176103
100.000000
99.726178
99.551229
99.510048
100.000000
98.853501
100.000000
100.000000
99.941812
99.425489
100.000000
99.324107
98.570614
99.723155
100.000000
98.720957
100.000000
98.908832
99.237824
99.678929
99.567417
99.183012
100.000000
99.416419
99.733854
98.996249
99.390071
100.000000
99.463619
98.902717
99.030907
99.446891
99.417999
99.150391
100.000000
99.225578
99.563333
98.090129
98.894009
99.249116
99.742648
99.218777
99.408257
99.287096
99.347188
99.589610
100.000000
99.223452
99.096786
99.955511
98.588827
98.464401
100.000000
98.361840
99.460887
99.932981
98.481551
98.317726
100.000000
99.045060
98.675548
99.554935
100.000000
99.615175
100.000000
99.094091
99.934248
100.000000
99.555152
100.000000
100.000000
100.000000
99.785644
98.524436
98.542425
98.666486
100.000000
98.928185
100.000000
100.000000
98.907443
98.878088
100.000000
99.483973
100.000000
98.353083
99.278444
98.854872
99.169332
99.303110
98.286755
99.916345
99.630529
99.046570
100.000000
100.000000
99.409862
99.108958
99.078560
99.064336
100.000000
100.000000
99.917542
100.000000
99.247425
99.407756
100.000000
99.570138
100.000000
100.000000
99.434958
98.817689
100.000000
100.000000
100.000000
100.000000
99.660025
99.877757
100.000000
100.000000
100.000000
100.000000
99.208917
99.021215
100.000000
99.310618
99.632741
100.000000
100.000000
99.773082
100.000000
99.980109
100.000000
99.946346
99.506831
98.946685
100.000000
99.278027
99.178315
99.308556
100.000000
99.908475
100.000000
99.809960
99.816181
99.485248
99.545490
99.440340
100.000000
99.695048
98.322939
100.000000
99.891190
99.547152
100.000000
99.774640
100.000000
98.700935
99.846717
100.000000
99.990045
99.709538
100.000000
100.000000
100.000000
100.000000
100.000000
99.907951
100.000000
100.000000
100.000000
100.000000
100.000000
99.874732
100.000000
100.000000
99.873218
99.634587
100.000000
98.840474
100.000000
100.000000
99.308239
99.333301
100.000000
100.000000
100.000000
97.370031
100.000000
100.000000
100.000000
100.000000
99.447914
95.084903
100.000000
100.000000
100.000000
100.000000
99.669052
99.427743
100.000000
100.000000
100.000000
100.000000
100.000000
98.662202
100.000000
98.884639
99.618794
100.000000
97.785050
99.181679
100.000000
99.957645
100.000000
99.826167
99.071731
100.000000
99.262430
99.447995
99.238420
99.164674
100.000000
100.000000
100.000000
99.310336
100.000000
100.000000
100.000000
98.827798
99.463727
100.000000
100.000000
100.000000
99.602725
100.000000
100.000000
99.819366
100.000000
99.621964
99.457754
99.721610
100.000000
99.818152
100.000000
100.000000
99.604227
99.200297
100.000000
99.449804
100.000000
99.766240
100.000000
100.000000
100.000000
99.877725
100.000000
99.882798
100.000000
99.026822
99.859134
99.072890
100.000000
99.626565
99.337890
99.504614
100.000000
100.000000
100.000000
100.000000
97.895963
100.000000
100.000000
100.000000
100.000000
100.000000
99.336676
96.969426
99.982449
99.745971
100.000000
99.115578
99.411210
99.399792
100.000000
100.000000
100.000000
100.000000
100.000000
99.504298
99.599255
99.885563
100.000000
100.000000
99.688005
99.632045
100.000000
100.000000
100.000000
100.000000
100.000000
98.888363
100.000000
100.000000
100.000000
100.000000
100.000000
99.551831
100.000000
100.000000
100.000000
100.000000
100.000000
100.000000
100.000000
100.000000
100.000000
100.000000
100.000000
99.736331
100.000000
100.000000
100.000000
100.000000
100.000000
99.556907
100.000000
99.909292
100.000000
100.000000
99.270578
100.000000
100.000000
99.853932
100.000000
100.000000
100.000000
99.430556
99.455699
99.428779
100.000000
100.000000
100.000000
99.282992
99.882102
100.000000
100.000000
100.000000
100.000000
100.000000
100.000000
100.000000
100.000000
99.639434
99.815892
100.000000
100.000000
100.000000
100.000000
100.000000
100.000000
100.000000
100.000000
100.000000
100.000000
100.000000
100.000000
100.000000
100.000000
100.000000
100.000000
100.000000
100.000000
100.000000
100.000000
100.000000
100.000000
100.000000
100.000000
100.000000
100.000000
100.000000
100.000000
100.000000
100.000000
100.000000
100.000000
100.000000
100.000000
100.000000
100.000000
100.000000
100.000000
100.000000
100.000000
100.000000
100.000000
100.000000
100.000000
100.000000
100.000000
100.000000
100.000000
100.000000
100.000000
100.000000
100.000000
100.000000
100.000000
100.000000
100.000000
100.000000
100.000000
100.000000
100.000000
99.992125
99.823193
100.000000
100.000000
99.619243
100.000000
100.000000
100.000000
98.949221
100.000000
99.714929
99.123454
99.120089
100.000000
99.448431
100.000000
99.808864
99.658491
100.000000
98.666243
98.707463
100.000000
99.141529
99.329087
99.425361
99.786448
99.314159
100.000000
99.617073
99.327273
98.592554
99.697584
99.418968
100.000000
98.991956
98.075500
98.980288
100.000000
100.000000
100.000000
99.412368
99.732210
99.899890
99.605425
99.629417
100.000000
100.000000
99.724839
99.645176
99.693052
98.512972
100.000000
98.642969
98.873700
99.825827
99.005475
98.266957
100.000000
98.774622
100.000000
99.812968
100.000000
99.053483
100.000000
98.633366
100.000000
98.729184
98.142734
98.101759
99.934248
98.167313
98.734185
99.657552
100.000000
98.260164
99.558018
98.346902
99.000957
99.697508
98.356556
98.504622
100.000000
98.747309
98.467062
99.084051
98.970579
99.807329
99.911711
98.605166
98.756018
97.836540
98.492434
98.735102
99.450291
99.977350
98.401338
97.557819
99.831475
98.306769
100.000000
97.903041
97.843235
99.742499
99.554714
98.347330
99.088153
98.105361
98.590382
99.466214
99.325069
98.777280
100.000000
100.000000
100.000000
100.000000
100.000000
100.000000
100.000000
100.000000
100.000000
100.000000
100.000000
100.000000
100.000000
100.000000
100.000000
100.000000
100.000000
100.000000
100.000000
100.000000
100.000000
100.000000
100.000000
100.000000
100.000000
100.000000
100.000000
100.000000
100.000000
100.000000
100.000000
100.000000
100.000000
100.000000
100.000000
100.000000
100.000000
100.000000
100.000000
100.000000
100.000000
100.000000
100.000000
100.000000
100.000000
100.000000
100.000000
100.000000
100.000000
100.000000
100.000000
100.000000
100.000000
100.000000
100.000000
100.000000
100.000000
100.000000
100.000000
100.000000
100.000000
100.000000
100.000000
100.000000
100.000000
100.000000
100.000000
100.000000
100.000000
100.000000
100.000000
100.000000
100.000000
100.000000
100.000000
100.000000
100.000000
100.000000
100.000000
100.000000
100.000000
100.000000
100.000000
100.000000
100.000000
100.000000
100.000000
100.000000
100.000000
100.000000
100.000000
100.000000
100.000000
100.000000
100.000000
100.000000
100.000000
100.000000
100.000000
100.000000
100.000000
100.000000
100.000000
100.000000
100.000000
100.000000
100.000000
100.000000
100.000000
100.000000
100.000000
100.000000
100.000000
100.000000
100.000000
100.000000
100.000000
100.000000
100.000000
100.000000
100.000000
100.000000
100.000000
100.000000
100.000000
100.000000
100.000000
100.000000
100.000000
100.000000
100.000000
100.000000
100.000000
100.000000
100.000000
100.000000
100.000000
100.000000
100.000000
100.000000
100.000000
100.000000
100.000000
100.000000
100.000000
100.000000
100.000000
100.000000
100.000000
100.000000
100.000000
100.000000
100.000000
100.000000
100.000000
100.000000
100.000000
100.000000
100.000000
100.000000
100.000000
100.000000
100.000000
100.000000
100.000000
100.000000
100.000000
100.000000
100.000000
100.000000
100.000000
100.000000
100.000000
100.000000
100.000000
100.000000
100.000000
100.000000
100.000000
100.000000
100.000000
100.000000
100.000000
100.000000
100.000000
100.000000
100.000000
100.000000
100.000000
100.000000
100.000000
100.000000
100.000000
100.000000
100.000000
100.000000
100.000000
100.000000
100.000000
100.000000
100.000000
100.000000
100.000000
100.000000
100.000000
100.000000
100.000000
100.000000
100.000000
100.000000
100.000000
100.000000
100.000000
100.000000
100.000000
100.000000
100.000000
100.000000
100.000000
100.000000
100.000000
100.000000
100.000000
100.000000
100.000000
100.000000
100.000000
100.000000
100.000000
100.000000
100.000000
99.732862
100.000000
100.000000
100.000000
100.000000
100.000000
100.000000
100.000000
100.000000
100.000000
100.000000
100.000000
100.000000
100.000000
100.000000
100.000000
100.000000
100.000000
100.000000
100.000000
100.000000
100.000000
100.000000
100.000000
100.000000
100.000000
100.000000
100.000000
100.000000
100.000000
100.000000
100.000000
100.000000
100.000000
100.000000
100.000000
100.000000
100.000000
100.000000
100.000000
100.000000
100.000000
100.000000
100.000000
100.000000
100.000000
100.000000
100.000000
100.000000
100.000000
100.000000
100.000000
100.000000
100.000000
100.000000
100.000000
100.000000
100.000000
100.000000
100.000000
100.000000
100.000000
100.000000
100.000000
100.000000
100.000000
100.000000
100.000000
100.000000
100.000000
100.000000
100.000000
100.000000
100.000000
100.000000
100.000000
100.000000
100.000000
100.000000
100.000000
100.000000
100.000000
100.000000
100.000000
100.000000
100.000000
100.000000
100.000000
100.000000
100.000000
99.813075
100.000000
100.000000
100.000000
100.000000
100.000000
99.655201
100.000000
100.000000
100.000000
100.000000
100.000000
100.000000
100.000000
100.000000
100.000000
100.000000
100.000000
100.000000
100.000000
100.000000
100.000000
100.000000
98.279290
100.000000
100.000000
100.000000
100.000000
100.000000
100.000000
100.000000
100.000000
100.000000
100.000000
100.000000
100.000000
100.000000
100.000000
100.000000
100.000000
100.000000
100.000000
100.000000
100.000000
100.000000
100.000000
100.000000
100.000000
100.000000
100.000000
100.000000
100.000000
100.000000
100.000000
100.000000
100.000000
100.000000
100.000000
100.000000
100.000000
100.000000
100.000000
100.000000
100.000000
100.000000
100.000000
100.000000
100.000000
100.000000
100.000000
100.000000
100.000000
100.000000
100.000000
100.000000
100.000000
100.000000
100.000000
100.000000
100.000000
100.000000
100.000000
100.000000
100.000000
100.000000
100.000000
100.000000
100.000000
100.000000
100.000000
100.000000
100.000000
100.000000
100.000000
100.000000
100.000000
100.000000
100.000000
100.000000
100.000000
100.000000
100.000000
100.000000
100.000000
100.000000
100.000000
100.000000
100.000000
100.000000
100.000000
100.000000
100.000000
100.000000
100.000000
100.000000
100.000000
100.000000
100.000000
100.000000
100.000000
100.000000
100.000000
100.000000
100.000000
100.000000
100.000000
100.000000
100.000000
100.000000
100.000000
100.000000
100.000000
99.446691
100.000000
100.000000
100.000000
100.000000
100.000000
100.000000
100.000000
100.000000
100.000000
100.000000
100.000000
100.000000
100.000000
100.000000
100.000000
100.000000
100.000000
100.000000
100.000000
100.000000
100.000000
100.000000
100.000000
100.000000
100.000000
100.000000
100.000000
100.000000
100.000000
100.000000
100.000000
100.000000
100.000000
100.000000
100.000000
100.000000
100.000000
100.000000
100.000000
100.000000
100.000000
100.000000
100.000000
100.000000
100.000000
100.000000
100.000000
100.000000
100.000000
100.000000
100.000000
100.000000
100.000000
100.000000
100.000000
100.000000
100.000000
100.000000
100.000000
100.000000
100.000000
100.000000
100.000000
100.000000
100.000000
100.000000
100.000000
100.000000
100.000000
100.000000
100.000000
100.000000
100.000000
100.000000
100.000000
100.000000
100.000000
100.000000
100.000000
100.000000
100.000000
100.000000
100.000000
100.000000
100.000000
100.000000
100.000000
100.000000
100.000000
100.000000
100.000000
100.000000
100.000000
100.000000
100.000000
100.000000
100.000000
100.000000
100.000000
100.000000
100.000000
100.000000
100.000000
100.000000
100.000000
100.000000
100.000000
100.000000
100.000000
100.000000
100.000000
100.000000
100.000000
100.000000
100.000000
100.000000
100.000000
100.000000
100.000000
100.000000
100.000000
100.000000
100.000000
100.000000
100.000000
100.000000
100.000000
100.000000
100.000000
100.000000
100.000000
100.000000
100.000000
100.000000
100.000000
100.000000
100.000000
100.000000
100.000000
100.000000
100.000000
100.000000
100.000000
100.000000
100.000000
100.000000
100.000000
100.000000
100.000000
100.000000
100.000000
100.000000
100.000000
100.000000
100.000000
100.000000
100.000000
100.000000
100.000000
100.000000
100.000000
100.000000
100.000000
100.000000
100.000000
100.000000
100.000000
100.000000
100.000000
100.000000
100.000000
100.000000
100.000000
100.000000
100.000000
100.000000
100.000000
100.000000
100.000000
100.000000
100.000000
100.000000
100.000000
100.000000
100.000000
100.000000
100.000000
100.000000
100.000000
100.000000
100.000000
100.000000
100.000000
100.000000
100.000000
100.000000
100.000000
100.000000
100.000000
100.000000
100.000000
100.000000
100.000000
99.910172
100.000000
100.000000
100.000000
100.000000
100.000000
99.691638
100.000000
100.000000
100.000000
100.000000
100.000000
100.000000
100.000000
100.000000
100.000000
100.000000
100.000000
100.000000
100.000000
100.000000
100.000000
100.000000
100.000000
100.000000
100.000000
100.000000
100.000000
100.000000
100.000000
100.000000
100.000000
100.000000
100.000000
100.000000
100.000000
100.000000
100.000000
100.000000
100.000000
100.000000
100.000000
100.000000
100.000000
100.000000
100.000000
100.000000
100.000000
100.000000
100.000000
100.000000
100.000000
100.000000
100.000000
100.000000
100.000000
100.000000
100.000000
100.000000
100.000000
100.000000
100.000000
100.000000
100.000000
100.000000
100.000000
100.000000
100.000000
100.000000
100.000000
100.000000
100.000000
100.000000
100.000000
100.000000
100.000000
100.000000
100.000000
100.000000
100.000000
100.000000
100.000000
100.000000
100.000000
100.000000
100.000000
100.000000
100.000000
100.000000
100.000000
100.000000
100.000000
100.000000
100.000000
100.000000
100.000000
100.000000
100.000000
100.000000
100.000000
100.000000
100.000000
100.000000
100.000000
100.000000
100.000000
100.000000
100.000000
100.000000
100.000000
100.000000
100.000000
100.000000
100.000000
100.000000
100.000000
100.000000
100.000000
100.000000
100.000000
100.000000
100.000000
100.000000
100.000000
100.000000
100.000000
100.000000
100.000000
100.000000
100.000000
100.000000
100.000000
100.000000
100.000000
100.000000
100.000000
100.000000
100.000000
100.000000
100.000000
100.000000
100.000000
100.000000
100.000000
100.000000
100.000000
100.000000
100.000000
100.000000
100.000000
100.000000
100.000000
100.000000
100.000000
100.000000
100.000000
100.000000
100.000000
100.000000
100.000000
100.000000
100.000000
100.000000
100.000000
100.000000
100.000000
100.000000
100.000000
