97.239963
98.877075
99.094316
99.308564
98.630659
97.664333
97.034229
97.160560
96.669949
98.170380
99.191036
98.512682
97.246885
98.282984
97.869152
99.410601
98.663421
98.434032
98.878354
97.789984
97.639920
98.566227
98.219032
99.201715
98.762494
97.370094
97.542249
98.544998
97.999388
98.778426
97.481342
97.419496
97.325745
98.301600
97.917241
98.724913
100.000000
97.360507
96.812318
98.272157
96.777140
99.028525
98.576828
97.393580
97.079809
99.433675
97.813183
97.894775
97.271825
97.771251
97.195626
98.200798
96.806814
97.770624
96.591664
98.170340
97.474786
98.299885
98.007820
96.663286
97.776652
97.162389
96.695821
100.000000
97.074376
97.323384
96.179962
97.132152
97.219140
98.087685
97.807342
98.665188
99.125272
97.220254
98.584436
98.251502
97.498501
98.497829
97.163608
98.258916
98.465591
98.318953
96.990997
97.043711
97.139524
98.859829
99.070139
98.456422
97.393521
96.946363
99.036984
99.091383
99.221590
98.294407
96.797162
97.789812
100.000000
99.504766
98.005325
98.308162
97.219565
98.118141
98.734357
97.668011
97.175183
98.575454
97.991358
97.462543
98.483081
97.696548
97.848268
99.250305
97.609340
97.600724
97.184781
97.694124
97.030943
97.639733
97.614029
97.685594
97.924212
97.860582
98.531489
99.238034
96.995363
97.281207
96.964392
98.421422
98.203593
97.729708
98.005005
97.341250
98.045486
98.462264
99.415116
98.719957
97.853195
98.909965
98.040400
97.536671
97.301361
98.932896
100.000000
98.005917
97.705726
97.197677
97.314459
100.000000
97.950160
97.503158
97.493122
98.056398
99.031975
100.000000
97.102232
97.949030
97.693650
99.362117
98.708525
99.704405
97.125990
97.769488
99.126439
97.744092
97.677959
99.431691
98.763632
98.598409
98.339313
98.769856
97.702988
98.669312
97.325848
98.315625
100.000000
98.277082
97.420483
97.824173
98.249578
100.000000
100.000000
97.501899
97.580559
99.227765
98.149131
98.233821
97.072275
97.625493
98.134480
98.214974
97.467033
97.938309
100.000000
98.006933
97.636272
98.973252
97.620757
98.495606
100.000000
97.244109
96.660991
99.218272
100.000000
100.000000
97.963569
97.222783
97.493293
100.000000
98.683993
97.348935
97.958369
97.988134
97.205998
99.064719
99.133175
97.308140
97.904696
97.324302
97.179330
98.724165
97.352349
98.538884
98.416398
96.631071
97.858021
99.117971
96.666604
97.762765
99.995082
100.000000
98.931919
100.000000
99.444868
98.875182
95.824710
97.098743
98.721101
97.819529
96.502108
97.780000
98.211819
97.416233
97.294675
100.000000
99.325276
99.785046
100.000000
98.797525
97.849992
100.000000
100.000000
98.809550
95.804990
97.310427
99.095696
98.700216
97.277966
97.614472
98.207374
98.256238
97.706469
99.125515
97.777894
99.157803
99.718365
98.427763
98.105218
100.000000
97.610114
97.949285
100.000000
99.801839
97.863523
99.273085
99.044785
99.861157
98.755371
98.715642
99.405203
99.411688
97.670205
98.153628
100.000000
97.354498
97.164542
99.439263
98.655541
97.560853
97.732690
97.437271
97.156430
99.062562
97.928201
97.376086
97.346775
97.919303
97.113966
98.148296
96.823529
98.196554
99.748662
98.407093
97.926736
99.146333
97.346802
97.400716
97.584325
98.207638
97.003350
98.019841
97.562177
97.382271
98.525217
98.126613
99.392707
99.698913
97.031440
97.316234
97.803973
99.090509
98.900359
99.022149
97.931170
98.824682
98.079450
98.236746
97.345832
99.048355
99.622738
97.327071
98.170953
97.491420
98.859685
98.709218
97.230296
97.599387
99.704001
97.950448
97.460291
99.519470
97.907732
97.709851
98.815617
98.375271
97.998641
99.237086
97.553762
99.268255
99.294244
97.825721
97.396497
99.306035
97.663244
98.587527
98.787775
98.173373
98.280446
98.638623
98.185860
97.780339
98.632447
97.667870
97.254570
99.135099
98.685662
98.048087
97.535675
97.795699
97.634924
98.505036
98.289207
97.700012
98.359959
97.768839
99.763402
100.000000
98.023105
97.865776
98.007314
97.958482
99.444811
99.186853
97.904458
98.381212
98.831759
97.525348
96.800212
99.636632
97.674770
97.765107
98.051580
97.074855
97.489683
98.710178
96.990692
97.050994
98.001026
98.055940
98.034925
99.224098
97.291742
97.512123
98.190403
97.751754
97.805431
99.819197
97.686480
97.376607
97.672006
97.558127
98.744248
98.974693
97.667724
97.160111
97.493417
97.856279
96.804247
98.003391
97.091382
97.306899
98.422036
98.055851
97.426478
99.620406
97.462937
96.922921
96.456422
97.162644
98.915418
98.118958
98.852016
97.396750
99.633193
98.505912
96.484990
99.487735
100.000000
97.945773
96.704910
98.227948
97.101874
99.875887
98.712341
97.181416
96.359963
96.104230
96.799330
100.000000
97.189467
97.281285
99.397458
95.962764
96.611237
98.902801
97.449181
99.916347
98.756559
96.952239
96.989246
99.496179
98.620477
99.168766
98.324367
96.770642
96.737290
98.980427
98.244428
97.523021
97.879100
97.699498
97.381711
99.505584
97.114657
97.249295
96.880371
97.329224
97.594836
97.893796
96.999148
97.430437
99.503762
97.654776
97.058096
98.576041
97.522359
97.529934
96.834834
96.971691
97.487689
98.225189
97.081253
97.462955
98.442595
98.645584
96.908787
98.347704
98.366375
98.500428
97.470063
97.383298
97.457218
99.615265
96.377335
96.541065
100.000000
99.419102
96.199431
98.439256
98.231743
98.636956
97.463298
97.199220
98.668398
98.708949
97.015316
97.260497
97.043324
97.617334
98.200501
99.293800
97.942382
98.710675
98.642028
99.217018
98.886327
99.387526
96.540432
97.267121
100.000000
99.742855
99.016270
99.893631
98.388188
99.166555
97.856667
95.891586
96.159579
97.822989
96.780745
96.516771
97.977319
97.389083
98.325536
100.000000
98.538693
99.303229
99.729681
97.669991
97.336550
99.927727
97.059519
97.448668
98.711960
97.820557
97.459729
99.134921
97.464635
98.131789
100.000000
98.434665
98.439990
100.000000
99.189693
100.000000
99.603921
99.068657
98.773434
100.000000
98.244775
97.926676
98.692015
97.112698
97.426445
100.000000
97.455285
97.369948
97.944029
97.368329
97.754708
98.953527
97.319219
98.709268
99.093346
97.191605
96.972194
99.178360
97.530610
97.205595
98.302072
97.780439
97.716157
99.862104
96.647618
96.616915
97.811305
98.179736
97.981836
97.756879
97.103631
99.512603
100.000000
100.000000
98.380029
98.651216
96.320561
98.836092
99.137993
97.096125
97.772094
97.646861
98.176177
96.326799
97.457585
99.467548
100.000000
100.000000
96.689262
96.567600
100.000000
100.000000
99.087074
99.148027
96.887316
96.978043
98.535646
100.000000
99.600551
98.515980
96.492416
97.377920
100.000000
98.775498
95.786075
98.099373
99.049163
96.958865
98.632109
96.451291
99.113687
100.000000
99.327393
97.902612
97.105312
98.391171
100.000000
100.000000
97.644675
97.481216
98.595102
97.303798
97.199629
98.541226
96.974871
98.687985
96.324369
96.276702
97.291503
98.984086
96.603947
96.771980
99.653365
97.803792
96.808781
99.625740
97.398653
96.658755
96.581304
97.049346
97.039173
98.025808
97.148706
97.614381
98.588206
98.209748
97.881563
99.535219
98.331355
98.288550
98.914870
98.004339
97.618299
99.557225
96.977251
97.360933
98.632327
97.745864
97.317566
99.324948
96.824412
97.132148
99.224938
97.440629
97.108660
98.562507
96.861016
97.283235
98.951568
97.572172
97.856066
99.088693
97.414252
98.113014
98.500868
97.032619
98.067557
99.852783
97.225016
98.625443
99.154952
97.673625
96.837673
99.382776
97.142042
97.253191
97.350244
97.861378
97.553330
99.409670
98.039331
97.944542
98.520487
97.508679
97.908855
99.877445
99.312710
98.135862
96.547951
97.793208
98.452510
98.508156
96.960110
97.376704
99.293265
98.072241
97.508889
99.983585
98.404341
99.830359
100.000000
97.046216
96.497091
98.717162
97.444895
100.000000
100.000000
95.736904
95.785818
99.186058
100.000000
100.000000
97.971461
96.780097
97.860276
98.476356
96.464832
95.919067
100.000000
100.000000
99.451249
99.956757
95.749829
96.562602
100.000000
100.000000
96.820632
98.605134
95.979271
98.050355
100.000000
97.812705
96.881052
100.000000
96.044434
96.170538
95.669266
97.715251
100.000000
100.000000
98.094112
98.749654
98.523297
99.437406
100.000000
98.868380
96.350995
97.007833
97.523230
97.705805
97.710084
99.367101
100.000000
99.925342
99.376367
99.139101
98.761714
99.304183
98.595268
99.331861
97.710274
97.892077
97.794696
99.084264
97.631410
99.437264
99.485277
99.043843
99.674827
100.000000
99.426767
98.951440
98.687994
98.146447
99.092067
100.000000
96.726373
97.114248
98.482657
98.086323
97.125391
99.396105
98.757443
98.644652
98.696473
97.039334
96.516910
100.000000
99.415484
97.909623
97.173877
98.048941
99.254083
100.000000
99.131803
96.935359
95.228201
96.351156
98.337830
99.301505
96.775875
96.245422
98.616228
97.356738
97.371681
99.423715
97.210362
97.730902
97.409785
96.507209
96.994743
98.570727
98.204413
98.334934
98.942038
97.167317
97.027284
99.135807
97.504996
98.575123
99.886496
97.396879
97.049014
98.879083
97.972025
98.485965
100.000000
99.527917
98.173760
99.326016
99.914494
100.000000
99.604248
98.422480
99.485386
100.000000
98.037455
98.706497
98.556091
96.758524
97.122323
99.042186
97.048575
98.072311
98.916109
97.213878
98.675263
100.000000
99.540859
99.908126
100.000000
97.292356
97.356389
100.000000
98.736967
96.897366
96.391330
97.639666
97.193555
97.664812
96.964273
97.428668
99.960277
97.152204
96.868901
99.493485
98.046317
97.376382
97.360198
96.935523
96.912263
97.951132
98.647064
97.779939
98.661651
97.640480
98.779929
99.123550
97.576353
97.467695
98.246311
97.711265
97.469290
99.070712
97.490919
97.894585
99.676152
97.881336
97.344093
98.691354
98.848096
99.452391
98.845396
96.998264
96.304458
98.607805
97.978268
98.364812
98.241174
96.985459
96.226697
98.556492
96.989119
97.054043
97.953640
99.406820
96.682073
99.108195
97.239542
97.609810
98.608448
97.276467
96.446181
99.680215
97.315974
97.469518
96.834001
97.104886
98.624940
99.002190
97.615678
96.923015
98.320966
97.524493
96.969189
99.662117
96.414391
96.885371
96.731477
98.429747
97.164664
97.220192
97.285864
97.373854
98.001845
97.135511
97.509778
99.772033
99.457883
97.982818
98.136475
98.261813
98.371985
99.767091
100.000000
100.000000
100.000000
100.000000
100.000000
100.000000
100.000000
100.000000
100.000000
100.000000
100.000000
100.000000
100.000000
100.000000
100.000000
100.000000
100.000000
100.000000
100.000000
100.000000
100.000000
100.000000
100.000000
100.000000
100.000000
100.000000
100.000000
100.000000
100.000000
100.000000
100.000000
100.000000
100.000000
100.000000
100.000000
100.000000
100.000000
100.000000
100.000000
100.000000
100.000000
100.000000
100.000000
100.000000
100.000000
100.000000
100.000000
100.000000
100.000000
100.000000
100.000000
100.000000
100.000000
100.000000
100.000000
100.000000
100.000000
100.000000
100.000000
100.000000
100.000000
100.000000
100.000000
100.000000
100.000000
100.000000
100.000000
100.000000
100.000000
100.000000
100.000000
100.000000
100.000000
100.000000
100.000000
100.000000
100.000000
100.000000
100.000000
100.000000
100.000000
100.000000
100.000000
100.000000
100.000000
100.000000
100.000000
100.000000
100.000000
100.000000
100.000000
100.000000
100.000000
100.000000
100.000000
100.000000
100.000000
100.000000
100.000000
100.000000
100.000000
100.000000
100.000000
100.000000
100.000000
100.000000
100.000000
100.000000
100.000000
100.000000
100.000000
100.000000
100.000000
100.000000
100.000000
100.000000
100.000000
100.000000
100.000000
100.000000
100.000000
100.000000
100.000000
100.000000
100.000000
100.000000
100.000000
100.000000
100.000000
100.000000
100.000000
100.000000
100.000000
100.000000
100.000000
100.000000
100.000000
100.000000
100.000000
100.000000
100.000000
100.000000
100.000000
100.000000
100.000000
100.000000
100.000000
100.000000
100.000000
100.000000
100.000000
100.000000
100.000000
100.000000
100.000000
100.000000
100.000000
100.000000
100.000000
100.000000
100.000000
100.000000
100.000000
100.000000
100.000000
100.000000
100.000000
100.000000
100.000000
100.000000
100.000000
100.000000
100.000000
100.000000
100.000000
100.000000
100.000000
100.000000
100.000000
100.000000
100.000000
100.000000
100.000000
100.000000
100.000000
100.000000
100.000000
100.000000
100.000000
100.000000
100.000000
100.000000
100.000000
100.000000
100.000000
100.000000
100.000000
100.000000
100.000000
100.000000
100.000000
100.000000
100.000000
100.000000
100.000000
100.000000
100.000000
100.000000
100.000000
100.000000
100.000000
100.000000
100.000000
100.000000
100.000000
100.000000
100.000000
100.000000
100.000000
100.000000
100.000000
100.000000
100.000000
100.000000
100.000000
100.000000
100.000000
100.000000
100.000000
100.000000
100.000000
100.000000
100.000000
100.000000
100.000000
100.000000
100.000000
100.000000
100.000000
100.000000
100.000000
100.000000
100.000000
100.000000
100.000000
100.000000
100.000000
100.000000
100.000000
100.000000
100.000000
100.000000
100.000000
100.000000
100.000000
100.000000
100.000000
100.000000
100.000000
100.000000
100.000000
100.000000
100.000000
100.000000
100.000000
100.000000
100.000000
100.000000
100.000000
100.000000
100.000000
100.000000
100.000000
100.000000
100.000000
100.000000
100.000000
100.000000
100.000000
100.000000
100.000000
100.000000
100.000000
100.000000
100.000000
100.000000
100.000000
100.000000
100.000000
100.000000
100.000000
100.000000
100.000000
100.000000
100.000000
100.000000
100.000000
100.000000
100.000000
100.000000
100.000000
100.000000
100.000000
100.000000
100.000000
100.000000
100.000000
100.000000
100.000000
100.000000
100.000000
99.802750
99.699214
99.900405
99.060765
99.894131
99.773804
100.000000
99.746460
99.725556
99.393280
100.000000
99.861681
100.000000
100.000000
100.000000
99.515472
100.000000
100.000000
100.000000
100.000000
100.000000
100.000000
100.000000
100.000000
100.000000
100.000000
99.897881
100.000000
100.000000
100.000000
100.000000
100.000000
100.000000
100.000000
100.000000
100.000000
100.000000
100.000000
100.000000
100.000000
100.000000
100.000000
100.000000
100.000000
100.000000
100.000000
100.000000
100.000000
100.000000
100.000000
100.000000
100.000000
100.000000
100.000000
100.000000
100.000000
100.000000
100.000000
100.000000
100.000000
100.000000
100.000000
100.000000
100.000000
100.000000
100.000000
100.000000
100.000000
100.000000
100.000000
100.000000
100.000000
100.000000
100.000000
100.000000
100.000000
100.000000
100.000000
100.000000
100.000000
100.000000
100.000000
100.000000
100.000000
100.000000
100.000000
99.974805
100.000000
100.000000
100.000000
100.000000
100.000000
99.948139
99.359975
99.945543
100.000000
99.830670
100.000000
99.948075
99.475900
100.000000
100.000000
100.000000
100.000000
100.000000
99.437019
99.824226
99.863776
100.000000
99.881934
100.000000
99.304520
100.000000
99.857885
100.000000
99.974890
99.940586
99.689136
100.000000
100.000000
100.000000
100.000000
100.000000
99.772956
100.000000
100.000000
100.000000
100.000000
100.000000
100.000000
100.000000
100.000000
100.000000
100.000000
100.000000
99.778407
100.000000
100.000000
100.000000
100.000000
100.000000
99.485193
100.000000
100.000000
100.000000
100.000000
99.871754
100.000000
100.000000
100.000000
100.000000
100.000000
100.000000
99.502184
100.000000
100.000000
100.000000
100.000000
100.000000
100.000000
100.000000
100.000000
100.000000
100.000000
100.000000
99.735000
100.000000
100.000000
100.000000
100.000000
100.000000
99.963246
100.000000
100.000000
100.000000
100.000000
100.000000
100.000000
100.000000
100.000000
100.000000
100.000000
100.000000
100.000000
100.000000
100.000000
100.000000
100.000000
100.000000
100.000000
100.000000
100.000000
100.000000
100.000000
100.000000
100.000000
100.000000
100.000000
100.000000
100.000000
100.000000
99.584414
100.000000
100.000000
100.000000
100.000000
99.662623
100.000000
100.000000
100.000000
100.000000
100.000000
99.867938
99.388603
100.000000
100.000000
100.000000
100.000000
100.000000
99.579577
98.574503
98.393356
98.699586
98.005368
98.016931
99.660636
98.581322
98.519301
100.000000
98.974689
98.168767
97.919070
98.210866
98.187913
99.162643
98.010665
98.172933
99.205904
97.415277
97.356570
99.552864
97.892436
98.844427
99.869305
98.124107
97.901131
100.000000
97.812795
98.891636
99.446510
97.895801
97.883207
99.355903
97.954226
98.178881
100.000000
100.000000
99.787719
99.359035
98.479811
100.000000
98.348180
99.165111
99.090515
98.905353
99.029034
98.943651
99.729083
97.785513
99.696965
100.000000
97.842845
97.697484
98.126665
100.000000
99.761405
99.275449
99.464816
99.581999
100.000000
100.000000
99.415507
99.815943
98.496082
99.681159
99.283215
99.027111
98.439885
100.000000
99.491679
98.970489
99.833619
98.988068
99.359323
100.000000
98.585564
99.085522
99.102422
98.402534
100.000000
100.000000
98.571002
98.882916
99.603913
99.193589
100.000000
99.959484
99.108460
98.994396
100.000000
98.855433
98.510183
100.000000
98.868435
98.916699
100.000000
99.408104
98.964648
100.000000
98.934402
99.046235
98.981478
98.246413
98.567342
99.623485
98.952772
98.565919
98.882837
100.000000
99.752208
99.512133
97.826591
97.975418
98.894443
100.000000
100.000000
98.987345
98.081749
98.692599
100.000000
100.000000
98.386010
99.199066
98.483136
100.000000
100.000000
98.640047
98.712137
100.000000
98.770198
99.377199
99.577518
99.150426
100.000000
99.817645
98.751695
98.763445
99.801857
100.000000
98.247846
99.800178
99.076716
99.338269
99.442774
98.788444
98.596637
99.523657
98.229398
98.650206
99.355147
97.907685
98.053662
99.114297
97.814481
98.359055
98.385395
99.007035
98.571285
99.270201
98.088013
98.168380
98.722280
98.743883
98.485206
98.634956
97.916467
97.831012
99.016569
98.364411
98.122941
99.009835
99.737137
100.000000
97.747205
98.380776
99.089164
100.000000
99.088977
99.089441
99.218404
99.133936
98.433674
98.908400
98.672427
99.158577
98.937750
98.580021
99.580387
99.321757
98.729124
99.051693
99.487226
100.000000
98.983545
100.000000
98.919868
99.909155
98.934671
99.230940
99.024506
100.000000
98.431856
98.540183
98.661486
100.000000
98.665237
98.963638
97.745144
97.843374
98.688389
99.261797
99.435634
99.426797
98.172367
98.715958
99.800242
99.714586
99.603560
99.817886
98.662384
98.912546
99.305104
98.890864
98.609074
99.018246
98.370832
98.336752
98.864104
98.509479
98.330792
99.386078
98.284347
98.671070
98.203024
98.543379
98.335303
98.834902
98.389510
98.683694
99.257940
98.852895
99.066504
99.445049
100.000000
99.312007
99.087415
98.451148
99.280154
100.000000
98.356423
98.881157
98.828365
98.495545
98.479224
100.000000
98.026670
98.256294
98.142778
98.201979
98.549351
99.081297
98.108088
98.795027
98.863479
98.642832
98.737177
99.928639
99.298150
98.816680
98.994472
99.240207
100.000000
100.000000
99.409342
99.261605
99.035329
98.315549
97.790265
98.372287
97.685238
97.978747
97.410145
98.047746
98.145499
98.852075
98.336125
97.541761
97.632492
97.507879
96.917775
97.662181
97.307002
96.684964
96.200600
97.780318
97.497779
97.529916
97.569062
97.151884
98.455046
97.438891
97.339521
98.203299
97.834615
98.123212
97.432786
97.667895
97.479577
98.238786
97.679425
97.746408
97.347348
97.399117
98.014343
98.381627
97.718459
97.742417
98.027709
97.376117
98.155694
98.883449
97.579231
98.132100
99.594873
99.646056
97.047457
97.848439
97.376435
98.269843
99.481924
96.838300
96.643841
97.611771
97.517391
97.921446
97.610693
97.509842
97.385597
97.957619
97.066155
97.433114
96.313027
97.024994
97.186381
97.591627
97.460023
96.472548
97.794281
97.566470
97.430529
98.384607
98.195934
97.546836
96.374556
97.340752
98.375746
98.560789
98.261982
98.252867
98.241064
98.556407
98.891248
99.653736
98.563384
98.530501
98.380949
98.588773
98.416832
99.002141
98.213477
97.647892
97.489106
97.944365
97.990531
98.348553
97.577924
97.648561
97.666796
97.752461
97.874311
98.305229
97.938415
97.757963
97.495591
97.619859
97.487972
98.317330
97.600365
97.724594
97.662508
98.022350
97.232562
98.433466
97.643259
97.689276
97.692836
97.907881
97.778030
98.334241
97.410931
97.276417
96.479260
97.414231
97.180479
97.468921
97.130212
96.807313
99.689329
99.536075
99.055048
99.913167
99.940285
100.000000
100.000000
100.000000
100.000000
100.000000
99.448738
97.815054
97.225951
99.395079
98.912751
98.300043
98.144681
98.288070
98.392350
98.505709
100.000000
98.725670
98.372502
97.752662
98.449562
99.257623
99.760728
98.851414
97.973283
98.278516
97.978799
98.525420
99.567379
98.599818
98.262383
98.966806
99.391143
98.422957
97.775336
98.572233
97.980563
98.362520
98.971681
97.884840
97.712854
99.338856
98.473103
98.617947
98.366096
97.942755
99.028719
99.180518
98.144323
98.107498
98.386183
98.824101
98.602473
100.000000
99.264125
97.980253
98.380805
100.000000
99.871450
99.977323
99.499683
99.653894
98.149928
99.205058
99.873372
100.000000
99.383194
99.647328
100.000000
99.766216
99.948642
100.000000
100.000000
100.000000
100.000000
100.000000
100.000000
100.000000
100.000000
100.000000
100.000000
100.000000
100.000000
100.000000
100.000000
100.000000
100.000000
100.000000
100.000000
100.000000
100.000000
100.000000
100.000000
100.000000
100.000000
100.000000
100.000000
100.000000
100.000000
100.000000
100.000000
100.000000
100.000000
100.000000
100.000000
100.000000
100.000000
100.000000
100.000000
100.000000
100.000000
100.000000
100.000000
100.000000
100.000000
100.000000
100.000000
100.000000
100.000000
100.000000
100.000000
100.000000
100.000000
100.000000
100.000000
100.000000
100.000000
100.000000
100.000000
100.000000
100.000000
100.000000
100.000000
100.000000
100.000000
100.000000
100.000000
100.000000
100.000000
100.000000
100.000000
100.000000
100.000000
100.000000
100.000000
100.000000
100.000000
100.000000
100.000000
100.000000
100.000000
100.000000
100.000000
100.000000
100.000000
100.000000
100.000000
100.000000
100.000000
100.000000
100.000000
100.000000
99.323521
100.000000
100.000000
100.000000
100.000000
100.000000
100.000000
99.878981
98.476676
100.000000
100.000000
100.000000
100.000000
100.000000
100.000000
100.000000
100.000000
100.000000
100.000000
100.000000
100.000000
100.000000
100.000000
100.000000
100.000000
100.000000
100.000000
100.000000
100.000000
100.000000
99.218482
99.860434
100.000000
100.000000
99.919067
100.000000
100.000000
100.000000
100.000000
100.000000
100.000000
100.000000
100.000000
100.000000
100.000000
100.000000
100.000000
100.000000
99.705570
100.000000
100.000000
100.000000
100.000000
100.000000
100.000000
100.000000
100.000000
99.754497
100.000000
100.000000
100.000000
100.000000
100.000000
100.000000
100.000000
100.000000
100.000000
100.000000
98.555523
100.000000
100.000000
100.000000
100.000000
100.000000
100.000000
100.000000
100.000000
100.000000
100.000000
100.000000
100.000000
100.000000
100.000000
100.000000
100.000000
100.000000
100.000000
100.000000
100.000000
100.000000
100.000000
100.000000
100.000000
100.000000
100.000000
100.000000
100.000000
100.000000
100.000000
100.000000
100.000000
100.000000
100.000000
99.998788
99.996134
100.000000
100.000000
100.000000
100.000000
100.000000
100.000000
100.000000
98.914651
100.000000
100.000000
100.000000
97.872660
99.278768
100.000000
100.000000
98.471073
99.618450
100.000000
99.976274
99.211461
100.000000
99.739628
100.000000
98.392633
99.256955
99.796283
100.000000
98.443441
97.517737
100.000000
99.761561
98.754916
100.000000
99.198652
100.000000
98.395951
97.967556
98.219720
98.966917
98.473858
99.266354
99.659780
98.063960
97.589256
99.594644
98.963399
99.387514
99.118751
100.000000
98.971503
99.814364
98.309520
98.806760
100.000000
99.641294
98.846512
99.525908
97.917868
99.491026
99.153853
98.910194
98.335745
99.566637
98.243188
99.821924
99.684457
98.209034
97.573108
100.000000
97.565218
97.444293
99.358907
99.060198
97.520742
99.588178
97.709102
98.090293
99.177912
98.335465
97.915116
99.555292
98.111617
98.412903
98.143719
97.270902
98.649840
98.438225
96.791966
98.403071
99.005391
98.240145
97.913983
100.000000
97.961940
98.296586
97.407978
97.699411
98.022383
98.709510
97.931464
98.255793
98.702305
98.155832
98.419743
99.941246
98.084169
97.943205
99.397774
97.354024
97.324520
99.975668
97.741843
98.381288
99.576609
97.803585
97.101398
99.291052
97.246652
98.104028
99.151390
99.299873
98.353896
100.000000
97.724193
98.916176
100.000000
98.324619
98.912722
100.000000
99.312660
98.745378
97.941855
97.242014
97.503426
99.740400
97.729140
99.351592
99.616170
97.576421
97.018078
99.840075
97.662104
99.223889
98.087531
98.073798
97.688460
98.226051
98.638638
97.974104
99.568368
98.503897
97.370029
99.251043
99.629798
98.147349
98.262966
97.145924
97.140626
99.694569
98.996497
98.837987
99.716792
98.090471
98.357350
99.906573
98.445897
99.711249
100.000000
98.293110
98.296414
100.000000
99.816532
99.538994
99.649078
99.056241
98.240626
100.000000
100.000000
100.000000
100.000000
98.151314
97.894313
100.000000
98.219647
98.756933
100.000000
98.526318
98.246886
99.871669
98.943429
99.132776
99.617834
98.411398
97.811635
100.000000
98.232440
98.252276
99.084649
98.993724
98.363986
100.000000
98.085534
98.166040
98.900963
98.315767
98.102002
100.000000
98.381794
97.810771
100.000000
98.782437
98.291762
99.800432
98.484687
99.414512
98.036140
98.619482
99.115823
99.038292
98.533215
99.188009
99.832879
99.956653
99.463646
100.000000
98.758753
99.212745
99.739216
99.989526
99.337273
100.000000
98.765431
99.236232
99.769022
98.791633
98.480084
100.000000
97.611315
99.125866
100.000000
97.931507
98.066808
100.000000
99.631352
100.000000
96.981378
98.812021
100.000000
100.000000
99.817385
98.272449
94.666044
100.000000
100.000000
100.000000
100.000000
98.255115
98.804926
100.000000
100.000000
100.000000
99.492762
98.628167
97.451354
99.805520
96.613474
98.447624
100.000000
96.638137
98.810625
98.771788
98.699386
100.000000
98.655966
97.591108
100.000000
97.972187
98.167308
98.109942
97.891652
99.959055
100.000000
98.938989
98.681284
99.984458
99.156308
99.945068
98.423056
98.478529
99.572738
100.000000
99.074120
98.471447
100.000000
100.000000
98.759838
100.000000
98.436832
98.822121
99.396583
99.884817
98.567038
100.000000
99.074221
98.614725
98.905255
100.000000
98.375253
99.799373
98.625083
100.000000
99.566870
99.241277
98.764660
100.000000
98.769703
100.000000
98.845105
98.456301
97.859033
100.000000
98.468433
98.706102
99.297829
100.000000
99.633824
99.651439
99.226282
97.398645
100.000000
99.553835
99.600901
100.000000
99.720222
98.236768
96.263678
98.502625
98.159244
99.265443
97.872503
98.382415
99.040493
99.878764
99.879024
100.000000
99.592485
100.000000
99.173283
98.519246
98.676253
100.000000
99.093947
98.560599
99.168833
99.267339
98.737361
100.000000
99.869246
99.021971
98.518727
98.928767
100.000000
100.000000
98.786884
98.951444
99.215097
100.000000
99.335641
100.000000
98.872376
100.000000
100.000000
99.868543
98.798638
100.000000
100.000000
100.000000
99.351539
100.000000
99.086866
100.000000
100.000000
99.261949
98.995201
99.733569
98.648777
99.880261
98.955784
98.623043
100.000000
99.224681
98.615335
99.948449
99.039687
100.000000
98.789178
98.095608
98.196200
100.000000
99.076533
99.752984
98.904512
98.626175
99.170060
100.000000
99.729392
99.479022
100.000000
99.712484
99.834038
100.000000
98.490659
98.703072
100.000000
100.000000
99.454185
100.000000
99.532887
100.000000
100.000000
99.332872
99.381469
100.000000
99.309032
99.785435
99.928887
99.739531
100.000000
100.000000
99.950954
100.000000
100.000000
99.171730
99.244335
100.000000
99.874921
100.000000
100.000000
100.000000
100.000000
100.000000
100.000000
100.000000
100.000000
100.000000
100.000000
100.000000
100.000000
100.000000
100.000000
100.000000
100.000000
100.000000
99.926953
99.905795
100.000000
100.000000
99.303161
99.935611
100.000000
100.000000
100.000000
99.747277
99.403374
100.000000
99.234350
99.932109
100.000000
99.968639
99.873825
100.000000
100.000000
99.767454
99.619445
99.138064
98.798359
100.000000
98.883797
100.000000
99.882448
99.274007
97.697414
99.568530
98.456586
97.880427
98.752498
99.271008
98.186047
99.615164
98.582068
98.467308
100.000000
97.247092
97.320948
99.594489
97.863725
98.050764
98.926775
98.524641
97.930417
100.000000
97.676867
98.016084
97.971635
98.423178
98.731841
99.417244
97.634832
97.688638
98.807523
98.540088
98.363942
99.764557
97.407300
97.725244
99.600226
98.876990
99.044763
99.162080
98.856084
98.471329
99.277189
98.418408
97.115632
99.299579
97.332972
97.691084
99.446855
97.750831
96.843036
99.480997
97.387650
99.568424
99.325601
98.936780
97.087968
99.258043
97.950869
98.540264
98.491032
96.819122
96.714972
99.067628
96.823100
97.454466
99.298684
99.088659
96.894633
98.547943
96.905570
97.810343
99.232089
96.899283
97.184610
100.000000
97.264958
97.150821
98.634514
97.524158
98.537245
99.411828
97.124060
97.338538
97.435723
96.923687
97.251848
98.283256
98.491232
97.781176
97.101367
98.571493
96.709741
99.592899
96.435311
96.279824
99.072069
98.174631
96.850541
98.463103
96.631884
97.316388
99.185863
98.049292
97.327121
100.000000
98.973102
100.000000
100.000000
100.000000
100.000000
100.000000
100.000000
100.000000
100.000000
100.000000
100.000000
100.000000
100.000000
100.000000
100.000000
100.000000
100.000000
100.000000
100.000000
100.000000
100.000000
100.000000
100.000000
100.000000
100.000000
100.000000
100.000000
100.000000
100.000000
100.000000
100.000000
100.000000
100.000000
100.000000
100.000000
100.000000
100.000000
100.000000
100.000000
100.000000
100.000000
100.000000
100.000000
100.000000
100.000000
100.000000
100.000000
100.000000
100.000000
100.000000
100.000000
100.000000
100.000000
100.000000
100.000000
100.000000
100.000000
100.000000
100.000000
100.000000
100.000000
100.000000
100.000000
100.000000
100.000000
100.000000
100.000000
100.000000
100.000000
100.000000
100.000000
100.000000
100.000000
100.000000
100.000000
100.000000
100.000000
100.000000
100.000000
100.000000
100.000000
100.000000
100.000000
100.000000
100.000000
100.000000
100.000000
100.000000
100.000000
100.000000
100.000000
100.000000
100.000000
100.000000
100.000000
100.000000
100.000000
100.000000
100.000000
100.000000
100.000000
100.000000
100.000000
100.000000
100.000000
100.000000
100.000000
100.000000
100.000000
100.000000
100.000000
100.000000
100.000000
100.000000
100.000000
100.000000
100.000000
100.000000
100.000000
100.000000
100.000000
100.000000
100.000000
100.000000
100.000000
100.000000
100.000000
100.000000
100.000000
100.000000
100.000000
100.000000
100.000000
100.000000
100.000000
100.000000
100.000000
100.000000
100.000000
100.000000
100.000000
100.000000
100.000000
100.000000
100.000000
100.000000
100.000000
100.000000
100.000000
100.000000
100.000000
100.000000
100.000000
100.000000
100.000000
100.000000
100.000000
100.000000
100.000000
100.000000
100.000000
100.000000
100.000000
100.000000
100.000000
100.000000
100.000000
100.000000
100.000000
100.000000
100.000000
100.000000
100.000000
100.000000
100.000000
100.000000
100.000000
100.000000
100.000000
100.000000
100.000000
100.000000
100.000000
100.000000
100.000000
100.000000
100.000000
100.000000
100.000000
100.000000
100.000000
100.000000
100.000000
100.000000
100.000000
100.000000
100.000000
100.000000
100.000000
100.000000
100.000000
100.000000
100.000000
100.000000
100.000000
100.000000
100.000000
100.000000
100.000000
100.000000
100.000000
100.000000
100.000000
100.000000
99.727669
100.000000
99.590624
100.000000
100.000000
100.000000
100.000000
100.000000
100.000000
99.621285
100.000000
100.000000
100.000000
100.000000
100.000000
100.000000
99.122073
100.000000
100.000000
100.000000
100.000000
100.000000
100.000000
100.000000
100.000000
100.000000
100.000000
100.000000
100.000000
100.000000
100.000000
100.000000
100.000000
100.000000
100.000000
100.000000
100.000000
100.000000
100.000000
100.000000
100.000000
100.000000
100.000000
100.000000
100.000000
100.000000
100.000000
100.000000
100.000000
100.000000
100.000000
100.000000
100.000000
100.000000
100.000000
100.000000
100.000000
100.000000
100.000000
100.000000
100.000000
100.000000
100.000000
100.000000
100.000000
100.000000
100.000000
100.000000
100.000000
99.730970
100.000000
100.000000
100.000000
100.000000
100.000000
100.000000
100.000000
100.000000
100.000000
100.000000
100.000000
100.000000
100.000000
100.000000
100.000000
100.000000
100.000000
100.000000
100.000000
100.000000
100.000000
100.000000
100.000000
100.000000
100.000000
100.000000
100.000000
100.000000
100.000000
99.512592
99.581507
99.861120
100.000000
100.000000
100.000000
100.000000
99.388443
99.723178
99.632210
100.000000
99.949470
100.000000
99.251590
99.958853
99.262359
100.000000
100.000000
99.583519
99.857980
100.000000
100.000000
100.000000
100.000000
99.869316
99.901735
99.750856
100.000000
100.000000
100.000000
97.752124
100.000000
100.000000
100.000000
100.000000
100.000000
100.000000
99.157957
100.000000
100.000000
100.000000
100.000000
100.000000
100.000000
100.000000
100.000000
100.000000
100.000000
100.000000
100.000000
100.000000
100.000000
100.000000
100.000000
100.000000
100.000000
100.000000
100.000000
100.000000
100.000000
100.000000
100.000000
100.000000
100.000000
100.000000
100.000000
100.000000
100.000000
100.000000
100.000000
100.000000
100.000000
100.000000
100.000000
100.000000
100.000000
100.000000
100.000000
100.000000
100.000000
100.000000
100.000000
100.000000
100.000000
100.000000
100.000000
100.000000
100.000000
100.000000
100.000000
100.000000
100.000000
100.000000
100.000000
100.000000
100.000000
100.000000
100.000000
100.000000
100.000000
100.000000
100.000000
100.000000
100.000000
100.000000
100.000000
100.000000
100.000000
100.000000
100.000000
100.000000
100.000000
100.000000
100.000000
100.000000
100.000000
100.000000
100.000000
100.000000
100.000000
100.000000
100.000000
100.000000
100.000000
100.000000
100.000000
100.000000
100.000000
100.000000
100.000000
100.000000
100.000000
100.000000
100.000000
100.000000
100.000000
100.000000
100.000000
100.000000
99.130973
100.000000
100.000000
100.000000
100.000000
100.000000
100.000000
100.000000
100.000000
100.000000
100.000000
100.000000
100.000000
100.000000
100.000000
100.000000
100.000000
100.000000
100.000000
100.000000
100.000000
100.000000
100.000000
100.000000
100.000000
100.000000
100.000000
100.000000
100.000000
100.000000
100.000000
100.000000
100.000000
100.000000
100.000000
100.000000
100.000000
100.000000
100.000000
100.000000
100.000000
100.000000
100.000000
100.000000
100.000000
100.000000
100.000000
100.000000
100.000000
100.000000
100.000000
100.000000
100.000000
100.000000
100.000000
100.000000
100.000000
100.000000
100.000000
100.000000
100.000000
100.000000
100.000000
100.000000
100.000000
100.000000
100.000000
100.000000
100.000000
100.000000
100.000000
100.000000
100.000000
100.000000
100.000000
100.000000
100.000000
100.000000
100.000000
100.000000
100.000000
100.000000
100.000000
100.000000
100.000000
100.000000
100.000000
100.000000
100.000000
100.000000
100.000000
100.000000
100.000000
100.000000
100.000000
100.000000
100.000000
100.000000
100.000000
100.000000
100.000000
100.000000
100.000000
100.000000
100.000000
100.000000
100.000000
100.000000
100.000000
100.000000
100.000000
100.000000
100.000000
100.000000
100.000000
100.000000
100.000000
100.000000
100.000000
100.000000
100.000000
100.000000
100.000000
100.000000
100.000000
100.000000
99.975981
100.000000
100.000000
100.000000
100.000000
100.000000
100.000000
100.000000
100.000000
100.000000
100.000000
100.000000
100.000000
100.000000
100.000000
100.000000
100.000000
100.000000
100.000000
100.000000
100.000000
100.000000
100.000000
100.000000
100.000000
100.000000
100.000000
100.000000
100.000000
100.000000
100.000000
100.000000
100.000000
100.000000
100.000000
100.000000
100.000000
100.000000
100.000000
100.000000
100.000000
100.000000
100.000000
100.000000
100.000000
100.000000
100.000000
100.000000
100.000000
100.000000
100.000000
100.000000
100.000000
100.000000
100.000000
100.000000
100.000000
100.000000
100.000000
100.000000
100.000000
100.000000
100.000000
100.000000
100.000000
100.000000
100.000000
100.000000
100.000000
100.000000
100.000000
100.000000
100.000000
100.000000
100.000000
100.000000
100.000000
100.000000
99.664865
100.000000
100.000000
100.000000
100.000000
100.000000
99.457747
100.000000
100.000000
100.000000
100.000000
100.000000
99.974976
100.000000
100.000000
100.000000
100.000000
100.000000
100.000000
100.000000
100.000000
100.000000
100.000000
100.000000
100.000000
100.000000
100.000000
100.000000
100.000000
100.000000
100.000000
100.000000
100.000000
100.000000
100.000000
100.000000
100.000000
100.000000
100.000000
100.000000
100.000000
100.000000
100.000000
100.000000
100.000000
100.000000
100.000000
100.000000
100.000000
100.000000
100.000000
100.000000
100.000000
100.000000
100.000000
100.000000
100.000000
100.000000
100.000000
100.000000
100.000000
100.000000
100.000000
100.000000
100.000000
100.000000
100.000000
100.000000
100.000000
100.000000
100.000000
100.000000
100.000000
100.000000
100.000000
100.000000
100.000000
100.000000
100.000000
100.000000
100.000000
100.000000
100.000000
100.000000
100.000000
100.000000
100.000000
100.000000
100.000000
100.000000
100.000000
100.000000
100.000000
100.000000
100.000000
100.000000
100.000000
100.000000
100.000000
100.000000
100.000000
100.000000
100.000000
100.000000
100.000000
100.000000
100.000000
100.000000
100.000000
100.000000
100.000000
100.000000
100.000000
100.000000
100.000000
100.000000
100.000000
100.000000
100.000000
100.000000
100.000000
100.000000
100.000000
100.000000
100.000000
100.000000
100.000000
100.000000
100.000000
100.000000
100.000000
100.000000
100.000000
100.000000
100.000000
100.000000
100.000000
100.000000
100.000000
100.000000
100.000000
100.000000
100.000000
100.000000
100.000000
100.000000
100.000000
100.000000
100.000000
100.000000
100.000000
100.000000
100.000000
100.000000
100.000000
100.000000
100.000000
100.000000
100.000000
100.000000
100.000000
100.000000
100.000000
100.000000
100.000000
100.000000
100.000000
100.000000
