96.437119
96.332046
98.062105
95.551402
98.036023
96.019646
98.084949
95.491803
96.856626
95.992167
98.675459
96.752082
97.322023
96.354512
97.713365
96.593022
98.383125
96.620023
98.710797
95.904401
97.797260
95.867513
98.096942
97.340653
98.692432
95.680059
97.971025
95.699795
98.020401
97.274441
97.713999
95.919798
97.528402
95.574431
97.811534
97.337276
100.000000
95.313125
97.670241
95.569567
97.261104
97.664321
98.806222
96.305122
98.311961
96.260238
98.544358
96.719540
97.536902
96.651906
98.188530
95.756058
97.475417
96.884951
97.472947
96.730719
97.723897
98.285861
97.595340
97.718406
97.974878
96.097320
97.948764
97.200367
98.191575
96.567294
97.623013
95.686999
97.139333
96.514094
97.751129
96.999590
99.194701
95.387781
98.484630
95.360359
96.826469
96.862383
97.317740
96.181262
98.265897
95.078742
96.731177
95.696708
97.036111
96.725598
98.709260
95.018601
96.547050
95.562479
98.929317
97.367645
99.285135
95.219423
97.024990
96.637226
100.000000
98.044719
98.365789
95.052327
97.213754
96.879145
98.505381
96.263456
97.548742
95.771298
97.323195
96.132739
98.497525
96.227508
98.717276
95.929378
97.556693
96.329578
97.527901
96.425476
97.263140
97.385573
96.545873
97.949062
97.814291
95.654800
98.181868
95.415873
96.651356
96.035115
97.761656
96.177725
97.704899
95.163038
96.927945
95.587511
97.861026
95.910220
98.714556
95.266015
96.730573
97.116649
97.761588
95.807357
97.339907
95.273099
98.936594
95.676166
97.295384
94.787515
97.691042
97.018614
97.435092
95.311108
97.209427
96.279268
99.097589
96.633137
97.113866
96.083928
97.292529
96.014975
98.813331
96.229448
96.993905
96.614474
98.870822
96.352496
98.078802
95.965962
97.981534
96.746236
98.102904
96.509827
97.563840
94.897210
96.512351
96.673694
100.000000
95.991714
97.182693
96.923793
96.977179
100.000000
99.467579
95.551362
97.537696
95.513669
97.726308
96.648971
98.119421
95.427301
97.419118
94.938222
97.007362
96.069945
100.000000
95.622816
97.407761
95.053151
96.664338
96.091831
100.000000
95.352195
97.365389
94.996091
99.328237
98.038764
97.680197
95.443717
98.214109
96.970711
98.434331
95.696927
97.596916
96.305739
97.300734
94.743504
98.297364
95.270890
97.379040
95.150509
97.241702
94.527174
96.618365
96.672320
97.842040
94.163237
97.792760
95.351761
96.774365
96.455467
99.528872
97.652878
99.298286
96.026690
99.235080
97.080899
95.991825
94.816422
98.658718
96.984636
95.558764
98.630482
97.629604
95.140761
97.498612
96.792315
99.450814
97.765914
100.000000
97.641045
98.521285
95.288039
99.620145
95.528737
95.466399
94.589117
98.621041
93.530259
96.072594
95.323339
97.577264
96.049985
97.264188
94.399734
96.640969
97.095398
98.955722
96.457092
97.882765
96.565443
97.007767
95.855712
99.894170
97.461310
97.541601
94.680583
97.997692
97.587472
98.114350
96.424931
99.206713
95.698176
97.051219
96.360821
99.555603
95.227503
97.233148
95.369448
97.757711
95.260547
97.354140
95.358957
97.276754
95.061834
97.530717
95.426761
97.312678
96.412386
97.250502
97.161223
95.569971
98.401095
99.199574
96.650376
97.755213
95.738399
96.994099
95.977176
98.434908
96.070556
96.928125
94.686060
96.913311
95.403362
98.071822
95.079434
98.288419
95.415239
96.366473
95.480789
97.184504
96.880679
98.273031
95.372901
96.694433
96.572090
97.512941
95.985583
97.088076
94.346546
98.846337
95.311522
97.632635
95.501431
98.751350
95.107769
96.506108
95.841771
99.255558
96.431551
97.722300
95.810081
97.451213
95.986051
98.025963
96.683039
98.224776
95.442087
97.097915
97.649668
98.856015
96.280591
97.863856
95.614980
97.353081
97.196038
98.826981
96.271148
98.110553
97.811711
96.915524
98.017543
98.448748
96.141833
97.789942
95.397482
98.027874
96.279084
98.684457
96.087776
97.399808
95.584191
97.317542
96.060677
98.049701
94.707622
98.979047
96.479251
96.761945
95.914948
97.524384
95.301459
99.216465
95.326338
96.901751
96.128549
98.462177
96.059918
97.123019
95.694376
96.873204
95.301671
97.472984
95.023101
97.662650
94.731966
96.579788
95.542376
97.543034
95.469348
97.865478
94.674986
96.606485
95.487893
97.794185
96.018774
97.931163
96.011701
97.226077
95.726695
97.308498
95.591285
98.715344
94.647860
96.959920
95.582886
97.674317
96.712435
97.370666
96.835065
96.097488
97.839200
98.119720
95.969581
97.192122
95.916521
96.790986
95.867677
97.448235
95.294780
98.698915
93.947268
97.430466
94.770397
99.162316
96.423915
96.747196
94.659476
97.849213
94.449285
96.006985
96.180636
97.168288
94.191687
96.978043
94.330345
95.913347
93.971555
96.723399
95.626553
96.251781
94.760314
98.505918
94.083675
96.276016
94.753788
96.557261
97.396950
97.774200
94.489408
96.629909
95.502596
97.567850
96.962069
97.208377
94.721418
97.083402
94.857498
97.288609
95.180531
97.061555
95.462866
97.432248
95.033879
96.338990
95.441929
96.740859
95.639739
97.675434
96.920576
95.541133
97.383920
99.102120
95.814540
97.088758
94.799937
97.107859
95.958639
97.875299
95.220348
97.296265
95.205688
96.200203
95.202872
97.899428
96.468175
96.579423
93.652270
97.097580
95.365337
96.850342
94.150950
96.839937
95.554510
95.734637
93.712858
99.277756
96.102208
96.412587
93.466292
97.644593
96.223718
96.907341
94.373084
97.877241
94.364018
95.740616
94.551027
96.418308
94.714044
97.521748
93.874429
96.829748
96.538245
97.700508
96.700414
98.617303
94.558650
96.547446
95.619865
99.767431
97.185919
99.107620
95.787933
97.571727
96.909194
97.887832
94.239652
96.504523
96.885339
95.777498
96.777854
97.355249
95.169665
97.990456
95.988930
98.080498
96.961586
100.000000
96.041434
97.937865
96.034416
96.726633
94.612285
98.019206
94.987216
96.497487
94.241295
96.521818
95.610972
99.689473
96.099411
98.247594
95.746145
98.249939
97.480677
98.515611
96.667679
98.916610
96.574627
97.766248
95.295264
98.026041
94.004300
97.603472
95.861578
97.106153
94.513498
97.216131
94.473238
97.310591
94.081369
96.667125
96.140809
97.976196
94.054827
97.036567
94.323793
96.786271
94.393954
97.397010
95.266479
97.767729
95.157665
96.458375
93.917905
97.431340
96.531061
97.425544
97.192254
94.698570
99.118584
100.000000
97.823725
98.161705
94.268892
96.114034
96.691854
99.726713
92.747301
96.729567
92.483256
96.340268
93.042413
96.544909
96.246724
99.473128
96.674638
96.164513
92.578866
98.530398
96.056543
98.256274
93.050910
96.149814
94.581292
97.377641
96.480446
98.869603
92.064082
95.634569
94.902327
100.000000
96.713110
95.660141
91.350940
97.008866
93.247295
97.474881
90.682190
98.501560
97.026892
97.916283
95.392948
95.701205
94.889299
99.227176
94.958417
96.680640
94.901476
97.731358
94.866722
96.824405
94.167101
96.348140
96.479617
95.808007
94.321233
97.684979
98.328246
95.339911
96.424322
99.062756
96.064277
97.196514
95.767306
97.402446
95.354610
97.509417
95.731335
97.120612
94.910620
96.656743
95.688225
97.976018
95.999964
97.423428
95.411761
97.151420
96.067865
98.101768
96.154091
97.809477
95.507390
96.609989
95.679164
98.063726
96.038645
97.626113
95.134179
96.634578
95.208133
98.606221
95.556746
97.512060
95.054505
96.754028
95.599731
98.510495
95.506567
98.008638
94.574999
97.216283
96.374912
98.116693
95.323889
98.650542
96.175084
97.169544
96.632288
98.557159
95.921592
97.814307
95.601512
97.759365
95.960709
97.496394
95.792304
97.719227
98.408977
96.105711
97.982720
98.278289
95.781403
97.637248
95.513691
98.446619
95.788855
97.193948
92.877708
98.008646
93.979890
96.591901
95.004968
98.603392
95.091806
96.916726
95.182404
97.545896
96.844052
99.465762
94.643422
96.473073
93.421897
97.007219
97.376518
100.000000
92.772294
95.970218
93.952525
99.401816
97.132187
97.452186
92.858386
97.231449
93.452405
95.625130
92.291736
100.000000
97.947281
99.336057
94.934734
96.519778
93.840142
99.989963
96.454666
97.601633
93.383204
95.732468
96.310715
99.410384
95.610241
97.649206
95.920399
96.165278
93.853013
95.178476
94.474657
99.413943
98.892889
96.191889
98.292154
97.330579
96.232093
99.622517
93.143777
96.163194
95.726793
98.495672
96.401580
97.798531
95.534330
99.253965
97.013765
98.431414
96.081152
97.953001
94.276410
97.089201
96.350602
96.588355
95.424860
97.481098
93.784405
97.094456
97.388390
98.589577
96.654014
99.819699
96.450423
98.874010
96.869949
97.959306
96.186151
99.204287
96.151757
96.459701
95.300264
97.970300
96.399590
97.312323
94.886024
97.886660
96.395267
97.930005
95.362121
97.083021
96.391906
98.705747
95.868392
96.421331
96.124785
99.837281
96.860649
99.066728
95.359424
95.276675
94.320066
98.717260
98.192942
94.983188
96.521566
98.154626
95.172857
97.270854
94.934982
96.956471
96.253732
98.377671
95.485633
96.880951
95.537431
97.149564
95.709001
98.359848
95.272883
97.320816
95.112506
96.546916
96.109491
99.049819
94.812422
96.640054
94.760689
97.087984
96.411928
99.855114
97.216234
97.733674
94.804985
98.828002
98.280111
98.761551
96.373902
99.491100
96.218775
97.408186
97.117540
98.003389
94.884274
97.040509
94.682949
96.482070
96.346967
98.167726
95.088592
98.637439
97.045287
98.951901
97.834599
99.948562
95.474348
98.641413
96.935225
99.060156
95.280609
96.852318
96.084069
97.361073
96.988471
95.614316
97.872819
99.583522
95.109028
97.021303
95.634557
97.623010
95.752413
98.650468
95.392853
96.754750
94.372963
97.843150
94.932394
98.055385
94.651586
98.243294
94.373313
96.570547
94.894803
97.450518
95.144284
97.181508
94.345628
96.982202
95.894374
99.190017
95.259741
96.699284
93.861045
97.559792
96.622548
97.896542
95.097976
96.625130
94.155586
97.396152
96.068236
97.540236
95.081578
96.668256
94.410608
96.611564
95.089309
97.399720
96.713296
97.053695
94.701194
96.779542
95.703857
98.042853
95.739837
97.399902
95.255897
97.587932
95.749013
96.679977
94.923725
98.603827
98.487268
95.956056
97.050650
97.749655
96.064882
97.569329
95.665206
97.115148
94.893438
97.566609
96.070062
97.130061
94.065689
96.743669
95.406097
97.646104
94.544369
97.728295
94.939791
98.467381
97.675159
98.701709
98.538222
100.000000
99.356600
100.000000
100.000000
100.000000
100.000000
100.000000
100.000000
100.000000
100.000000
100.000000
100.000000
100.000000
100.000000
100.000000
100.000000
100.000000
100.000000
100.000000
100.000000
100.000000
100.000000
100.000000
100.000000
100.000000
100.000000
100.000000
100.000000
100.000000
100.000000
100.000000
100.000000
100.000000
100.000000
100.000000
100.000000
100.000000
100.000000
100.000000
100.000000
100.000000
100.000000
100.000000
100.000000
100.000000
100.000000
100.000000
100.000000
100.000000
100.000000
100.000000
100.000000
100.000000
100.000000
100.000000
100.000000
100.000000
100.000000
100.000000
100.000000
100.000000
100.000000
100.000000
100.000000
100.000000
100.000000
100.000000
100.000000
100.000000
100.000000
100.000000
100.000000
100.000000
100.000000
100.000000
100.000000
100.000000
100.000000
100.000000
100.000000
100.000000
100.000000
100.000000
100.000000
100.000000
100.000000
100.000000
100.000000
100.000000
100.000000
100.000000
100.000000
100.000000
100.000000
100.000000
100.000000
100.000000
100.000000
100.000000
100.000000
100.000000
100.000000
100.000000
100.000000
100.000000
100.000000
100.000000
100.000000
100.000000
100.000000
100.000000
100.000000
100.000000
100.000000
100.000000
100.000000
100.000000
100.000000
100.000000
100.000000
100.000000
100.000000
100.000000
100.000000
100.000000
100.000000
100.000000
100.000000
100.000000
100.000000
100.000000
100.000000
100.000000
100.000000
100.000000
100.000000
100.000000
100.000000
100.000000
100.000000
100.000000
100.000000
100.000000
100.000000
100.000000
100.000000
100.000000
100.000000
100.000000
100.000000
100.000000
100.000000
100.000000
100.000000
100.000000
100.000000
100.000000
100.000000
100.000000
100.000000
100.000000
100.000000
100.000000
100.000000
100.000000
100.000000
100.000000
100.000000
100.000000
100.000000
100.000000
100.000000
100.000000
100.000000
100.000000
100.000000
100.000000
100.000000
100.000000
100.000000
100.000000
100.000000
100.000000
100.000000
100.000000
100.000000
100.000000
100.000000
100.000000
100.000000
100.000000
99.966580
100.000000
100.000000
100.000000
100.000000
100.000000
100.000000
100.000000
100.000000
100.000000
100.000000
100.000000
100.000000
100.000000
100.000000
100.000000
100.000000
100.000000
100.000000
100.000000
100.000000
100.000000
100.000000
100.000000
100.000000
100.000000
100.000000
100.000000
100.000000
100.000000
100.000000
100.000000
100.000000
100.000000
100.000000
100.000000
100.000000
100.000000
100.000000
100.000000
100.000000
100.000000
100.000000
100.000000
100.000000
100.000000
100.000000
100.000000
100.000000
100.000000
100.000000
100.000000
100.000000
100.000000
100.000000
100.000000
100.000000
100.000000
100.000000
100.000000
100.000000
100.000000
100.000000
100.000000
100.000000
100.000000
100.000000
100.000000
100.000000
100.000000
100.000000
100.000000
100.000000
100.000000
100.000000
100.000000
100.000000
100.000000
100.000000
100.000000
100.000000
100.000000
100.000000
100.000000
100.000000
100.000000
100.000000
100.000000
100.000000
100.000000
100.000000
100.000000
100.000000
100.000000
100.000000
100.000000
100.000000
100.000000
100.000000
100.000000
100.000000
100.000000
100.000000
100.000000
100.000000
100.000000
100.000000
100.000000
100.000000
100.000000
100.000000
100.000000
100.000000
100.000000
100.000000
100.000000
100.000000
100.000000
100.000000
100.000000
99.798281
100.000000
98.510061
99.640924
98.846080
98.893939
98.963751
99.873363
99.204767
99.766556
99.063021
99.377316
99.014094
100.000000
99.017250
100.000000
99.553732
99.625321
99.247888
100.000000
99.846858
100.000000
100.000000
100.000000
99.755532
100.000000
100.000000
100.000000
100.000000
100.000000
99.760028
100.000000
99.936424
100.000000
100.000000
100.000000
99.931936
100.000000
99.892079
100.000000
100.000000
100.000000
99.559111
100.000000
99.593620
100.000000
100.000000
100.000000
100.000000
100.000000
100.000000
100.000000
100.000000
100.000000
100.000000
100.000000
100.000000
100.000000
100.000000
100.000000
100.000000
100.000000
100.000000
100.000000
100.000000
100.000000
99.338443
100.000000
99.201686
100.000000
99.540522
100.000000
99.525242
100.000000
99.467338
100.000000
99.920661
100.000000
99.408281
100.000000
99.215917
100.000000
99.901595
100.000000
99.324335
100.000000
100.000000
100.000000
100.000000
100.000000
99.237043
100.000000
99.016870
100.000000
99.380630
99.670161
98.629691
99.945301
98.509832
100.000000
99.087612
99.543045
98.726587
100.000000
98.895109
100.000000
99.226994
99.476903
98.545152
100.000000
98.865270
100.000000
99.166739
99.353261
98.601305
100.000000
98.971096
100.000000
98.883302
99.665541
98.610451
100.000000
98.677945
100.000000
99.413585
99.733764
98.806463
100.000000
98.748340
100.000000
99.571366
100.000000
98.574281
100.000000
98.898839
100.000000
99.511388
99.798077
98.813643
100.000000
98.921913
100.000000
99.120007
99.612962
98.904889
100.000000
100.000000
99.635078
100.000000
100.000000
99.154259
100.000000
98.909353
100.000000
99.817106
100.000000
98.985099
100.000000
98.922072
100.000000
99.489161
100.000000
98.810657
100.000000
98.671989
100.000000
99.395378
99.752930
98.727180
100.000000
98.608903
100.000000
99.517865
99.989243
98.920801
100.000000
98.913249
100.000000
99.221602
100.000000
98.896194
100.000000
98.881090
100.000000
99.681262
100.000000
98.575199
100.000000
98.704298
100.000000
98.910034
100.000000
98.968249
100.000000
98.282025
100.000000
99.001351
100.000000
98.805801
100.000000
98.795979
100.000000
99.074116
99.776794
98.895770
100.000000
100.000000
99.160587
99.887536
99.766581
98.975276
100.000000
98.590091
99.996076
98.580296
99.733325
98.221122
100.000000
98.414044
99.766835
98.669471
99.698794
97.543328
97.774193
96.413373
97.194957
94.540256
98.313598
94.747086
97.331176
94.291522
96.704092
94.807274
96.703998
94.958294
97.092285
94.587248
96.522011
95.467916
97.854970
95.330452
97.089513
95.820834
97.180477
96.952727
98.775380
95.907571
97.414278
96.700181
97.386037
96.492579
98.564874
96.052362
97.798956
95.697290
97.566353
96.416996
99.354174
98.082934
99.604433
95.709920
97.963779
98.546273
98.140960
97.253359
98.699896
98.222433
97.160185
98.646764
99.204143
95.405805
99.810281
97.021287
97.645451
96.390021
98.465175
97.961329
99.234567
96.260071
98.444370
97.944734
99.898957
98.557398
98.749160
96.420212
97.696934
97.438765
98.277371
96.786636
99.012049
98.547124
99.048527
96.559329
98.875467
97.489593
99.705613
98.249613
98.251360
97.368982
98.187266
96.530640
99.845618
97.594865
98.089973
97.307577
98.753940
96.603014
99.449019
96.282281
98.264217
97.368908
99.728882
97.390904
98.467107
97.122550
98.571707
97.432181
99.317029
97.866979
99.048744
97.739844
98.596723
97.550425
98.567279
96.653941
98.606117
99.089280
97.649637
98.371595
98.600259
99.084135
99.810588
96.980584
97.875777
97.042071
99.408306
98.552844
99.860133
96.367229
97.784407
97.348188
100.000000
98.920081
98.597443
96.437433
97.767974
98.734724
99.929644
97.418234
98.919573
97.994047
98.434804
98.356584
99.169153
97.758813
100.000000
96.958296
98.384122
97.686779
99.392646
99.099099
98.406463
97.356248
98.611249
98.072479
99.069753
97.447193
98.455287
97.049372
97.661484
97.357953
99.018500
96.850619
98.604904
96.632767
97.806051
97.178073
98.271788
97.818018
98.922695
97.018147
97.989145
97.203754
99.010372
97.850593
98.777331
98.197406
97.180509
98.373585
98.916222
97.366620
98.414474
96.304029
99.704824
99.111903
97.963577
96.198373
99.257855
98.836592
98.849607
97.996873
99.253940
97.674956
97.866128
96.402522
97.791425
97.595590
98.561649
97.237752
99.311115
96.942117
98.013328
97.460945
99.132690
98.961348
99.371194
97.954529
98.738258
98.403639
98.717274
97.939294
99.255556
98.362948
98.317692
97.422696
98.562562
98.697172
98.913793
96.614230
97.630121
96.554923
98.230941
97.919668
99.196530
97.002456
98.085620
97.539268
99.155198
98.392015
99.812269
97.457557
98.897698
97.758518
98.955119
97.692950
98.611477
98.618674
97.712497
98.475402
99.158563
97.659338
98.969244
96.990252
98.443706
97.725329
98.788973
97.269583
98.862686
97.016397
98.273331
97.740226
98.984199
97.353482
98.811827
96.962215
99.318515
97.971549
98.956538
97.252067
99.310884
97.972619
98.155307
97.537002
98.800739
97.200112
98.648981
97.703656
98.233785
97.112085
98.019758
96.798274
98.928600
96.369277
98.061406
97.658034
98.804203
97.163118
98.942170
97.456729
99.260189
97.662387
98.756071
97.891894
99.943567
97.861735
99.053644
98.168153
98.966632
97.234141
98.229844
96.239124
97.901083
96.708270
97.577828
96.790973
98.142974
98.218626
96.857765
97.542773
97.778887
96.735384
97.485198
95.584026
97.666375
96.099279
97.137727
96.527393
97.204578
96.032941
96.959267
96.011393
98.737352
96.022388
97.555866
95.825821
97.053902
96.834652
97.589753
96.289728
97.691152
95.866683
97.221381
96.547961
97.266449
95.896897
98.046035
96.047539
97.037592
96.193259
97.896483
96.013900
98.631729
96.361733
97.515167
96.959684
99.494833
98.275920
97.349518
95.423641
97.160714
97.196673
99.521150
95.564594
96.914750
95.493390
97.175025
96.734540
97.464500
95.957696
97.820765
95.477057
97.033847
96.299212
96.553856
95.665070
97.667012
97.301508
96.458222
96.990911
97.933387
96.493944
97.905547
96.409236
98.115767
96.762871
97.423637
96.312940
98.186645
97.152641
98.253580
97.084937
98.261062
97.041817
98.767373
97.415996
98.191367
97.176016
98.340886
97.334721
98.570829
96.971378
97.711325
96.518489
97.653965
96.624292
98.086277
96.187421
96.981780
96.491793
97.673187
96.432976
97.932775
96.348804
97.215232
96.539785
97.485621
96.501793
97.953656
96.184614
97.187847
96.543483
97.720228
96.573451
97.625850
95.682276
97.148009
96.727857
97.678945
96.436173
98.002288
95.981407
97.288185
96.486614
97.358068
96.438941
97.570173
97.524563
96.142369
97.789512
99.685538
98.463459
99.268923
97.509154
99.533857
99.768450
100.000000
98.360455
99.641084
99.407212
99.235436
96.284565
97.248317
97.972204
98.565172
96.233501
97.184414
96.856120
98.358239
96.277572
99.786473
95.930369
97.548434
96.025227
98.304779
96.708198
99.415390
95.929569
97.356353
96.845798
97.976628
96.965909
99.151943
96.168967
97.524923
97.312645
99.033388
97.255199
97.761551
96.192033
97.686903
97.110354
98.732626
96.667526
97.882553
97.128891
97.949513
97.153599
98.210325
96.435462
99.150295
96.774346
98.260521
96.986422
98.651436
98.015410
99.223111
99.444581
98.275404
98.117523
98.359520
99.300381
99.811610
97.600896
99.156305
98.654073
99.306993
97.839300
99.937616
98.412802
99.058451
98.457154
100.000000
97.998559
100.000000
99.451589
100.000000
99.487287
100.000000
98.846933
100.000000
99.126191
100.000000
98.642093
100.000000
98.678436
100.000000
98.138368
99.639647
98.839070
100.000000
98.529374
100.000000
97.809373
100.000000
98.983643
99.943141
100.000000
100.000000
99.116948
100.000000
99.487152
100.000000
100.000000
100.000000
99.723264
100.000000
99.826893
100.000000
98.933941
100.000000
100.000000
100.000000
100.000000
100.000000
99.773775
100.000000
100.000000
100.000000
100.000000
100.000000
100.000000
100.000000
99.754365
100.000000
100.000000
100.000000
100.000000
100.000000
100.000000
100.000000
100.000000
100.000000
100.000000
100.000000
100.000000
100.000000
100.000000
100.000000
100.000000
100.000000
98.713926
100.000000
100.000000
100.000000
100.000000
100.000000
99.358468
99.931394
99.220704
100.000000
99.787754
100.000000
97.758517
100.000000
100.000000
100.000000
99.273650
100.000000
98.341788
100.000000
98.909076
100.000000
98.505692
100.000000
96.333837
99.319051
99.451399
99.643700
97.439977
100.000000
97.082435
100.000000
97.454732
97.911621
98.966378
100.000000
99.806902
99.589465
100.000000
100.000000
99.081389
100.000000
98.636041
100.000000
99.799498
100.000000
99.143910
100.000000
97.796076
100.000000
98.480754
100.000000
97.289511
100.000000
98.795964
99.172016
96.391271
100.000000
97.012233
100.000000
98.045004
100.000000
97.949350
100.000000
99.106793
100.000000
97.539162
100.000000
98.548173
99.747104
98.250699
100.000000
97.751763
100.000000
99.419375
100.000000
98.761953
100.000000
97.551025
100.000000
99.620847
100.000000
97.042599
100.000000
98.012240
100.000000
100.000000
100.000000
99.027570
100.000000
99.292858
100.000000
99.101655
98.675719
98.639555
100.000000
100.000000
98.743469
100.000000
100.000000
98.637647
100.000000
97.363145
100.000000
99.403782
100.000000
97.689609
100.000000
99.356125
100.000000
98.359994
100.000000
98.470221
100.000000
99.125969
99.769595
97.056055
100.000000
98.566906
100.000000
96.638905
100.000000
98.027811
99.645851
98.212740
100.000000
97.737499
100.000000
97.081984
99.505191
97.826952
100.000000
96.498371
99.437476
97.959202
100.000000
98.551400
99.418324
96.672362
100.000000
98.072085
97.375013
95.751930
100.000000
97.359753
99.185412
97.722557
100.000000
98.218686
99.703327
97.940952
99.837455
98.511062
98.547167
97.142062
100.000000
99.554598
97.290752
97.984835
100.000000
97.318226
98.475303
95.618563
98.608478
98.099250
99.146169
95.546234
98.190175
96.527167
97.860975
96.879286
99.028535
95.682692
97.790488
95.641296
98.030933
96.682985
98.517661
95.883017
98.579551
95.548631
97.338016
96.660524
100.000000
98.213916
98.695989
95.268028
97.194929
97.263076
98.702253
96.101908
98.687354
95.584405
97.430729
97.678217
99.087778
95.890088
98.017083
96.195179
97.480902
95.473191
98.650571
96.388152
97.773872
95.506309
97.649516
96.361186
98.759303
96.051172
97.818798
95.735258
97.982985
96.276599
98.064578
95.221602
99.186707
97.552894
95.897395
98.770473
98.759761
96.113711
97.829735
96.668985
97.718575
96.595275
98.321515
95.309553
97.576366
95.744813
97.200582
95.934657
98.192861
95.454191
97.927135
95.481483
97.090104
95.305829
98.649575
95.097978
97.195752
96.029834
96.958087
95.775192
98.833238
94.891937
97.177217
95.188699
96.819713
95.688939
98.511832
96.620623
98.581135
95.887040
97.945735
97.477745
100.000000
95.855966
98.839917
95.305474
98.440300
96.244721
97.509801
95.445929
97.836597
96.188013
97.706174
97.478567
99.128253
95.237644
97.855843
96.591509
98.257140
97.486957
97.985597
96.074221
97.570678
97.703133
97.463851
98.234488
99.189479
96.490722
97.680009
94.848766
98.684896
96.301196
99.225251
95.778643
97.645665
96.875653
98.353282
96.864945
99.128424
95.485304
97.744448
96.114455
97.625956
97.546970
99.877541
95.865258
97.618249
96.472208
98.845541
97.061956
99.003320
96.714564
98.079752
96.470305
99.512117
98.385237
99.442560
96.404164
97.915932
96.767840
97.949722
97.154894
99.272950
96.749859
98.114111
96.063659
98.420743
97.364505
98.890308
96.997949
98.259203
96.818282
98.226870
96.813423
98.427209
96.911287
98.958428
97.025719
98.511648
97.210120
98.865504
96.780030
98.335145
99.835363
96.939051
97.641744
100.000000
97.186368
98.554085
96.998294
98.555537
98.152931
99.088939
97.094178
99.210936
96.552099
98.113721
97.569403
99.540802
98.084410
99.544645
97.423795
98.481318
97.729535
99.346715
97.985650
99.724798
97.220710
98.470553
97.858443
99.444847
96.916765
98.715848
95.996528
97.439884
96.566659
100.000000
93.395039
98.533923
96.560415
99.711034
99.377662
96.858641
96.136437
100.000000
94.688985
98.663408
94.635428
93.987095
98.784081
99.408306
95.591307
100.000000
95.337938
98.294581
95.862855
99.592775
95.027401
98.981142
95.171923
97.319112
96.345388
96.977362
97.775757
98.292229
96.276390
98.141474
96.180265
98.156055
96.926836
98.006289
95.802082
100.000000
95.066414
98.134631
95.428230
97.805696
98.326402
100.000000
96.567321
98.413146
96.543822
98.971442
98.249422
97.862609
96.415509
99.417290
96.010486
98.715464
96.326266
99.745420
98.670375
98.794258
96.709395
98.162083
96.833716
98.598125
97.575504
99.324852
97.955350
99.196964
97.111579
98.327036
98.437725
98.792150
96.523674
98.831155
98.759256
99.325692
97.964743
99.618858
97.244884
98.936234
98.547365
98.666095
97.161348
99.117040
96.795810
99.130273
96.733207
99.249722
97.323824
100.000000
99.619194
97.575799
97.602278
99.676437
97.452147
99.273057
96.386504
99.102329
96.407401
97.563995
97.073227
98.505273
96.466588
97.985077
96.893521
98.560428
97.006072
99.872454
97.622723
98.842957
97.308188
98.755833
96.767699
99.122601
97.226688
99.007422
96.890300
98.831588
96.727444
99.893045
98.455638
99.747390
97.031062
98.333313
96.295675
100.000000
99.019840
98.986796
97.005052
99.011388
98.400917
99.264689
96.972546
98.751094
98.385146
100.000000
97.914746
99.258845
97.365995
100.000000
98.137587
98.927436
98.331118
99.236142
96.369109
100.000000
96.849007
99.009705
98.025357
99.238146
99.277437
97.662400
98.967816
99.739112
97.041463
98.465128
96.546548
98.715621
97.938267
99.350718
96.448887
98.079677
96.743710
98.565955
97.510539
98.435686
96.220790
98.761365
96.279892
98.412583
96.846540
99.746639
97.347721
99.667398
96.719627
97.877407
96.851449
100.000000
98.190860
99.559862
96.977732
98.866538
98.316392
100.000000
97.264067
99.359770
97.392097
98.808293
97.990252
99.524068
97.050216
100.000000
96.917106
99.261578
98.075964
100.000000
97.745061
99.843075
98.273223
99.645181
98.532697
100.000000
98.426776
100.000000
98.212999
100.000000
98.910337
100.000000
99.005498
100.000000
100.000000
99.119411
100.000000
100.000000
99.890157
100.000000
98.630908
99.814917
98.613747
100.000000
98.452240
99.494504
97.481299
99.925307
98.264032
100.000000
97.839140
99.261794
97.327716
98.730288
98.075253
100.000000
97.305750
99.406849
96.480876
99.355600
97.327916
99.080267
96.501746
98.479572
96.376027
98.468392
97.230550
99.221557
96.712224
97.886069
95.027479
98.230550
95.944379
98.055173
96.741302
97.711401
95.145660
98.289789
96.542986
99.797821
95.048436
97.752375
95.617333
97.915819
96.454808
98.648297
96.119676
98.169687
96.451286
98.185730
96.389870
97.854207
96.229857
98.598429
98.600523
96.478621
97.867885
97.935683
96.178357
98.480962
95.361888
97.148297
96.037418
99.945440
95.388749
98.429551
94.675857
97.968159
96.173577
98.407982
95.758447
97.328734
94.865567
96.767383
95.690799
98.790429
95.810331
97.187307
95.321556
97.058310
97.366891
98.714083
96.439234
97.461218
94.557939
97.210032
96.025243
97.859584
94.539626
97.010857
94.748583
96.433491
95.526673
98.567414
96.507302
97.130671
94.803285
96.689222
95.880518
98.792958
94.379308
97.579071
95.701401
97.188790
95.040298
98.234707
94.667327
98.930923
94.698802
97.168296
95.563600
97.410943
94.928273
97.590253
97.198128
97.016350
97.911926
96.420740
95.280052
97.480045
94.819447
96.592699
94.271326
99.720878
96.164877
97.430694
94.974654
96.366616
95.159080
98.822362
96.057663
97.815444
95.019246
98.439703
99.644114
100.000000
100.000000
100.000000
100.000000
100.000000
100.000000
100.000000
100.000000
100.000000
100.000000
100.000000
100.000000
100.000000
100.000000
100.000000
100.000000
100.000000
100.000000
100.000000
100.000000
100.000000
100.000000
100.000000
100.000000
100.000000
100.000000
100.000000
100.000000
100.000000
100.000000
100.000000
100.000000
100.000000
100.000000
100.000000
100.000000
100.000000
100.000000
100.000000
100.000000
100.000000
100.000000
100.000000
100.000000
100.000000
100.000000
100.000000
100.000000
100.000000
100.000000
100.000000
100.000000
100.000000
100.000000
100.000000
100.000000
100.000000
100.000000
100.000000
100.000000
100.000000
100.000000
100.000000
100.000000
100.000000
100.000000
100.000000
100.000000
100.000000
100.000000
100.000000
100.000000
100.000000
100.000000
100.000000
100.000000
100.000000
100.000000
100.000000
100.000000
100.000000
100.000000
100.000000
100.000000
100.000000
100.000000
100.000000
99.469477
100.000000
100.000000
100.000000
99.437409
100.000000
99.305509
100.000000
99.448895
100.000000
98.725314
100.000000
100.000000
99.607887
100.000000
100.000000
98.604673
100.000000
99.009877
100.000000
99.501603
100.000000
98.953167
100.000000
98.822136
100.000000
99.234378
100.000000
98.773086
100.000000
98.566364
100.000000
98.954041
100.000000
98.057347
100.000000
97.744729
100.000000
98.756528
100.000000
98.052510
100.000000
98.613453
100.000000
98.995613
100.000000
98.452112
100.000000
98.947132
100.000000
99.582443
100.000000
99.687298
100.000000
99.612357
100.000000
100.000000
100.000000
100.000000
100.000000
100.000000
100.000000
100.000000
100.000000
100.000000
100.000000
100.000000
100.000000
100.000000
100.000000
100.000000
100.000000
100.000000
100.000000
100.000000
100.000000
99.944803
100.000000
99.916162
100.000000
100.000000
100.000000
99.493379
100.000000
99.686997
100.000000
100.000000
100.000000
99.080775
100.000000
100.000000
100.000000
100.000000
100.000000
99.085757
100.000000
99.714286
100.000000
99.348207
100.000000
99.206032
100.000000
100.000000
100.000000
100.000000
100.000000
100.000000
100.000000
100.000000
100.000000
100.000000
100.000000
99.738981
100.000000
99.902026
100.000000
100.000000
100.000000
99.660986
100.000000
99.187629
100.000000
99.888643
100.000000
98.106944
100.000000
98.293621
100.000000
99.619668
100.000000
98.122276
100.000000
100.000000
98.501989
99.895880
100.000000
97.878751
100.000000
98.606167
100.000000
98.785967
99.789977
97.415973
100.000000
97.710322
99.907245
98.215616
99.782597
97.373972
100.000000
97.851254
100.000000
98.647979
100.000000
98.191549
100.000000
98.434040
100.000000
98.635691
100.000000
97.653704
100.000000
98.133919
100.000000
98.741664
100.000000
98.741981
100.000000
99.974840
100.000000
100.000000
100.000000
99.637948
100.000000
100.000000
100.000000
100.000000
100.000000
99.644126
100.000000
100.000000
100.000000
100.000000
100.000000
98.740250
100.000000
99.049565
100.000000
99.959197
100.000000
99.220847
100.000000
100.000000
99.186501
99.956221
100.000000
98.733161
100.000000
99.050304
100.000000
99.996670
100.000000
99.656871
100.000000
99.778328
100.000000
100.000000
100.000000
99.732268
100.000000
99.629626
100.000000
99.715462
100.000000
99.269222
100.000000
99.715721
100.000000
99.323339
100.000000
97.195256
100.000000
96.927568
99.970814
97.520645
99.454121
97.444830
100.000000
97.740809
99.670718
98.299453
99.129341
97.064942
100.000000
97.105201
99.861566
97.679153
99.041686
98.183007
100.000000
97.311567
100.000000
97.328028
99.512756
97.838434
100.000000
97.314286
100.000000
98.071287
99.677917
97.614316
100.000000
100.000000
99.339955
98.074252
99.797612
97.592736
100.000000
98.240710
100.000000
98.922252
99.972250
98.506821
100.000000
99.442891
100.000000
99.633000
100.000000
99.239342
100.000000
99.459811
100.000000
100.000000
100.000000
99.612835
100.000000
99.508189
100.000000
100.000000
100.000000
99.879418
100.000000
99.886399
100.000000
100.000000
100.000000
99.988658
100.000000
100.000000
100.000000
100.000000
100.000000
100.000000
100.000000
100.000000
100.000000
100.000000
100.000000
100.000000
100.000000
99.887590
100.000000
100.000000
100.000000
99.983208
100.000000
100.000000
100.000000
100.000000
100.000000
100.000000
100.000000
100.000000
100.000000
100.000000
100.000000
100.000000
100.000000
100.000000
100.000000
100.000000
100.000000
100.000000
100.000000
100.000000
100.000000
100.000000
100.000000
100.000000
100.000000
100.000000
100.000000
100.000000
100.000000
99.189384
100.000000
99.031425
100.000000
100.000000
100.000000
99.296553
100.000000
99.572744
100.000000
100.000000
100.000000
99.004981
100.000000
100.000000
100.000000
100.000000
100.000000
99.312093
100.000000
99.266679
100.000000
99.725432
100.000000
99.421584
100.000000
99.403950
100.000000
99.144314
99.178457
98.144189
100.000000
99.247879
100.000000
99.955263
100.000000
100.000000
100.000000
100.000000
100.000000
100.000000
100.000000
100.000000
100.000000
100.000000
100.000000
100.000000
100.000000
100.000000
100.000000
100.000000
100.000000
100.000000
100.000000
100.000000
100.000000
100.000000
100.000000
100.000000
100.000000
100.000000
100.000000
100.000000
100.000000
100.000000
100.000000
100.000000
100.000000
100.000000
100.000000
100.000000
100.000000
100.000000
100.000000
100.000000
100.000000
100.000000
100.000000
100.000000
100.000000
100.000000
100.000000
100.000000
100.000000
99.824265
100.000000
100.000000
100.000000
100.000000
100.000000
100.000000
100.000000
100.000000
100.000000
100.000000
100.000000
99.493189
100.000000
100.000000
100.000000
100.000000
100.000000
100.000000
100.000000
99.913322
100.000000
100.000000
100.000000
99.174734
100.000000
99.113458
100.000000
99.918579
100.000000
99.102481
100.000000
99.442030
100.000000
100.000000
100.000000
99.659841
100.000000
99.235645
100.000000
100.000000
100.000000
98.852837
100.000000
99.575936
100.000000
99.979185
100.000000
100.000000
100.000000
99.473619
100.000000
99.776118
100.000000
99.399425
100.000000
99.368280
100.000000
99.866656
100.000000
100.000000
100.000000
100.000000
100.000000
100.000000
100.000000
99.612380
100.000000
99.380386
100.000000
100.000000
100.000000
99.969727
100.000000
100.000000
100.000000
100.000000
100.000000
99.583398
100.000000
99.802699
100.000000
100.000000
100.000000
100.000000
100.000000
100.000000
100.000000
100.000000
100.000000
100.000000
100.000000
100.000000
100.000000
100.000000
100.000000
100.000000
100.000000
100.000000
100.000000
100.000000
100.000000
100.000000
100.000000
100.000000
100.000000
100.000000
100.000000
100.000000
100.000000
100.000000
100.000000
100.000000
100.000000
100.000000
100.000000
100.000000
100.000000
100.000000
100.000000
100.000000
100.000000
100.000000
100.000000
100.000000
100.000000
100.000000
100.000000
100.000000
100.000000
100.000000
100.000000
100.000000
100.000000
100.000000
100.000000
100.000000
100.000000
100.000000
100.000000
100.000000
100.000000
100.000000
100.000000
99.925656
100.000000
99.134773
100.000000
99.700790
99.823404
98.666650
100.000000
98.910641
100.000000
99.195444
99.530906
98.253407
100.000000
98.256818
100.000000
98.856833
99.830795
99.268424
100.000000
98.994365
100.000000
99.442771
100.000000
99.215651
100.000000
99.299679
100.000000
99.915898
100.000000
99.432395
100.000000
99.296175
100.000000
99.515868
100.000000
99.244000
100.000000
100.000000
100.000000
100.000000
100.000000
100.000000
100.000000
100.000000
100.000000
100.000000
100.000000
100.000000
100.000000
100.000000
100.000000
100.000000
100.000000
100.000000
100.000000
100.000000
100.000000
100.000000
100.000000
100.000000
100.000000
100.000000
100.000000
100.000000
100.000000
100.000000
100.000000
100.000000
100.000000
100.000000
100.000000
100.000000
100.000000
100.000000
100.000000
100.000000
100.000000
100.000000
100.000000
100.000000
100.000000
100.000000
100.000000
100.000000
100.000000
100.000000
100.000000
100.000000
100.000000
100.000000
100.000000
100.000000
100.000000
100.000000
100.000000
100.000000
100.000000
100.000000
100.000000
100.000000
100.000000
100.000000
100.000000
100.000000
100.000000
100.000000
100.000000
100.000000
100.000000
100.000000
100.000000
100.000000
100.000000
100.000000
100.000000
100.000000
100.000000
100.000000
100.000000
100.000000
100.000000
100.000000
100.000000
100.000000
100.000000
100.000000
100.000000
100.000000
100.000000
100.000000
100.000000
100.000000
100.000000
100.000000
100.000000
100.000000
100.000000
100.000000
100.000000
100.000000
100.000000
100.000000
100.000000
100.000000
100.000000
100.000000
100.000000
100.000000
100.000000
100.000000
100.000000
100.000000
100.000000
100.000000
100.000000
100.000000
100.000000
100.000000
100.000000
100.000000
100.000000
100.000000
100.000000
100.000000
100.000000
100.000000
100.000000
100.000000
100.000000
100.000000
100.000000
100.000000
