96.267871
96.403292
98.253124
95.719024
98.079545
96.033987
98.156554
95.622463
97.473088
96.166500
99.323702
96.991067
97.521915
96.535245
98.075672
96.840006
98.581988
96.785124
98.996059
96.115807
98.035024
96.089214
98.277915
97.613076
98.842975
95.829324
98.279755
95.960490
98.328330
97.497675
97.846872
96.126972
97.968435
95.746027
98.112799
97.435511
100.000000
95.608697
98.058051
95.803173
97.595717
97.895050
98.924541
96.514685
98.556203
96.489294
99.027350
96.947757
97.663462
96.822821
98.656910
95.984439
98.422489
97.202861
97.864828
96.811400
98.623644
98.678044
97.746974
97.838851
98.159179
96.254810
98.366825
97.332428
98.415804
96.634394
97.639172
95.836114
97.598119
96.636327
97.824545
97.127000
99.227967
95.662750
98.718369
95.499781
97.158007
97.052220
97.485380
96.386091
98.744845
95.284118
97.409843
95.977096
97.296915
96.954470
99.203474
95.341646
97.308357
95.795367
99.141575
97.645987
99.792859
95.392699
97.383235
96.828634
100.000000
98.256613
98.843972
95.279738
97.533454
97.011234
98.738476
96.443821
98.195100
95.939068
97.623497
96.333346
98.720272
96.468879
98.940417
96.339726
98.325278
96.699275
97.934609
96.595935
98.077853
98.196224
96.902547
98.395291
97.975804
95.793337
98.412715
95.772631
97.305108
96.302305
98.045594
96.381878
98.157553
95.508266
97.413599
95.893691
98.122724
96.157859
99.105023
95.407633
97.201653
97.287397
97.981139
96.070891
97.952471
95.498519
99.027155
96.017079
97.438357
94.943810
98.144319
97.484683
97.705985
95.618379
97.426394
96.466963
99.559513
96.835582
97.335102
96.288850
97.550897
96.262226
99.402351
96.328933
97.399137
96.793236
99.114494
96.677298
98.591145
96.180316
98.605304
96.951705
98.394108
96.729559
98.121969
95.281481
97.036425
96.900113
100.000000
96.294700
98.043193
97.203484
97.193710
100.000000
99.676923
95.897139
98.118708
95.854630
97.910791
96.971746
98.408092
95.751879
97.815586
95.323716
97.571760
96.467230
100.000000
95.885910
97.942990
95.601384
97.353752
96.379296
100.000000
95.486360
97.787645
95.265524
99.763936
98.085423
97.676733
95.624281
98.467366
97.144952
98.698583
95.768852
97.688913
96.468979
97.449224
94.939770
98.606331
95.358729
97.430951
95.195631
97.546037
95.003457
97.289904
96.873188
97.956132
94.587912
98.092813
95.632334
97.148025
96.670716
99.597623
97.713150
99.710943
96.064943
99.968154
97.494213
96.152751
94.786838
99.004825
97.709877
95.898732
98.843484
97.826978
95.551194
97.508717
97.095727
99.776150
97.943410
100.000000
97.781668
98.789172
95.653996
100.000000
96.024788
95.635431
94.822890
98.964271
94.260810
96.753944
95.654857
97.884886
96.358557
97.693993
95.110806
97.336085
97.477668
99.189493
96.849913
98.635554
96.987012
97.667267
96.214709
100.000000
97.663998
98.211518
95.480627
98.765012
97.935529
98.232082
96.705786
99.893221
96.170730
97.966358
96.626956
99.571893
95.632622
97.757752
95.702583
98.536634
95.828752
97.627210
95.748648
97.716907
95.329849
98.186750
95.890516
97.664391
96.626695
98.178861
97.785692
95.903074
98.588123
99.357437
96.788498
98.378127
96.096593
97.672947
96.361189
98.644985
96.547952
97.406426
95.142589
97.339890
95.678751
98.230258
95.344263
98.883111
95.986143
97.140175
95.806602
97.535020
97.183167
98.840646
95.731232
97.372338
97.017633
97.843068
96.321149
97.768277
94.853028
99.203895
95.524142
97.889251
95.770880
99.350543
95.565775
97.352155
96.306618
99.572174
96.686088
98.124199
96.142472
97.873231
96.312031
98.442260
96.933819
98.524274
95.767468
97.568860
97.930072
99.153535
96.518962
98.301502
95.992358
98.165839
97.455760
99.000824
96.523651
99.000131
98.462589
97.049840
98.165862
98.637652
96.473284
97.796097
95.569791
98.283810
96.533256
98.722409
96.323623
97.677619
95.821842
97.657062
96.390848
98.245459
94.965108
99.546009
96.948672
97.642616
96.414707
97.885221
95.723722
99.597619
95.627063
97.425248
96.476425
98.621188
96.428105
97.513589
95.972843
97.238172
95.649106
97.750922
95.315902
98.017506
94.970654
96.995434
95.788635
97.772080
95.831867
98.285275
95.129913
97.403817
95.744306
97.974567
96.317628
98.412547
96.269542
97.765162
96.086524
97.532937
95.865878
99.208174
95.146857
97.518838
95.942845
98.038024
96.954470
97.668811
97.643943
96.474996
98.088636
98.189937
96.159763
97.752222
96.097185
97.167687
96.105703
97.582447
95.620812
98.913275
94.656093
97.920161
95.067014
99.359507
96.667449
97.371465
95.179229
98.829107
95.097749
96.211421
96.400080
97.685496
94.932851
98.054304
94.808505
96.133690
94.159758
97.359356
96.076234
96.881762
95.187706
99.076990
94.541693
96.655033
95.245177
97.225061
97.689588
98.195896
94.959695
97.364728
96.071277
98.255125
97.355815
97.607827
95.018103
97.491105
95.304785
97.929543
95.606302
97.349345
95.710055
97.978595
95.599417
97.259284
95.920285
97.287551
96.025939
98.204862
97.864716
96.173284
97.969614
99.103164
95.855622
97.062341
94.999391
97.432084
96.172606
98.063987
95.547224
97.730022
95.525974
96.554016
95.476334
98.071071
96.730190
97.210657
94.145020
97.484448
96.202170
97.266841
94.616475
97.691700
95.936693
96.597782
94.509538
99.842545
96.641184
96.957320
94.028300
98.105390
96.767577
97.167006
94.841634
98.416827
94.913929
96.641404
95.185542
96.701789
95.011202
98.017774
94.597309
97.580265
96.952210
98.108454
97.138801
99.006926
95.059355
97.233269
96.154762
100.000000
97.616834
99.421333
96.242178
98.435553
97.439144
98.181906
94.577922
97.557564
97.524029
96.174963
97.184468
97.671489
95.649105
98.754907
96.602140
98.652269
97.704965
100.000000
96.627993
98.271640
96.648150
97.485754
95.201420
98.307909
95.318336
96.976359
94.756781
97.285044
96.276420
99.967920
96.467122
98.746784
96.280367
99.051903
98.092196
98.773861
97.028132
99.469109
97.045355
98.257443
95.926598
98.428961
94.634856
98.212934
96.296627
97.526267
95.166401
97.646714
95.110053
98.088993
94.841009
97.207028
96.748160
98.688614
94.728141
97.711212
94.869758
97.600871
95.167313
97.917253
95.816653
98.399653
95.560311
97.370713
94.845130
97.795666
97.085691
98.163362
97.865980
95.179071
99.782472
100.000000
98.147561
98.945081
94.776736
96.651071
97.208856
100.000000
93.494236
97.759864
93.434682
96.948667
93.996649
97.061267
96.856168
100.000000
97.149549
96.812503
93.290843
98.912882
97.042324
98.668901
93.721847
97.061169
95.210728
97.780293
96.966864
99.411266
92.776489
96.369998
95.528680
100.000000
97.217841
96.345778
92.135761
97.924641
94.313675
97.857666
91.526641
99.107532
97.605838
98.687557
95.822550
96.030467
95.379745
99.795138
95.301233
97.280450
95.414265
98.157821
95.404512
97.649751
94.782082
97.280929
97.224088
96.539617
95.157292
98.167747
99.099031
95.895075
97.169060
99.265109
96.513912
97.958678
96.099510
97.865837
95.871190
97.867061
96.031571
97.932727
95.582770
97.488152
96.348104
98.508627
96.582431
98.024768
95.980127
97.871853
96.396956
98.316942
96.503536
98.240561
96.036414
97.290887
96.076807
98.380650
96.378141
98.064736
95.734629
97.404398
95.671403
98.769084
95.866475
97.770384
95.327264
97.429055
96.052345
98.664187
95.889742
98.477165
95.001182
97.629025
96.780405
98.288477
95.658850
99.030446
96.529743
98.072491
97.082635
98.745147
96.317587
98.311714
95.860328
98.224098
96.373683
97.782493
96.108390
98.255866
99.262503
96.516027
98.432523
98.409811
96.140391
98.360037
95.866833
98.933680
96.364361
97.411982
93.509557
98.909985
94.345093
97.067699
95.549316
99.041343
95.753775
97.507654
95.941576
98.327966
97.190262
99.706232
95.109307
97.397882
94.145289
97.926418
97.717817
100.000000
93.089609
96.502585
94.244578
99.936592
97.608465
97.727247
93.354860
97.813861
94.065638
96.284435
92.880450
100.000000
98.290463
100.000000
95.573179
97.624858
94.641496
100.000000
96.748299
98.438814
93.886222
96.329030
96.940122
100.000000
96.197297
98.492006
96.280785
96.849039
94.714033
95.935717
95.034576
100.000000
99.396447
96.853519
98.978120
97.857953
96.757695
100.000000
93.797661
96.823635
96.153517
99.021208
96.809898
98.171667
95.944064
99.948658
97.497323
98.641255
96.319547
98.617361
94.784078
97.885068
96.939557
97.178816
95.960396
97.987509
94.502385
97.711242
97.899463
99.121956
97.238705
100.000000
97.175568
99.507122
97.297776
98.417144
96.571226
99.738397
96.679486
97.253310
95.784115
98.373131
96.751010
97.950413
95.425529
98.590310
96.877008
98.373082
95.804061
97.779057
96.862516
99.460890
96.324457
96.736146
96.508209
100.000000
97.174914
99.452465
95.792430
95.509856
94.452553
99.111327
98.966842
95.548219
96.927588
98.155560
95.418827
97.911131
95.364070
97.615660
96.597321
98.529818
95.615470
97.310774
96.030515
97.734621
96.183935
98.562995
95.569981
97.665287
95.468807
97.102641
96.338120
99.268408
95.142936
97.131481
95.204334
97.786958
96.708954
100.000000
97.449455
98.025582
95.257514
99.456413
98.560801
98.938731
96.698613
99.814258
96.600399
98.069283
97.450949
98.190763
95.244381
97.557435
95.221748
97.142712
96.606901
98.355481
95.320479
99.366402
97.535749
99.756104
98.233978
100.000000
95.882124
99.520687
97.318609
99.857464
95.903730
97.385112
96.458129
98.223186
97.320824
95.821167
98.120404
99.937276
95.573975
97.345712
96.155102
98.278780
96.095584
99.034759
95.651094
97.072925
94.672879
98.431596
95.491719
98.122815
94.897869
98.518706
94.724651
96.941043
95.320343
97.596747
95.501759
97.528997
94.657368
97.307642
96.249045
99.333170
95.627309
97.180785
94.334527
97.937282
97.103011
98.099825
95.392418
97.101225
94.535794
98.040714
96.591684
97.704564
95.344470
97.122602
94.745787
97.380998
95.540068
97.618791
96.866834
97.557352
95.144926
97.568896
96.193686
98.261688
96.069351
97.923348
95.616202
98.445936
96.248038
96.956095
95.319640
98.939886
98.700099
96.467443
97.342475
97.908466
96.282616
98.224254
95.938827
97.863236
95.421248
97.770140
96.315451
97.588741
94.436388
97.190335
95.993242
97.918782
94.816346
98.295481
95.432706
99.067369
97.825251
98.793574
98.664173
100.000000
99.486974
100.000000
100.000000
100.000000
100.000000
100.000000
100.000000
100.000000
100.000000
100.000000
100.000000
100.000000
100.000000
100.000000
100.000000
100.000000
100.000000
100.000000
100.000000
100.000000
100.000000
100.000000
100.000000
100.000000
100.000000
100.000000
100.000000
100.000000
100.000000
100.000000
100.000000
100.000000
100.000000
100.000000
100.000000
100.000000
100.000000
100.000000
100.000000
100.000000
100.000000
100.000000
100.000000
100.000000
100.000000
100.000000
100.000000
100.000000
100.000000
100.000000
100.000000
100.000000
100.000000
100.000000
100.000000
100.000000
100.000000
100.000000
100.000000
100.000000
100.000000
100.000000
100.000000
100.000000
100.000000
100.000000
100.000000
100.000000
100.000000
100.000000
100.000000
100.000000
100.000000
100.000000
100.000000
100.000000
100.000000
100.000000
100.000000
100.000000
100.000000
100.000000
100.000000
100.000000
100.000000
100.000000
100.000000
100.000000
100.000000
100.000000
100.000000
100.000000
100.000000
100.000000
100.000000
100.000000
100.000000
100.000000
100.000000
100.000000
100.000000
100.000000
100.000000
100.000000
100.000000
100.000000
100.000000
100.000000
100.000000
100.000000
100.000000
100.000000
100.000000
100.000000
100.000000
100.000000
100.000000
100.000000
100.000000
100.000000
100.000000
100.000000
100.000000
100.000000
100.000000
100.000000
100.000000
100.000000
100.000000
100.000000
100.000000
100.000000
100.000000
100.000000
100.000000
100.000000
100.000000
100.000000
100.000000
100.000000
100.000000
100.000000
100.000000
100.000000
100.000000
100.000000
100.000000
100.000000
100.000000
100.000000
100.000000
100.000000
100.000000
100.000000
100.000000
100.000000
100.000000
100.000000
100.000000
100.000000
100.000000
100.000000
100.000000
100.000000
100.000000
100.000000
100.000000
100.000000
100.000000
100.000000
100.000000
100.000000
100.000000
100.000000
100.000000
100.000000
100.000000
100.000000
100.000000
100.000000
100.000000
100.000000
100.000000
100.000000
100.000000
100.000000
100.000000
100.000000
100.000000
100.000000
100.000000
100.000000
100.000000
100.000000
100.000000
100.000000
100.000000
100.000000
100.000000
100.000000
100.000000
100.000000
100.000000
100.000000
100.000000
100.000000
100.000000
100.000000
100.000000
100.000000
100.000000
100.000000
100.000000
100.000000
100.000000
100.000000
100.000000
100.000000
100.000000
100.000000
100.000000
100.000000
100.000000
100.000000
100.000000
100.000000
100.000000
100.000000
100.000000
100.000000
100.000000
100.000000
100.000000
100.000000
100.000000
100.000000
100.000000
100.000000
100.000000
100.000000
100.000000
100.000000
100.000000
100.000000
100.000000
100.000000
100.000000
100.000000
100.000000
100.000000
100.000000
100.000000
100.000000
100.000000
100.000000
100.000000
100.000000
100.000000
100.000000
100.000000
100.000000
100.000000
100.000000
100.000000
100.000000
100.000000
100.000000
100.000000
100.000000
100.000000
100.000000
100.000000
100.000000
100.000000
100.000000
100.000000
100.000000
100.000000
100.000000
100.000000
100.000000
100.000000
100.000000
100.000000
100.000000
100.000000
100.000000
100.000000
100.000000
100.000000
100.000000
100.000000
100.000000
100.000000
100.000000
100.000000
100.000000
100.000000
100.000000
100.000000
100.000000
100.000000
100.000000
100.000000
100.000000
100.000000
100.000000
100.000000
100.000000
100.000000
99.941357
100.000000
98.949633
99.837716
98.980674
98.897977
99.087142
100.000000
99.224344
99.952989
99.208479
99.498534
98.774631
100.000000
99.108170
100.000000
99.914640
99.717022
99.523854
100.000000
99.900131
100.000000
100.000000
100.000000
99.779501
100.000000
100.000000
100.000000
100.000000
100.000000
99.870185
100.000000
100.000000
100.000000
100.000000
100.000000
100.000000
100.000000
100.000000
100.000000
100.000000
100.000000
99.733784
100.000000
99.806746
100.000000
100.000000
100.000000
100.000000
100.000000
100.000000
100.000000
100.000000
100.000000
100.000000
100.000000
100.000000
100.000000
100.000000
100.000000
100.000000
100.000000
100.000000
100.000000
100.000000
100.000000
99.552539
100.000000
99.315434
100.000000
99.735929
100.000000
99.736588
100.000000
100.000000
100.000000
100.000000
100.000000
99.430101
100.000000
99.891098
100.000000
100.000000
100.000000
99.778531
100.000000
100.000000
100.000000
100.000000
100.000000
99.225218
100.000000
99.275018
100.000000
99.408209
99.687318
98.711051
100.000000
98.988474
100.000000
99.149290
99.606600
98.771321
100.000000
99.017694
100.000000
99.586281
99.488778
98.578795
100.000000
98.902505
100.000000
99.339165
99.406801
98.643960
100.000000
99.020032
100.000000
98.994847
99.645461
98.835593
100.000000
99.121175
100.000000
99.536649
99.764753
98.859049
100.000000
98.975250
100.000000
99.726857
100.000000
98.870969
100.000000
99.089558
100.000000
99.623535
99.773189
98.985964
100.000000
99.234545
100.000000
99.594743
99.552293
98.881398
100.000000
100.000000
99.850673
100.000000
100.000000
99.267319
100.000000
99.124718
100.000000
99.751432
100.000000
99.123625
100.000000
99.213046
100.000000
99.601908
100.000000
98.926743
100.000000
98.930504
100.000000
99.524250
99.830993
98.903823
100.000000
98.780108
100.000000
99.627546
100.000000
99.260654
100.000000
99.053493
100.000000
99.564715
100.000000
99.234797
100.000000
99.188870
100.000000
100.000000
100.000000
98.805076
100.000000
99.159558
100.000000
99.158637
100.000000
98.957716
100.000000
98.766312
100.000000
99.144474
100.000000
99.069998
100.000000
99.220040
100.000000
99.304050
99.781230
99.014578
100.000000
100.000000
99.327907
99.820192
100.000000
99.079545
100.000000
99.084351
100.000000
98.963857
99.955898
98.466824
100.000000
98.761251
100.000000
99.034826
99.776817
97.855342
98.380499
97.006433
98.002932
96.005561
99.208625
95.565527
98.332752
95.134543
97.597186
95.624303
97.426934
95.684568
97.955677
95.452262
97.324158
96.158946
98.499886
95.908515
97.719558
96.430538
97.771830
97.437806
99.106623
96.265652
97.842347
97.062250
97.978802
97.032368
98.924561
96.432885
98.218991
96.006588
98.256119
96.961117
99.624516
98.403154
99.955815
96.011783
98.275131
98.852281
98.312730
97.658979
99.050769
98.547628
97.491306
99.068688
99.204030
95.660276
100.000000
97.259742
98.445596
97.032306
98.872554
98.362967
99.632606
96.764727
98.778561
98.240967
100.000000
98.760741
99.356961
96.795429
98.307416
97.966295
98.728868
97.099956
99.290862
98.850497
99.249918
97.190221
99.286603
97.878744
100.000000
98.609780
98.758763
97.845477
98.609701
96.908763
100.000000
97.993928
98.749935
97.762304
99.107201
96.977344
100.000000
96.641726
98.662944
97.822816
100.000000
97.778607
99.119199
97.586927
99.201053
97.941186
99.815154
98.268629
99.654718
98.067556
99.364948
97.975527
99.075009
96.975770
99.247542
99.456106
97.967688
98.712578
98.855684
99.280403
100.000000
97.231608
98.446927
97.345988
99.640609
98.831786
100.000000
96.709183
98.080867
97.534574
100.000000
99.186901
98.823864
96.634740
97.948932
98.827453
100.000000
97.695989
99.266181
98.169759
98.723467
98.598684
99.317414
97.919951
100.000000
97.088603
98.613387
97.891304
99.584307
99.329959
98.671732
97.609476
99.016124
98.292423
99.277410
97.709701
98.953378
97.367287
98.156238
97.691614
99.304531
97.036156
98.801843
96.860045
97.999095
97.409742
98.413551
97.986917
99.104662
97.149217
98.386785
97.379706
99.031531
98.007657
98.812893
98.489055
97.329295
98.403017
99.023049
97.518477
98.591406
96.374055
100.000000
99.389360
97.997588
96.353810
99.808989
98.838129
99.062767
98.206817
99.288069
97.657436
98.338735
96.562195
98.026458
97.890041
98.898713
97.451027
99.466308
97.111587
98.223780
97.715775
99.390453
99.137742
99.582560
98.042722
99.037778
98.680504
98.809160
98.072180
99.744538
98.391963
98.559155
97.674856
98.646177
98.744991
99.129183
96.783992
98.190454
96.919584
98.526400
98.010811
99.340282
97.220234
98.635937
97.653240
99.439923
98.505539
100.000000
97.624116
98.955063
97.818579
99.167500
97.764285
99.261435
99.224935
97.766386
98.462463
99.362956
97.810130
99.038826
97.042415
98.887560
97.729350
98.724365
97.322645
99.081947
97.200531
98.765375
97.738341
98.922771
97.485890
98.882334
96.952184
99.508161
97.948470
98.999062
97.269355
99.777550
98.140908
98.633879
97.700311
98.840115
97.248653
98.697140
97.785588
98.207403
97.133626
98.058600
96.806594
99.272081
96.474813
98.220207
97.618284
98.774472
97.205624
99.287255
97.684676
99.667276
97.875593
98.794029
98.060085
99.923953
98.042870
99.350153
98.137673
98.939964
97.197513
98.641274
96.188170
97.820633
96.902013
97.502205
96.657613
98.396366
98.466835
97.034147
97.632654
97.865488
96.704932
97.873927
95.512137
98.058354
96.286261
97.245986
96.399066
97.676961
96.007996
97.349533
96.081220
98.662490
96.032557
97.711655
95.889319
97.470086
96.800614
97.534427
96.357127
97.777517
95.965291
97.576794
96.518793
97.260049
95.943361
98.094153
96.037307
97.478721
96.305120
97.918028
96.072364
98.676309
96.318956
97.943519
97.028445
99.438876
98.300879
97.514477
95.379059
97.124816
97.255531
99.494953
95.591568
97.428094
95.462322
97.755708
96.998808
97.704276
96.125269
98.201530
95.513069
97.425123
96.611406
96.884321
95.819908
97.624581
97.607783
96.554788
96.936038
97.789499
96.487323
97.836870
96.523982
98.497247
96.734551
97.318515
96.162883
98.714489
97.123576
98.253367
97.126261
98.226381
96.999798
99.224029
97.513634
98.331712
97.149483
98.321490
97.279530
98.627849
97.083744
98.267535
96.574756
97.750063
96.727602
98.189120
96.327456
97.367207
96.528544
97.647657
96.462535
97.971554
96.395556
97.678594
96.564903
97.445248
96.518991
97.992680
96.338092
97.706431
96.601489
97.687434
96.578558
97.745500
95.760339
97.747729
96.754332
97.694981
96.527654
98.204910
96.001511
97.457188
96.638419
97.361616
96.446371
98.163888
97.766705
96.361209
97.844228
99.704222
98.490086
99.401703
97.695983
100.000000
99.691407
100.000000
98.327112
100.000000
99.539119
99.462407
96.401665
97.230425
98.034880
98.869824
96.369354
97.539199
96.967296
98.468061
96.375498
100.000000
96.147348
98.215946
96.323166
98.322601
96.870842
99.679230
96.011647
97.498643
97.055296
98.067133
97.092368
99.626205
96.367176
97.817516
97.584807
99.324053
97.358594
98.310360
96.323144
97.919633
97.394614
99.000265
96.837927
98.367914
97.343628
98.235580
97.494946
98.524655
96.706930
99.548637
96.986091
98.327751
97.287366
99.020579
98.201804
99.629987
99.924242
98.573767
98.359821
98.440069
99.382362
100.000000
97.677165
99.634223
98.840195
99.505685
97.968518
100.000000
98.409481
99.183712
98.588631
100.000000
98.147746
100.000000
99.509798
100.000000
99.540980
100.000000
99.025157
100.000000
99.158122
100.000000
98.895806
100.000000
98.887058
100.000000
98.261799
100.000000
99.046816
100.000000
98.644178
100.000000
98.103286
100.000000
99.072538
99.933592
100.000000
100.000000
99.177169
100.000000
99.726046
100.000000
100.000000
100.000000
99.938440
100.000000
99.972452
100.000000
99.390354
100.000000
100.000000
100.000000
100.000000
100.000000
100.000000
100.000000
100.000000
100.000000
100.000000
100.000000
100.000000
100.000000
100.000000
100.000000
100.000000
100.000000
100.000000
100.000000
100.000000
100.000000
100.000000
100.000000
100.000000
100.000000
100.000000
100.000000
100.000000
100.000000
100.000000
100.000000
99.021603
100.000000
100.000000
100.000000
100.000000
100.000000
99.630421
100.000000
99.383652
100.000000
99.957436
100.000000
98.031002
100.000000
100.000000
100.000000
99.379098
100.000000
98.604179
100.000000
99.238558
100.000000
98.645049
100.000000
96.661092
99.627028
99.734206
100.000000
97.959778
100.000000
97.341905
100.000000
97.822521
98.004153
99.396827
100.000000
100.000000
99.954341
100.000000
100.000000
99.293546
100.000000
98.925855
100.000000
100.000000
100.000000
99.390782
100.000000
98.275794
100.000000
98.709144
100.000000
97.594241
100.000000
99.273848
100.000000
97.057416
100.000000
97.717719
100.000000
98.350296
100.000000
98.395240
100.000000
99.472710
100.000000
97.755546
100.000000
98.921576
100.000000
98.560972
100.000000
97.951227
100.000000
99.560869
100.000000
98.873180
100.000000
97.770576
100.000000
99.798660
100.000000
97.199935
100.000000
98.201338
100.000000
100.000000
100.000000
99.222760
100.000000
99.591614
100.000000
99.489899
98.880340
98.690606
100.000000
100.000000
98.994607
100.000000
100.000000
98.606236
100.000000
97.719683
100.000000
99.485766
100.000000
97.729532
100.000000
99.631476
100.000000
98.747483
100.000000
98.763509
100.000000
99.278253
100.000000
97.879309
100.000000
98.870864
100.000000
97.193403
100.000000
98.466200
99.819755
98.158851
100.000000
98.006161
100.000000
97.665697
99.713897
98.085802
100.000000
97.093654
100.000000
98.482935
100.000000
98.937670
99.895267
97.104267
100.000000
98.585493
97.582236
96.175863
100.000000
97.647473
99.643481
98.140956
100.000000
98.591774
100.000000
98.194820
100.000000
98.994880
98.918407
97.412682
100.000000
100.000000
97.800148
98.424361
100.000000
97.588610
99.033518
95.933662
99.167830
98.549297
99.567484
96.024543
98.537610
97.009074
98.606135
97.224404
99.404579
96.176255
98.319274
95.960044
98.340778
97.162198
98.696920
96.269052
98.933213
95.978370
97.665557
97.056816
100.000000
98.446480
99.149053
95.784826
97.894331
97.635291
98.954390
96.536290
99.089592
95.880140
97.874430
98.136906
99.222822
96.281160
98.663380
96.741825
97.841549
96.007202
99.009127
96.899787
98.413452
96.075037
98.097827
96.913246
99.234867
96.411394
98.537401
96.204837
98.306437
96.634908
98.505459
95.756333
99.615108
98.033773
96.252913
99.184149
98.827276
96.313941
98.384293
96.839626
98.032864
96.885724
98.400363
95.585377
98.077984
96.130707
97.748381
96.543452
98.645683
96.025516
98.599997
96.016125
97.432088
95.728377
99.035505
95.527201
97.850388
96.584997
97.383958
96.172052
99.267469
95.389575
97.895698
95.936026
97.505173
96.127628
98.863580
97.010259
99.290203
96.613205
98.265349
97.716589
100.000000
96.069068
99.474671
95.803230
98.959553
96.803970
97.880401
95.906127
98.226856
96.598938
98.201303
97.634768
99.313374
95.731556
98.210504
96.801153
98.369693
97.834761
98.165053
96.361255
98.129772
98.141719
97.653514
98.391859
99.475407
96.883113
98.234820
95.440288
99.008649
96.566965
99.309319
96.020574
98.264689
97.241647
98.747190
97.381195
99.443752
95.780355
98.215426
96.437193
98.171761
98.008158
100.000000
96.270532
98.163582
96.736049
99.370725
97.518079
99.268954
96.995271
98.691569
96.845156
99.982278
98.779537
99.760674
96.725246
98.505193
97.110339
98.495483
97.511280
99.582359
97.095468
98.745016
96.407708
99.107012
97.755279
99.153032
97.279390
98.817653
97.076038
98.862914
97.248221
98.796892
97.148836
99.433927
97.301799
98.770030
97.598152
99.250522
96.999361
99.088249
100.000000
97.223033
97.977582
100.000000
97.486975
99.108376
97.254057
98.874062
98.390438
99.131240
97.320153
99.454640
96.918404
98.694375
97.787323
99.644049
98.282037
99.806564
97.765658
98.994625
97.955335
99.485602
98.186340
100.000000
97.551768
99.056612
97.985145
99.537119
97.176873
99.069300
96.372511
98.193540
97.232535
100.000000
93.901213
99.397219
97.244006
99.641963
99.894258
97.116270
96.721099
100.000000
95.340715
99.159017
94.654226
94.221321
99.969900
99.686607
96.226205
100.000000
95.729915
98.541701
96.204869
100.000000
95.792327
99.122395
95.613761
97.658202
96.851529
97.795058
98.021355
99.157559
96.627813
98.314519
96.451952
98.834601
97.393680
98.500673
96.273500
100.000000
95.508962
98.595769
95.869464
98.546583
98.744028
100.000000
97.026336
99.027016
96.900324
99.789945
98.372381
98.002379
96.571467
100.000000
96.406329
99.113713
96.943778
100.000000
98.826900
99.570612
97.043915
99.050650
97.187541
99.023717
97.600764
99.743907
98.273655
99.822455
97.341775
98.586274
98.580123
99.118764
96.729930
99.517389
98.849493
99.443087
98.063821
99.961405
97.407924
99.528572
98.697326
98.762912
97.310606
99.374202
96.977597
99.372701
97.181571
99.261152
97.417059
100.000000
99.815410
97.969372
97.949306
99.705490
97.620467
99.444305
96.611032
99.783700
96.500438
97.572683
97.127866
99.149655
96.815415
98.260214
97.039759
98.652653
97.125281
100.000000
98.072504
99.450282
97.462839
98.818679
96.925365
99.518082
97.445509
99.697386
97.196207
98.943023
97.166693
100.000000
98.656634
100.000000
97.374755
98.536966
96.650878
100.000000
99.267998
99.245366
97.512676
99.088841
98.586458
100.000000
97.326655
99.127612
98.726183
100.000000
98.109301
99.826052
97.589848
100.000000
98.406801
99.322648
98.418845
100.000000
96.348328
100.000000
97.341056
99.402376
98.328519
99.580488
99.890192
97.984559
99.045361
99.811983
97.301308
98.951149
96.729410
99.166699
98.191049
99.466359
96.571508
98.823850
96.966991
98.939144
97.872733
98.440318
96.523552
99.173590
96.583970
99.164680
97.302280
99.897147
97.539071
99.962926
97.076859
98.561948
97.151785
100.000000
98.270731
99.926510
97.249348
99.657712
98.395872
100.000000
97.523313
99.797941
97.685186
99.448200
98.326191
99.682863
97.428478
100.000000
97.110460
99.555140
98.456049
100.000000
98.069595
100.000000
98.510014
99.935175
98.832690
100.000000
98.543547
100.000000
98.547524
100.000000
99.230095
100.000000
99.382412
100.000000
100.000000
99.526556
100.000000
100.000000
99.977310
100.000000
98.806055
100.000000
98.876528
100.000000
98.688952
100.000000
97.748039
100.000000
98.654356
100.000000
98.112772
99.902872
97.647312
99.169128
98.450373
100.000000
97.642991
99.976842
97.089591
99.679488
97.606297
99.446066
96.889105
99.153094
96.949976
98.876740
97.592237
99.521064
97.023625
98.484940
95.524415
98.864685
96.299090
98.482547
97.120207
98.461283
95.644966
98.625286
96.735454
100.000000
95.352636
98.590143
96.120370
98.511201
96.834703
99.087661
96.367779
98.801869
96.761813
98.753126
96.634754
98.325478
96.529076
98.897298
98.839780
96.850260
97.939441
98.068227
96.566881
98.729185
95.969410
97.891904
96.440813
100.000000
95.754384
98.913079
94.907085
98.551371
96.530706
99.035346
96.148970
97.643719
95.349971
97.218549
95.886402
98.868820
95.788372
97.915069
95.905458
97.678220
97.565258
98.735701
96.648122
98.067721
95.167149
97.476474
96.215013
97.940172
94.781789
97.553719
95.331327
97.135796
95.779717
98.680684
96.572728
97.482770
95.111327
97.410708
96.119090
99.038063
94.781827
97.928602
96.013625
97.781103
95.498367
98.375929
94.990001
99.214902
95.055637
97.463228
95.998734
97.594397
95.269303
97.971970
98.147176
97.194626
98.031730
96.641602
95.633345
98.047057
95.085892
97.091742
94.759524
99.951526
96.399124
97.825641
95.387395
96.828219
95.727079
99.021553
96.458192
98.203232
95.738393
99.309218
100.000000
100.000000
100.000000
100.000000
100.000000
100.000000
100.000000
100.000000
100.000000
100.000000
100.000000
100.000000
100.000000
100.000000
100.000000
100.000000
100.000000
100.000000
100.000000
100.000000
100.000000
100.000000
100.000000
100.000000
100.000000
100.000000
100.000000
100.000000
100.000000
100.000000
100.000000
100.000000
100.000000
100.000000
100.000000
100.000000
100.000000
100.000000
100.000000
100.000000
100.000000
100.000000
100.000000
100.000000
100.000000
100.000000
100.000000
100.000000
100.000000
100.000000
100.000000
100.000000
100.000000
100.000000
100.000000
100.000000
100.000000
100.000000
100.000000
100.000000
100.000000
100.000000
100.000000
100.000000
100.000000
100.000000
100.000000
100.000000
100.000000
100.000000
100.000000
100.000000
100.000000
100.000000
100.000000
100.000000
100.000000
100.000000
100.000000
100.000000
100.000000
100.000000
100.000000
100.000000
100.000000
100.000000
100.000000
100.000000
99.979729
100.000000
100.000000
100.000000
99.981383
100.000000
99.952968
100.000000
100.000000
100.000000
99.600380
100.000000
100.000000
100.000000
100.000000
100.000000
99.120870
100.000000
99.931898
100.000000
100.000000
100.000000
99.650877
100.000000
99.604448
100.000000
100.000000
100.000000
99.585087
100.000000
99.335686
100.000000
99.741611
100.000000
98.596915
100.000000
98.588086
100.000000
99.434605
100.000000
98.641813
100.000000
99.284331
100.000000
99.677978
100.000000
98.874131
100.000000
99.676941
100.000000
99.917813
100.000000
100.000000
100.000000
100.000000
100.000000
100.000000
100.000000
100.000000
100.000000
100.000000
100.000000
100.000000
100.000000
100.000000
100.000000
100.000000
100.000000
100.000000
100.000000
100.000000
100.000000
100.000000
100.000000
100.000000
100.000000
100.000000
100.000000
100.000000
100.000000
100.000000
100.000000
99.696343
100.000000
100.000000
100.000000
100.000000
100.000000
99.632316
100.000000
100.000000
100.000000
100.000000
100.000000
99.484946
100.000000
99.979547
100.000000
100.000000
100.000000
99.491872
100.000000
100.000000
100.000000
100.000000
100.000000
100.000000
100.000000
100.000000
100.000000
100.000000
100.000000
100.000000
100.000000
100.000000
100.000000
100.000000
100.000000
100.000000
100.000000
99.414930
100.000000
100.000000
100.000000
98.441309
100.000000
98.642214
100.000000
99.998428
100.000000
98.765297
100.000000
100.000000
99.154198
99.974991
100.000000
98.388460
100.000000
99.133779
100.000000
99.178106
99.884084
98.195632
100.000000
98.129126
100.000000
98.640568
99.971812
97.780994
100.000000
98.346932
100.000000
99.467778
100.000000
98.709115
100.000000
98.848490
100.000000
99.328865
100.000000
98.260839
100.000000
98.713342
100.000000
99.549348
100.000000
99.388893
100.000000
100.000000
100.000000
100.000000
100.000000
100.000000
100.000000
100.000000
100.000000
100.000000
100.000000
100.000000
100.000000
100.000000
100.000000
100.000000
100.000000
99.402033
100.000000
99.678455
100.000000
100.000000
100.000000
99.859468
100.000000
100.000000
99.836317
100.000000
100.000000
99.218783
100.000000
99.982058
100.000000
100.000000
100.000000
100.000000
100.000000
100.000000
100.000000
100.000000
100.000000
100.000000
100.000000
100.000000
100.000000
100.000000
100.000000
99.881737
100.000000
100.000000
100.000000
99.820134
100.000000
97.951359
100.000000
97.477147
100.000000
98.038548
99.533579
97.816131
100.000000
98.350882
100.000000
98.754831
99.291166
97.752557
100.000000
97.789986
100.000000
98.147436
99.090786
98.422409
100.000000
97.892906
100.000000
98.016855
99.702215
98.266360
100.000000
98.196897
100.000000
98.536280
99.907446
98.086249
100.000000
100.000000
99.578270
98.228402
100.000000
98.340034
100.000000
98.747876
100.000000
99.569195
100.000000
98.996734
100.000000
99.847724
100.000000
100.000000
100.000000
99.616342
100.000000
100.000000
100.000000
100.000000
100.000000
99.902861
100.000000
100.000000
100.000000
100.000000
100.000000
100.000000
100.000000
100.000000
100.000000
100.000000
100.000000
100.000000
100.000000
100.000000
100.000000
100.000000
100.000000
100.000000
100.000000
100.000000
100.000000
100.000000
100.000000
100.000000
100.000000
100.000000
100.000000
100.000000
100.000000
100.000000
100.000000
100.000000
100.000000
100.000000
100.000000
100.000000
100.000000
100.000000
100.000000
100.000000
100.000000
100.000000
100.000000
100.000000
100.000000
100.000000
100.000000
100.000000
100.000000
100.000000
100.000000
100.000000
100.000000
100.000000
100.000000
100.000000
100.000000
100.000000
100.000000
99.406380
100.000000
99.626046
100.000000
100.000000
100.000000
99.496555
100.000000
99.924155
100.000000
100.000000
100.000000
99.318814
100.000000
100.000000
100.000000
100.000000
100.000000
99.649380
100.000000
99.683125
100.000000
100.000000
100.000000
99.686128
100.000000
99.815360
100.000000
99.214686
99.315060
98.644973
100.000000
99.640756
100.000000
100.000000
100.000000
100.000000
100.000000
100.000000
100.000000
100.000000
100.000000
100.000000
100.000000
100.000000
100.000000
100.000000
100.000000
100.000000
100.000000
100.000000
100.000000
100.000000
100.000000
100.000000
100.000000
100.000000
100.000000
100.000000
100.000000
100.000000
100.000000
100.000000
100.000000
100.000000
100.000000
100.000000
100.000000
100.000000
100.000000
100.000000
100.000000
100.000000
100.000000
100.000000
100.000000
100.000000
100.000000
100.000000
100.000000
100.000000
100.000000
100.000000
100.000000
99.989418
100.000000
100.000000
100.000000
100.000000
100.000000
100.000000
100.000000
100.000000
100.000000
100.000000
100.000000
99.841152
100.000000
100.000000
100.000000
100.000000
100.000000
100.000000
100.000000
100.000000
100.000000
100.000000
100.000000
99.710483
100.000000
99.462441
100.000000
100.000000
100.000000
99.648768
100.000000
99.861173
100.000000
100.000000
100.000000
99.951677
100.000000
99.605544
100.000000
100.000000
100.000000
99.297253
100.000000
99.908278
100.000000
100.000000
100.000000
100.000000
100.000000
99.766282
100.000000
100.000000
100.000000
99.857918
100.000000
99.733566
100.000000
100.000000
100.000000
100.000000
100.000000
100.000000
100.000000
100.000000
100.000000
100.000000
100.000000
100.000000
100.000000
100.000000
100.000000
100.000000
100.000000
100.000000
100.000000
100.000000
100.000000
99.935141
100.000000
99.970074
100.000000
100.000000
100.000000
100.000000
100.000000
100.000000
100.000000
100.000000
100.000000
100.000000
100.000000
100.000000
100.000000
100.000000
100.000000
100.000000
100.000000
100.000000
100.000000
100.000000
100.000000
100.000000
100.000000
100.000000
100.000000
100.000000
100.000000
100.000000
100.000000
100.000000
100.000000
100.000000
100.000000
100.000000
100.000000
100.000000
100.000000
100.000000
100.000000
100.000000
100.000000
100.000000
100.000000
100.000000
100.000000
100.000000
100.000000
100.000000
100.000000
100.000000
100.000000
100.000000
100.000000
100.000000
100.000000
100.000000
100.000000
100.000000
100.000000
100.000000
100.000000
100.000000
100.000000
100.000000
100.000000
99.359080
100.000000
99.748638
99.838425
98.951253
100.000000
99.123876
100.000000
99.380043
99.541758
98.650680
100.000000
98.415638
100.000000
99.080406
99.927452
99.563074
100.000000
99.240807
100.000000
99.669327
100.000000
99.598702
100.000000
99.526140
100.000000
100.000000
100.000000
100.000000
100.000000
99.741029
100.000000
99.804361
100.000000
99.838180
100.000000
100.000000
100.000000
100.000000
100.000000
100.000000
100.000000
100.000000
100.000000
100.000000
100.000000
100.000000
100.000000
100.000000
100.000000
100.000000
100.000000
100.000000
100.000000
100.000000
100.000000
100.000000
100.000000
100.000000
100.000000
100.000000
100.000000
100.000000
100.000000
100.000000
100.000000
100.000000
100.000000
100.000000
100.000000
100.000000
100.000000
100.000000
100.000000
100.000000
100.000000
100.000000
100.000000
100.000000
100.000000
100.000000
100.000000
100.000000
100.000000
100.000000
100.000000
100.000000
100.000000
100.000000
100.000000
100.000000
100.000000
100.000000
100.000000
100.000000
100.000000
100.000000
100.000000
100.000000
100.000000
100.000000
100.000000
100.000000
100.000000
100.000000
100.000000
100.000000
100.000000
100.000000
100.000000
100.000000
100.000000
100.000000
100.000000
100.000000
100.000000
100.000000
100.000000
100.000000
100.000000
100.000000
100.000000
100.000000
100.000000
100.000000
100.000000
100.000000
100.000000
100.000000
100.000000
100.000000
100.000000
100.000000
100.000000
100.000000
100.000000
100.000000
100.000000
100.000000
100.000000
100.000000
100.000000
100.000000
100.000000
100.000000
100.000000
100.000000
100.000000
100.000000
100.000000
100.000000
100.000000
100.000000
100.000000
100.000000
100.000000
100.000000
100.000000
100.000000
100.000000
100.000000
100.000000
100.000000
100.000000
100.000000
100.000000
100.000000
100.000000
100.000000
100.000000
100.000000
