96.916984
97.929479
99.959488
97.479948
99.706482
98.122308
98.989636
96.652687
99.188564
97.587136
100.000000
98.358453
98.063879
97.137432
99.694487
97.833179
100.000000
98.069167
99.460090
96.870020
99.544650
97.391774
99.982392
98.506933
99.264348
96.541748
99.721614
96.939383
99.978256
98.363044
98.231313
96.808892
99.421437
96.940306
99.658929
98.763725
100.000000
96.531069
99.617958
96.832172
99.113873
98.923476
99.250424
97.219564
100.000000
97.681022
100.000000
98.009159
98.048454
97.591870
99.977078
97.176082
99.629189
98.159416
98.398461
97.683592
99.665039
99.963353
98.895980
98.372253
98.308644
96.861603
99.504773
98.694863
99.716588
97.809206
98.226369
96.792240
99.320023
97.558852
99.701078
98.045556
99.708910
96.485095
100.000000
96.853973
99.304768
98.127777
98.067787
97.041719
100.000000
96.563971
99.221570
97.122461
97.781288
97.517788
100.000000
96.671632
99.120933
97.030435
99.617899
98.280699
100.000000
96.724307
99.236907
97.697961
100.000000
98.829107
100.000000
96.728694
99.300542
98.072043
99.307539
97.253840
99.785371
97.145472
99.585298
97.442375
99.283034
97.252128
100.000000
97.379593
99.985444
97.857838
98.617449
97.796664
99.709811
99.721498
98.081123
99.087874
98.315713
96.628373
100.000000
96.902438
99.310597
97.434156
98.561934
97.059302
99.930533
96.768095
99.381633
96.980479
98.580167
96.897947
100.000000
96.748090
99.308060
98.312902
98.672809
96.907831
99.783686
96.650574
100.000000
97.373614
98.070497
96.104777
99.772117
99.265493
99.953658
97.008952
97.997015
97.423632
100.000000
97.755251
99.478071
97.469722
98.182182
97.591081
100.000000
97.488560
99.551173
97.967768
99.723798
97.543439
100.000000
97.498370
100.000000
98.255784
98.988911
97.649121
100.000000
96.823974
99.417554
98.500891
100.000000
97.465043
99.995453
99.560461
98.713620
100.000000
100.000000
97.090142
100.000000
97.264646
100.000000
98.411783
99.217758
96.968367
100.000000
97.143065
99.900931
97.965813
100.000000
96.960702
100.000000
97.088164
99.769578
98.069210
100.000000
96.808555
100.000000
96.859086
100.000000
99.390967
98.538932
97.015093
100.000000
98.356182
100.000000
97.294540
98.520600
97.621607
99.941771
96.753715
100.000000
97.026260
98.274433
96.717366
99.693374
96.571977
99.464116
98.374679
98.785238
96.365155
100.000000
97.143707
99.586435
97.919572
100.000000
98.913569
100.000000
98.071846
100.000000
98.743984
97.171734
96.653672
100.000000
99.447972
97.318387
99.739709
98.473596
96.682851
100.000000
98.412105
100.000000
99.684507
100.000000
98.660982
100.000000
97.947670
100.000000
98.024878
96.320264
96.253844
100.000000
96.138200
99.336336
97.369374
98.950287
97.536585
100.000000
96.823150
99.607169
98.869999
100.000000
98.145776
100.000000
98.159076
100.000000
98.093274
100.000000
98.769035
100.000000
97.255408
100.000000
99.292706
99.227980
97.944046
100.000000
97.628070
100.000000
98.173337
100.000000
96.913169
100.000000
97.142170
100.000000
97.523194
98.662790
96.950725
100.000000
96.891039
100.000000
97.408357
98.912042
98.022967
100.000000
99.518599
97.485499
99.811881
100.000000
97.897843
100.000000
97.587774
99.710251
97.741591
99.367300
97.474501
99.822894
96.564462
99.600505
97.228964
99.017193
96.703178
100.000000
97.253116
99.396586
97.355092
98.358325
98.118010
100.000000
96.938798
99.864873
98.338086
98.603989
97.371456
99.823140
96.491335
100.000000
97.357931
98.603447
96.893783
100.000000
96.837588
99.459233
97.622146
100.000000
97.767085
100.000000
97.425477
100.000000
97.690084
99.270697
97.984005
100.000000
97.050981
99.901844
99.117049
99.947009
97.598933
100.000000
97.367898
100.000000
98.931637
99.875928
97.590357
100.000000
100.000000
98.389203
99.020860
99.113183
97.313893
100.000000
96.759202
100.000000
97.928201
99.419980
97.311582
99.935237
97.249228
100.000000
97.646607
98.937373
96.404645
100.000000
97.925931
99.937401
97.771394
98.599158
96.736608
100.000000
96.820733
99.728283
97.821949
99.515374
97.256692
99.977226
97.136438
99.746815
97.157970
98.584465
96.413831
100.000000
96.289670
99.550593
97.200164
98.601690
96.961991
100.000000
96.453414
99.419530
97.044957
98.771197
97.405719
100.000000
97.503839
100.000000
97.407850
98.348857
96.822434
100.000000
96.489971
99.721166
97.289069
98.992214
97.987844
99.765872
99.712827
97.601426
99.004160
98.849687
96.997537
99.854097
97.115967
99.425700
97.210393
98.166358
96.697950
100.000000
97.020852
100.000000
96.841834
100.000000
97.400662
100.000000
96.378909
100.000000
96.572204
97.291530
97.390708
100.000000
96.668028
100.000000
96.757292
97.071261
95.521193
99.748777
97.103561
99.398383
96.721529
99.894149
95.811198
99.540740
96.687923
99.534684
99.079279
99.177349
96.301163
99.878547
97.416533
100.000000
98.702078
98.718776
96.362715
99.920444
96.732344
100.000000
97.193341
98.425517
96.878103
100.000000
96.992243
99.666262
97.490568
98.512794
97.285743
100.000000
100.000000
97.370240
99.002675
99.819660
96.981645
99.787615
96.385399
99.888528
97.713232
98.920295
96.711982
100.000000
96.963435
99.313551
97.063595
99.001625
97.692871
99.475661
95.700366
99.991500
97.839359
97.964724
96.056005
100.000000
97.042417
99.149636
96.457335
100.000000
98.043932
99.731449
95.888015
100.000000
98.202795
98.189501
96.469406
100.000000
96.582324
99.241037
96.906191
97.713499
96.434841
100.000000
96.987678
100.000000
98.437769
99.249647
98.343225
100.000000
96.722326
100.000000
97.884368
100.000000
98.662123
100.000000
97.763732
100.000000
98.815962
99.719668
96.350384
99.999259
99.739093
97.927654
98.612242
98.593723
97.128520
100.000000
98.138871
100.000000
99.200027
100.000000
98.077851
100.000000
98.424260
99.872274
97.243174
99.489307
96.992187
99.969095
96.785130
99.892720
98.193678
100.000000
98.148838
100.000000
98.163316
100.000000
99.770316
99.920294
98.487972
100.000000
98.731728
100.000000
97.925931
99.615892
96.492160
100.000000
97.972956
100.000000
97.180218
98.867568
96.799314
100.000000
96.799511
99.975876
98.718978
99.834912
96.672826
100.000000
96.870758
100.000000
97.394684
99.200355
97.623375
100.000000
97.393687
100.000000
97.103157
99.276289
98.810843
100.000000
100.000000
97.844268
100.000000
100.000000
99.517272
100.000000
97.039947
99.877837
98.836896
100.000000
96.162163
100.000000
96.420138
100.000000
96.562486
98.248528
98.724352
100.000000
99.023699
99.918989
96.900084
100.000000
100.000000
100.000000
96.853439
100.000000
97.570826
99.216001
99.376687
100.000000
96.173437
99.524767
97.684051
100.000000
98.974368
99.650126
95.599279
100.000000
97.844171
99.171442
95.583216
100.000000
99.462769
100.000000
97.904346
97.435290
97.795277
100.000000
97.336349
100.000000
97.429062
99.392204
97.106627
100.000000
96.608329
100.000000
98.909419
97.934867
96.808066
100.000000
100.000000
97.562114
98.380531
100.000000
97.734061
100.000000
97.532378
100.000000
97.455967
98.810687
97.328247
100.000000
96.947445
99.670742
97.745287
99.403615
97.560560
100.000000
97.214079
100.000000
97.834279
99.384326
97.570648
100.000000
97.464599
99.602096
97.454892
99.371226
97.436124
100.000000
97.102939
99.719801
97.272531
99.665228
97.183849
100.000000
96.883407
99.717023
97.548375
99.583834
97.091522
100.000000
96.611822
100.000000
98.103776
99.253290
96.838027
100.000000
97.552583
100.000000
98.714115
99.723390
97.421286
100.000000
97.278720
100.000000
98.010644
98.950527
97.489657
100.000000
100.000000
98.174835
99.449695
98.986532
97.118710
100.000000
97.171846
100.000000
97.758764
97.953830
95.928157
100.000000
96.418836
99.520957
97.368136
99.940142
97.061625
100.000000
97.597989
100.000000
98.830604
100.000000
96.736674
100.000000
96.125676
100.000000
99.976105
100.000000
95.459034
99.552872
96.738507
100.000000
99.348580
98.922674
95.947218
100.000000
96.383713
99.259578
96.068991
100.000000
99.791146
100.000000
97.394497
100.000000
97.264370
100.000000
98.907494
100.000000
96.384603
99.472589
98.652242
100.000000
97.780869
100.000000
98.395018
99.601106
96.979394
97.404163
97.245054
100.000000
100.000000
98.776153
100.000000
98.884050
98.249117
100.000000
95.835410
99.573619
97.809748
99.905159
98.402815
100.000000
97.603613
100.000000
99.209450
99.712129
97.831212
100.000000
96.860158
100.000000
98.502662
98.239844
97.274164
100.000000
96.781759
100.000000
99.327172
100.000000
98.541194
100.000000
98.646020
100.000000
98.889581
99.404988
97.810283
100.000000
97.810852
99.677718
97.552015
99.531443
98.143588
100.000000
96.918281
100.000000
98.498088
99.285772
97.202347
100.000000
98.059212
100.000000
97.951755
97.573724
97.606689
100.000000
98.628631
100.000000
97.510790
96.793946
96.058989
100.000000
100.000000
97.259564
98.124044
98.871928
96.611915
100.000000
96.826302
99.812679
97.948998
99.305246
96.895255
99.822560
97.327170
99.965853
97.651424
99.386733
96.882612
100.000000
96.784271
99.582352
98.079498
100.000000
96.615222
99.893745
96.789995
100.000000
98.297104
100.000000
98.703969
100.000000
97.119901
100.000000
99.947680
99.932877
97.908109
100.000000
97.929217
100.000000
99.022581
99.315527
96.579658
100.000000
96.884227
99.571320
98.148854
99.547857
96.885685
100.000000
98.847512
100.000000
99.715240
100.000000
97.297832
100.000000
98.676545
100.000000
97.539965
98.453812
97.574534
100.000000
100.000000
97.371671
99.277865
100.000000
96.642995
99.993227
97.212431
100.000000
97.396548
99.712166
96.897100
99.806992
96.188085
100.000000
97.281567
99.110414
96.379145
100.000000
96.440375
99.728242
96.988748
98.703772
96.928438
100.000000
96.427561
99.844168
97.742766
100.000000
96.880919
99.810795
96.146100
100.000000
98.504711
99.113312
96.741126
99.767798
96.127268
100.000000
97.779784
98.729408
96.736943
99.842047
96.248946
99.760736
97.203514
98.653376
98.042158
100.000000
96.680147
99.947403
97.726904
99.416802
97.186748
100.000000
96.852488
100.000000
97.820943
98.155403
96.604502
100.000000
100.000000
97.783073
98.420356
98.614098
97.393457
100.000000
96.907972
100.000000
96.978225
98.382283
97.245136
99.943680
96.122575
99.974894
97.539150
98.715264
96.353527
100.000000
97.313105
100.000000
98.864766
99.318064
99.674469
100.000000
100.000000
100.000000
100.000000
100.000000
100.000000
100.000000
100.000000
100.000000
100.000000
100.000000
100.000000
100.000000
100.000000
100.000000
100.000000
100.000000
100.000000
100.000000
100.000000
100.000000
100.000000
100.000000
100.000000
100.000000
100.000000
100.000000
100.000000
100.000000
100.000000
100.000000
100.000000
100.000000
100.000000
100.000000
100.000000
100.000000
100.000000
100.000000
100.000000
100.000000
100.000000
100.000000
100.000000
100.000000
100.000000
100.000000
100.000000
100.000000
100.000000
100.000000
100.000000
100.000000
100.000000
100.000000
100.000000
100.000000
100.000000
100.000000
100.000000
100.000000
100.000000
100.000000
100.000000
100.000000
100.000000
100.000000
100.000000
100.000000
100.000000
100.000000
100.000000
100.000000
100.000000
100.000000
100.000000
100.000000
100.000000
100.000000
100.000000
100.000000
100.000000
100.000000
100.000000
100.000000
100.000000
100.000000
100.000000
100.000000
100.000000
100.000000
100.000000
100.000000
100.000000
100.000000
100.000000
100.000000
100.000000
100.000000
100.000000
100.000000
100.000000
100.000000
100.000000
100.000000
100.000000
100.000000
100.000000
100.000000
100.000000
100.000000
100.000000
100.000000
100.000000
100.000000
100.000000
100.000000
100.000000
100.000000
100.000000
100.000000
100.000000
100.000000
100.000000
100.000000
100.000000
100.000000
100.000000
100.000000
100.000000
100.000000
100.000000
100.000000
100.000000
100.000000
100.000000
100.000000
100.000000
100.000000
100.000000
100.000000
100.000000
100.000000
100.000000
100.000000
100.000000
100.000000
100.000000
100.000000
100.000000
100.000000
100.000000
100.000000
100.000000
100.000000
100.000000
100.000000
100.000000
100.000000
100.000000
100.000000
100.000000
100.000000
100.000000
100.000000
100.000000
100.000000
100.000000
100.000000
100.000000
100.000000
100.000000
100.000000
100.000000
100.000000
100.000000
100.000000
100.000000
100.000000
100.000000
100.000000
100.000000
100.000000
100.000000
100.000000
100.000000
100.000000
100.000000
100.000000
100.000000
100.000000
100.000000
100.000000
100.000000
100.000000
100.000000
100.000000
100.000000
100.000000
100.000000
100.000000
100.000000
100.000000
100.000000
100.000000
100.000000
100.000000
100.000000
100.000000
100.000000
100.000000
100.000000
100.000000
100.000000
100.000000
100.000000
100.000000
100.000000
100.000000
100.000000
100.000000
100.000000
100.000000
100.000000
100.000000
100.000000
100.000000
100.000000
100.000000
100.000000
100.000000
100.000000
100.000000
100.000000
100.000000
100.000000
100.000000
100.000000
100.000000
100.000000
100.000000
100.000000
100.000000
100.000000
100.000000
100.000000
100.000000
100.000000
100.000000
100.000000
100.000000
100.000000
100.000000
100.000000
100.000000
100.000000
100.000000
100.000000
100.000000
100.000000
100.000000
100.000000
100.000000
100.000000
100.000000
100.000000
100.000000
100.000000
100.000000
100.000000
100.000000
100.000000
100.000000
100.000000
100.000000
100.000000
100.000000
100.000000
100.000000
100.000000
100.000000
100.000000
100.000000
100.000000
100.000000
100.000000
100.000000
100.000000
100.000000
100.000000
100.000000
100.000000
100.000000
100.000000
100.000000
100.000000
100.000000
100.000000
100.000000
100.000000
100.000000
100.000000
100.000000
100.000000
100.000000
100.000000
100.000000
100.000000
100.000000
100.000000
100.000000
100.000000
100.000000
99.872140
100.000000
99.932725
99.186590
100.000000
100.000000
100.000000
100.000000
99.888487
99.625132
100.000000
100.000000
100.000000
100.000000
100.000000
99.903076
100.000000
100.000000
100.000000
100.000000
100.000000
100.000000
100.000000
100.000000
100.000000
100.000000
100.000000
100.000000
100.000000
100.000000
100.000000
100.000000
100.000000
100.000000
100.000000
100.000000
100.000000
100.000000
100.000000
100.000000
100.000000
100.000000
100.000000
100.000000
100.000000
100.000000
100.000000
100.000000
100.000000
100.000000
100.000000
100.000000
100.000000
100.000000
100.000000
100.000000
100.000000
100.000000
100.000000
100.000000
100.000000
100.000000
100.000000
100.000000
100.000000
100.000000
100.000000
100.000000
100.000000
100.000000
100.000000
100.000000
100.000000
100.000000
100.000000
100.000000
100.000000
100.000000
100.000000
100.000000
100.000000
100.000000
100.000000
100.000000
100.000000
100.000000
100.000000
100.000000
100.000000
100.000000
100.000000
100.000000
100.000000
99.703684
99.973990
100.000000
100.000000
100.000000
100.000000
99.672736
100.000000
100.000000
99.930594
100.000000
100.000000
99.609694
99.906421
100.000000
99.950569
100.000000
100.000000
99.484817
99.939629
100.000000
100.000000
100.000000
100.000000
99.830978
100.000000
100.000000
100.000000
100.000000
100.000000
99.955985
100.000000
100.000000
100.000000
100.000000
100.000000
100.000000
100.000000
100.000000
100.000000
100.000000
100.000000
99.912033
100.000000
100.000000
100.000000
100.000000
100.000000
99.725254
100.000000
100.000000
100.000000
100.000000
100.000000
100.000000
100.000000
100.000000
100.000000
100.000000
100.000000
100.000000
100.000000
100.000000
100.000000
100.000000
100.000000
100.000000
100.000000
100.000000
100.000000
100.000000
100.000000
100.000000
100.000000
100.000000
100.000000
100.000000
100.000000
100.000000
100.000000
100.000000
100.000000
100.000000
100.000000
100.000000
100.000000
100.000000
100.000000
100.000000
100.000000
100.000000
99.988413
100.000000
100.000000
100.000000
100.000000
100.000000
100.000000
100.000000
100.000000
100.000000
100.000000
100.000000
99.926039
100.000000
100.000000
100.000000
100.000000
99.966427
100.000000
100.000000
100.000000
100.000000
100.000000
100.000000
100.000000
100.000000
100.000000
100.000000
100.000000
99.998007
99.516419
100.000000
99.956362
100.000000
100.000000
99.927615
98.699193
100.000000
98.329634
100.000000
99.452737
100.000000
97.773073
100.000000
97.404758
100.000000
98.038657
98.633960
97.323877
100.000000
96.936200
99.578150
97.858712
99.671270
97.382058
99.890216
97.725806
99.982843
98.737764
100.000000
97.649966
100.000000
98.530607
100.000000
98.466939
99.914173
97.666888
100.000000
97.485491
100.000000
98.391345
100.000000
99.540431
100.000000
97.640596
100.000000
100.000000
99.284733
98.672542
100.000000
100.000000
99.022239
99.957737
99.789349
97.187124
100.000000
98.585712
100.000000
98.351720
99.565611
99.895495
100.000000
98.330383
100.000000
99.621973
100.000000
99.870564
100.000000
98.191938
100.000000
99.325307
99.538971
98.355892
100.000000
100.000000
100.000000
98.837641
100.000000
99.059746
100.000000
99.866657
100.000000
99.118246
99.523232
98.111595
100.000000
99.166212
100.000000
98.955546
100.000000
98.212844
100.000000
98.044992
100.000000
99.113408
100.000000
98.885419
100.000000
98.821426
100.000000
99.144385
100.000000
99.284328
100.000000
99.071898
100.000000
99.286611
100.000000
98.114018
100.000000
100.000000
99.228300
99.636200
99.221883
99.911087
100.000000
98.273976
100.000000
98.396647
100.000000
99.568710
100.000000
97.931377
100.000000
98.814869
100.000000
99.790884
100.000000
97.951137
99.967387
99.781142
100.000000
98.572226
100.000000
99.185562
100.000000
99.615351
99.999724
98.822022
100.000000
98.125090
100.000000
98.855036
100.000000
99.841201
100.000000
98.463970
100.000000
99.132826
99.890343
98.400021
100.000000
98.276437
99.683356
98.533186
99.873827
97.794537
100.000000
97.847939
99.605641
98.279320
99.028724
98.646164
100.000000
98.129017
99.806801
98.413563
99.759363
98.657079
100.000000
100.000000
98.257964
99.284371
99.383534
98.099190
99.978403
97.467828
100.000000
99.948204
98.441597
97.202086
100.000000
99.480278
100.000000
99.056695
99.779567
98.287464
99.898955
97.510595
99.610989
98.802675
99.516718
98.114409
100.000000
97.977012
99.683165
98.652960
99.971956
99.456133
100.000000
98.761589
100.000000
99.472012
99.325688
98.589903
100.000000
99.143180
100.000000
98.595398
99.114228
99.313616
100.000000
97.833404
99.626359
97.790953
99.021036
98.654166
100.000000
97.998602
99.945314
98.350378
99.894878
98.936951
100.000000
98.167375
100.000000
98.606535
99.733415
98.528475
100.000000
100.000000
98.840416
99.068849
99.433653
98.274669
100.000000
98.050960
99.950020
98.428588
99.135670
97.989297
100.000000
97.579852
99.720599
98.255409
99.260596
97.837779
100.000000
97.505411
100.000000
98.628475
99.412826
97.711311
100.000000
98.472820
99.945951
98.431603
99.288514
97.751201
100.000000
98.142750
99.447095
97.784342
98.545306
97.388807
100.000000
97.105947
99.616254
98.563734
99.308353
97.993721
100.000000
98.177647
100.000000
98.466990
99.182974
98.458126
100.000000
98.814639
100.000000
98.936369
99.488074
97.747279
99.735067
97.137660
99.117782
97.578094
98.168570
97.331898
99.427915
99.493577
97.989160
98.064526
97.999750
97.072948
98.459002
96.341601
98.876236
96.754254
97.561309
96.659694
98.475979
96.778063
98.291064
96.675506
98.972913
96.425958
98.771591
96.613531
98.470818
97.616637
97.960173
96.694075
98.809897
96.740847
98.498394
97.160217
97.677255
96.397374
99.069796
96.935708
98.411002
97.023722
98.254874
96.485113
99.535570
97.299281
98.747592
97.638167
99.800615
98.449218
98.555126
96.048171
98.452257
97.863577
99.806136
95.962521
98.579361
96.321657
98.547891
97.485386
98.108270
96.525095
99.070912
96.409231
98.243651
97.139148
97.348838
96.280504
98.554543
98.609936
97.458808
97.426763
97.935800
96.789709
98.632658
97.162754
99.369833
97.420475
97.753626
96.540387
99.646592
97.679002
99.054808
97.825173
98.616259
97.356950
100.000000
97.918791
99.068159
97.937392
98.703256
97.571680
99.806485
97.439553
99.381716
97.377833
98.019446
96.931235
99.227811
96.868233
98.452946
97.053698
98.069270
96.749068
99.127846
96.885504
98.749132
97.227306
97.894476
96.835248
99.146179
96.917479
98.775618
97.312314
98.176178
96.906722
98.973034
96.416490
98.806445
97.492515
98.173843
96.861933
99.277691
96.679079
98.843018
97.623948
97.936229
97.019818
99.188145
98.925273
97.072241
98.357140
99.880055
98.796070
100.000000
98.431872
100.000000
100.000000
100.000000
98.755317
100.000000
100.000000
100.000000
97.214330
97.702428
98.444724
100.000000
97.220266
99.124976
97.579313
98.866751
97.159133
100.000000
97.154861
99.488235
97.135358
98.812861
97.657803
100.000000
96.772515
98.927756
97.734848
98.471671
97.500856
100.000000
96.884604
99.294071
98.343152
99.628723
97.644852
99.559232
97.007669
99.346345
98.189606
99.480569
97.284050
99.537767
97.790064
99.572439
98.200203
98.886023
97.124696
100.000000
97.747650
99.726489
98.057975
99.470682
98.831438
100.000000
100.000000
99.207633
98.755439
98.636315
99.614144
100.000000
98.579901
100.000000
99.575163
99.862687
98.385613
100.000000
99.197282
100.000000
99.337613
100.000000
98.621068
100.000000
100.000000
100.000000
100.000000
100.000000
99.432117
100.000000
99.843693
100.000000
99.741125
100.000000
99.345357
100.000000
99.016532
100.000000
99.770048
100.000000
99.431097
100.000000
99.206546
100.000000
99.914629
100.000000
100.000000
100.000000
100.000000
100.000000
100.000000
100.000000
100.000000
100.000000
100.000000
100.000000
100.000000
100.000000
100.000000
100.000000
100.000000
100.000000
100.000000
100.000000
100.000000
100.000000
100.000000
100.000000
100.000000
100.000000
100.000000
100.000000
100.000000
100.000000
100.000000
100.000000
100.000000
100.000000
100.000000
100.000000
100.000000
100.000000
100.000000
100.000000
100.000000
100.000000
100.000000
100.000000
100.000000
100.000000
99.955051
100.000000
100.000000
100.000000
100.000000
100.000000
100.000000
100.000000
100.000000
100.000000
100.000000
100.000000
99.656700
100.000000
100.000000
100.000000
100.000000
100.000000
99.658910
100.000000
100.000000
100.000000
99.657326
100.000000
98.988347
100.000000
100.000000
100.000000
99.553465
100.000000
99.386473
100.000000
99.598245
98.709071
100.000000
100.000000
100.000000
100.000000
100.000000
100.000000
100.000000
100.000000
100.000000
100.000000
100.000000
100.000000
100.000000
100.000000
100.000000
100.000000
100.000000
100.000000
99.138965
100.000000
100.000000
100.000000
99.552595
100.000000
99.626869
100.000000
99.682898
100.000000
99.874988
100.000000
100.000000
100.000000
99.145686
100.000000
100.000000
100.000000
99.258649
100.000000
99.136839
100.000000
100.000000
100.000000
99.577866
100.000000
99.542082
100.000000
100.000000
100.000000
98.701753
100.000000
99.746073
100.000000
100.000000
100.000000
99.870219
100.000000
100.000000
100.000000
100.000000
99.419816
100.000000
100.000000
100.000000
100.000000
100.000000
100.000000
99.564339
100.000000
99.647660
100.000000
100.000000
100.000000
98.979010
100.000000
100.000000
100.000000
100.000000
100.000000
99.745396
100.000000
100.000000
100.000000
99.963878
100.000000
100.000000
100.000000
99.320129
100.000000
100.000000
100.000000
99.885747
100.000000
99.631402
100.000000
99.790837
100.000000
99.510205
100.000000
99.265316
100.000000
100.000000
100.000000
99.865950
100.000000
98.538189
100.000000
100.000000
98.190149
97.605356
100.000000
99.221320
100.000000
99.753054
100.000000
99.466034
100.000000
99.383987
100.000000
100.000000
99.780988
98.704373
100.000000
100.000000
99.089358
99.360536
100.000000
98.786519
100.000000
97.841063
100.000000
99.822014
100.000000
97.425310
100.000000
98.235532
100.000000
98.673008
100.000000
97.274902
100.000000
97.428769
100.000000
99.014986
99.521164
98.437646
100.000000
97.697008
100.000000
98.404135
100.000000
99.419181
100.000000
97.261353
99.953206
99.092915
99.774528
97.851444
100.000000
97.378841
100.000000
99.442394
100.000000
97.550416
100.000000
98.358249
100.000000
97.641984
99.767970
98.480168
100.000000
97.671345
100.000000
98.364357
100.000000
97.915888
100.000000
97.732930
100.000000
98.497120
99.471059
97.737914
100.000000
100.000000
97.976879
100.000000
99.547287
97.559607
100.000000
98.019192
100.000000
98.449532
99.214292
97.058981
100.000000
97.602222
99.910217
97.968230
99.360579
97.326715
100.000000
97.603261
99.852772
97.573695
100.000000
96.987822
100.000000
97.866303
99.706017
97.650910
100.000000
97.051660
100.000000
97.375098
99.687046
97.949453
99.765142
98.384386
100.000000
98.157989
100.000000
99.084135
100.000000
97.945285
100.000000
98.230423
100.000000
98.540741
98.656265
97.171557
100.000000
97.734408
100.000000
99.195301
100.000000
97.196447
100.000000
98.101538
100.000000
99.224151
99.285182
97.919948
100.000000
100.000000
99.015239
99.411009
99.963535
98.002100
100.000000
96.788182
100.000000
98.381098
100.000000
97.338170
100.000000
98.563589
100.000000
98.602382
100.000000
97.146035
100.000000
97.783889
100.000000
99.275936
100.000000
97.678438
100.000000
98.293785
100.000000
98.759465
100.000000
98.369298
100.000000
98.231590
100.000000
99.847501
100.000000
97.957663
100.000000
98.516654
100.000000
98.781823
100.000000
98.303110
100.000000
97.865474
100.000000
98.940433
100.000000
98.330228
100.000000
98.142590
100.000000
98.481573
99.648723
98.267721
100.000000
98.442504
100.000000
98.960507
100.000000
98.287898
100.000000
100.000000
98.601836
98.713761
100.000000
98.322963
100.000000
98.305574
100.000000
99.593574
99.887100
98.381359
100.000000
98.274160
100.000000
99.001038
100.000000
99.054600
100.000000
98.852694
100.000000
99.197943
100.000000
98.849972
100.000000
98.729090
100.000000
99.217922
100.000000
98.342648
100.000000
97.718514
100.000000
99.249341
100.000000
96.615544
100.000000
100.000000
100.000000
100.000000
97.772889
99.454961
100.000000
99.414737
100.000000
97.671480
95.207050
100.000000
100.000000
100.000000
100.000000
99.429924
99.422817
99.571690
100.000000
99.303664
100.000000
99.303241
99.228101
99.420966
100.000000
100.000000
100.000000
98.123728
99.038555
97.901753
100.000000
98.933127
100.000000
98.781333
100.000000
97.455261
100.000000
97.799941
100.000000
100.000000
100.000000
98.370484
100.000000
98.333277
100.000000
99.711805
98.900338
97.658800
100.000000
98.662142
100.000000
98.758846
100.000000
99.834612
100.000000
98.415004
100.000000
98.554398
99.678557
98.848425
100.000000
99.387782
100.000000
98.617560
99.090229
99.439482
100.000000
97.913156
100.000000
100.000000
99.978890
98.967678
100.000000
98.674482
100.000000
100.000000
99.337112
98.328064
100.000000
98.543948
100.000000
98.819480
99.929894
99.201224
100.000000
100.000000
99.402224
98.630861
100.000000
98.716500
100.000000
98.539391
100.000000
98.000092
98.307894
98.094873
100.000000
98.108494
100.000000
98.270484
99.418267
98.001063
100.000000
99.055221
100.000000
99.231525
99.510534
98.005700
100.000000
98.760314
100.000000
98.493339
99.608165
98.358342
100.000000
100.000000
100.000000
98.725850
99.177946
97.959221
100.000000
100.000000
100.000000
98.930047
99.708313
99.690279
100.000000
98.606901
100.000000
99.968296
100.000000
99.208132
100.000000
98.720837
100.000000
99.717916
99.936689
99.503791
100.000000
98.221288
100.000000
98.988650
100.000000
99.335431
100.000000
100.000000
99.233581
100.000000
100.000000
98.290711
100.000000
98.078283
100.000000
99.685994
100.000000
97.711037
100.000000
98.347781
100.000000
98.899952
99.250316
97.792970
100.000000
98.178454
100.000000
98.678088
100.000000
98.694414
100.000000
98.405787
100.000000
98.579186
100.000000
99.129531
100.000000
98.906562
100.000000
99.764379
100.000000
98.613318
100.000000
99.031159
100.000000
99.560277
100.000000
98.597257
100.000000
98.701030
100.000000
99.556991
100.000000
99.039216
100.000000
99.602729
100.000000
99.948594
100.000000
99.730626
100.000000
99.624189
100.000000
100.000000
100.000000
100.000000
100.000000
100.000000
100.000000
100.000000
100.000000
100.000000
100.000000
100.000000
100.000000
99.912635
100.000000
99.521180
100.000000
98.896941
100.000000
99.612434
100.000000
98.927883
100.000000
98.808398
100.000000
99.568603
100.000000
98.879529
100.000000
98.833480
100.000000
99.051498
100.000000
98.269177
100.000000
98.621966
100.000000
99.069047
100.000000
98.436160
100.000000
97.260508
100.000000
97.871142
99.196586
98.490054
100.000000
97.303153
100.000000
98.378333
100.000000
96.964256
100.000000
97.544664
100.000000
98.237129
99.838768
97.841558
100.000000
98.870353
100.000000
98.237964
99.133342
98.037103
100.000000
100.000000
98.393615
98.885813
98.942916
97.704146
100.000000
97.443926
100.000000
98.135424
100.000000
97.635979
100.000000
97.213458
100.000000
98.308499
99.649652
97.647413
100.000000
96.896568
99.586630
97.382096
99.891528
97.357044
100.000000
97.144748
100.000000
99.095561
99.810901
98.003143
100.000000
96.874866
99.990076
98.056227
99.065279
96.432937
99.869201
96.777958
99.464678
97.643935
99.732929
97.902320
100.000000
96.717895
99.673233
97.720088
100.000000
96.220451
100.000000
97.306017
100.000000
97.245121
99.400420
96.924194
100.000000
96.827118
100.000000
97.564337
98.890754
96.894289
100.000000
100.000000
98.771141
99.066744
97.442872
96.940797
100.000000
96.949277
99.355855
96.615391
100.000000
97.478618
100.000000
97.112718
99.444438
97.224236
99.730369
97.776330
100.000000
98.186577
100.000000
100.000000
100.000000
100.000000
100.000000
100.000000
100.000000
100.000000
100.000000
100.000000
100.000000
100.000000
100.000000
100.000000
100.000000
100.000000
100.000000
100.000000
100.000000
100.000000
100.000000
100.000000
100.000000
100.000000
100.000000
100.000000
100.000000
100.000000
100.000000
100.000000
100.000000
100.000000
100.000000
100.000000
100.000000
100.000000
100.000000
100.000000
100.000000
100.000000
100.000000
100.000000
100.000000
100.000000
100.000000
100.000000
100.000000
100.000000
100.000000
100.000000
100.000000
100.000000
100.000000
100.000000
100.000000
100.000000
100.000000
100.000000
100.000000
100.000000
100.000000
100.000000
100.000000
100.000000
100.000000
100.000000
100.000000
100.000000
100.000000
100.000000
100.000000
100.000000
100.000000
100.000000
100.000000
100.000000
100.000000
100.000000
100.000000
100.000000
100.000000
100.000000
100.000000
100.000000
100.000000
100.000000
100.000000
100.000000
100.000000
100.000000
100.000000
100.000000
100.000000
100.000000
100.000000
100.000000
100.000000
100.000000
100.000000
100.000000
100.000000
100.000000
100.000000
100.000000
100.000000
100.000000
100.000000
100.000000
100.000000
100.000000
100.000000
100.000000
100.000000
100.000000
100.000000
100.000000
100.000000
100.000000
100.000000
100.000000
100.000000
100.000000
100.000000
100.000000
100.000000
100.000000
100.000000
100.000000
100.000000
100.000000
100.000000
100.000000
100.000000
100.000000
100.000000
100.000000
100.000000
100.000000
100.000000
100.000000
100.000000
100.000000
100.000000
100.000000
100.000000
100.000000
100.000000
100.000000
100.000000
100.000000
100.000000
100.000000
100.000000
100.000000
100.000000
100.000000
100.000000
100.000000
100.000000
100.000000
100.000000
100.000000
100.000000
100.000000
100.000000
100.000000
100.000000
100.000000
100.000000
100.000000
100.000000
100.000000
100.000000
100.000000
100.000000
100.000000
100.000000
100.000000
100.000000
100.000000
100.000000
100.000000
100.000000
100.000000
100.000000
100.000000
100.000000
100.000000
100.000000
100.000000
100.000000
100.000000
100.000000
100.000000
100.000000
100.000000
100.000000
100.000000
100.000000
100.000000
100.000000
100.000000
100.000000
100.000000
100.000000
100.000000
100.000000
100.000000
100.000000
100.000000
100.000000
100.000000
100.000000
100.000000
100.000000
100.000000
100.000000
100.000000
100.000000
100.000000
100.000000
100.000000
100.000000
100.000000
100.000000
100.000000
100.000000
100.000000
100.000000
100.000000
100.000000
100.000000
100.000000
100.000000
100.000000
100.000000
100.000000
100.000000
100.000000
100.000000
100.000000
100.000000
100.000000
100.000000
100.000000
100.000000
100.000000
100.000000
100.000000
100.000000
100.000000
100.000000
100.000000
100.000000
100.000000
100.000000
100.000000
100.000000
100.000000
100.000000
100.000000
100.000000
100.000000
100.000000
100.000000
100.000000
100.000000
100.000000
100.000000
100.000000
100.000000
100.000000
100.000000
100.000000
100.000000
100.000000
100.000000
100.000000
100.000000
100.000000
100.000000
100.000000
100.000000
100.000000
100.000000
100.000000
100.000000
100.000000
100.000000
100.000000
100.000000
100.000000
100.000000
100.000000
100.000000
100.000000
100.000000
100.000000
100.000000
100.000000
100.000000
100.000000
100.000000
100.000000
100.000000
100.000000
100.000000
100.000000
100.000000
100.000000
100.000000
100.000000
100.000000
100.000000
100.000000
100.000000
100.000000
100.000000
100.000000
100.000000
100.000000
99.983626
100.000000
100.000000
100.000000
100.000000
99.803792
100.000000
100.000000
100.000000
100.000000
100.000000
100.000000
100.000000
100.000000
100.000000
100.000000
100.000000
100.000000
100.000000
100.000000
100.000000
100.000000
98.814073
100.000000
100.000000
100.000000
100.000000
100.000000
100.000000
100.000000
100.000000
100.000000
100.000000
100.000000
100.000000
100.000000
100.000000
100.000000
100.000000
100.000000
100.000000
100.000000
100.000000
100.000000
100.000000
100.000000
100.000000
100.000000
100.000000
100.000000
100.000000
100.000000
100.000000
100.000000
100.000000
100.000000
100.000000
100.000000
100.000000
100.000000
100.000000
100.000000
100.000000
100.000000
100.000000
100.000000
100.000000
100.000000
100.000000
100.000000
100.000000
100.000000
100.000000
100.000000
100.000000
100.000000
100.000000
100.000000
100.000000
100.000000
100.000000
100.000000
100.000000
100.000000
100.000000
100.000000
100.000000
100.000000
100.000000
100.000000
100.000000
100.000000
100.000000
100.000000
100.000000
100.000000
100.000000
100.000000
100.000000
100.000000
100.000000
100.000000
100.000000
100.000000
100.000000
100.000000
100.000000
100.000000
100.000000
100.000000
100.000000
100.000000
100.000000
100.000000
100.000000
100.000000
100.000000
100.000000
100.000000
100.000000
100.000000
100.000000
100.000000
100.000000
100.000000
100.000000
100.000000
100.000000
100.000000
100.000000
100.000000
99.538916
100.000000
100.000000
100.000000
100.000000
100.000000
100.000000
100.000000
100.000000
100.000000
100.000000
100.000000
100.000000
100.000000
100.000000
100.000000
100.000000
100.000000
100.000000
100.000000
100.000000
100.000000
100.000000
100.000000
100.000000
100.000000
100.000000
100.000000
100.000000
100.000000
100.000000
100.000000
100.000000
100.000000
100.000000
100.000000
100.000000
100.000000
100.000000
100.000000
100.000000
100.000000
100.000000
100.000000
100.000000
100.000000
100.000000
100.000000
100.000000
100.000000
100.000000
100.000000
100.000000
100.000000
100.000000
100.000000
100.000000
100.000000
100.000000
100.000000
100.000000
100.000000
100.000000
100.000000
100.000000
100.000000
100.000000
100.000000
100.000000
100.000000
100.000000
100.000000
100.000000
100.000000
100.000000
100.000000
100.000000
100.000000
100.000000
100.000000
100.000000
100.000000
100.000000
100.000000
100.000000
100.000000
100.000000
100.000000
100.000000
100.000000
100.000000
100.000000
100.000000
100.000000
100.000000
100.000000
100.000000
100.000000
100.000000
100.000000
100.000000
100.000000
100.000000
100.000000
100.000000
100.000000
100.000000
100.000000
100.000000
100.000000
100.000000
100.000000
100.000000
100.000000
100.000000
100.000000
100.000000
100.000000
100.000000
100.000000
100.000000
100.000000
100.000000
100.000000
100.000000
100.000000
100.000000
100.000000
100.000000
100.000000
100.000000
100.000000
100.000000
100.000000
100.000000
100.000000
100.000000
100.000000
100.000000
100.000000
100.000000
100.000000
100.000000
100.000000
100.000000
100.000000
100.000000
100.000000
100.000000
100.000000
100.000000
100.000000
100.000000
100.000000
100.000000
100.000000
100.000000
100.000000
100.000000
100.000000
100.000000
100.000000
100.000000
100.000000
100.000000
100.000000
100.000000
100.000000
100.000000
100.000000
100.000000
100.000000
100.000000
100.000000
100.000000
100.000000
100.000000
100.000000
100.000000
100.000000
100.000000
100.000000
100.000000
100.000000
100.000000
100.000000
100.000000
100.000000
100.000000
100.000000
100.000000
100.000000
100.000000
100.000000
100.000000
100.000000
100.000000
100.000000
100.000000
100.000000
100.000000
100.000000
100.000000
100.000000
100.000000
100.000000
100.000000
100.000000
100.000000
100.000000
99.905131
100.000000
100.000000
100.000000
100.000000
100.000000
100.000000
100.000000
100.000000
100.000000
100.000000
100.000000
100.000000
100.000000
100.000000
100.000000
100.000000
100.000000
100.000000
100.000000
100.000000
100.000000
100.000000
100.000000
100.000000
100.000000
100.000000
100.000000
100.000000
100.000000
100.000000
100.000000
100.000000
100.000000
100.000000
100.000000
100.000000
100.000000
100.000000
100.000000
100.000000
100.000000
100.000000
100.000000
100.000000
100.000000
100.000000
100.000000
100.000000
100.000000
100.000000
100.000000
100.000000
100.000000
100.000000
100.000000
100.000000
100.000000
100.000000
100.000000
100.000000
100.000000
100.000000
100.000000
100.000000
100.000000
100.000000
100.000000
100.000000
100.000000
100.000000
100.000000
100.000000
100.000000
100.000000
100.000000
100.000000
100.000000
100.000000
100.000000
100.000000
100.000000
100.000000
100.000000
100.000000
100.000000
100.000000
100.000000
100.000000
100.000000
100.000000
100.000000
100.000000
100.000000
100.000000
100.000000
100.000000
100.000000
100.000000
100.000000
100.000000
100.000000
100.000000
100.000000
100.000000
100.000000
100.000000
100.000000
100.000000
100.000000
100.000000
100.000000
100.000000
100.000000
100.000000
100.000000
100.000000
100.000000
100.000000
100.000000
100.000000
100.000000
100.000000
100.000000
100.000000
100.000000
100.000000
100.000000
100.000000
100.000000
100.000000
100.000000
100.000000
100.000000
100.000000
100.000000
100.000000
100.000000
100.000000
100.000000
100.000000
100.000000
100.000000
100.000000
100.000000
100.000000
100.000000
100.000000
100.000000
100.000000
100.000000
100.000000
100.000000
100.000000
100.000000
100.000000
100.000000
100.000000
100.000000
100.000000
100.000000
100.000000
