93.132882
92.738042
94.830048
92.305740
94.631203
92.826604
93.815508
92.309591
94.827237
92.179490
94.653409
92.688581
93.906886
92.261986
94.803381
92.351414
94.563542
92.657861
93.880138
92.034006
95.178009
92.404346
94.501652
92.607503
94.061397
92.388055
95.170850
92.256407
94.482889
92.586643
93.873246
92.308024
95.097818
92.219768
94.532565
92.465421
94.218910
92.226048
95.065690
92.115456
94.311337
92.732141
94.048735
92.050647
94.842884
92.037372
94.496894
92.610918
93.813135
92.149795
94.725174
91.818147
94.315050
92.340106
93.259308
91.970531
94.558570
93.878727
92.144744
93.228831
94.777075
92.347710
94.932046
92.254354
94.466471
92.557753
94.053649
91.862475
94.448455
91.908840
93.996803
92.054510
93.744774
91.429865
94.312314
91.514348
94.043359
92.252073
93.925876
91.764985
94.668731
91.542540
93.986597
92.131938
93.690396
91.691583
94.646062
91.659582
94.043819
92.162205
93.919750
91.786859
94.672197
92.026561
93.937707
92.404176
93.814991
91.844559
94.655183
91.831169
93.810140
92.394318
93.821281
91.716867
94.673019
91.823290
93.827776
92.354515
93.753168
91.888298
94.771308
91.798414
94.419174
92.236288
93.365868
91.551954
94.163436
94.047257
92.210360
93.453204
94.785584
92.311098
94.742861
91.751112
93.777570
92.286804
94.055944
91.723944
94.539183
91.867968
94.260128
92.478932
93.980733
91.950069
93.875869
91.577984
93.650140
92.176429
93.946104
91.911738
94.662125
91.911619
93.839509
92.658314
94.192826
92.107531
94.728529
91.853448
93.923266
92.655963
94.238141
92.344165
94.657827
92.161107
94.063705
92.806307
94.226504
92.440130
94.732828
92.271654
93.972340
92.696065
94.194653
92.484974
94.662472
92.325734
94.477788
92.854794
94.221831
92.545433
94.655470
92.388983
94.506941
92.831088
93.635727
92.489095
94.973334
94.302470
92.759022
93.761693
95.191819
92.930688
95.483432
92.663960
94.496539
93.433609
94.673911
92.636966
95.265391
92.623988
94.487110
93.346719
94.639559
92.736925
94.534038
92.517879
94.299724
93.071175
94.679357
92.484805
94.895172
92.561349
94.109715
93.022037
94.367415
92.789168
94.940438
92.510778
94.112533
92.777257
94.278394
92.487808
94.988467
92.749351
94.373666
92.974231
94.477309
92.555385
95.104581
92.788979
94.477183
92.977166
94.583744
92.862763
95.152640
92.798903
94.931946
93.476580
94.579546
92.891819
95.109509
92.705896
94.230577
93.139602
93.969209
92.555259
94.694668
94.549012
92.770277
94.006778
95.306098
93.135908
95.270383
92.681998
94.927560
93.555783
94.732145
92.769272
95.273495
92.744499
94.142199
93.487993
94.599587
92.670867
94.325530
92.489038
94.158196
92.850799
94.615614
92.703848
94.711517
92.548799
94.082311
93.287165
94.579279
92.762507
94.842372
92.818519
94.265325
93.385739
94.508517
92.809120
94.888539
92.707993
94.248758
93.392664
94.576346
92.905557
95.134402
92.802698
94.340711
93.562820
94.462736
93.050971
95.256594
92.968042
95.018621
93.627361
94.573175
93.178595
95.099602
93.058949
94.961240
93.498536
94.229591
93.109214
94.795062
94.830866
93.624881
94.264368
95.394810
93.375086
95.425821
93.699003
95.203305
93.892889
94.929087
93.223800
95.357119
93.619523
95.133143
93.718215
95.034709
93.097094
95.089861
92.808187
94.314022
93.621569
94.784141
93.017314
95.432126
93.054556
94.784216
93.797962
94.758286
93.021106
95.107363
93.081881
95.126144
93.720046
94.687374
93.120446
95.016518
92.942154
94.895150
93.685405
94.669290
93.220205
95.156860
93.289772
95.178165
93.858214
95.044920
93.656813
95.059492
93.240743
94.634901
94.181618
94.948089
93.620181
95.074934
93.530496
94.901970
93.475538
94.194503
93.173986
94.870913
94.829277
93.677982
94.320701
95.537476
94.090098
95.508210
93.595497
95.121651
93.992342
94.819561
93.587013
95.342998
93.544754
95.360116
94.490902
94.897031
93.279767
94.977891
93.046026
94.830002
94.054543
94.889510
93.471262
95.058683
93.246327
94.875965
93.754326
94.893336
93.589892
95.090973
93.398426
94.873012
93.813323
94.853665
93.513833
95.178416
93.402122
94.872829
93.786190
94.958527
93.534384
95.915399
93.706461
95.178216
93.967611
94.832546
93.351839
95.292694
93.658326
95.072665
93.945340
94.758208
93.443763
95.302829
93.565968
95.071401
93.561760
94.306475
93.424437
95.000184
95.013765
93.705456
94.216053
95.706257
94.228714
95.639196
93.994961
95.368816
94.289080
95.156206
93.848294
95.493894
93.876010
95.314525
94.011553
95.054765
93.572289
95.343870
93.778978
95.302528
94.096927
95.133172
93.877652
95.508136
93.878702
95.281062
94.118204
95.189592
93.876794
95.619528
93.980653
95.327388
94.251370
95.304608
93.834218
95.703738
94.182647
95.561681
94.417814
95.386925
94.044669
95.675570
94.381986
95.634803
94.506616
95.274175
94.040277
95.510654
94.034748
95.365641
94.319155
95.184696
94.065168
95.615939
94.075803
95.477402
94.272234
95.008585
94.006228
95.434881
95.279299
94.206429
94.879790
96.085880
94.544729
95.912243
94.261160
95.641149
94.609049
95.528003
94.250648
95.590117
94.111760
95.257711
94.413600
95.423429
94.346877
95.630727
94.058007
95.474184
94.541728
95.679293
94.378468
95.643306
94.293157
95.428583
94.488631
95.259115
93.933854
96.000259
94.073229
95.452965
94.423959
95.428508
94.082174
96.380605
94.301019
95.491501
94.551606
95.604897
94.058706
96.289128
94.174369
95.542048
94.593748
95.634472
94.021793
96.482647
94.192562
95.418490
94.478302
95.586917
94.234655
96.581146
94.654195
95.787421
94.760555
95.433858
94.680069
95.504462
95.337059
94.395230
95.154882
96.522699
94.789798
96.654309
94.310754
95.454920
95.144017
96.116139
94.517801
95.253520
94.058838
95.735310
94.613630
96.053613
94.910858
96.039979
94.791602
95.894096
94.918857
95.830002
94.447000
96.406327
94.600504
96.363193
95.309869
95.875914
94.412323
96.224657
94.445028
95.611856
95.091142
95.671160
94.460873
96.062104
94.463822
96.002829
95.170199
96.040256
94.481918
95.873984
94.374176
95.780976
94.928947
95.743637
94.322156
96.324867
94.350400
95.536204
95.066710
95.979449
94.381476
96.271008
94.079475
95.325442
94.827794
95.327949
94.230416
95.697449
95.962118
94.634861
95.278662
96.415600
94.611453
96.146327
94.062022
95.863265
94.885130
96.026258
94.423848
95.235371
94.049971
95.632554
94.698347
95.677731
94.491744
95.951692
94.452850
95.891940
94.915823
95.624705
94.392152
95.787143
94.430518
95.701087
94.838278
95.588111
94.404950
96.230874
94.288097
96.061071
95.026399
95.703836
94.448591
96.251450
94.411336
95.378660
95.006573
95.523954
94.226084
96.080695
94.436893
96.017664
95.022005
95.646675
94.413997
96.267717
94.429049
95.390661
94.894370
95.401038
94.193801
96.288769
94.156882
95.244621
94.871649
95.361889
94.497608
96.015364
95.951217
94.437492
95.188988
95.998854
94.481983
95.883368
93.933501
95.507377
94.579757
95.538600
94.189703
95.555999
94.082177
95.350430
94.517340
95.319272
94.185414
95.472949
94.156974
95.183195
94.425062
95.219590
94.337757
95.787525
93.864793
95.387180
94.605660
95.265581
94.362074
95.694430
93.862112
95.420423
94.500371
95.135426
94.068886
95.498148
93.583252
95.222670
94.324925
95.032962
94.015890
95.445815
93.662316
95.008975
94.166627
94.743911
93.834053
95.213482
93.419603
94.940267
94.095456
94.734668
93.242120
95.468580
93.500533
94.725911
94.229961
94.519791
93.896499
95.255977
95.273941
93.965637
94.760475
95.579359
93.706068
95.741201
93.292757
94.732316
94.444555
95.271946
93.845020
95.002285
93.531451
94.930380
94.058140
95.339060
94.259894
95.736323
94.312570
95.467112
94.496161
95.020533
93.717327
95.933563
93.990197
95.100672
94.638379
95.080269
93.835511
95.938011
93.726771
95.069374
94.632745
95.208620
93.616339
95.902398
93.772265
95.009642
94.771959
95.161327
93.867702
96.067863
94.013776
95.262235
94.799452
95.130988
93.874182
95.979951
93.911811
95.080387
94.849440
94.916437
94.155751
95.810453
94.066754
95.150421
94.511182
94.750052
94.172723
95.579709
94.693309
94.380039
94.584482
95.423285
93.891316
95.481921
93.124352
95.135826
94.095243
94.987848
93.565981
94.517756
93.062176
94.175363
93.694041
94.699767
93.624082
95.639222
94.250848
95.325909
94.067202
94.761227
93.706724
95.641451
93.962937
95.500383
94.184633
94.850673
93.202588
95.911164
93.654856
95.845804
94.305341
95.052066
93.716811
95.910580
93.197122
95.736320
94.191337
94.630711
93.201920
95.613571
93.618839
94.561854
93.784792
94.835657
92.888382
95.890982
93.668667
94.719987
94.045102
94.969707
93.532871
95.800678
93.157372
95.697904
94.170351
94.790360
93.664138
95.630833
95.412787
93.993218
94.837753
95.432928
93.495953
96.158057
93.523277
94.926129
94.253031
95.210134
93.153062
96.093518
93.718310
94.605983
93.973547
95.178791
93.070396
95.864620
92.650753
95.661404
93.775541
95.013970
92.820674
95.643686
92.581541
95.491519
93.235657
94.622705
91.928502
95.457469
92.068732
95.210165
93.185675
94.708141
92.491927
95.561350
93.149506
94.361563
93.892104
95.346564
93.697444
96.055151
93.707834
95.836336
94.350780
95.783693
93.839785
96.285226
93.285601
95.956726
94.027931
95.374872
93.408683
96.001751
93.084266
95.806504
93.670706
94.835234
93.190714
95.550168
95.416897
93.477373
94.594591
95.290809
92.682211
95.125515
92.260855
94.701414
92.890073
94.669006
92.925006
94.634576
92.666014
94.645708
93.638160
95.170502
93.662063
95.945661
93.502350
95.459925
93.626172
95.076343
93.464063
95.859415
93.248294
95.786590
93.977308
95.133916
93.600622
96.106078
93.439670
96.177203
94.242994
95.906425
93.854963
96.304845
93.582422
96.180526
94.242701
95.813540
94.194409
96.258923
93.712080
96.021609
94.453905
95.778413
94.102203
96.147326
93.802759
96.076644
94.183115
95.732643
94.038780
96.179051
93.891034
96.035646
94.214633
95.643043
94.020619
96.050321
95.812231
94.047034
95.239775
95.954707
93.793601
96.120125
93.550099
95.993958
94.541509
96.140159
94.471444
95.924993
94.159821
95.901223
94.545646
95.989433
94.479083
96.242529
94.199157
96.357408
94.795781
96.051225
94.653601
96.605036
94.437239
96.671952
94.954329
96.261338
94.644732
96.738758
94.526398
95.643522
95.014868
96.278324
94.780410
96.515278
94.569676
96.316829
94.824728
96.380040
94.674676
96.405368
94.313723
96.368195
94.745795
96.089974
94.758799
96.387210
94.190448
96.383262
94.819380
95.864756
94.593325
96.324964
94.148506
96.133873
95.380683
95.578155
94.214928
96.186252
96.076476
94.743350
95.971154
96.512233
94.826125
96.057538
93.789494
94.785059
94.185908
95.519012
93.954920
96.147779
93.523682
95.458480
93.728501
95.043215
93.431110
95.624236
94.016238
95.298276
93.602592
94.806640
92.999822
95.205045
92.606639
95.331566
93.336478
94.733584
93.004050
95.370858
92.855684
94.009602
93.407243
94.797358
93.303991
94.960696
92.965349
95.104461
94.011244
95.314570
93.628173
95.253301
93.418523
95.314726
93.823533
94.492137
93.354850
93.368881
93.381822
94.095251
94.127245
95.168824
94.508253
94.406343
93.801525
93.990555
93.831253
93.955182
93.904772
94.898343
94.235487
94.206945
94.493372
95.992501
95.391805
95.432057
95.027037
95.399025
95.312279
95.739433
95.359828
95.320233
94.922583
95.196732
95.258373
95.721588
95.184149
95.258665
94.947841
95.267643
95.382023
96.254089
95.349319
95.285116
94.962971
95.225778
95.431261
95.780828
95.350278
95.380360
95.166222
95.376744
95.299199
95.766148
95.377080
95.445454
95.218488
95.373152
95.375571
95.664961
95.355669
95.474542
95.098740
95.350340
95.305690
95.629806
95.311665
95.781704
95.219407
95.810899
95.674645
95.747844
95.412267
95.879807
95.182123
95.535310
95.441610
95.257787
95.189374
95.543676
95.651539
95.255779
95.394800
96.273985
95.738758
95.788421
95.015381
95.573087
95.235024
95.815326
95.260221
95.891978
95.069647
95.585117
95.300943
95.834273
95.397170
95.447728
95.174554
95.463303
95.458085
95.886055
95.425163
95.407424
95.184105
95.405204
95.382385
95.702773
95.449528
95.514122
95.169982
95.361636
95.338363
95.703405
95.400353
95.652092
95.180514
95.425245
95.382283
95.736424
95.290452
95.881031
95.177982
95.697885
95.417686
95.748422
95.467868
96.045398
95.144718
95.896864
95.374154
95.600109
95.328577
96.135498
95.140870
95.969553
95.137676
95.298498
95.153570
95.995252
95.933864
95.191437
95.398211
96.332367
95.589780
96.005396
94.999317
95.754514
95.457709
95.862877
95.417358
95.874221
94.992042
95.577743
95.472341
95.763873
95.487217
95.486509
95.270013
95.566401
95.602354
95.973818
95.581817
95.799266
95.469855
95.629919
96.695348
95.633350
95.333837
95.308865
94.958937
95.413585
95.760013
96.047324
95.813986
95.867713
95.429773
95.449006
95.576556
96.140907
95.730930
95.872481
95.552505
95.678483
95.647190
96.037771
95.581093
95.600346
95.279130
96.125510
96.056922
95.609723
95.431488
96.065299
95.260670
96.005513
95.283825
95.379239
95.348589
95.912030
95.896366
95.174414
95.389532
96.344592
95.829261
95.664428
94.978496
95.289335
95.891213
96.090859
95.728775
95.495609
95.133273
95.350097
95.445102
95.720309
95.445180
95.420417
94.999246
95.276362
95.344107
95.589082
95.288106
95.569133
95.178671
95.774611
95.442677
95.761135
95.541652
95.702903
95.966198
95.828734
95.778937
95.814239
95.332582
95.665778
95.134521
95.411493
95.594466
95.840203
95.573905
95.705393
95.374408
95.571040
95.468144
95.778601
95.519108
95.898317
95.319835
95.592642
95.480059
95.723452
95.464537
95.951101
95.380526
95.921889
95.338033
95.574168
95.346503
95.899279
96.542603
95.523856
95.464220
96.313609
95.778773
95.696403
94.921956
95.430552
95.354505
95.851151
95.473059
95.599271
95.099573
95.409233
95.424269
95.721775
95.394630
95.407260
95.012849
95.311626
95.304946
95.822366
95.905655
95.564961
95.099405
95.406940
95.406629
95.870500
95.426660
95.654571
95.081416
95.384134
95.297882
95.758449
95.322469
95.492217
95.119081
95.378679
95.393664
95.754315
95.365138
95.650988
95.118845
95.410436
95.423006
95.697966
95.329674
95.801895
95.155364
95.497291
95.309442
95.707222
95.385855
95.981437
95.117418
95.887298
95.166637
95.387500
95.273586
95.992448
95.978413
95.200382
95.447759
96.358725
95.633736
96.104553
94.977025
95.823063
95.342686
95.854436
95.345645
95.795693
95.113654
95.551955
95.373191
95.790139
95.375635
95.850490
95.208730
95.457804
95.428093
95.624745
95.418060
95.640861
94.596308
95.641402
95.813522
96.328132
95.037071
96.035799
95.144383
96.357420
95.421155
96.639988
95.455242
96.219436
95.126797
96.589055
95.587985
96.604645
95.290594
96.649003
95.159199
96.452191
95.525186
96.732658
95.350219
96.938217
95.386261
96.388654
95.547212
96.635182
95.381460
96.363762
95.411870
96.614269
95.694052
96.594084
95.480754
96.553967
96.770575
95.540068
96.557186
96.364769
95.403782
96.772373
95.030091
96.759889
95.452874
96.467442
95.300523
96.747011
94.879330
96.781773
95.502041
96.468339
95.627245
96.665371
94.939436
96.429066
95.321291
96.398304
95.145445
96.810982
95.017336
96.508112
95.525620
96.520184
95.447954
96.775718
95.116658
97.998710
95.442673
96.571355
95.255526
96.814932
95.423848
96.612642
95.968691
97.039577
95.661700
96.043726
95.124480
96.705047
95.595718
96.764721
95.807082
96.583565
95.403124
96.825761
95.759070
96.814085
95.541955
96.191261
95.954222
96.877409
95.687430
96.661752
95.592403
96.550135
96.434854
95.697916
96.585537
96.567770
95.635708
96.475193
95.119582
96.471721
95.610337
96.747339
95.562037
96.446425
95.240346
96.810313
95.717123
96.601762
95.294708
96.610350
95.150555
96.032641
95.423805
96.594732
95.475986
96.785484
95.275422
96.034474
95.450036
96.674047
95.345468
96.680329
95.208841
96.760898
95.599871
96.590001
95.397765
96.713733
95.264081
96.510746
95.638604
96.635241
95.474880
96.498736
95.301400
96.498125
95.750771
96.574323
95.409826
96.518656
95.345162
96.574592
95.859343
96.609259
95.447493
96.267407
95.122100
96.651136
95.673740
96.455636
95.500857
95.986852
96.634221
95.697256
96.571811
96.844199
95.514549
96.876973
95.063845
96.756538
95.620409
96.684268
95.572559
96.353579
95.304224
96.766794
95.633705
96.684077
95.309224
96.896277
95.196523
96.045273
95.598452
96.616347
95.414137
96.771558
95.441518
96.014834
95.579035
96.579709
95.485101
96.784451
95.297137
96.758088
95.672093
96.590533
95.589353
96.837680
95.261988
96.261057
95.864946
96.695909
95.621914
96.775007
95.337650
96.359648
95.698675
96.650964
95.686313
96.699707
95.323375
96.742499
95.566927
96.538228
95.536952
96.545484
95.334086
96.657454
95.741598
96.606386
95.523984
96.836611
96.874856
95.797801
96.671796
96.910011
95.598286
96.809949
95.292919
96.021832
95.686343
96.673912
95.535259
96.740139
95.204213
96.869128
95.738488
96.688962
95.583140
96.830461
95.370734
96.745553
95.683163
96.735469
95.607551
96.890756
95.460479
95.889688
95.769002
96.704953
95.753375
96.673966
95.387984
96.691148
95.710081
96.665489
95.648329
96.787271
95.409575
96.695456
95.690044
96.644960
95.560529
96.786595
95.536149
96.861809
96.191400
96.753244
95.481755
96.695032
95.346032
96.695830
95.611816
96.786057
95.675146
96.783217
95.320454
96.838384
95.631112
96.533502
95.390536
96.731496
96.731479
95.782342
96.582363
96.926650
95.744219
96.822364
95.413002
96.684392
95.640912
96.686419
95.724930
96.973466
95.777395
96.713207
95.532649
96.653235
95.447680
96.662676
95.178564
96.679125
95.688678
96.520010
95.406064
96.655734
95.144295
96.670598
95.553154
96.542984
95.437206
96.645956
95.259568
96.517413
95.618970
96.585195
95.566005
96.669712
95.179498
96.723640
95.622687
96.577283
95.716916
96.788374
95.380461
96.740559
95.819156
96.568667
95.755549
96.750484
95.524970
96.825790
95.942498
96.665268
95.900398
96.728378
95.727129
96.749908
95.886895
96.502897
95.847247
96.691935
96.669638
95.885621
96.563965
96.909969
95.794503
96.828093
95.316279
96.853320
95.781677
96.541791
95.698895
96.815778
95.265081
96.762599
95.752999
96.609791
95.706671
96.744360
95.403514
96.705270
95.679957
96.525947
95.684810
96.782168
95.423793
96.760425
95.711936
96.569731
95.617284
96.694382
95.375227
96.662392
95.710682
96.585073
95.624477
96.697523
95.394622
96.651869
95.631944
96.546791
95.549417
96.690802
95.327674
96.626979
95.666249
96.449589
95.385290
96.706075
95.214078
96.693598
95.835831
96.514552
95.589008
96.679986
95.406607
96.602583
95.713655
96.416382
95.591244
96.693378
96.605931
95.753314
96.424404
96.887362
95.827117
96.836858
95.244039
96.012834
95.674686
96.567679
95.604291
96.718885
95.282512
96.767201
95.708669
96.750819
95.567777
96.735206
95.310250
96.671297
95.617664
96.563708
95.594742
96.319055
95.398649
96.128453
95.732969
96.568190
95.890738
96.528395
95.467894
96.377760
95.705795
96.590627
95.688964
96.732627
95.527631
96.699571
95.801983
96.591242
95.772099
96.761316
95.628381
96.579649
95.807313
96.571280
95.806748
96.707565
95.593968
96.726313
95.831095
96.599154
95.699627
96.716982
95.505728
96.698017
95.766536
96.530267
95.879828
96.618905
96.619326
95.962816
96.612023
96.991193
95.886777
96.815050
95.392482
96.724860
95.770412
96.668287
95.543681
96.802256
95.369690
96.851635
95.829056
96.742361
95.671307
96.821783
95.498502
96.794084
95.824311
96.742843
95.847490
96.663751
95.542492
96.673024
95.873667
96.787195
95.788104
96.936498
95.572043
96.810821
95.803446
96.600309
95.838253
95.954986
95.254332
90.468777
89.882730
90.098437
91.736518
92.256542
91.483286
92.061828
91.723528
92.109413
91.849722
92.352522
91.769261
92.271768
91.864663
92.112021
91.927232
92.453830
91.908922
92.430897
91.922128
92.082912
92.083969
92.550801
92.477864
92.216647
92.196025
94.310390
94.026194
94.411000
93.316938
94.132875
93.594392
93.755585
93.584515
94.089918
93.438627
94.027499
93.590729
93.831328
93.508655
94.093369
93.473536
94.030097
93.607571
94.037850
93.771209
94.324087
93.671595
94.171088
93.774524
93.876114
93.749121
94.243691
93.664761
94.174524
93.728316
93.849641
93.708789
94.226144
93.644771
94.207806
93.756389
93.906377
93.771133
94.260536
93.609076
94.175150
93.765468
93.892346
93.781925
94.273494
93.703013
94.205032
93.794775
93.808691
93.887243
94.393323
93.870958
94.256233
93.945632
93.831661
93.912618
94.254277
94.261730
93.948167
93.771572
94.389354
94.247067
94.671749
93.578834
94.330982
93.756591
93.734189
93.736792
94.453383
93.576412
94.310446
93.807576
93.877779
93.752459
94.298747
93.563892
94.210780
93.707097
93.886898
93.720957
94.257171
93.594114
94.109596
93.680681
93.892054
93.851631
94.211449
93.680148
94.174317
93.805118
93.775814
93.913559
94.360669
93.805285
94.284473
93.832563
93.797406
93.862996
94.374074
93.789464
94.246630
93.854728
93.922885
93.900880
94.404502
93.846735
94.306053
93.864198
93.935467
93.925997
94.370860
93.799235
94.251367
93.832160
93.735525
93.959398
94.243143
94.235257
93.852656
93.747388
94.282791
94.154401
94.658109
93.501260
94.457514
93.778846
93.737615
93.701216
94.442802
93.525427
94.424055
93.763687
93.873677
93.668385
94.243129
93.425653
94.080375
93.612625
93.868903
93.635284
94.059187
93.342226
93.985171
93.510710
93.751148
93.575245
94.041147
93.512832
93.997517
93.551442
93.702077
93.627481
94.161529
93.500498
94.011502
93.616168
93.699569
93.626258
94.174020
93.563982
94.170672
93.753448
93.839929
93.830698
94.295368
93.726856
94.194196
93.800137
93.899466
93.810930
94.324595
93.710445
94.058337
93.661568
93.701682
93.702968
94.034663
93.987305
93.646919
93.601251
94.360090
93.979546
94.371910
93.391116
94.063089
93.622407
93.652080
93.604322
94.318655
93.498761
94.300662
93.740822
93.892597
93.653668
94.181762
93.482466
94.083688
93.623530
93.929492
93.665961
94.057318
93.440729
94.018725
93.613700
93.860335
93.625016
94.043870
93.491680
94.021448
93.549719
93.905303
93.652660
94.113822
93.507212
94.009953
93.611723
93.795701
93.729115
94.213333
93.620121
94.152584
93.733513
93.837772
93.794976
94.268839
93.745125
94.238569
93.800464
93.942758
93.794856
94.361614
93.727968
94.043764
93.704744
93.717860
93.764751
94.085299
94.095898
93.789057
93.698818
94.480767
94.114198
94.583072
93.511208
94.349300
93.732014
93.825126
93.736897
94.377747
93.616987
94.294778
93.822373
93.942800
93.804894
94.196809
93.643865
94.177391
93.862711
94.023019
93.848081
94.233857
93.657285
94.098447
93.836247
94.046948
93.923859
94.197614
93.654699
94.128246
93.870822
94.101650
93.893781
94.230282
93.726227
94.186397
93.879814
94.070160
93.934035
94.259678
93.741237
94.162689
93.956863
94.111910
94.030908
94.306022
93.893332
94.231548
94.117882
94.286103
94.140632
94.430070
93.982108
94.214995
93.972113
94.009353
93.999736
94.177768
94.142607
94.002247
93.957539
94.630457
94.213835
94.684836
93.589020
94.412011
93.785319
94.037565
93.998113
94.372522
93.811370
94.371400
93.961118
94.013290
93.743567
93.919089
94.907078
95.478220
95.464971
95.836281
95.815977
95.883909
95.701254
95.962575
95.969309
96.239455
96.127114
96.120821
95.809774
96.117104
96.065111
96.308511
96.057899
96.049724
95.831827
96.075321
96.113091
96.314012
96.143528
96.192879
95.900118
96.194249
96.148060
96.335793
96.231469
96.268510
96.040541
96.222485
96.152805
96.372601
96.122509
96.194089
96.030772
96.076640
96.040565
96.175960
96.133284
96.116310
96.150859
96.162933
96.308977
96.842137
96.481403
96.446569
95.906674
96.111129
96.106635
96.341157
96.095784
96.144452
95.965215
96.204329
96.161738
96.375684
96.151365
96.219508
95.999910
96.171115
96.223234
96.411471
96.209107
96.223604
96.070894
96.197676
96.196601
96.359711
96.172246
96.234793
96.045717
96.239696
96.201372
96.399719
96.229212
96.260504
96.089331
96.305471
96.181493
96.446648
96.241519
96.229545
96.125589
96.290998
96.209296
96.393049
96.285351
96.301867
96.118609
96.273552
96.236545
96.410261
96.286412
96.299453
96.123168
96.160281
96.087276
96.227770
96.121104
96.090170
96.222503
96.120231
96.275860
96.846774
96.455453
96.413742
95.916110
96.080180
96.085431
96.319342
96.066928
96.120246
95.955277
96.133523
96.103031
96.346545
96.104583
96.196966
96.060893
96.151735
96.096319
96.396324
96.148734
96.227517
96.048114
96.252949
96.191782
96.431503
96.163729
96.221042
96.130760
96.288669
96.230202
96.412435
96.228454
96.297134
96.153211
96.280668
96.254361
96.449940
96.239722
96.307418
96.134151
96.230934
96.237100
96.441884
96.242227
96.402288
96.076678
96.250584
96.250968
96.450267
96.251322
96.309194
96.107417
96.245090
96.074032
96.247631
96.177244
96.200459
96.254492
96.204210
96.290042
96.861326
96.440126
96.461762
95.907575
96.086696
96.006909
96.301396
96.162188
96.179767
95.980572
96.175439
96.156873
96.351969
96.175645
96.211232
96.052503
96.247428
96.165836
96.442453
96.164657
96.280863
96.045773
96.221991
96.157386
96.394763
96.162335
96.227207
96.062653
96.224779
96.159975
96.451748
96.157028
96.295509
96.053151
96.268836
96.189019
96.336840
96.156298
96.291440
96.143126
96.289567
96.198245
96.398833
96.311975
96.290200
96.134173
96.276451
96.214735
96.391797
96.270656
96.266632
96.103365
96.237284
96.143921
96.191267
96.103571
96.203761
96.221498
96.138661
96.184311
96.693345
96.489328
96.471617
95.874616
96.131940
96.058889
96.324847
96.033231
96.234538
95.959520
96.144219
96.139380
96.219606
96.043695
96.123882
95.903044
96.184995
96.153492
96.365698
96.120316
96.302028
96.190087
96.254842
96.176866
96.365725
96.159935
96.246877
95.961635
96.241734
96.186751
96.380445
96.215717
96.302962
96.060822
96.180451
96.163223
96.334470
96.184166
96.278522
96.101391
96.255576
96.165507
96.334662
96.238345
96.324020
96.149915
96.328753
96.263717
96.440748
96.268978
96.373143
96.152315
96.274053
96.206539
96.270965
96.247440
96.245818
96.286826
96.207337
96.304591
96.870233
96.460254
96.406455
95.888522
96.076687
96.011077
96.273916
96.110986
96.171181
95.918661
96.241244
96.059504
96.235103
96.219609
96.243033
95.973164
96.194471
96.090895
96.299313
96.086984
96.189987
95.955222
96.161482
96.162896
96.375688
96.158033
96.232183
95.963433
96.256867
96.126750
96.418305
96.214994
96.218010
95.989995
96.247404
96.164723
96.405302
96.191455
96.256751
96.087679
96.308750
96.199346
96.437939
96.234659
96.305429
96.104358
96.183876
96.221183
96.442417
96.182529
96.311807
96.072733
96.136905
96.135130
96.205391
96.128870
96.232989
96.194588
96.181734
96.300453
96.808470
96.405882
96.414111
95.765842
96.030453
95.938433
96.230105
96.005933
96.144576
95.948356
96.158991
96.074701
96.275795
96.087227
96.201154
95.933043
96.137260
96.086812
96.331452
96.080206
96.229771
95.995723
96.179460
96.129040
96.286011
96.091694
96.215045
96.001126
96.102890
96.092022
96.372637
96.125811
96.240520
96.015290
96.224714
96.096669
96.373432
96.182336
96.219628
96.091078
96.222021
96.169799
96.363583
96.302927
96.303215
96.116546
96.207710
96.257370
96.371389
96.275659
96.289590
96.061630
96.211359
96.157236
96.245463
96.101298
96.215389
96.225558
96.149990
96.275153
96.830813
96.451613
96.444602
95.846159
96.110647
96.045038
96.271981
96.042017
96.123191
95.940213
96.121375
96.046240
96.320628
96.106694
96.224261
96.022977
96.212471
96.106039
96.370425
96.194289
96.270003
96.012262
96.234084
96.086299
96.272966
96.134559
96.180637
96.026405
96.194550
96.124554
96.277759
96.140469
96.234614
96.035969
96.226180
96.127377
96.260415
96.142594
96.208748
96.074233
96.227829
96.197031
96.294757
96.156557
96.207038
96.086797
96.232892
96.102659
96.279277
96.103443
96.173081
96.027815
96.116485
96.086496
96.098195
96.039479
96.113296
96.130503
96.108713
96.203477
96.785978
96.463547
96.422573
95.898633
96.139738
95.982216
96.287707
96.081417
96.219196
95.895777
96.128054
96.075021
96.298914
96.099394
96.229365
95.952421
96.213468
96.131213
96.360679
96.139701
96.259885
95.953575
96.175705
96.099274
96.258630
96.114288
96.171208
96.035391
96.244651
96.102711
96.310949
96.089914
96.149505
96.021399
96.262998
96.137173
96.319421
96.157691
96.165707
96.067000
96.179812
96.156397
96.390297
96.199385
96.288209
96.035499
96.210019
96.180098
96.288479
96.163557
96.237790
96.023847
96.105018
96.026090
96.061767
96.002332
96.033630
96.149294
96.045376
96.241071
96.790421
96.432548
96.365554
95.784782
96.053955
95.965941
96.156967
96.025078
96.085421
95.780237
96.045155
95.926882
96.206288
96.005480
96.175455
95.838626
96.158006
96.126480
96.319863
96.029580
96.239615
95.909449
96.158876
96.070950
96.287491
96.150596
96.202288
96.036864
96.212692
96.121145
96.352586
96.082993
96.226506
95.943528
96.174888
96.041327
96.259158
96.146496
96.173832
95.901230
96.119404
96.075785
96.296095
96.100624
96.151971
95.978861
96.118785
96.060530
96.241125
96.089377
96.091968
95.988762
96.011296
95.947488
95.983320
96.013419
96.057885
96.099898
96.032574
96.211785
96.771140
96.387798
96.422366
95.790553
96.051297
95.918446
96.260360
96.055560
96.141657
95.868723
96.114846
96.046895
96.268199
95.994502
96.198297
95.864532
96.126564
96.029768
96.326329
96.101576
96.238776
95.990220
96.168432
96.025491
96.289986
96.108102
96.207857
95.992095
96.210407
96.109166
96.359841
96.077089
96.168442
95.965510
96.154108
96.043050
96.293628
96.001152
96.204494
95.913801
96.134029
96.016334
96.189399
96.114523
96.157592
95.869445
96.062591
96.058491
96.259266
96.067210
96.230243
95.914108
96.067169
95.901011
95.970278
95.995542
96.064693
96.043481
96.008505
96.131352
96.731955
96.316867
96.446328
95.780158
96.032306
96.279060
96.168663
96.031096
96.227191
95.928135
96.336302
96.216310
96.162226
95.986921
96.114366
95.746149
96.110366
96.010615
96.205426
96.042781
96.209936
95.948001
96.209988
96.181269
96.160867
96.076130
96.234163
95.999606
96.491342
96.293959
96.166695
95.971805
96.121735
95.872060
96.231992
96.083944
96.314949
96.088587
96.117678
95.896360
96.130486
96.032456
96.298449
96.162257
96.235231
95.958994
96.108080
96.103367
96.282052
96.113521
96.252601
95.989242
96.165578
96.067988
96.022684
96.035597
96.084871
96.139997
96.002522
96.181813
96.763272
96.451148
96.487019
95.850107
96.127297
95.960868
96.256517
96.003741
96.109213
95.834618
96.089455
95.958679
96.275662
95.951458
96.184760
95.921286
96.189853
96.007444
96.291038
96.053579
96.204295
95.940653
96.222666
96.079399
96.293499
96.029989
96.142624
95.829094
96.128215
95.994410
96.273215
96.075863
96.205716
95.995429
96.123362
96.108396
96.493315
96.125398
96.305181
95.939125
96.218171
96.110163
96.399152
96.210935
96.294988
95.954226
96.180173
96.076260
96.287951
96.100539
96.250258
96.061581
96.116156
96.078047
96.071247
96.074280
96.118352
96.104238
96.074819
96.138996
96.808012
96.389941
96.448563
95.783159
96.035676
95.902732
96.205314
95.957761
96.084463
95.813485
96.094382
95.977518
96.179693
95.925628
96.141100
95.833900
96.139837
95.902761
96.173159
96.103990
96.161925
95.801101
96.106152
95.938402
96.220121
96.053352
96.142242
95.844010
96.140099
95.977392
96.208330
95.970215
96.182021
95.947550
96.149974
96.017466
96.257186
96.069602
96.177665
95.991724
96.124124
96.051657
96.301476
96.117927
96.239707
95.943532
96.115682
96.102267
96.263164
96.067130
96.180161
95.972682
96.101156
95.909110
96.032467
96.022084
96.000204
96.080854
96.008600
96.073278
96.797107
96.426362
96.482319
95.855065
96.082795
95.907490
96.217685
95.984422
96.131420
95.843210
96.091641
95.984501
96.239654
95.943859
96.143459
95.737745
96.105297
96.004092
96.298864
95.986751
96.189231
95.835221
96.063782
95.979201
96.195213
95.931224
96.121669
95.780511
96.078605
95.865002
96.167392
96.001711
96.097401
95.863423
96.071083
95.954306
96.145247
95.935799
96.106908
95.867356
96.099818
95.941980
96.228728
95.958478
96.189000
95.928957
96.166399
96.033599
96.264452
96.004876
96.151142
95.845092
96.049137
95.920057
96.106657
96.054442
96.079685
96.057085
95.994836
96.107960
96.778033
96.427575
96.483679
95.790574
96.046126
95.829039
96.160845
96.006666
96.133571
95.795674
96.115480
95.925202
96.246147
95.996058
96.222438
95.772675
96.154668
95.984888
96.331846
95.996004
96.215003
95.882291
96.132252
95.912178
96.277564
95.973406
96.245093
95.866349
96.152405
95.941585
96.252147
96.045984
96.226461
95.979822
96.200839
96.025105
96.251126
96.041593
96.273738
95.938374
96.164467
96.036713
96.206998
96.078264
96.293460
96.033916
96.263267
96.123864
96.268598
96.175364
96.277404
95.959561
96.183662
96.063323
96.095206
96.046965
96.234128
96.196460
96.128416
96.230423
96.878538
96.411468
96.473170
95.814323
96.078790
95.958220
96.242490
96.033568
96.228873
95.980040
96.269499
96.062799
96.384307
96.116332
96.291750
96.014334
96.217119
96.158020
96.416700
96.117262
96.291387
95.886540
96.252859
96.111612
96.311300
96.047477
96.251919
95.982245
96.293226
96.119091
96.503529
96.094482
96.268327
95.916067
96.207854
96.056579
96.315546
96.141307
96.329736
96.006648
96.201012
96.024891
96.319218
96.152120
96.345678
96.006745
96.383574
96.081779
96.371924
96.159307
96.342691
95.929780
96.282106
96.064874
96.152956
96.089125
96.333856
96.249444
96.193208
96.222903
96.802239
96.346706
96.409345
95.722837
96.099192
95.799413
96.131228
95.823203
96.164645
95.695656
96.075012
95.829034
96.134674
95.814478
96.248258
95.670908
96.152564
95.888254
96.057973
95.787580
96.093842
95.682645
96.104851
95.848786
96.077064
95.717819
96.122109
95.750121
96.075977
95.786394
96.035273
95.855297
96.036859
95.725011
95.985916
95.792141
95.937867
95.764327
96.009722
95.626308
96.008551
95.760451
95.976076
95.828377
96.013887
95.628758
95.989996
95.734654
95.749583
95.522666
95.929174
95.619755
95.754364
95.557657
95.376856
95.299396
95.639129
95.687690
95.479157
95.357355
96.243256
95.541147
96.085810
95.263098
95.775946
95.350829
95.501420
95.322061
95.713162
95.269721
95.684077
95.427299
95.607477
95.289780
95.705427
95.118559
95.704778
95.212947
95.615228
95.223496
95.793696
95.078522
95.656555
95.201599
95.509518
95.293112
95.709607
95.218477
95.714518
95.254940
95.527319
95.445148
95.739231
95.317948
95.679847
95.349694
95.520587
95.432362
95.781584
95.376957
95.826947
95.499744
95.536827
95.463435
95.843723
95.420460
95.844617
95.449905
95.579264
95.483663
95.875738
95.427461
95.772219
95.441621
95.427335
95.182197
95.744569
95.764803
95.509073
95.449640
96.254304
95.481718
96.110712
95.207889
95.732252
95.303805
95.609085
95.239528
95.674185
95.069047
95.719147
95.332518
95.610327
95.126663
95.697390
94.982890
95.631242
95.099068
95.512826
95.108982
95.629199
94.890377
95.526684
94.991431
95.492865
95.192633
95.661843
95.061264
95.629614
95.226249
95.484088
95.277898
95.679001
95.215833
95.586909
95.226216
95.427319
95.263587
95.586253
95.140594
95.617257
95.234504
95.452968
95.337854
95.649771
95.150072
95.580248
95.219393
95.417386
95.312713
95.644035
95.275340
95.599073
95.243386
95.203256
95.046352
95.544352
95.519820
95.230109
95.281791
96.191876
95.396042
95.955818
95.076661
95.644728
95.173390
95.379615
95.108199
95.665441
94.963671
95.581939
95.126848
95.439897
94.999099
95.589433
94.893183
95.484099
95.018760
95.450056
94.991180
95.537309
94.909027
95.453523
94.977793
95.400428
95.131122
95.540166
94.945517
95.493672
95.079447
95.352119
95.236237
95.511319
95.070629
95.514978
95.158130
95.218028
95.252747
95.616050
95.123228
95.552922
95.147550
95.375900
95.250892
95.620922
95.137672
95.514173
95.191659
95.378606
95.248558
95.618629
95.143399
95.610945
95.261780
95.170051
94.927768
95.508649
95.513143
95.246857
95.210164
96.135291
95.284819
96.040289
95.003046
95.636978
95.199079
95.353183
95.116715
95.646632
95.035978
95.621978
95.162639
95.465310
95.032236
95.647550
94.939370
95.706326
94.963553
95.541723
95.099669
95.788088
95.001348
95.705667
95.216546
95.524758
95.279418
95.923194
95.254472
95.823929
95.274220
95.387361
95.299666
95.879676
95.261478
95.804455
95.299654
95.376293
95.347252
95.801522
95.223581
95.682614
95.233396
95.277601
95.298597
95.752301
95.227967
95.715173
95.185665
95.318003
95.337013
95.787211
95.084127
95.645000
95.201974
95.131775
95.261285
95.652097
95.542507
95.286355
95.134621
95.883788
95.479060
95.907452
94.974331
95.530206
95.053336
95.166625
95.187609
95.537310
94.885512
95.574229
95.077507
95.254298
94.824641
95.570766
94.599824
95.473808
94.795114
95.187741
94.784548
95.514224
94.704058
95.305701
94.707426
95.103727
94.942539
95.535758
94.926627
95.505967
95.003461
95.074774
95.100492
95.430711
94.977130
95.458719
95.105581
95.109354
95.098729
95.572941
95.034984
95.544322
95.130134
95.091088
94.863739
95.699875
95.193387
95.597947
95.261630
95.149746
95.428029
91.395927
86.450789
88.136496
85.919268
84.886406
87.161480
89.731866
89.529570
87.501973
95.824934
