93.882630
93.437847
95.788553
93.237102
95.278703
93.883098
94.391662
93.030317
95.498208
93.192713
95.279569
93.407444
94.375339
92.808848
95.791920
92.947798
95.338294
93.565302
94.426530
92.931148
95.813919
93.251058
95.436008
93.661806
94.626892
92.929139
95.711522
93.018774
95.248629
93.555463
94.459934
92.880739
95.653204
92.985972
95.424225
93.389081
94.505600
92.841665
95.915909
92.894315
95.380980
93.373967
94.289968
92.631147
95.974556
93.108120
95.310610
93.365203
94.343802
92.782547
95.748193
92.969216
95.452285
93.506500
93.914800
92.941059
95.155298
95.049477
93.311253
93.872774
94.865236
92.713120
96.056965
92.889025
95.062393
93.157548
94.367868
92.346381
95.179904
92.715610
94.864365
92.899034
94.292350
92.263951
94.890064
92.097562
94.654161
92.712362
94.031240
92.173722
95.455676
92.711423
94.756310
92.862364
94.078063
92.304092
95.442848
92.670518
94.869670
92.916348
94.081737
92.384606
95.481279
92.824480
95.215474
93.173220
94.014239
92.539442
95.490729
92.774521
95.190364
93.202500
94.046678
92.414320
95.477286
92.691846
95.179171
93.202643
93.980174
92.182459
96.004672
92.505180
95.005531
92.757690
93.594070
92.402808
94.826073
94.729047
92.836802
93.652779
94.996242
92.768545
95.590306
92.775459
95.389500
93.217432
94.522617
92.591254
95.003927
92.304016
94.791791
93.014037
94.474947
92.648650
94.856652
92.432657
94.607846
92.865656
94.414498
92.720681
95.423776
92.722583
94.772909
93.112345
94.539722
92.852157
95.494027
92.713594
95.042223
93.273513
94.623358
92.870296
95.452394
92.986420
95.298830
93.543279
94.640570
92.944856
95.437485
92.966855
95.189603
93.485833
94.650303
92.951576
95.428145
92.993417
95.209299
93.563337
94.670058
93.050941
96.101624
93.091002
95.236454
93.486514
94.191710
92.986969
95.636838
94.973698
93.505390
94.219379
95.295341
93.356697
96.133453
93.235125
95.237667
93.885205
94.886548
93.204613
95.232016
92.995865
94.954591
93.491773
94.895332
93.221132
95.950268
93.188409
95.179043
93.956653
94.911213
93.123447
95.256952
93.190925
95.012012
93.488294
94.831401
93.239749
95.569109
93.069590
94.923427
93.389658
94.802956
93.214454
95.595841
93.352201
95.094525
93.593997
94.887150
93.346234
95.866644
93.352215
95.125021
93.949503
94.811908
93.279297
95.737115
93.188386
94.959959
93.960080
94.958995
93.518759
95.856005
93.426186
95.548426
93.736422
94.312703
93.129716
95.171168
95.248657
93.792048
94.363803
95.387583
93.575630
95.871144
93.236394
95.618568
94.046686
95.010239
93.111868
95.752000
93.284906
94.838252
93.950097
94.889361
93.173835
95.631153
93.324923
95.016378
93.848968
94.885102
93.236077
95.145631
93.271544
94.962522
93.653973
94.828486
93.172084
95.531943
93.370365
95.022200
93.727050
94.920138
93.259247
95.498973
93.420269
95.445952
94.087063
94.933383
93.312748
95.615127
93.483545
95.404844
94.011399
94.833814
93.545002
95.828710
93.403399
95.466097
94.083458
94.862509
93.419562
96.393054
93.646496
95.158983
93.977324
94.535530
93.740678
95.329871
95.331972
94.141976
94.587964
95.441089
93.894667
95.984584
94.085263
95.710155
94.261431
95.095913
93.790124
95.952454
94.172692
95.774848
94.235441
95.222903
93.418262
95.665233
93.369938
95.514717
94.194167
95.036304
93.607480
95.856866
93.617357
95.115664
94.065993
95.066075
93.700802
95.633055
93.666898
95.339871
94.252982
95.084063
93.685758
95.599298
93.899943
95.448026
94.220703
94.972339
93.863542
95.808095
93.925511
95.756170
94.471464
95.424865
94.266676
95.717844
93.799426
95.586029
94.786768
95.228074
93.715863
96.470649
93.756552
95.746278
94.066188
94.616403
93.763503
95.515541
95.437957
94.141494
94.692456
95.600277
94.403555
95.946413
93.984911
95.740625
94.405760
95.143887
93.704062
95.918023
94.066351
96.047505
94.938267
95.353800
93.825885
95.617562
93.865067
95.451190
94.536013
95.223558
93.938173
95.597715
93.667932
95.377876
94.216336
95.275703
93.649069
96.258431
93.588240
95.097750
94.228526
95.165500
93.759827
96.384167
94.003579
95.547421
94.337526
95.253329
93.897269
95.939210
94.052567
95.595427
94.345992
95.142890
93.793234
95.814071
94.061917
95.547921
94.326651
95.157051
93.730569
96.419106
94.037847
95.581646
94.162875
94.865112
93.937652
95.450070
95.527832
94.260098
94.721412
95.808522
94.159278
96.503442
94.286108
95.807337
94.570080
95.595718
93.919321
96.446419
94.159375
95.713662
94.282862
95.472899
93.987616
95.661525
94.046978
95.591758
94.389279
95.607360
94.325719
96.138938
94.055857
95.505910
94.382323
95.666430
94.185368
96.195194
94.263706
95.527866
94.493111
95.646493
94.126054
96.544256
94.364587
95.764689
94.640949
95.698524
94.190866
96.501077
94.605878
95.891239
94.832037
95.637507
94.452460
96.464300
94.495640
95.830446
95.013832
95.688803
94.294598
96.684612
94.393318
95.831359
94.630086
95.590086
94.559725
96.385119
95.781483
94.674002
95.480041
96.169796
94.473208
96.707879
94.344711
95.874834
94.868937
95.884573
94.578677
95.886498
94.303677
95.617593
94.707211
95.833614
94.518532
96.153052
94.319283
95.548342
94.966719
95.818389
94.594107
96.236967
94.471309
95.657419
95.091186
95.654625
94.443187
96.170449
94.348294
95.678970
94.679021
95.783893
94.484322
96.620221
94.538886
95.794780
94.874785
95.813962
94.430429
96.456930
94.485274
95.889564
94.941167
95.928593
94.617346
96.780553
94.522515
95.931294
95.161364
95.865033
94.831654
96.844653
94.934531
96.042660
95.352034
95.604690
94.768710
96.693339
96.667202
95.332677
95.539409
96.518549
95.317108
96.284907
94.711853
96.435651
95.348258
96.314837
95.084414
95.937540
94.656513
96.105944
95.268887
96.160503
95.256905
96.533496
95.199756
96.448739
95.259192
95.924022
94.729919
96.860863
95.032688
96.746764
95.548693
96.007617
94.869630
96.820454
94.837660
96.771808
95.420755
95.904703
94.869830
96.641125
94.916578
96.532300
95.344553
96.106601
94.897763
96.540917
94.686778
96.280426
95.356696
95.906203
94.704674
96.790494
94.802432
96.027973
95.482706
96.063098
94.787883
96.763555
94.675607
95.997755
95.188112
95.632777
94.756736
96.311745
96.579067
95.495034
95.540911
96.409303
95.060865
96.149629
94.501617
96.395432
95.012101
96.081038
94.748137
96.454612
94.570132
96.152556
95.075731
95.981243
94.673541
96.214213
94.457816
96.211520
95.205406
95.913479
94.579190
96.476202
94.591200
96.240447
95.350786
95.961284
94.982949
96.552393
94.655490
95.918216
95.224015
96.126696
94.910516
96.486781
94.871912
96.353210
95.214741
95.848297
94.562112
96.564539
94.732115
95.894788
95.306145
96.026348
94.905164
96.506029
94.765633
96.520918
95.250780
95.843845
94.634160
96.632864
94.692916
96.494792
95.182248
95.726150
94.676992
96.439185
96.431726
94.873599
95.455661
95.996393
94.517329
96.346791
94.261186
96.153571
94.912207
95.638932
94.511149
95.560739
94.174918
96.004034
94.859383
95.629740
94.439406
95.948059
94.241685
95.666476
94.702120
95.600150
94.516841
96.208511
94.190919
95.349974
94.891765
95.423840
94.683278
96.038653
94.552315
95.889722
94.715922
95.278244
94.472556
95.948490
94.259385
95.797941
94.667966
95.232186
94.383816
95.837973
94.265397
95.618851
94.452382
94.969995
94.006954
95.835062
93.903652
95.644628
94.398960
94.962770
93.787172
95.928491
93.770119
95.834809
94.532847
94.772876
94.126253
95.738514
95.748957
94.216997
94.945146
95.610449
94.103414
96.173330
93.689832
95.203655
94.624243
95.394081
94.419255
95.667452
94.243871
96.154237
94.731158
95.452870
94.201212
96.100355
94.148324
95.381984
94.704026
95.386610
94.252937
96.182500
94.352632
95.542712
94.854759
95.421566
94.665399
96.081466
94.582811
96.033187
94.846841
95.358789
94.105038
96.060856
94.296268
96.188428
94.985558
95.391789
94.329297
96.312360
94.591114
96.251611
94.804019
95.354750
94.197622
96.262343
94.271123
96.120711
95.069990
95.079420
94.043428
96.153759
94.291061
96.084608
94.697715
95.031086
94.385529
95.955347
95.901425
94.499760
94.797986
95.427856
93.769759
96.061794
93.604241
95.055053
94.324574
95.048774
93.789550
95.650110
93.586321
95.477830
93.996303
94.927877
93.696470
96.001506
94.029431
95.721039
94.107071
94.985274
93.739330
95.950836
93.725770
95.804608
94.262807
95.124322
93.675032
96.108387
94.177575
96.080102
94.527022
95.309790
93.679449
96.151491
93.877590
95.878713
94.139522
94.872961
93.580245
95.838440
93.611592
95.793700
93.847889
94.978080
93.477155
96.173584
93.767239
95.933047
94.071524
95.039489
93.479776
95.973072
93.776048
95.782060
94.152597
94.862741
93.801932
95.834826
95.765612
94.136713
94.933441
95.455255
93.934442
96.336575
93.649911
96.176359
94.323082
95.406939
93.381731
96.381347
93.302812
95.329525
94.206605
95.296592
93.243047
96.116539
93.076026
95.015262
93.806878
95.038672
93.065402
96.003777
92.900437
94.870218
93.439161
94.759917
92.500715
95.596624
92.642671
94.869929
93.485798
94.896788
93.034806
95.841040
93.225770
95.554472
94.075193
95.532540
93.715592
96.484460
93.594744
95.720838
94.594130
95.873050
94.044292
96.134338
93.440674
96.284406
94.068407
95.668390
93.581696
96.300776
93.276174
95.999290
93.763291
95.012066
93.358238
95.772209
95.604925
93.436377
94.742745
95.178089
92.539741
95.800333
92.223021
95.203045
92.881990
94.741136
92.690300
95.665357
92.711118
95.289343
93.877093
95.479343
93.640445
96.361910
93.328030
95.370051
93.755596
95.370951
93.421079
96.098167
93.130417
96.059428
93.946781
95.485455
93.546878
96.374853
93.576257
96.096028
94.353623
96.073657
94.004273
96.420952
93.613370
96.397813
94.338088
95.934589
94.052637
96.521757
93.897698
96.020292
94.550067
95.924495
94.078438
96.435466
93.958402
96.123431
94.349117
95.908290
94.093393
96.347651
93.747752
96.389087
94.332040
95.851983
94.134914
96.319596
96.070862
93.804672
95.419944
95.899297
94.081472
96.259738
93.835267
96.192375
94.476349
96.134322
94.523147
96.284966
94.165754
96.312359
94.749633
96.320606
94.560486
96.507359
94.164122
96.693218
94.898029
96.289768
94.725022
96.915884
94.518932
96.633117
95.009388
96.509992
94.738344
96.893396
94.515117
96.658059
95.041571
96.447129
94.823577
96.860901
94.574326
96.470554
94.991856
96.368318
94.567049
96.647747
94.279089
96.330116
94.791391
96.250844
94.677549
96.631632
94.163043
96.384030
94.847295
96.077073
94.584248
96.611377
94.047605
97.088980
95.450842
95.745887
94.156599
96.361795
96.480587
94.825116
96.097995
96.404495
94.831266
96.339361
93.671732
95.902616
94.419773
95.370597
93.962098
96.490595
93.575215
95.527220
93.895773
95.173461
93.403857
95.652065
94.020938
95.468412
93.550322
94.971087
93.185787
95.377160
92.776622
95.172442
93.307265
94.902715
93.092936
95.335266
92.776375
95.293646
93.302151
94.963379
93.250547
95.253713
93.009267
95.462696
94.014404
95.423261
93.482110
95.578283
93.376675
95.674178
93.826158
94.617932
93.670342
94.253050
93.946599
95.150674
94.679472
95.634574
95.037575
95.323841
94.500841
95.508238
94.812494
95.173862
94.821916
95.952630
95.426970
95.156969
95.583273
96.038392
95.436114
95.563612
95.089317
95.640991
95.577491
96.120263
95.637096
95.637839
95.081284
95.358525
95.427203
95.892980
95.323970
95.501629
95.070249
95.454179
95.549699
96.495770
95.512115
95.500405
95.060682
95.451491
95.606828
96.054905
95.512798
95.774555
95.255375
95.597108
95.463423
96.018427
95.511248
96.073483
95.281817
95.732100
95.519146
95.924537
95.517753
96.086285
95.165808
95.748654
95.471128
95.891052
95.407045
96.240142
95.255804
96.248940
95.797683
95.973557
95.576958
96.355099
95.272829
96.132540
95.534223
95.469528
95.316543
96.378346
96.378784
95.419083
95.694557
96.358857
95.787152
96.378254
95.072045
96.212049
95.351641
96.026036
95.340211
96.304723
95.108186
95.982480
95.424545
96.034276
95.453264
95.922136
95.206638
95.610451
95.504492
95.959263
95.444995
95.816704
95.220706
95.549856
95.439028
95.864927
95.525874
96.022300
95.180697
95.712459
95.448742
95.881909
95.470925
96.125006
95.196003
95.845958
95.439586
95.867594
95.376577
96.150497
95.218819
95.892021
95.472631
95.874471
95.528426
96.351032
95.145038
96.154779
95.442822
95.765236
95.411227
96.554163
95.170396
96.385038
95.240667
95.464821
95.241928
96.344795
96.343726
95.350740
95.648806
96.383292
95.540294
96.426862
95.038928
96.152114
95.579948
95.979932
95.498370
96.056170
95.078584
95.712484
95.567336
95.893069
95.555607
95.554577
95.294312
95.642846
95.634412
96.009463
95.612355
95.997893
95.539733
95.708284
96.758971
95.765527
95.380321
95.695621
94.991839
95.551500
95.863918
96.164903
95.930136
96.113656
95.511703
95.596722
95.694800
96.296803
95.839228
96.185061
95.555603
95.817927
95.724781
96.141093
95.629394
95.827279
95.320253
96.317940
96.189934
95.796940
95.512385
96.455997
95.293076
96.420150
95.387499
95.481406
95.343283
96.415676
96.391232
95.219922
95.507226
96.427274
95.893232
95.871507
94.992578
95.525148
95.988156
96.237081
95.771618
95.670193
95.176493
95.437243
95.497218
95.788172
95.485133
95.805895
95.076995
95.580294
95.451571
95.747083
95.424050
95.785438
95.230125
95.949208
95.573095
95.973481
95.738723
95.939944
96.005241
95.972858
95.892427
95.994984
95.426861
95.883687
95.170885
95.600767
95.714249
96.052052
95.673782
96.047607
95.405358
95.764231
95.619393
95.976542
95.631167
96.052152
95.363902
95.674088
95.547591
95.828441
95.580070
96.255949
95.412874
96.185608
95.343267
95.565540
95.358944
96.275235
96.948282
95.576856
95.602206
96.373658
95.809418
95.823509
94.965063
95.648639
95.493966
95.983133
95.550728
96.017735
95.148382
95.629828
95.500493
95.779984
95.466589
95.827078
95.076702
95.518550
95.386879
95.908361
95.994941
95.671631
95.191834
95.519512
95.517629
96.047915
95.504817
95.896651
95.160523
95.526990
95.398668
95.917346
95.359152
95.983995
95.164127
95.602157
95.473019
95.891727
95.390189
96.011537
95.151962
95.717673
95.541995
95.860663
95.415384
96.067462
95.160400
95.792420
95.440052
95.852039
95.485811
96.420257
95.142736
96.259093
95.228182
95.483888
95.318802
96.312829
96.357242
95.281566
95.595639
96.414058
95.645704
96.538462
95.030411
96.347520
95.444886
96.001966
95.445226
96.246873
95.136648
96.032294
95.466362
95.881651
95.409672
96.251354
95.229587
95.887734
95.523094
95.793199
95.504732
95.983587
94.686114
95.847277
95.856343
96.491232
95.103912
96.311753
94.990642
96.652875
95.270339
96.622853
95.532548
96.437910
95.148344
96.858530
95.529895
96.687756
95.330189
96.876754
95.189301
96.344338
95.468757
96.649976
95.462911
97.073152
95.441830
96.635911
95.524036
96.552609
95.355078
96.655122
95.415129
96.893931
95.653565
96.595391
95.532972
96.744058
96.880645
95.548139
96.551305
96.439967
95.438396
96.956425
95.018154
96.831015
95.575492
96.498094
95.396262
96.881965
94.918832
96.881142
95.438222
96.492573
95.644539
96.958288
94.944784
96.812483
95.349093
96.523347
95.292729
96.983606
95.091372
96.844433
95.515482
96.499010
95.424324
96.985423
95.109519
97.911997
95.482940
96.586850
95.200340
96.819583
95.346738
97.160332
96.037433
96.994124
95.652749
96.449373
95.062630
96.864600
95.635048
96.581577
95.812702
97.025006
95.475828
97.133830
95.743305
96.746917
95.500822
96.490288
95.780752
97.360406
95.599357
96.503717
95.638909
96.861230
96.913631
95.692221
96.444075
96.422045
95.502547
96.755027
95.058172
97.057014
95.516717
96.717797
95.573987
96.912057
95.095780
97.637910
95.730304
96.577984
95.320465
96.941554
95.062796
96.885999
95.432131
96.419621
95.491579
96.993869
95.115737
96.957480
95.468100
96.507215
95.348354
96.981303
95.208410
96.977069
95.568321
96.517143
95.471294
96.992505
95.309233
97.109273
95.714622
96.548545
95.440565
97.053957
95.146460
97.036189
95.725345
96.506554
95.393779
97.064586
95.329239
97.046511
95.763204
96.479773
95.470412
96.760481
95.096937
96.945676
95.535817
96.297540
95.434603
96.960630
96.961620
95.719402
96.512618
96.818977
95.604792
96.968935
95.061221
96.930662
95.552567
96.679571
95.533365
97.106854
95.263787
96.935166
95.668792
96.704281
95.364706
97.098398
95.143452
96.625210
95.627106
96.562347
95.314586
96.990459
95.229604
97.020282
95.643515
96.763239
95.503376
96.980892
95.235413
96.991387
95.620512
96.616642
95.593218
96.893691
95.167424
96.753027
95.829453
96.640092
95.595732
96.962979
95.251834
97.071606
95.726840
96.698222
95.624020
96.862051
95.321723
96.873451
95.614123
96.600514
95.517844
96.706033
95.335145
96.810634
95.620800
96.624050
95.586251
96.911932
96.908629
95.801656
96.754393
96.814465
95.563153
97.025022
95.155900
96.924959
95.633208
96.592244
95.539679
96.919983
95.248362
96.970974
95.735930
96.695276
95.577655
96.999829
95.323906
97.042189
95.799947
96.737602
95.602673
97.081613
95.380306
96.690104
95.769794
96.727781
95.662628
97.051077
95.375239
97.023572
95.785799
96.672681
95.652963
97.077959
95.329185
97.064543
95.753213
96.767139
95.539451
97.070241
95.400723
97.118571
96.174644
96.691732
95.500301
97.010847
95.236644
96.902011
95.649248
96.809602
95.665136
96.824568
95.281427
97.015428
95.664174
96.607041
95.368347
97.007954
97.024332
95.905692
96.761162
96.820721
95.691352
97.148453
95.387355
96.933512
95.682373
96.746038
95.699430
97.313821
95.842650
96.899417
95.629070
96.720147
95.491260
96.955741
95.243148
96.923119
95.703913
96.615664
95.473175
96.964678
95.187114
96.907653
95.570872
96.630261
95.385382
96.869194
95.281995
96.882911
95.666259
96.623025
95.720954
96.981350
95.166934
96.957866
95.694171
96.675459
95.666189
97.052168
95.258136
96.950747
95.777251
96.729332
95.725408
96.987106
95.511033
97.052897
96.002571
96.757746
95.812925
96.915728
95.582487
97.036537
95.925369
96.573039
95.878140
96.649561
96.934952
95.935145
96.660585
96.777526
95.719164
97.023034
95.339372
97.028628
95.824421
96.775266
95.610369
96.960528
95.289290
96.902245
95.750097
96.711725
95.737315
97.049803
95.382964
97.048932
95.817478
96.822076
95.727700
96.907021
95.434218
96.929830
95.752547
96.635465
95.643985
96.917362
95.457314
96.851364
95.751205
96.609155
95.625781
96.880803
95.371017
96.928030
95.760063
96.628137
95.602636
96.538898
95.347698
96.822394
95.695472
96.604082
95.332255
96.765946
95.202207
96.680945
95.875413
96.713712
95.683914
96.694389
95.418559
96.882945
95.737979
96.625754
95.665195
96.803092
96.716852
95.784386
96.752275
96.707984
95.785259
96.966414
95.116497
96.912400
95.715343
96.684821
95.633319
96.973314
95.215801
96.964520
95.752101
96.793909
95.570668
96.990446
95.266609
96.941050
95.684711
96.663497
95.670755
96.901083
95.351889
96.768882
95.804361
96.593244
95.796359
96.995885
95.512716
96.863344
95.839502
96.807874
95.757401
96.933563
95.497783
97.006623
95.849696
96.625266
95.861733
97.034000
95.580720
96.996061
95.811890
96.659248
95.752139
96.979360
95.498500
97.030100
95.838690
96.709524
95.679833
96.762344
95.442077
96.953818
95.815551
96.617109
95.814468
96.822069
96.975703
96.082190
96.730259
96.864332
95.832272
97.079643
95.387043
97.008974
95.823008
96.679620
95.533785
97.100313
95.298572
97.079272
95.735452
96.717899
95.646194
97.065727
95.478947
97.106053
95.849223
96.751200
95.845669
97.131248
95.327848
97.212802
95.907989
96.883113
95.742781
97.072950
95.493629
97.130686
95.853110
96.753080
95.875155
96.141219
95.464304
92.234049
91.636842
91.503610
92.882269
93.281120
92.675905
93.373507
93.055051
93.455465
93.233541
93.725396
93.032324
93.653879
93.313703
93.600755
93.405883
94.047264
93.325635
93.759118
93.361652
93.423942
93.538064
93.935978
93.914218
93.554736
93.487006
94.704485
94.406952
94.966147
93.755089
94.836732
94.116203
94.247518
94.030696
94.643988
93.849093
94.477562
94.066483
94.244433
94.030911
94.550867
93.830712
94.435985
93.993714
94.344687
94.144089
94.737660
93.987793
94.578116
94.124547
94.278498
94.111257
94.699373
93.956493
94.546629
94.076026
94.228388
94.152316
94.775323
94.006665
94.602600
94.135143
94.265180
94.146591
94.784813
93.972813
94.634235
94.150942
94.263921
94.131269
94.849791
94.018902
94.694660
94.145783
94.224954
94.243096
94.758405
94.056854
94.620599
94.182306
94.069889
94.127104
94.592313
94.578698
94.167020
93.920149
94.642182
94.137835
95.237230
93.739373
95.102941
94.045672
94.125511
93.720183
95.024998
93.781077
94.994996
94.026736
94.086262
93.742516
94.770409
93.741401
94.643081
93.920803
94.161228
93.938205
94.573086
93.837209
94.416260
93.903676
94.142316
93.985900
94.471038
93.809765
94.398862
93.945420
94.058699
94.073652
94.584013
93.956538
94.411772
93.969252
93.999595
94.041457
94.637849
93.974714
94.508023
94.022936
94.067281
94.096466
94.743054
94.034362
94.689896
94.081529
94.152486
94.133675
94.544088
93.908259
94.512855
94.006624
93.887133
94.113008
94.473265
94.468520
94.005997
93.818160
94.606206
94.133373
95.144400
93.649304
94.961826
93.996239
94.088204
93.706998
94.976583
93.712083
94.786923
93.904732
94.012690
93.857397
94.496117
93.600664
94.327705
93.746961
93.986845
93.830544
94.291955
93.580247
94.220476
93.751492
93.883029
93.771695
94.352578
93.662786
94.276031
93.796202
94.000301
93.879246
94.533160
93.727442
94.292868
93.887865
93.977627
93.829129
94.473568
93.720763
94.337965
93.931634
93.983822
93.956985
94.555476
93.851816
94.391152
93.927882
94.054219
93.940540
94.500081
93.815745
94.208875
93.807772
93.830878
93.889509
94.356115
94.336246
93.795352
93.669711
94.709050
94.221865
94.971737
93.621875
94.804911
93.955211
94.130102
93.835800
94.875130
93.720732
94.733753
93.941112
94.113670
93.823121
94.495781
93.711844
94.372686
93.841140
94.099350
93.815398
94.268577
93.568841
94.180526
93.773011
94.077998
93.856402
94.254987
93.709313
94.204016
93.823362
94.074248
93.860980
94.424502
93.708255
94.256678
93.815350
94.018908
93.888892
94.537638
93.833069
94.446098
93.974315
94.058006
94.004023
94.563510
93.901966
94.473911
94.000740
94.157348
94.001316
94.619996
93.885442
94.235221
93.879934
93.869730
93.985905
94.428934
94.413239
93.948051
93.779601
94.823609
94.202076
95.063457
93.788104
95.057855
94.122048
94.291368
94.063060
94.734804
93.833716
94.557611
94.099310
94.245386
94.077160
94.541055
93.845276
94.454797
94.114633
94.244604
94.035032
94.406122
93.788999
94.272137
93.986159
94.228468
94.099048
94.419596
93.839948
94.275119
94.011337
94.156976
94.031750
94.441904
93.914934
94.374607
94.069335
94.307195
94.120290
94.635994
93.897450
94.472830
94.130004
94.360216
94.191182
94.615349
94.049893
94.493241
94.267486
94.443473
94.290200
94.665027
94.113267
94.566925
94.111474
94.126624
94.166120
94.515604
94.447871
94.183493
94.098269
94.922164
94.512668
95.085624
93.785906
95.104774
94.128744
94.376548
94.132914
94.795325
93.992178
94.753587
94.167691
94.286004
94.007060
94.171185
95.208359
95.788368
95.772710
96.118937
95.997316
96.051144
95.766705
96.046449
96.069362
96.313604
96.169588
96.156835
95.883781
96.193820
96.110556
96.356607
96.133580
96.130289
95.906688
96.182311
96.204247
96.430101
96.227154
96.293669
95.987381
96.300935
96.298017
96.495911
96.317545
96.392485
96.085437
96.334998
96.260933
96.496685
96.231452
96.298582
96.113242
96.151695
96.077467
96.250924
96.169872
96.171866
96.290964
96.270738
96.423708
96.890611
96.529298
96.493760
95.995083
96.284696
96.260308
96.487091
96.208496
96.293079
96.056706
96.311254
96.268170
96.527317
96.265964
96.354933
96.091328
96.276829
96.351004
96.541895
96.338333
96.368624
96.154832
96.323056
96.310568
96.528846
96.296221
96.352556
96.126077
96.345023
96.311658
96.494030
96.325882
96.387105
96.132267
96.373915
96.286145
96.605845
96.334160
96.316197
96.175284
96.411311
96.312714
96.543084
96.368802
96.425866
96.175221
96.392843
96.327708
96.534464
96.383485
96.394411
96.148536
96.303392
96.212061
96.355596
96.224862
96.238176
96.347452
96.252298
96.399774
96.874455
96.470766
96.438957
95.950288
96.242149
96.220362
96.468683
96.197786
96.282879
96.042293
96.263070
96.259728
96.502076
96.253409
96.339237
96.132175
96.286137
96.243631
96.550304
96.267214
96.361149
96.123158
96.365301
96.323100
96.575716
96.303771
96.338648
96.193953
96.392512
96.324128
96.565087
96.320752
96.401109
96.231225
96.383139
96.343932
96.574664
96.336305
96.404162
96.211892
96.319344
96.312571
96.577812
96.298804
96.469954
96.155827
96.381022
96.370652
96.593894
96.345975
96.415550
96.201185
96.369549
96.210260
96.383889
96.274331
96.353026
96.421011
96.330896
96.446910
96.879159
96.450248
96.522203
96.005385
96.241611
96.179171
96.518078
96.284137
96.326159
96.087921
96.340900
96.269837
96.515646
96.294328
96.375115
96.165808
96.336220
96.235777
96.505337
96.242616
96.396303
96.085586
96.332404
96.294941
96.565930
96.288916
96.375375
96.144442
96.322943
96.277890
96.614322
96.283740
96.418629
96.136390
96.427737
96.295439
96.550093
96.278550
96.439159
96.211917
96.394429
96.321914
96.554998
96.389004
96.428947
96.213630
96.393046
96.334141
96.586278
96.354308
96.456400
96.211135
96.355501
96.251831
96.304771
96.271407
96.324829
96.355104
96.272899
96.370566
96.715863
96.490908
96.506655
95.912401
96.282178
96.150833
96.478779
96.124929
96.333786
96.018706
96.270625
96.244544
96.395318
96.187214
96.299896
95.988881
96.307604
96.255222
96.480009
96.248890
96.406887
96.310879
96.333077
96.286513
96.476746
96.279620
96.353292
96.032822
96.351939
96.295185
96.485839
96.319247
96.367932
96.113520
96.308630
96.286042
96.471831
96.245650
96.395544
96.160243
96.357070
96.265352
96.438384
96.289948
96.384766
96.187286
96.357984
96.325003
96.515061
96.315235
96.468391
96.221757
96.355190
96.231732
96.304315
96.263817
96.315081
96.413495
96.310313
96.412924
96.913972
96.462823
96.495086
96.000431
96.274188
96.203897
96.491068
96.230076
96.349333
95.990727
96.392250
96.162749
96.399741
96.339827
96.412363
96.080843
96.338917
96.243530
96.476085
96.200020
96.310406
96.046558
96.251971
96.251286
96.487402
96.219199
96.297476
96.016884
96.317439
96.175369
96.447386
96.256695
96.290215
96.050659
96.336603
96.256946
96.518127
96.231274
96.315259
96.102845
96.363827
96.259415
96.481858
96.286532
96.383599
96.114512
96.208884
96.272564
96.481281
96.216901
96.359965
96.085010
96.188372
96.145227
96.202293
96.099036
96.247492
96.246728
96.197105
96.351390
96.868540
96.431609
96.505436
95.903293
96.260671
96.168860
96.484335
96.158408
96.317269
96.031549
96.313380
96.243064
96.440588
96.219516
96.318666
96.050802
96.277683
96.210539
96.485835
96.202738
96.377275
96.073839
96.290835
96.270060
96.439712
96.236954
96.334575
96.069863
96.249935
96.213836
96.510895
96.243546
96.365825
96.121186
96.385870
96.237032
96.531465
96.285114
96.333658
96.159524
96.351227
96.262183
96.460130
96.345832
96.402557
96.191321
96.291538
96.318270
96.448019
96.345686
96.370995
96.163372
96.275479
96.222127
96.261919
96.144963
96.298591
96.357962
96.263801
96.370642
96.876197
96.473298
96.499445
95.939819
96.285665
96.181763
96.460194
96.156562
96.308604
96.017236
96.288774
96.193792
96.472122
96.242429
96.311663
96.129031
96.330524
96.263335
96.509984
96.272789
96.367477
96.078447
96.338437
96.178066
96.388413
96.220315
96.303859
96.102356
96.244880
96.194572
96.378436
96.211060
96.297383
96.107179
96.354107
96.235122
96.404381
96.254564
96.328011
96.144925
96.383435
96.309977
96.437068
96.234117
96.365276
96.162350
96.340096
96.216374
96.405966
96.212900
96.302834
96.110534
96.191448
96.178736
96.186959
96.107483
96.204973
96.259528
96.260346
96.351213
96.805776
96.454088
96.492372
96.001562
96.281358
96.169938
96.446264
96.200352
96.412950
96.027117
96.283108
96.210278
96.473263
96.210158
96.360855
96.049045
96.309515
96.212407
96.446242
96.232085
96.334491
96.085402
96.285551
96.243404
96.451594
96.256819
96.306195
96.117053
96.355647
96.222728
96.435481
96.196988
96.289627
96.115007
96.376714
96.222922
96.413772
96.219506
96.241154
96.140379
96.305334
96.251779
96.457949
96.268847
96.383704
96.123165
96.345681
96.301152
96.418323
96.267783
96.386271
96.081681
96.241881
96.162636
96.185437
96.083661
96.193248
96.264450
96.164479
96.349693
96.840335
96.501812
96.401594
95.918457
96.215259
96.162471
96.366014
96.192720
96.270944
95.885809
96.285382
96.121687
96.451055
96.201879
96.337679
95.972705
96.320503
96.290855
96.449135
96.174471
96.403659
96.048983
96.305581
96.208941
96.456472
96.283612
96.321532
96.113732
96.333265
96.252267
96.477593
96.206972
96.291080
96.034104
96.278620
96.162861
96.413929
96.257169
96.321671
96.046654
96.264291
96.222909
96.447419
96.195888
96.323688
96.082136
96.286060
96.209800
96.414813
96.234600
96.324490
96.118005
96.133219
96.079000
96.150230
96.071672
96.200839
96.270946
96.135482
96.346689
96.810259
96.447537
96.450696
95.942059
96.220647
96.093196
96.469322
96.223669
96.265320
95.995480
96.269201
96.205315
96.508691
96.140681
96.377787
95.986322
96.265150
96.166428
96.430082
96.206094
96.325580
96.074811
96.270791
96.164570
96.479032
96.228630
96.277220
96.088478
96.315930
96.222113
96.518437
96.197913
96.300854
96.080778
96.274061
96.185699
96.454797
96.098341
96.324865
95.978486
96.269880
96.155584
96.360027
96.183677
96.290496
95.934528
96.195420
96.234563
96.436222
96.150579
96.324514
96.018121
96.183661
96.059167
96.086391
96.032642
96.177042
96.233911
96.108359
96.282139
96.770538
96.305476
96.539738
95.856042
96.267774
96.513507
96.401855
96.129386
96.405166
96.073446
96.528451
96.380346
96.362924
96.118196
96.274453
95.868268
96.215182
96.101739
96.332135
96.190004
96.329623
96.070769
96.356174
96.351186
96.357967
96.160087
96.386855
96.113809
96.554160
96.402847
96.226978
96.079933
96.200004
95.944006
96.278758
96.153771
96.372679
96.122740
96.188202
95.964291
96.223717
96.122636
96.413149
96.234635
96.340693
96.078253
96.222642
96.177198
96.391848
96.128987
96.375223
96.075375
96.242497
96.142633
96.064568
96.054327
96.205792
96.251544
96.144831
96.311859
96.794039
96.502588
96.466479
95.916352
96.291464
96.156132
96.457092
96.134330
96.238124
95.914234
96.229849
96.065006
96.455813
96.080621
96.290134
95.998428
96.309014
96.138418
96.441723
96.180745
96.269709
95.996333
96.280517
96.114694
96.320356
96.094293
96.221266
95.943780
96.234512
96.123416
96.378909
96.176620
96.346683
96.156893
96.326054
96.207914
96.665409
96.233064
96.459499
96.023797
96.356872
96.261327
96.543397
96.239039
96.457753
96.033477
96.330261
96.219186
96.474209
96.173952
96.417387
96.093560
96.282443
96.186044
96.198149
96.140409
96.256480
96.255261
96.208966
96.333082
96.800388
96.377871
96.490831
95.900409
96.218373
96.095856
96.435117
96.084595
96.232406
95.927513
96.235482
96.155106
96.331020
96.075822
96.290211
95.968130
96.298105
96.062800
96.319980
96.269884
96.329009
95.961842
96.267551
96.129502
96.413084
96.256806
96.345464
96.069765
96.331803
96.197424
96.454020
96.173395
96.341833
96.052505
96.327908
96.217262
96.472631
96.222620
96.378667
96.166933
96.303980
96.227703
96.482846
96.189983
96.371244
96.030814
96.259006
96.209523
96.449468
96.163626
96.341802
96.101211
96.226694
96.030467
96.156248
96.073271
96.160163
96.253505
96.141437
96.266083
96.827616
96.383867
96.537131
95.977064
96.238685
96.104781
96.391196
96.065767
96.253381
95.929028
96.193534
96.116150
96.386554
96.034349
96.239905
95.888758
96.253775
96.123342
96.377599
96.115759
96.308072
95.907572
96.228485
96.147477
96.433916
96.157853
96.311152
95.925965
96.215451
96.048813
96.318596
96.120525
96.269676
95.985767
96.274516
96.141307
96.347504
96.035150
96.312409
96.004480
96.293577
96.171430
96.403355
96.032712
96.330864
96.015035
96.273148
96.133681
96.360472
96.130518
96.257348
95.993558
96.138268
96.053744
96.152690
96.093379
96.184492
96.162012
96.133403
96.276848
96.801510
96.427338
96.576643
95.956049
96.307571
96.102945
96.382445
96.068802
96.312461
95.907207
96.256428
96.069634
96.391795
96.052867
96.371823
95.952549
96.287964
96.107184
96.450128
96.102938
96.317815
95.978528
96.303635
96.129352
96.491597
96.201960
96.434012
96.031382
96.363708
96.149612
96.458199
96.235371
96.413132
96.091496
96.433519
96.240307
96.459478
96.132273
96.469999
96.105902
96.358213
96.228087
96.453605
96.217434
96.438316
96.163205
96.451169
96.323571
96.522679
96.306130
96.482251
96.160285
96.371563
96.249823
96.344437
96.186457
96.420251
96.443521
96.356300
96.480551
96.910983
96.404411
96.555405
95.956989
96.297509
96.189003
96.484785
96.176291
96.401483
96.073687
96.384929
96.250025
96.571050
96.265146
96.417160
96.130441
96.362377
96.297993
96.621744
96.298887
96.392972
96.057415
96.413942
96.214460
96.446783
96.199392
96.396256
96.111029
96.355356
96.226606
96.628808
96.143751
96.446542
96.012093
96.410633
96.236016
96.521561
96.201316
96.442316
96.124625
96.305584
96.176658
96.501261
96.272063
96.506190
96.114684
96.423781
96.253109
96.471668
96.166231
96.441809
95.951551
96.372372
96.202370
96.296076
96.205740
96.446766
96.352320
96.296509
96.313349
96.828156
96.333821
96.503898
95.672763
96.276433
96.046271
96.329802
95.920972
96.297808
95.837581
96.243215
96.030682
96.265426
95.850902
96.348673
95.879910
96.303349
96.128586
96.234296
96.091548
96.255939
95.855594
96.265317
96.095834
96.226290
95.812576
96.240133
95.945418
96.185954
95.987681
96.114951
95.818175
96.197749
95.881196
96.169220
96.005726
96.101787
95.815203
96.233750
95.863671
96.202143
95.995787
96.146051
95.868171
96.118410
95.759604
96.159654
95.919306
95.952425
95.567845
96.168928
95.846352
95.984187
95.794717
95.616679
95.647774
95.882934
95.930217
95.741585
95.572777
96.239723
95.551754
96.131671
95.245064
95.929624
95.687449
95.708323
95.567409
95.810608
95.471287
95.858534
95.668074
95.801258
95.320393
95.892344
95.393353
95.857670
95.527841
95.764125
95.487979
95.942102
95.301554
95.886705
95.505827
95.679481
95.332446
95.900519
95.529784
95.885224
95.558321
95.708252
95.409713
95.926539
95.544062
95.847000
95.650148
95.700249
95.398763
95.961487
95.542868
95.982814
95.653296
95.700847
95.515087
96.020716
95.677606
96.056842
95.768779
95.726778
95.349233
96.123720
95.446881
95.999481
95.713660
95.621761
95.600733
95.994100
96.010164
95.603504
95.649084
96.294509
95.384236
96.223092
95.083335
95.927273
95.612626
95.856646
95.214776
95.901368
95.252088
95.859221
95.509327
95.801879
95.234279
95.903180
95.288342
95.813116
95.430504
95.652765
95.375588
95.785900
95.157313
95.733423
95.273399
95.640045
95.186216
95.853966
95.345557
95.855415
95.538105
95.708383
95.240813
95.906720
95.414345
95.804732
95.479562
95.643393
95.316384
95.804733
95.405919
95.822420
95.490605
95.569574
95.296347
95.807313
95.434890
95.792753
95.565292
95.606425
95.208638
95.912325
95.319969
95.848748
95.507375
95.403820
95.122425
95.759979
95.722776
95.345623
95.446065
96.231712
95.317490
96.090733
94.995212
95.874808
95.460646
95.637576
95.139453
95.856606
95.181735
95.772870
95.302750
95.604399
95.038332
95.841212
95.192041
95.705436
95.281536
95.591922
95.260497
95.787049
95.164538
95.694447
95.283033
95.618071
95.183456
95.790510
95.205985
95.741678
95.368398
95.619633
95.225691
95.743155
95.280658
95.702583
95.435073
95.427790
95.359114
95.834256
95.194338
95.804729
95.465352
95.512309
95.311748
95.780491
95.483162
95.772952
95.526328
95.593587
95.144428
95.911628
95.237944
95.850356
95.571375
95.383958
95.107458
95.789589
95.717863
95.405527
95.410349
96.180371
95.469606
96.001576
94.888440
95.824899
95.528737
95.605674
95.099995
95.851306
95.023647
95.843979
95.441427
95.670707
95.069356
95.898136
95.354096
95.951318
95.438220
95.688632
95.142622
95.993291
95.370039
95.976393
95.501557
95.767707
95.242820
96.189063
95.674596
96.094126
95.666518
95.657170
95.341385
96.087719
95.204205
95.998480
95.626942
95.540828
95.226867
95.973523
95.112935
95.755071
95.484930
95.403790
95.066203
95.910840
95.246488
95.828380
95.241764
95.402555
95.145011
95.948839
95.365588
95.814780
95.683445
95.237340
95.093545
95.900779
95.806333
95.510085
95.321766
96.000777
94.876288
96.142002
94.751425
95.845002
95.505657
95.487821
95.434580
95.630979
95.179504
95.793199
95.369871
95.457644
94.835852
95.822608
95.061822
95.657948
95.211315
95.370559
94.728157
95.708625
95.006341
95.554831
95.011765
95.313386
94.883065
95.744454
95.069191
95.708163
95.242560
95.311414
95.121635
95.701972
94.997392
95.748033
95.428502
95.354108
95.101410
95.819312
95.114789
95.667489
95.425459
95.292580
94.938963
95.950131
95.222978
95.882223
95.621553
95.427190
95.619155
92.613762
89.094658
90.042633
87.727770
84.990025
89.622474
91.532753
91.732392
89.908090
94.545076
