93.619170
93.413402
92.826744
93.878241
92.115094
92.636435
90.754839
92.650706
92.671301
92.417286
92.826168
93.101054
92.912221
93.066043
93.039423
93.805782
92.985757
93.139859
92.869629
92.510785
92.348009
93.887630
92.485157
93.100416
92.967872
93.059535
92.438530
93.929224
92.449306
92.660684
92.804266
92.493362
92.366567
93.303757
92.302485
92.385877
92.510239
91.890797
92.225416
92.458031
92.155070
92.378328
92.290430
91.770982
92.135425
93.038222
92.094596
92.256378
92.082567
92.223598
92.091026
93.038440
91.954116
91.805001
90.523698
91.781716
91.572873
91.667766
91.611789
90.506671
93.479534
92.656377
92.213538
92.787056
91.828668
91.674835
90.304539
91.575639
91.613973
91.574815
91.898062
92.227964
92.525869
92.360239
92.105480
92.937220
92.153631
92.322218
92.261883
92.252369
92.202894
93.081679
92.249898
92.540930
92.775224
92.552878
92.335255
93.782510
93.017107
93.087474
92.840372
92.534443
91.890509
93.259354
92.408024
93.012047
92.802232
92.752011
92.491656
93.892443
92.439201
93.203709
93.204662
92.740705
92.655831
93.956255
92.549337
93.128674
92.993755
92.553596
92.359742
93.779603
92.234917
92.211959
91.890938
92.806106
92.668270
92.654638
92.093494
91.972027
93.629981
92.237097
92.263814
93.008753
91.816689
92.325959
91.105913
91.942571
92.059738
92.570014
92.344269
93.197805
93.223867
93.177957
93.068916
93.915374
93.233017
93.254234
93.432766
92.853260
92.793596
94.048229
92.839087
93.505883
93.671521
93.131079
92.994962
94.152325
93.046972
93.662601
93.744359
93.106599
92.555153
94.210983
92.731623
93.239632
93.777920
93.224136
93.081279
93.736673
92.932191
93.181443
93.786905
93.240638
93.035505
93.774290
93.025663
93.277819
93.623844
93.169687
92.917509
94.165905
92.892243
92.880081
92.609713
92.810880
92.888767
93.168869
93.491549
92.823662
94.361463
93.738363
93.040993
94.110201
92.754211
93.081209
91.868652
93.083892
93.132129
93.067813
93.378466
93.614363
93.857196
93.779435
93.737407
94.297121
93.614883
93.796951
93.719357
93.676491
93.585683
94.378143
93.706584
93.824398
93.954237
93.946622
93.703692
94.320607
93.556307
93.790755
93.933768
93.390255
93.410666
94.449876
93.797809
93.859486
94.004835
93.420827
93.341705
94.425359
93.716086
93.702140
93.590359
93.322116
93.246862
94.393046
93.210896
93.774190
93.819614
93.814991
93.643645
94.385348
93.397398
93.357088
92.648797
93.389765
93.425527
93.810950
93.530187
92.935339
94.139170
93.194913
92.848929
93.473207
92.520591
92.515198
91.560558
92.372719
92.538412
92.490631
92.843856
93.260820
93.605746
94.104366
93.978258
94.845096
94.093089
94.177668
94.000871
93.440336
93.261156
93.888095
93.275308
93.794249
93.740947
93.678500
93.586759
94.467389
93.783505
93.932902
94.118428
93.820036
93.708977
94.375233
93.874758
93.940544
94.127092
93.860602
93.774277
94.428450
93.815591
93.885756
94.042301
93.565211
93.757581
94.516294
93.826032
93.886508
93.933642
93.534786
93.768602
94.563946
93.871218
94.099761
93.215189
93.816263
94.166075
94.210718
94.518661
93.495532
94.297345
93.511399
93.247905
93.692709
92.715438
92.662230
91.915706
92.930203
92.913379
92.910304
93.224402
93.315090
93.901432
94.221699
94.103991
94.862672
94.270953
94.338729
94.070843
93.986858
94.362509
94.477863
93.845370
94.556621
94.158433
93.967041
93.544733
94.692464
93.676467
94.169869
94.213884
93.959017
93.916415
94.617953
93.942560
94.084348
94.197824
93.729884
93.916202
94.715168
94.166596
94.266252
94.561883
94.007385
93.559988
94.567583
93.421921
94.380353
94.317456
94.030068
93.753333
95.100991
94.081660
94.423378
93.276098
94.276379
94.249891
93.929461
94.618000
93.615814
94.467386
93.394597
93.335825
93.717402
92.821857
92.766249
91.972725
92.802874
92.895508
92.750195
93.544841
93.969782
93.891678
94.146640
94.109343
94.896053
94.233482
94.757783
94.299444
94.091508
93.942821
95.081377
94.107247
94.129112
94.580784
94.068626
94.007146
95.123397
94.434346
94.539826
94.647532
94.015419
93.810190
94.761758
93.787726
94.214725
94.726570
94.215647
94.099312
95.212421
94.066467
94.282377
94.619532
93.853977
93.942712
94.723923
94.029488
94.149236
94.341684
94.003752
94.357267
94.674631
94.529644
94.495962
93.593973
94.626970
94.542321
94.674044
94.647874
93.724401
94.237810
93.254500
92.707714
93.441774
92.727810
93.142512
92.321895
93.389640
93.592590
93.261424
94.316778
94.492464
93.931695
93.825983
93.704485
94.785636
94.453198
94.787554
94.551248
94.497805
94.059765
95.355754
93.756277
94.289322
94.931822
94.306279
94.511195
95.082443
94.653083
94.406647
95.131330
94.432189
94.357736
95.197246
94.784018
94.821262
95.174738
94.463990
94.392774
95.308555
94.643482
94.570092
95.111788
94.444289
94.355580
95.188344
94.466358
95.042288
95.211507
94.484609
94.667271
95.726032
95.040770
95.209243
94.821361
94.832322
95.031809
94.732170
95.041669
94.923070
94.598339
94.000004
93.556230
94.249798
93.521136
94.042189
93.172971
94.246281
94.238468
94.244987
94.454259
94.692434
94.809181
95.181915
94.731891
96.146106
94.881877
95.013083
95.268788
94.919530
94.920922
95.728910
95.313257
95.357194
95.132157
94.777271
94.326600
95.638206
94.579436
94.942579
95.261105
95.063661
94.996157
95.884154
94.988966
95.117079
95.268021
94.780083
94.535970
95.466825
94.689801
95.192766
95.395500
95.072440
94.724764
95.890156
94.653841
95.051990
95.347046
95.549015
95.039815
96.467706
95.101817
94.845924
94.908650
95.185784
95.033378
95.478670
95.408918
95.070425
95.510334
95.114881
94.928186
95.869043
94.681019
95.192248
94.371341
95.314106
95.305448
95.220334
95.034388
95.171186
95.596824
95.639474
95.576298
96.147403
95.529300
95.546471
95.360293
95.578094
95.617215
96.202297
95.772392
95.840892
95.656868
95.315851
95.101811
96.110604
95.688932
95.785861
95.434458
95.396759
95.201773
96.502521
95.265873
95.383468
95.722779
95.559895
95.319839
95.996365
95.085553
95.272950
95.581816
95.567910
95.545570
96.146040
95.213101
95.302079
95.344386
95.600308
95.494805
95.950886
94.884620
94.836942
94.520319
94.701471
94.701888
95.509003
94.902803
94.369845
95.688401
95.023305
94.889563
95.696088
95.034736
95.058948
93.951698
95.073641
95.128502
95.049000
94.736998
94.834228
95.191637
94.926133
94.823417
95.225856
94.835492
95.003250
94.819553
94.812033
94.771187
95.240227
95.005211
95.023692
95.134624
95.832280
95.809465
96.227708
95.469076
95.500313
95.460441
95.509920
95.467178
95.392257
95.438580
95.473701
95.106748
94.886900
95.340972
95.905036
95.435212
95.455375
95.481398
95.424349
95.297306
95.788420
95.316011
95.323999
95.154744
95.190937
95.247546
96.083902
95.214355
95.277532
94.717919
95.160109
95.602186
95.717517
95.498065
94.798353
95.498554
94.784659
94.446452
95.301017
94.540728
94.651056
93.730998
94.633279
94.700177
94.654275
94.890418
94.987903
94.969396
95.353025
95.224466
95.751458
95.243182
94.993846
94.975499
95.060020
94.975946
95.386715
94.804204
95.029870
94.721079
94.969772
94.896825
95.384069
94.889345
94.988604
94.886848
95.167855
95.161061
95.595308
94.752013
94.888663
94.861444
94.747253
94.581667
94.540613
94.431864
94.483222
94.117222
94.518209
94.527911
94.953237
94.465005
94.566334
94.223035
94.487360
94.439528
95.449316
94.504947
94.550814
93.615111
94.903705
94.873754
94.933345
94.984590
94.000080
94.738448
94.269881
94.167622
94.818806
94.228230
94.273641
93.302958
94.456775
94.656759
94.584403
94.810647
94.911718
94.547328
95.158984
95.124543
95.705728
95.281410
95.291903
94.896514
94.995915
94.997758
95.808442
95.309350
95.428825
94.726117
95.355140
94.850030
95.774056
94.937080
95.390749
94.946968
94.861133
94.860509
95.729324
95.241751
95.410203
95.008667
95.061357
94.987385
95.872050
95.055511
95.133337
94.807513
94.994737
94.814695
95.770288
94.981028
95.525550
94.672948
94.839808
94.425299
95.795404
94.408507
94.477907
94.155235
95.628426
95.475510
94.899493
94.801266
93.963889
94.587682
94.176381
93.857884
94.631473
94.020426
94.251755
93.332868
94.779797
94.779160
94.684841
94.665975
94.730138
94.352149
94.842696
94.986400
95.715548
94.935379
94.996277
94.688393
94.652601
94.849004
95.407734
94.879489
95.511793
94.728668
94.690228
94.724227
95.945638
94.402761
94.908225
95.148284
94.745637
94.966777
94.896795
94.658938
94.682037
94.321481
94.670653
94.290426
95.232932
94.328961
94.706246
94.439439
95.229879
94.855938
95.702236
94.404325
94.510155
94.588603
94.661536
94.572521
95.067959
94.515809
94.691235
93.684983
94.691604
94.697397
94.707708
94.610935
93.974066
95.033823
95.487910
95.517735
96.190253
94.740134
95.013337
94.280362
94.841533
94.819005
94.284030
94.848899
94.829729
94.668752
94.907438
94.756259
95.246668
94.604204
94.772377
94.616234
95.104632
95.043653
95.531635
94.939553
94.520218
94.416382
93.960452
93.938394
94.841113
94.241428
94.521641
94.250321
94.972921
94.900850
95.562214
94.821141
94.719037
95.123518
94.757467
95.243222
95.704974
95.263913
95.513837
95.274753
95.280001
95.332643
95.645140
95.076395
95.254285
95.168126
95.976580
95.931486
96.115908
94.191765
94.652312
94.537200
94.656917
94.630783
94.700942
94.375566
93.863594
95.101939
95.515696
95.417607
95.956615
93.777669
93.520741
93.916514
93.006724
92.977109
93.233311
93.260983
93.847312
93.982565
93.767093
93.947251
94.443121
93.868639
94.017030
94.431992
94.854268
94.727779
95.382200
94.709284
94.978447
94.671255
95.450163
95.470174
95.869006
95.626376
95.823480
95.327905
95.789950
95.588205
96.459624
95.748167
95.934576
95.549747
95.790562
95.740389
95.970694
95.672485
95.849133
95.332786
95.711580
95.653843
96.014944
95.654138
95.783479
95.281138
95.713428
95.550623
95.821712
95.450364
95.787865
94.866710
95.584757
95.558129
95.354107
95.098328
94.492487
95.697556
95.709377
95.566342
95.958992
95.580492
95.769541
94.727983
95.726380
95.686029
95.842372
95.970471
95.982660
95.785174
95.905422
95.894102
96.318404
96.012492
96.164517
95.670445
96.162261
96.152690
96.470369
96.207214
96.227120
96.107201
96.270201
96.094601
96.414267
96.208144
96.271729
95.823518
96.195391
96.117062
96.443731
96.112806
96.226204
96.173798
96.115138
96.021771
96.344375
96.051221
96.144318
95.851963
95.796111
95.494745
96.387477
95.411838
96.117610
95.714437
96.629978
96.418016
96.561194
96.370610
96.794159
95.164259
95.193449
95.209297
95.352274
95.293582
94.757216
96.195680
97.025756
96.509771
96.504119
94.922679
94.745516
94.970750
93.979392
94.564575
93.892062
93.457021
93.696929
93.851576
93.342586
93.673470
94.527607
93.936758
93.428370
93.946179
93.507788
93.640023
94.059919
93.702309
93.769497
94.351970
94.556009
94.582605
94.918665
94.690405
94.804690
94.400937
95.197836
94.686115
95.532962
95.160376
94.853880
94.921629
95.067335
94.934290
95.826181
95.213202
95.087736
93.596713
93.021349
92.775449
92.979309
93.629701
93.708332
94.400222
94.379937
93.938082
95.162073
93.808216
93.744324
93.214361
93.819028
94.593660
93.831962
93.799708
93.424178
95.959064
95.275386
95.229130
94.770049
94.715140
94.636338
94.403230
94.597807
94.541493
94.576646
94.820424
94.831587
95.252293
95.015784
94.761764
95.038737
95.033604
95.147467
95.950139
95.176908
95.097315
95.376923
95.154456
95.359503
95.771205
95.295793
95.241459
95.520780
95.271316
95.168867
95.559888
95.250426
95.268164
95.521504
95.243616
95.282562
95.626265
95.282766
95.256620
95.426252
95.224406
95.166123
95.536500
95.457136
95.456047
95.544967
95.847126
95.715763
95.459933
95.476763
95.823267
96.035137
95.712810
95.862143
94.865233
95.364017
95.099782
95.393576
95.391925
94.965611
95.787659
95.218655
95.023681
94.381400
94.280563
94.350453
94.243568
94.420879
94.412501
94.513971
94.740490
94.691696
95.172284
94.826468
94.852605
94.924951
94.931576
94.926549
95.374593
95.052088
94.985588
95.320433
95.153938
95.112703
95.533379
95.304529
95.260990
95.764303
95.263948
95.351250
95.652791
95.252723
95.147293
95.492292
95.403172
95.452715
95.715123
95.258715
95.383011
95.539167
95.492614
95.546852
95.718789
95.481530
95.468194
95.542495
95.486321
95.497921
95.512444
95.425215
95.506355
95.830317
95.404534
95.398800
94.949766
95.351650
95.350023
95.353981
95.363093
94.957587
95.795329
95.071516
94.995555
94.486238
94.420401
94.344352
94.347245
94.619583
94.603674
94.547025
94.793257
94.858898
95.164837
94.970207
94.963390
94.983552
95.100650
95.103023
95.435363
95.171375
95.371504
95.566233
95.324642
96.442812
95.411750
95.175440
95.185534
95.783482
95.367237
95.690311
95.939255
95.697280
95.728474
95.755792
95.298341
95.553805
95.965958
95.568165
95.677587
95.814592
95.708450
95.781631
95.925033
95.399294
95.566428
95.559352
96.314939
96.247718
95.547235
95.560994
95.478039
95.795169
95.468579
95.440540
95.006523
95.449343
95.431263
95.393011
95.379377
95.002994
95.844260
95.315511
95.004347
94.465122
94.318602
94.916994
94.568164
94.824262
94.556674
94.556127
94.737148
94.797982
95.080620
94.948743
94.886026
94.849633
94.898820
94.982921
95.310151
95.056822
95.077406
95.440130
95.596794
95.191623
95.572209
95.498702
95.423654
96.270523
95.734485
95.826650
95.708900
95.164316
95.230900
95.463122
95.463964
95.755606
95.871833
95.513271
95.486567
95.686900
95.586710
95.505749
95.659001
95.572731
95.587796
95.519358
95.568877
95.557006
95.534005
95.569549
95.601301
95.855790
95.744239
95.407008
95.013612
95.366576
95.874081
96.236884
95.569838
94.995663
95.821671
95.237727
94.999810
94.359097
94.287214
94.235767
94.207802
94.513942
94.527258
94.506774
94.814299
94.852487
95.135127
94.911563
94.808999
94.898018
94.878880
94.888076
95.384834
95.561868
95.173648
95.384357
95.122648
95.230535
95.581469
95.194848
95.413506
95.433335
95.199205
95.276954
95.654481
95.200938
95.223959
95.465845
95.423377
95.458826
95.708552
95.298623
95.448676
95.562547
95.491774
95.540502
95.703206
95.453300
95.448397
95.577580
95.522681
95.469199
95.651610
95.523049
95.445016
95.779452
95.413150
95.378002
95.041093
95.426369
95.404422
95.409750
95.384580
94.962461
95.824533
95.111245
95.056199
94.422033
94.268323
94.336122
94.442754
94.455203
94.465280
94.509384
94.586033
94.570998
94.855066
94.632290
94.610645
94.833496
94.719245
94.753619
94.575620
95.226079
95.432610
95.280473
95.838326
96.624387
94.785803
95.774878
95.828274
96.134055
95.853505
96.172686
95.763455
96.154806
95.682676
96.626712
96.236073
96.417887
96.078712
95.930130
96.033904
96.526211
96.259124
96.464796
96.347682
96.520401
96.273653
96.961618
96.155855
96.144415
96.335411
96.368032
97.055365
96.907980
96.562953
96.191610
96.271715
96.129389
96.073837
96.517087
96.531324
96.415772
96.560752
96.907419
96.770250
97.168662
95.824181
95.775465
96.108075
95.933412
95.871880
95.773600
95.946146
95.916825
95.943090
96.264810
95.816244
96.107804
95.837734
95.838300
96.014185
96.279426
96.386179
96.643329
96.495323
96.435561
96.147989
96.544515
96.483824
96.945825
97.783659
96.469599
96.382463
96.008234
95.921056
96.747844
96.770951
96.941048
96.508453
96.723799
95.911068
96.664129
96.026967
96.107061
96.292934
97.137838
97.141932
97.204804
96.358145
96.186776
96.345897
96.026107
95.897581
96.517385
96.388549
95.851661
95.408360
95.830416
95.912715
95.828741
95.800641
95.534579
96.696585
97.207264
96.898379
97.182179
96.545847
95.728362
96.023319
95.509602
95.292790
95.309566
95.961934
95.464381
95.528896
95.252145
95.243540
95.408160
95.357388
95.235415
95.682759
95.589486
95.631658
95.868923
95.714220
95.732712
96.078196
96.318859
96.369091
96.630821
96.472156
96.467218
96.269331
96.837991
96.794353
97.024593
96.567106
96.298256
96.444622
96.117754
96.147233
96.061205
96.005427
96.056929
96.086716
96.013442
96.001832
96.389703
96.226302
96.448650
96.098101
96.433328
96.412809
96.562669
96.433223
96.454979
95.844839
96.406041
96.337021
96.763226
96.509394
95.985028
96.700926
96.502039
96.501962
96.509485
96.199988
96.308021
95.700146
96.305524
96.279781
96.274958
96.398960
96.443730
96.396245
96.752857
96.754201
96.873957
96.554203
96.506326
96.460557
95.894034
96.082526
96.084109
96.823968
96.869798
96.656316
96.507353
95.801350
96.966920
96.269020
96.257423
96.502721
96.507735
96.494190
96.290048
96.597220
96.593833
96.349670
96.216092
96.061562
96.710729
96.070000
96.469142
96.236749
96.541391
96.437608
96.634815
96.410651
96.430007
96.285006
96.389103
96.382796
96.634677
96.402940
96.480756
95.880383
96.363619
96.427342
96.461923
96.322781
95.980083
96.503947
96.379965
96.427156
96.507349
96.204141
96.331523
95.756823
96.283302
96.259474
96.289764
96.495111
96.382087
96.256615
96.419062
96.342875
96.734592
96.473004
96.518283
96.452190
96.849301
96.875236
97.023096
96.935485
96.293300
96.606006
95.928904
95.890659
96.100935
96.297924
96.261085
96.650743
96.817407
96.793964
96.739488
96.508111
96.001059
96.357387
95.855639
95.822593
96.384489
96.151576
96.497152
96.026011
96.190332
95.936499
96.212368
96.110242
96.078037
96.192153
96.526174
96.582791
96.719376
96.460316
96.489098
95.859424
96.410383
96.377243
96.790945
96.409740
95.996359
96.536194
96.638202
96.659063
96.745424
96.301333
96.268634
95.642757
96.436709
96.700292
96.841035
96.547040
96.331255
96.126701
96.342549
96.322897
96.564287
96.414153
96.468038
96.215954
96.816339
96.440645
96.880265
96.484084
96.123743
96.414217
96.000063
96.410638
96.254688
96.390957
96.373470
96.239944
96.628431
96.129824
96.644890
96.135418
96.203734
96.301596
96.877081
97.030201
96.892739
96.101137
95.987161
96.466071
95.919170
95.973983
96.088047
96.037982
96.018064
96.117974
96.081254
96.005649
96.386281
95.944823
95.977168
95.819944
96.378455
96.339129
96.410820
96.398152
95.953183
96.747336
96.560020
96.530616
97.125002
96.437874
95.983992
96.025371
95.878901
95.913309
95.972643
96.081807
95.980105
96.191201
96.113637
96.043440
96.370354
96.122036
96.098429
96.282981
96.481553
96.420701
96.689403
96.491767
96.531459
96.485512
96.450999
96.355488
96.664038
96.741973
96.469755
96.370140
96.409213
96.370848
96.621782
96.406887
96.479359
96.318384
96.425413
96.404589
96.661400
96.449417
96.474195
96.386816
96.331926
96.432444
96.930661
96.712836
96.576285
96.366781
96.443208
96.089291
96.674345
96.380864
96.368882
95.997216
96.701183
95.975315
96.696352
96.477138
96.087940
96.367385
95.783452
95.600122
95.798959
95.592493
95.516727
95.321412
95.443708
95.437818
95.521250
95.625498
95.573915
96.182276
96.419713
96.442681
96.631180
96.413730
96.407101
96.244217
96.740265
96.737183
96.999130
96.834792
96.769427
96.387621
96.017911
95.799477
96.381928
95.846596
96.092133
96.344893
95.978537
96.125155
96.426195
96.098921
96.089468
96.345007
96.515617
96.537704
96.757172
96.432127
96.456060
96.378414
96.522012
96.406340
96.880500
96.520759
96.775104
96.504549
96.567721
96.242078
96.988187
96.225493
96.166914
96.179426
97.002536
96.977925
96.873504
96.561223
96.292284
96.459058
95.768699
95.639572
96.530767
95.383105
95.917298
95.568344
96.280107
96.331695
96.244675
96.468166
96.483566
96.400633
96.774589
96.764456
96.944333
96.550043
96.592492
96.495973
96.221500
96.091523
96.356647
96.162926
96.180526
96.199611
96.149327
96.086714
96.391054
96.198720
96.163046
96.196775
95.604173
95.528263
95.340079
92.634261
92.706393
93.331437
92.798661
92.720733
92.290372
92.223552
92.159654
92.175154
92.144508
92.161841
92.211744
92.144385
92.226988
92.301040
92.246288
92.595633
92.450599
92.568160
92.518951
92.080216
92.739993
92.713217
92.679463
92.701878
92.231599
94.411984
93.671522
93.366439
92.884007
92.695111
92.600989
92.364223
92.715177
92.693586
92.704128
92.701101
92.836122
92.901271
93.026126
93.004335
93.157716
92.988298
93.096349
93.284869
93.291979
93.299021
93.329865
93.282677
93.336611
93.376508
93.466283
93.449489
93.431290
93.464555
93.673816
93.585377
93.684897
93.681685
93.679014
93.884781
93.864553
93.788710
93.753338
94.033000
93.714955
94.003653
94.048218
93.852306
94.040182
94.047138
93.860590
93.964467
93.999329
93.708056
94.043736
94.064371
94.192090
93.937036
94.016098
93.415354
93.921433
93.944050
93.876415
93.932856
93.277365
94.308710
93.485647
93.070922
92.681787
92.449317
92.421381
92.119873
92.494481
92.475354
92.528843
92.555627
92.691369
92.804021
92.865084
92.847760
92.988691
92.913750
92.919706
93.051657
93.125925
93.114303
93.278730
93.181990
93.171699
93.322624
93.368556
93.256263
93.397620
93.374755
93.452567
93.476756
93.645769
93.578805
93.647442
93.819116
93.819429
93.639734
93.665174
93.915186
93.699083
93.905534
93.953988
93.739808
93.944982
94.043626
93.851914
93.937342
93.970488
93.673303
93.986555
93.901204
94.032073
93.826513
93.840101
93.249891
93.845771
93.784796
93.804035
93.788359
93.237176
94.238619
93.569350
93.305947
92.686490
92.569894
92.487513
92.210081
92.526519
92.561870
92.524696
92.668557
92.774509
92.774423
92.927985
92.890105
92.950805
92.967779
93.009985
93.120165
93.258797
93.206265
93.173010
93.280601
93.276047
93.362934
93.455854
93.399906
93.315002
93.453879
93.442540
93.401918
93.507666
93.518924
93.514131
93.445532
93.577226
93.426152
93.582363
93.671049
93.509150
93.733569
93.736534
93.567002
93.916508
93.923440
93.866504
93.826858
93.818778
93.548408
93.857548
93.849655
93.971903
93.715914
93.741433
93.284722
93.759087
93.781678
93.710782
93.701371
93.233798
94.340119
93.537864
93.321796
92.715034
92.551150
92.519033
92.241415
92.591826
92.646221
92.604517
92.769338
92.814529
92.898503
92.962641
92.926464
93.029202
93.021248
92.997435
93.234663
93.278397
93.219967
93.224330
93.305906
93.300740
93.478887
93.459035
93.434830
93.487331
93.451936
93.418650
93.517007
93.568481
93.557735
93.548152
93.580572
93.637925
93.646587
93.647794
93.835787
93.630182
93.956890
93.941616
93.734234
94.010589
93.926347
93.793972
93.904068
93.911573
93.700558
93.836985
93.848884
94.071113
93.766000
93.806574
93.294180
93.782688
93.779894
93.808920
93.793081
93.325292
94.442245
93.689954
93.425493
92.844079
92.682543
92.679120
92.500199
92.723361
92.747367
92.722629
92.853554
92.908051
92.981505
93.069238
93.076077
93.139780
93.157580
93.199474
93.334990
93.368632
93.355447
93.295246
93.390474
93.387239
93.548455
93.609686
93.559140
93.548646
93.574819
93.587271
93.665965
93.691842
93.698400
93.669492
93.769947
93.843970
93.962498
93.792769
94.040525
93.698385
93.971280
94.002095
94.005572
94.033620
94.037788
93.999540
93.997380
94.080477
94.004780
94.060532
94.022160
94.275810
93.918293
93.900127
93.615660
93.919977
93.923125
93.858016
93.921443
93.613113
94.534480
93.856312
93.684650
92.957069
92.942902
92.815446
92.749628
92.869745
92.856945
92.833546
92.856854
92.844086
92.804474
92.901914
92.853639
93.981091
94.065654
94.094553
94.258770
94.794114
94.811570
95.101747
95.105156
95.092322
95.317700
95.384198
95.383058
95.464698
95.530846
95.519361
95.712102
95.645202
95.638993
95.897055
95.775618
95.842408
96.019069
95.891599
95.918628
96.052196
95.919216
95.919188
96.114901
95.989019
96.156782
96.145744
96.103987
96.037155
96.143873
96.135510
96.202359
96.311036
95.905013
95.797800
95.781009
96.130606
96.112780
95.876138
96.120045
95.775146
96.273408
95.881960
95.775416
95.355319
95.283749
95.247767
95.209019
95.371786
95.355689
95.394800
95.638284
95.627738
95.849682
95.736176
95.757214
95.785278
95.830929
95.922389
96.018969
96.029666
95.954523
96.372421
96.032314
96.030045
96.198160
96.076096
96.058687
96.403616
96.085125
96.091222
96.230724
96.104352
96.105830
96.443412
96.133734
96.105298
96.317882
96.110043
96.024316
96.219247
96.093598
96.095136
96.255498
96.156726
96.305546
96.248700
96.280248
96.272354
96.223739
96.154965
96.125182
96.304483
96.014219
95.957551
95.848082
96.108837
96.106071
96.207244
96.163683
95.818507
96.447219
96.028049
95.841795
95.476750
95.387463
95.391875
95.361567
95.492013
95.455589
95.499182
95.582238
95.691046
95.891147
95.787759
95.744412
95.841815
95.771519
95.804986
96.064290
95.958296
95.969060
96.371659
96.036608
96.091732
96.235737
96.092293
96.086468
96.482520
96.191880
96.159715
96.366842
96.220221
96.152440
96.255475
96.134203
96.174351
96.308281
96.134367
96.114027
96.288811
96.103567
96.134655
96.306973
96.147638
96.227214
96.451408
96.079575
96.265626
96.277960
96.100262
96.276593
96.498947
96.191319
96.191309
95.928648
96.213911
96.182243
96.193590
96.229123
95.887702
96.253468
95.853701
95.744292
95.385030
95.205343
95.225533
95.269728
95.433752
95.392944
95.463232
95.587746
95.610354
95.792877
95.731500
95.643387
95.836542
95.890382
95.841197
95.998585
95.925470
95.986047
96.357951
96.030483
96.063332
96.191375
96.104029
96.088383
96.428499
96.115671
96.143576
96.415121
96.134877
96.184830
96.226874
96.171652
96.138386
96.253400
96.085388
96.122630
96.304847
96.144303
96.110207
96.228544
96.152410
96.124995
96.521789
96.125249
96.250019
96.262862
96.139838
96.262391
96.525882
96.179607
96.166155
95.874512
96.185638
96.102446
96.100574
96.097768
95.776403
96.101550
95.863431
95.701615
95.315334
95.224383
95.206204
95.194720
95.302191
95.368462
95.337370
95.515498
95.559186
95.663307
95.647489
95.618413
95.681457
95.845919
95.896754
96.000404
96.001975
96.041185
96.518073
96.035137
96.065814
96.169138
96.097928
96.086580
96.350417
96.202337
96.179304
96.335915
96.218768
96.234970
96.181820
96.105958
96.082903
96.241367
96.126930
96.173685
96.456272
96.115867
96.083404
96.204455
96.147539
96.144881
96.258522
96.151650
96.188532
96.234572
96.100352
96.249277
96.500104
96.168967
96.151551
95.912059
96.161772
96.145506
96.187418
96.197640
95.899851
96.304319
95.858941
95.726125
95.384397
95.266298
95.238454
95.250035
95.407327
95.403984
95.327142
95.651339
95.558654
95.745433
95.834930
95.770046
95.782115
95.868682
95.867635
95.975281
95.935934
95.949476
96.267258
95.970973
96.013495
96.170296
96.069088
96.105841
96.431961
96.187503
96.104009
96.378612
96.189199
96.153050
96.181106
96.149811
96.125080
96.298221
96.140500
96.090649
96.230057
96.114017
96.054946
96.286804
96.139017
96.151061
96.504235
96.019169
96.198458
96.261753
96.066921
96.287053
96.463474
96.080047
96.114271
95.878752
96.097209
96.129887
96.096005
96.089402
95.817097
96.248245
95.803254
95.756265
95.186660
95.145957
95.180104
95.199752
95.266828
95.318800
95.330390
95.526711
95.524081
95.698113
95.640284
95.643780
95.673778
95.743284
95.801388
95.948857
95.907115
95.949932
96.308579
95.985487
96.015121
96.133762
96.035003
96.077784
96.394670
96.035860
96.079955
96.329853
96.104874
96.103388
96.158946
96.084239
95.990197
96.253219
96.082450
96.102763
96.213874
96.066296
96.065504
96.203335
96.157518
96.107179
96.456326
96.024018
96.273187
96.204700
96.137552
96.216596
96.466969
96.144759
96.131856
95.876649
95.945275
95.981831
96.145128
95.965878
95.841711
96.439906
96.024347
95.891004
95.428269
95.400428
95.385128
95.343586
95.476382
95.447878
95.474594
95.619956
95.678089
95.829549
95.763743
95.738876
95.868416
95.795139
95.789396
96.028558
95.998591
96.032000
96.352482
96.070295
95.975239
96.118604
96.086040
96.058612
96.442992
96.123160
96.148552
96.268250
96.169406
96.134910
96.226569
96.130559
96.106272
96.179116
96.120079
96.080546
96.234380
96.099338
96.164582
96.172520
96.097641
96.090264
96.447178
96.128244
96.206870
96.184332
96.042942
96.139953
96.482614
96.084322
96.149768
95.852629
96.100717
96.099485
96.154971
96.076496
95.812424
96.198809
95.850165
95.727101
95.327006
95.246703
95.165715
95.195259
95.318426
95.378456
95.346863
95.515691
95.549574
95.765572
95.704942
95.733152
95.726954
95.862803
95.845425
95.948001
95.942932
95.981707
96.336792
95.980750
96.048494
96.141287
96.107610
96.065465
96.431399
96.186612
96.134741
96.344420
96.079082
96.107161
96.213907
96.152026
96.126668
96.239591
96.139959
96.030056
96.234057
96.066450
96.087145
96.218541
96.134941
96.145551
96.416396
96.087887
96.196020
96.141145
96.078854
96.200280
96.458874
96.108593
96.156464
95.651277
95.983773
95.817414
95.976750
95.828993
95.625728
96.189489
95.840528
95.617911
95.165838
94.954340
94.930221
94.805659
95.234760
95.198011
95.152114
95.408105
95.350555
95.649374
95.610497
95.664080
95.726036
95.781309
95.834978
95.952428
95.895638
96.004965
96.296962
96.017437
96.017027
96.123140
96.135956
96.058259
96.424798
96.149835
96.119546
96.292815
96.043270
96.078215
96.154895
96.063408
96.010266
96.152569
96.063536
96.080874
96.158811
96.045906
96.032994
96.215954
96.097683
96.065669
96.452990
96.050300
96.079801
96.156494
96.061334
96.152455
96.510402
96.064112
96.166919
95.673810
96.111915
95.854390
95.957823
95.792677
95.556983
96.181400
95.765414
95.684248
95.174589
95.050304
94.921637
94.953713
95.234746
95.211175
95.212315
95.382596
95.427847
95.640222
95.644880
95.681169
95.720749
95.771743
95.779026
95.923567
96.002383
95.963064
96.331020
96.008844
96.022495
96.184159
96.134177
96.082449
96.446766
96.110745
96.114358
96.313376
96.048868
96.088353
96.198963
96.062971
96.022431
96.205245
96.000810
96.017056
96.148502
95.989975
96.023717
96.120037
96.061868
96.040001
96.107548
96.148800
96.225919
96.150322
96.011966
96.123513
96.408556
95.953522
95.910557
95.639635
96.124602
95.991098
95.927656
95.973762
95.567241
96.301424
95.866552
95.707036
95.316030
95.190331
95.558275
95.147880
95.429047
95.405368
95.401742
95.709866
95.723960
95.655825
95.635148
95.614941
95.622754
95.691420
95.726859
95.818662
95.867523
95.859321
96.103893
95.944132
96.208798
96.052453
96.099175
96.097795
96.415009
96.254692
96.293645
96.090593
95.957178
95.955390
96.306153
96.020249
96.010400
96.162923
96.022122
95.954395
96.306208
95.978127
95.945339
96.131136
96.038861
96.062472
96.167653
95.917658
96.073885
96.054405
96.013685
96.105555
96.456364
96.137031
96.122128
95.677634
96.026893
95.834328
95.967808
95.960099
95.674108
96.173384
95.879593
95.804712
95.335065
95.167504
95.138947
95.065454
95.284029
95.232527
95.232673
95.431271
95.418019
95.694945
95.519595
95.636779
95.723725
95.720357
95.810483
95.915612
95.955613
95.908524
96.292296
96.033590
95.977568
96.052608
95.976738
96.004457
96.320573
96.012753
96.050349
96.205793
95.957066
96.075254
96.203051
96.018351
96.105233
96.350288
96.092058
96.048548
96.176452
95.933533
95.971540
96.189689
96.037843
96.122414
96.151460
96.170923
96.262045
96.130886
96.166788
96.114792
96.304408
95.958602
96.011436
95.666055
96.088883
96.057195
96.023532
96.053684
95.747318
96.148530
95.712433
95.662629
95.164327
95.031882
95.003539
94.897327
95.091358
95.061455
95.077759
95.274466
95.407035
95.516847
95.536173
95.555270
95.696898
95.743482
95.626443
95.696253
95.886408
95.806188
95.959213
95.881313
95.988297
96.021872
96.075851
95.994170
96.373130
96.005958
96.080703
96.176161
96.043537
96.094347
96.381674
96.022851
96.106616
96.211115
96.046885
96.097819
96.279660
95.994686
96.034486
96.157823
96.003288
96.012880
96.112876
96.032555
96.216711
96.155905
95.982296
96.193642
96.433307
96.069022
96.010172
95.711036
95.937078
95.857668
95.820625
96.046364
95.611371
96.331078
95.907626
95.757377
95.398884
95.172714
95.161724
95.095632
95.260386
95.266197
95.266757
95.403583
95.463267
95.670293
95.576321
95.494060
95.603683
95.611534
95.654264
95.831303
95.782577
95.779694
95.909413
95.818126
95.870364
96.006361
95.973112
95.975942
96.302973
96.039217
96.014766
96.171761
96.107945
96.049241
96.326174
95.957943
96.006990
96.016559
95.884806
95.825600
96.116132
95.973947
95.966107
96.027502
95.862761
95.861144
96.065227
95.953578
96.126416
96.040146
96.126747
96.071190
96.182717
96.068298
96.094654
95.627790
95.910505
95.796983
95.769215
95.756079
95.498776
96.285533
95.849095
95.649208
95.263776
95.162542
95.065064
94.944503
95.236482
95.216519
95.171639
95.420842
95.427473
95.645829
95.617294
95.593898
95.698685
95.648111
95.685793
95.919389
95.867049
95.883450
96.116287
95.850256
95.909207
96.092944
96.090650
96.100299
96.418605
96.141109
96.147905
96.217564
96.195323
96.128943
96.508506
96.140989
96.079936
96.104925
95.990159
96.022878
96.211923
96.053966
96.050182
96.010700
95.977630
96.027304
96.206687
95.977330
96.220822
96.069854
96.027108
96.300673
96.475210
96.197047
96.239892
95.722753
96.069428
96.114429
96.071303
96.137755
95.801345
96.415783
95.966818
95.795209
95.426949
95.290211
95.288678
95.176648
95.389752
95.492313
95.424120
95.646936
95.640342
95.933496
95.854940
95.854891
95.984460
95.882851
95.919283
96.120693
96.028472
95.921337
96.204820
96.042545
96.040763
96.129393
96.108571
96.124226
96.467697
96.165116
96.080053
96.421884
96.087935
96.035113
96.217047
96.073148
96.081361
96.003590
96.073566
96.007499
96.180798
95.989523
96.189391
96.109710
96.209337
96.161367
96.469392
96.083380
96.304387
96.142927
96.250493
96.334339
96.289280
96.111714
96.122969
95.738570
96.245488
96.230596
95.934731
96.236058
95.579492
96.197901
95.625825
95.367786
95.080691
94.868095
94.769989
94.612390
94.982088
94.961340
94.942151
95.111278
95.130862
95.371153
95.271217
95.468535
95.322498
95.594593
95.586211
95.444839
95.630670
95.571464
95.902712
95.779102
95.955129
95.703103
95.801562
95.719402
96.265933
95.689579
95.735992
95.728480
95.880988
95.745832
96.121030
95.778292
95.688831
95.722229
95.499446
95.655790
95.598629
95.585579
95.642426
95.495070
95.583458
95.607466
95.773173
95.665991
95.606049
95.400821
95.620523
95.544857
95.725627
95.354545
95.353865
94.832055
95.261140
95.124355
95.279460
95.233573
94.700704
95.536125
95.089725
94.875567
94.553285
94.404995
94.278669
93.932200
94.387505
94.384668
94.397771
94.527579
94.670286
94.770871
94.909924
94.853828
95.049450
94.912415
94.925629
95.020837
95.322806
95.355137
95.795968
95.445099
95.460290
95.260839
95.403064
95.306872
95.302095
95.344772
95.340244
95.453813
95.482027
95.361143
95.595612
95.306292
95.398076
95.361707
95.387471
95.405955
95.648286
95.423646
95.431798
95.332597
95.491569
95.492392
95.714457
95.440442
95.516033
95.376962
95.617128
95.684317
95.764371
95.517389
95.418743
94.979102
95.542852
95.429543
95.486656
95.437247
95.033037
95.738880
95.146247
94.959342
94.695849
94.431501
94.442981
94.220810
94.525001
94.529871
94.451003
94.701906
94.777981
94.961114
94.972451
94.891198
95.085127
94.956788
95.036554
95.114677
95.225077
95.180794
95.464485
95.258768
95.265688
95.317100
95.481385
95.431096
95.846557
95.560010
95.421438
95.517648
95.245160
95.375282
95.312742
95.227345
95.263598
95.230080
95.311101
95.233396
95.539040
95.274216
95.323852
95.274358
95.350643
95.251401
95.536741
95.247213
95.517904
95.247144
95.305962
95.259828
95.921635
95.376524
95.324854
94.778319
95.272872
95.251304
95.125389
95.282495
94.797134
95.641603
95.022831
94.853059
94.609427
94.398796
94.339571
94.010497
94.410006
94.440848
94.409132
94.558066
94.624929
94.752793
94.857444
94.846490
95.071642
94.849238
94.924745
95.019830
95.067905
95.113490
95.439085
95.174669
95.169123
95.250614
95.445788
95.343073
95.780016
95.276555
95.269294
95.401108
95.258016
95.235377
95.177881
95.148405
95.242964
95.024311
95.392901
95.201755
95.559022
95.258883
95.225357
95.231192
95.327410
95.207272
95.593155
95.146131
95.385691
95.169750
95.287948
95.423131
95.559202
95.279915
95.286725
94.659060
95.149843
95.059101
95.007266
95.225295
94.692673
95.592899
94.930680
94.783466
94.361640
94.225587
94.172951
93.807386
94.231775
94.312724
94.238629
94.480084
94.516985
94.704509
94.737638
94.695133
94.986095
94.794999
94.790666
94.890467
95.136515
95.136586
95.433948
95.145659
95.320839
95.156501
95.386073
95.323358
95.593030
95.400481
95.390436
95.339077
95.153488
95.232301
95.092933
95.116426
95.137200
94.816665
94.943351
94.875391
95.015264
95.023126
95.024255
94.767141
95.069411
95.008123
95.372330
95.095263
95.081471
94.757173
95.122904
94.954019
95.344580
94.870446
94.927788
94.303801
94.991892
95.014005
94.917262
95.020432
94.371742
95.124050
94.271424
94.162489
93.922130
93.594963
93.654485
93.178395
93.789001
93.776437
93.622968
93.910146
93.983850
94.132345
94.445509
94.468298
94.606335
94.476240
94.462986
94.386456
94.783756
94.756538
95.124607
94.765161
94.813103
94.651069
94.869118
94.908916
95.215522
95.176979
94.982853
94.835494
94.987288
94.936447
95.229880
94.867274
94.927907
94.713321
94.974707
94.964370
95.313083
94.946992
95.152429
94.739087
95.062189
95.061902
95.696466
95.064927
95.275866
94.813853
95.264629
86.371778
86.616014
85.822719
86.597829
84.736160
86.944145
87.733999
87.375804
87.742954
88.062205
