94.375827
94.106695
96.938759
94.321551
96.708058
94.914705
95.069785
93.718169
96.711554
93.991478
96.623903
94.505198
95.009477
93.649902
96.782649
93.845757
96.442257
94.346554
94.957458
93.580034
96.916036
93.982152
96.584351
94.353797
94.933563
93.482108
96.909258
93.743577
96.505779
94.202197
94.905185
93.628857
96.804885
93.889355
96.630593
94.185441
94.874972
93.424298
96.695085
93.641426
96.444368
94.115111
94.684714
93.391250
96.774728
93.641008
96.149177
93.990083
94.608766
93.665727
96.746491
93.870982
96.118209
94.203116
94.448979
93.551573
96.559446
96.220996
94.133408
94.417321
95.073513
93.602130
96.775995
93.553488
96.558538
94.245601
94.773719
93.331714
96.385690
93.480195
96.150819
93.890702
94.689027
93.326839
96.371171
93.413030
95.780951
93.911559
94.667303
93.233462
96.429959
93.608506
95.786081
94.019438
94.659536
93.369935
96.475638
93.709746
95.874104
93.884480
94.721837
93.395729
96.516297
93.824388
96.005719
93.959847
94.634815
93.443819
96.497231
93.695227
95.919411
94.027487
94.732180
93.300270
96.656250
93.758117
96.190637
94.070577
94.827040
93.253451
96.780645
93.788087
95.989384
93.841998
94.504142
93.602487
96.081011
96.086174
94.198998
94.602423
95.166538
93.485129
96.599981
93.744363
96.558853
94.137426
95.058293
93.232647
96.443675
93.660394
95.855155
94.094989
94.878780
93.385549
96.442933
93.496559
95.897640
94.058613
94.956558
93.327032
96.501674
93.587051
95.916566
94.248823
95.059391
93.482174
96.650505
93.648261
96.114797
94.211895
95.081596
93.501108
96.669461
93.821826
96.094752
94.434031
95.061539
93.646158
96.688017
93.809663
96.064091
94.225032
95.104781
93.701272
96.678993
93.981290
96.160076
94.343096
95.122489
93.672884
96.774330
94.005975
96.454765
94.400551
94.819267
93.924822
96.608554
96.308153
94.549817
95.007316
95.290232
93.684086
96.836547
94.080630
96.323322
94.540338
95.175591
93.638139
96.713849
94.087271
96.219752
94.467648
95.210130
93.697693
96.747742
93.864520
96.199507
94.571597
95.241989
93.770266
96.655016
93.999533
96.289096
94.360199
95.158492
94.029656
96.577260
93.941258
96.314538
94.434682
95.169791
93.858048
96.669392
94.012084
96.477464
94.598807
95.207525
93.899805
96.720334
94.291306
96.260810
94.771818
95.228742
94.063148
96.785760
94.205702
96.263695
94.820608
95.242198
93.953385
96.952176
94.225249
96.086555
94.570764
94.857213
94.103639
96.447736
96.462844
94.513285
94.824195
95.481484
93.945595
96.952309
94.023802
96.560982
94.710559
95.397879
93.805356
96.770139
94.119537
96.523914
94.684798
95.330713
93.794207
96.708904
94.170852
96.429129
94.547343
95.234809
94.007997
96.473542
94.311267
96.061837
94.529791
95.253822
93.958727
96.509369
94.271568
96.257637
94.618942
95.245774
94.020106
96.526412
94.186415
96.502611
94.712826
95.294614
94.066785
96.695530
94.267494
96.405616
94.717770
95.178783
94.026566
96.947668
94.210779
96.444332
94.804219
95.212319
94.095383
96.889923
94.373992
96.391684
94.666597
95.136142
94.497677
96.548669
96.636124
94.826328
95.164842
95.529488
94.179866
96.903879
94.564229
96.544402
94.873081
95.568359
94.426090
96.743925
94.654982
96.485556
94.749482
95.632269
94.283293
96.554232
94.370139
96.432110
94.791258
95.492281
94.208902
97.133558
94.454975
96.191140
94.928336
95.512403
94.136591
96.807527
94.521338
96.468556
94.861795
95.472948
94.167417
96.800585
94.438132
96.225626
94.786368
95.387442
94.162091
96.859162
94.611858
96.459535
94.984011
95.802949
94.684534
96.717744
94.438042
96.414587
95.293683
95.652798
94.275300
96.910439
94.369950
96.455180
94.526032
95.003973
94.470130
96.575214
96.525798
94.843351
95.194523
95.708339
94.574659
96.925335
94.280974
96.836575
95.083396
95.493204
94.197002
96.984667
94.485462
96.676545
95.397041
95.531422
94.350379
96.562158
94.491840
96.283089
95.093498
95.595270
94.365945
96.794597
94.383003
96.261773
94.862873
95.644187
94.366511
96.771252
94.519558
96.273842
94.841465
95.548222
94.357267
96.925343
94.524978
96.461326
94.835317
95.572576
94.350623
96.950011
94.529423
96.475509
94.916970
95.609657
94.349162
96.891568
94.729017
96.596664
94.977970
95.646942
94.298561
96.985728
94.341571
96.622225
94.687018
95.452088
94.675535
96.550254
96.634836
95.046097
95.400692
95.774675
94.423967
96.946666
94.507341
96.832100
95.098018
95.689222
94.371945
97.020912
94.485160
96.783057
94.801952
95.709648
94.354200
96.822426
94.621090
96.743464
94.876541
95.833275
94.691462
96.803503
94.691604
96.650452
94.910662
95.719126
94.408065
97.056702
94.614764
96.724262
95.297867
95.778759
94.424115
97.153812
94.727526
96.943682
95.137811
95.903952
94.532374
97.154760
94.864974
96.938950
95.229535
95.820946
94.713073
97.119533
94.943340
96.755576
95.232481
95.817862
94.617484
97.125554
94.906277
96.778217
95.296422
95.758357
94.899073
97.019493
97.047542
94.988864
95.721371
96.153556
94.771632
97.269701
94.777848
96.865593
95.383510
96.029981
94.818449
97.304073
94.775051
96.455783
95.463702
95.998400
95.105868
96.984304
94.966165
96.814776
95.401338
96.119342
94.998255
97.183405
95.124555
96.859364
95.300629
95.956120
94.820628
97.139165
94.820365
96.907237
95.229251
96.116443
94.985841
97.372721
94.875474
96.883109
95.549098
96.063320
94.938661
97.293648
94.844843
97.038868
95.619922
96.204861
94.904322
97.404531
95.203962
97.049332
95.556140
96.208174
95.212679
97.376977
95.190588
97.209227
95.643586
96.069910
95.297718
97.346369
97.404173
95.506920
95.981332
96.441174
95.372818
97.237963
95.042841
97.295202
95.656455
96.383915
95.160145
97.267874
95.136480
97.185057
95.596406
96.337424
95.304509
97.470760
95.270122
96.968647
95.718117
96.300970
95.141003
97.491343
95.205007
97.437884
95.917695
96.318160
95.146160
97.494540
95.080851
97.327557
95.727583
96.165276
95.409459
97.371769
95.243734
97.128525
95.769666
96.414436
95.248219
97.308628
95.022352
97.048910
95.730134
96.256632
95.118417
97.467402
95.203438
97.268578
95.845641
96.455538
95.026175
97.385582
95.152801
97.163891
95.589480
96.016575
94.879542
97.059933
97.376761
95.623996
95.859270
96.391654
95.058780
97.150012
95.037502
96.991354
95.374519
96.165642
95.077901
96.933444
95.105580
96.801124
95.442304
96.231531
94.980521
97.198103
95.085981
97.060815
95.602811
96.226026
94.903850
97.246434
94.849654
96.951884
95.558200
96.228705
95.208174
97.319520
94.923854
97.127816
95.588088
96.349790
95.178787
97.365645
95.049781
97.129509
95.575344
96.114110
94.805123
97.230076
95.061493
97.079024
95.583441
96.292540
95.053938
97.192920
95.115580
96.851610
95.470271
96.089645
94.971456
97.157040
94.829197
97.088926
95.380593
95.913260
94.955155
97.058379
96.887520
95.285088
95.697059
95.949052
94.706188
96.978543
94.732871
96.623267
95.126281
95.770224
94.453874
97.053565
94.326836
96.327919
95.215515
95.837362
94.646180
96.839502
94.396015
96.565219
95.016842
95.854480
94.672599
96.947653
94.622392
96.544699
95.073321
95.703482
94.689042
96.847490
94.683623
96.506689
94.906350
95.542177
94.317232
96.643924
94.333385
96.374759
94.778131
95.415991
94.284187
96.630020
94.418855
96.243288
94.556098
95.230536
94.332150
96.531598
94.125333
96.193522
94.533899
95.216065
93.949138
96.520668
94.153771
96.076380
94.718314
95.049309
94.188044
96.449939
95.947837
94.616822
95.110185
95.618692
94.379796
96.570960
94.045343
96.533026
94.918895
95.553628
94.200603
96.837647
94.596564
96.486329
95.187787
95.540519
94.532630
96.779797
94.446745
96.774444
95.087379
95.548832
94.490789
96.871590
94.724677
96.561281
95.147704
95.619439
94.581021
96.781711
94.543029
96.800897
95.158052
95.566910
94.303102
96.769263
94.600105
96.480587
95.116868
95.509820
94.525595
96.885219
94.661423
96.629228
95.140093
95.417151
94.267741
96.867518
94.600769
96.575111
95.223305
95.326547
94.418442
96.653495
94.331716
96.603102
94.781166
95.236092
94.382786
96.541667
96.439074
94.282205
94.907054
95.436022
94.161411
96.493093
93.865822
96.324865
94.471883
95.052223
93.868896
96.555842
93.898509
96.134039
94.396959
94.975330
93.802422
96.720037
94.153857
96.367784
94.509310
95.289864
93.827733
96.634604
93.804204
96.514840
94.528827
95.262993
93.858494
96.665511
93.855109
96.637825
94.576311
95.474080
93.963971
96.572813
93.706118
96.217144
94.157508
94.965414
93.654521
96.365022
93.588239
96.077864
93.920760
95.078830
93.610521
96.600056
93.588267
96.168899
94.233860
95.245120
93.776241
96.451837
93.636715
96.253176
94.236776
95.041799
93.814046
96.323513
96.390928
94.114629
95.140332
95.453076
94.020155
96.825829
93.999569
96.428917
94.530382
95.442618
93.669423
96.818956
93.578816
96.524200
94.189817
95.442505
93.429321
96.687935
93.178686
96.151671
93.803790
95.228762
93.233336
96.438786
93.022750
96.080302
93.374839
94.862262
92.376774
96.313868
92.633899
95.771259
93.377515
94.991437
92.945387
96.428929
92.964421
96.447520
94.075665
95.705658
93.686530
97.024262
93.593110
96.838570
94.385929
96.041052
94.023387
96.950934
93.510510
96.611932
94.325847
95.711921
93.595438
96.583889
93.401519
96.420943
93.688335
95.159094
93.285013
96.346195
96.338164
93.499424
94.811365
95.247163
92.665633
96.435607
92.184284
95.881984
93.111077
94.943796
92.821728
96.217800
92.635249
96.270384
93.794081
95.534985
93.761168
96.805121
93.412527
96.492605
93.813824
95.452149
93.427663
96.752969
93.269772
96.240007
93.925702
95.543930
93.670813
96.808012
93.594412
96.868669
94.459700
96.143180
94.093230
96.915332
93.796269
96.665583
94.341965
96.039003
94.283775
96.806999
93.904776
96.768763
94.558312
96.036093
94.054695
96.834990
93.930673
96.874891
94.490472
95.979684
94.077510
96.718512
93.782307
96.801661
94.309149
95.946587
94.047380
96.661778
96.459303
93.887580
95.475397
95.846497
94.064348
96.929796
93.874802
96.895277
94.688028
96.054178
94.368072
97.083944
94.178755
96.997872
94.794805
96.335815
94.594038
97.043445
94.323424
97.100642
95.068464
96.388990
94.715395
97.368009
94.555288
97.277986
95.150077
96.584565
94.810270
97.319789
94.588238
97.319802
95.096355
96.477692
94.842831
97.330227
94.543638
97.164962
94.937415
96.431727
94.646201
97.139668
94.326415
97.037970
94.950913
96.300815
94.755479
97.138247
94.209566
96.968947
94.784082
96.100106
94.669764
97.103294
94.024430
97.713326
95.465356
95.784581
94.161590
96.857584
96.889905
94.976992
96.172938
96.314151
94.962075
96.737331
93.726404
96.663238
94.518032
95.453035
94.080233
97.240578
93.546237
96.287326
93.980940
95.116058
93.557636
96.643092
93.984212
96.737331
93.812629
95.070178
93.110649
96.160953
92.687881
95.949723
93.345677
94.865269
93.213237
96.162423
92.700804
96.112871
93.491595
94.930485
93.260812
96.068290
92.793006
96.380943
94.219537
95.425686
93.619699
96.372090
93.430748
96.377332
94.012980
94.673794
93.286598
96.186378
94.340290
96.055106
94.836879
95.796816
95.113783
96.427844
94.695335
96.710069
95.088403
95.592666
95.147774
97.157026
96.830204
95.295317
95.743717
96.049978
95.235637
96.796879
95.109712
96.785463
95.669418
96.246934
95.723620
96.826151
95.041747
96.609578
95.538233
96.104802
95.387163
96.602575
95.071438
96.422555
95.646375
96.652291
95.600128
96.431932
95.014635
96.354342
95.748814
96.214985
95.593795
97.071980
95.229031
96.101286
95.588992
96.137202
95.432078
97.170636
95.272893
96.045564
95.664962
96.152761
95.651827
97.207761
95.128584
96.091591
95.596774
96.131757
95.453671
97.238636
95.214561
96.934157
95.868341
96.089234
95.651143
96.965692
95.151991
96.738937
95.629748
95.669137
95.260524
97.009323
96.806494
95.479293
95.817697
96.287519
95.730515
97.026483
94.999757
96.782021
95.352522
96.111351
95.310150
97.069642
95.060192
96.804121
95.480660
96.071510
95.394520
96.814769
95.169807
96.633511
95.588981
96.097912
95.460450
96.590580
95.152445
96.114589
95.606397
96.114719
95.668204
97.070712
95.153801
96.495240
95.619868
96.099894
95.554879
97.105397
95.231504
95.867972
95.635758
96.120821
95.472515
97.141511
95.244668
95.866567
95.614522
96.127320
95.634109
97.261076
95.196073
96.711216
95.597078
96.027111
95.576575
97.307949
95.150223
96.320450
95.378343
95.754816
95.424901
96.860674
96.975417
95.481750
95.829531
96.357318
95.490678
96.884745
94.997462
96.650645
95.646027
96.116550
95.549530
97.271841
95.122166
95.766130
95.716111
96.122472
95.697407
96.113660
95.323886
96.238867
95.789663
96.230082
95.759965
96.872311
95.478998
96.578669
96.980568
96.009656
95.497330
96.875799
95.088816
96.065985
96.010793
96.399635
96.043828
97.199089
95.494093
96.024158
95.747573
96.427660
95.952381
97.016620
95.591039
96.348702
95.792242
96.325407
95.759988
96.421275
95.330184
97.061192
96.309495
95.966007
95.531144
97.319661
95.216548
97.029387
95.488381
95.720772
95.411777
97.090104
96.754963
95.313908
95.753156
96.310769
95.786599
96.816504
94.949411
96.595440
95.937038
96.258748
95.807498
96.673119
95.125985
96.434705
95.586197
95.908037
95.582497
97.197069
95.085141
95.866123
95.636206
96.017732
95.535116
96.526698
95.238098
96.440534
95.690839
96.170760
95.896589
97.118767
95.998993
96.481287
95.999068
96.212600
95.516365
96.882524
95.184141
96.195084
95.841412
96.267836
95.670798
96.958117
95.414908
96.439674
95.692124
96.118851
95.718775
97.139925
95.335193
96.574024
95.684594
96.050248
95.716430
97.216748
95.362314
97.145095
95.447122
95.717973
95.374241
97.135395
97.504501
95.649823
95.751813
96.404495
95.830974
96.310386
94.954516
96.628819
95.593295
96.153609
95.633703
97.197609
95.173925
96.044044
95.627906
95.975598
95.605718
96.932235
95.124584
95.773613
95.473970
96.090557
96.056543
96.571145
95.247522
95.696956
95.622688
96.175781
95.471901
96.916958
95.182976
96.480433
95.440606
96.082162
95.313754
96.937027
95.175230
96.174842
95.648570
96.069129
95.375681
97.039021
95.155532
96.422493
95.662512
96.043713
95.479924
97.184801
95.208748
96.400665
95.519319
96.052094
95.583459
97.274430
95.097202
96.667661
95.271672
95.737982
95.435052
96.981209
97.001482
95.352557
95.735414
96.406691
95.611030
97.406422
95.015324
96.514030
95.529139
96.159374
95.509913
97.408985
95.202817
95.675530
95.541660
96.028616
95.506720
97.330172
95.193582
96.479748
95.648362
95.963256
95.619562
96.568864
94.501204
96.475566
95.870522
96.543648
95.117758
96.790542
95.016669
97.040649
95.495366
96.743155
95.399274
97.008590
95.215191
97.189771
95.597282
96.678514
95.306888
97.246389
95.159282
97.084401
95.551434
96.774942
95.425823
97.405695
95.370200
96.996527
95.623028
96.658556
95.339207
97.263441
95.403919
97.227663
95.639947
96.646624
95.531626
97.232403
97.166607
95.559550
96.527566
96.497878
95.436523
97.269323
95.028356
97.077986
95.574306
96.627507
95.433129
97.158986
94.937134
97.052314
95.511689
96.513090
95.650065
97.157060
94.924559
97.112189
95.591378
96.682517
95.278101
97.197624
95.070136
97.131649
95.661680
96.649919
95.426120
97.344980
94.978454
98.526016
95.627712
96.685522
95.253781
97.275726
95.230980
97.489907
96.123682
97.157072
95.737560
97.159793
95.080821
97.240728
95.728874
96.654744
95.815388
97.572270
95.308848
97.518777
95.838070
96.775347
95.478895
97.118558
95.893341
97.676509
95.583075
96.602139
95.563733
97.074370
97.234328
95.785589
96.556870
96.630178
95.585624
97.290315
95.012683
97.348505
95.580008
96.696168
95.532852
97.264122
95.025648
97.926524
95.817206
96.605176
95.291556
97.214671
94.940916
97.203291
95.472839
96.618950
95.518819
97.338943
95.142481
97.159564
95.517940
96.629563
95.394103
97.294835
95.232345
97.125534
95.602794
96.649667
95.441327
97.253658
95.208556
97.140978
95.672739
96.634565
95.508467
97.286794
95.246816
97.239577
95.780397
96.601623
95.455111
97.250193
95.313798
97.316361
95.754274
96.621205
95.538045
97.215382
95.049416
97.175460
95.698285
96.440434
95.451937
97.287407
97.259619
95.804760
96.694693
96.830844
95.543525
97.381494
95.009486
97.273063
95.626010
96.719678
95.559227
97.340130
95.180530
97.236299
95.788996
96.750978
95.429028
97.427875
95.114008
97.362120
95.729986
96.800859
95.423079
97.341504
95.227141
97.294432
95.693098
96.837113
95.546259
97.350988
95.232007
97.255237
95.656528
96.716559
95.525605
97.292280
95.091111
97.296168
95.846972
96.735196
95.533597
97.319009
95.295604
97.247844
95.766411
96.701003
95.580839
97.286120
95.268398
97.173248
95.673622
96.682183
95.441268
97.159083
95.309191
97.193678
95.777329
96.625392
95.507924
97.257715
97.310330
95.847328
96.781371
96.804466
95.637388
97.304032
95.170376
97.207610
95.749758
96.614986
95.531542
97.271144
95.194789
97.303649
95.880116
96.682586
95.562280
97.335078
95.318114
97.360676
95.875576
96.941475
95.623749
97.462723
95.290568
97.331671
95.842761
96.848261
95.629795
97.427853
95.314220
97.279984
95.825577
96.743062
95.611919
97.379376
95.313204
97.362293
95.836229
96.853173
95.529714
97.389753
95.321004
97.394014
96.253043
96.825150
95.526941
97.306622
95.286904
97.133477
95.750501
96.877408
95.664263
97.375494
95.308034
97.398955
95.764415
96.662027
95.517618
97.263866
97.307506
95.881620
96.780955
96.866449
95.612274
97.441303
95.323909
97.374550
95.728274
96.743173
95.653435
97.729782
95.654563
97.293153
95.690869
96.815884
95.473323
97.255451
95.230867
97.223371
95.724995
96.658221
95.426134
97.295403
95.077339
97.120571
95.675445
96.751991
95.498291
97.238931
95.198238
97.166734
95.679574
96.748844
95.676228
97.296402
95.171867
97.146976
95.762765
96.781754
95.689721
97.374788
95.263952
97.068825
95.849638
96.782837
95.703607
97.278237
95.480009
97.198412
96.009911
96.781870
95.856297
97.227295
95.530476
97.155815
95.909963
96.592682
95.770671
97.088111
97.119864
95.949192
96.718611
96.880964
95.741207
97.325831
95.286289
97.359926
95.866553
96.826436
95.715468
97.331648
95.240101
97.238897
95.866805
96.829961
95.768826
97.273372
95.312673
97.207985
95.762441
96.819772
95.706625
97.263803
95.391454
97.159849
95.811404
96.809711
95.655028
97.259915
95.304629
97.202595
95.778351
96.740146
95.666801
97.280775
95.293578
97.122812
95.731561
96.719160
95.541608
97.227181
95.218603
97.116630
95.692235
96.709730
95.336275
97.223172
95.178580
97.129429
95.988398
96.726144
95.623909
97.215107
95.277291
97.229610
95.815156
96.673577
95.632695
97.099364
97.107917
95.816593
96.741468
96.801703
95.785674
97.274876
95.151466
97.189484
95.741739
96.772323
95.673449
97.264964
95.220851
97.194818
95.839439
96.865124
95.561410
97.308822
95.190180
97.119464
95.784371
96.770496
95.642200
97.210808
95.344424
97.203415
95.846291
96.785009
95.787772
97.269174
95.371128
97.239440
95.878187
96.857990
95.727122
97.379899
95.439745
97.258664
96.015834
96.840055
95.816573
97.334132
95.529131
97.244426
95.921579
96.797163
95.741395
97.322200
95.393446
97.261960
95.887592
96.790803
95.621754
97.166716
95.423272
97.151311
95.874343
96.709268
95.759971
97.152113
97.216824
96.021243
96.778610
96.932386
95.799674
97.321790
95.355514
97.270212
95.892628
96.834895
95.503325
97.388624
95.185464
97.323026
95.897658
96.789579
95.680601
97.363778
95.355816
97.398164
95.887849
96.813722
95.804424
97.347207
95.397981
97.303910
96.059007
96.957150
95.739618
97.358149
95.416028
97.345456
95.940782
96.744260
95.928607
97.144393
95.366597
93.927573
92.842381
92.920214
93.301036
94.411345
93.254298
94.314106
93.764616
94.046504
93.650491
95.093933
93.599648
94.785995
94.102966
94.276719
93.990731
95.008167
93.840421
94.858705
94.075760
94.167685
94.085900
94.997279
94.947753
94.103017
93.957716
94.853824
94.273932
96.003080
93.776183
95.343773
94.424471
94.511204
93.998152
95.663344
93.897426
94.990541
94.284883
94.538422
94.086104
95.245733
93.941622
94.993760
94.311180
94.647855
94.192753
95.484741
93.997433
95.165118
94.411924
94.507899
94.100821
95.457161
93.983930
95.187975
94.325131
94.501824
94.103473
95.499242
94.060142
95.310818
94.301959
94.483348
94.125881
95.485369
94.108493
94.839848
94.337843
94.435508
94.112389
95.345509
94.067650
95.243732
94.293667
94.443975
94.214837
95.499093
94.044172
95.127208
94.297546
94.147303
94.244488
94.988954
94.976260
94.264140
94.015722
94.827964
94.362364
95.825257
93.848549
95.253005
94.371006
94.416328
94.049973
95.618549
93.856746
95.001194
94.339524
94.365589
94.045428
95.520337
93.911834
94.747861
94.245618
94.417442
94.129842
95.092012
94.055788
94.858728
94.286753
94.512974
94.104466
95.469861
94.053401
94.988776
94.320594
94.510607
94.270423
95.335948
94.104421
94.954633
94.287712
94.298306
94.127892
95.225437
94.088620
94.983379
94.231819
94.341016
94.158597
95.213109
94.093871
95.097625
94.220487
94.367951
94.070232
95.314270
94.006285
94.927502
94.125930
93.966398
94.058845
95.168832
94.874624
94.120322
94.026377
94.968499
94.180038
95.931663
93.900648
94.919071
94.369801
94.528855
94.127126
95.309001
93.932447
94.952389
94.268207
94.469006
94.095681
94.850624
93.856876
94.598212
94.148443
94.289888
93.949614
95.055739
93.948246
94.594978
94.234277
94.319907
94.016840
95.138711
94.038787
94.706583
94.229426
94.381513
94.057071
95.242866
93.903768
94.716270
94.230817
94.307829
93.904898
95.166765
93.904080
94.841722
94.338401
94.372359
94.027824
95.379827
94.021064
94.883926
94.148346
94.366279
94.031405
95.261056
93.980718
94.653694
94.053165
94.094729
93.921465
95.131602
94.819567
93.964934
93.848347
95.005411
94.083694
95.886546
93.778031
94.789799
94.228086
94.482967
94.077189
95.181475
93.863529
94.937709
94.242072
94.534665
94.051226
94.913499
93.900360
94.609157
94.227034
94.360370
93.922704
95.083023
93.916197
94.555599
94.160584
94.424040
94.039876
95.152436
94.043773
94.633003
94.194088
94.426138
94.005603
95.203919
93.893767
94.723531
94.247112
94.364526
93.953874
95.208918
93.947390
94.774016
94.279704
94.373835
94.105072
95.216512
94.059261
94.854927
94.211915
94.410860
94.005088
95.248914
93.996931
94.669344
94.053024
94.115586
94.001830
95.127150
95.152884
94.197630
94.156578
95.104331
94.430574
95.363245
93.900314
95.136228
94.318575
94.644080
94.187726
95.303125
93.990930
94.932176
94.264064
94.445155
94.216482
94.850439
93.947833
95.221247
94.271694
94.468208
94.139757
95.276002
94.060213
94.614405
94.342154
94.538103
94.257901
95.257224
94.106311
94.693603
94.436297
94.649770
94.257814
95.350250
94.135966
94.819569
94.413726
94.699956
94.279849
95.318624
94.073030
94.746747
94.407447
94.655016
94.327571
95.297759
94.215263
94.763776
94.535698
94.723743
94.446825
95.373627
94.204825
94.762931
94.335362
94.380305
94.286793
95.119358
95.088378
94.360610
94.338082
95.221087
94.610396
95.457761
93.932618
95.301261
94.384715
94.757332
94.340459
95.692125
94.115553
95.055803
94.258527
94.389124
94.233714
94.300788
95.403641
96.072805
96.007997
96.401780
96.146420
96.283151
95.935101
96.325162
96.269303
96.567811
96.335888
96.450132
96.007597
96.410151
96.325831
96.603997
96.300335
96.418194
96.053248
96.377684
96.425837
96.669096
96.392948
96.581314
96.118034
96.489808
96.448801
96.662942
96.430438
96.669311
96.230727
96.543028
96.452867
96.725163
96.367756
96.757959
96.172060
96.398876
96.208392
96.368756
96.285458
96.357870
96.433153
96.367940
96.562842
96.872664
96.518580
96.670456
96.024967
96.467244
96.428304
96.682281
96.326312
96.677968
96.139361
96.489609
96.436667
96.712560
96.384406
96.640609
96.188821
96.469059
96.464748
96.725305
96.431835
96.594540
96.254563
96.488490
96.459078
96.699691
96.399559
96.604609
96.195714
96.505533
96.447532
96.644473
96.436193
96.633946
96.181453
96.596478
96.458507
96.763847
96.447851
96.665234
96.253391
96.564003
96.474306
96.716844
96.495430
96.718699
96.263288
96.553710
96.521645
96.708698
96.500534
96.784603
96.265234
96.560502
96.313758
96.499604
96.334458
96.406771
96.489673
96.366231
96.549283
96.882141
96.451828
96.716820
96.055226
96.450550
96.413750
96.687984
96.336021
96.695815
96.111756
96.469221
96.458145
96.712581
96.379635
96.627690
96.234187
96.444857
96.393914
96.707111
96.368674
96.599784
96.221522
96.540117
96.470638
96.767725
96.396735
96.643308
96.260133
96.592167
96.474148
96.694665
96.455146
96.696259
96.276445
96.544789
96.512962
96.766281
96.444552
96.718504
96.260588
96.500227
96.469146
96.743661
96.384071
96.779996
96.216860
96.524875
96.475196
96.755047
96.430116
96.741872
96.244949
96.576876
96.328122
96.582086
96.383536
96.517150
96.542742
96.426195
96.608486
96.819567
96.399346
96.635565
96.027315
96.437555
96.300007
96.658404
96.319404
96.773193
96.164850
96.545919
96.405514
96.720749
96.438883
96.642411
96.230540
96.563286
96.467085
96.742645
96.401831
96.699840
96.193141
96.561875
96.481288
96.766727
96.420555
96.643192
96.209249
96.529145
96.431724
96.795464
96.374433
96.721262
96.192753
96.631712
96.479656
96.732082
96.379063
96.776951
96.259739
96.583410
96.485867
96.718451
96.486717
96.782100
96.274029
96.568919
96.474439
96.772895
96.469375
96.820399
96.239334
96.587076
96.393825
96.498760
96.384336
96.535649
96.513189
96.399224
96.509176
96.660404
96.490067
96.626357
96.020059
96.460755
96.324092
96.652581
96.244174
96.799200
96.109855
96.498076
96.459344
96.610588
96.336969
96.566462
96.128935
96.563397
96.457011
96.743039
96.421663
96.706929
96.429474
96.534240
96.476941
96.734969
96.402686
96.661848
96.116911
96.567453
96.480270
96.729682
96.464994
96.731622
96.205295
96.540741
96.468715
96.733810
96.420240
96.733449
96.249921
96.563450
96.465586
96.688959
96.446352
96.724875
96.265344
96.578629
96.481015
96.733768
96.439269
96.830745
96.245523
96.567787
96.376438
96.485678
96.381443
96.493934
96.540553
96.411224
96.613240
96.868494
96.421924
96.601838
96.051079
96.490531
96.333279
96.625032
96.332832
96.760142
96.084099
96.577460
96.325150
96.632992
96.483634
96.650153
96.178430
96.516752
96.430381
96.701278
96.370334
96.590431
96.172001
96.483243
96.457045
96.763045
96.364739
96.671264
96.122240
96.550644
96.374347
96.731692
96.418890
96.642304
96.172042
96.565858
96.461296
96.744450
96.368899
96.714986
96.239182
96.548736
96.432699
96.756475
96.448644
96.772792
96.268969
96.491624
96.490871
96.780283
96.381786
96.838753
96.203023
96.493583
96.347388
96.490704
96.334075
96.503532
96.479841
96.388973
96.601522
96.830097
96.411186
96.714473
95.979312
96.465412
96.339165
96.678272
96.286183
96.756255
96.132566
96.525219
96.396915
96.660100
96.317619
96.620308
96.144213
96.478509
96.455880
96.731083
96.389581
96.593984
96.160875
96.476154
96.463907
96.688804
96.369145
96.649682
96.160503
96.476293
96.402665
96.743982
96.395872
96.685698
96.209215
96.536175
96.380230
96.725734
96.399135
96.642112
96.215837
96.504871
96.415774
96.684410
96.479915
96.710069
96.271982
96.512629
96.531105
96.701686
96.497453
96.744903
96.227419
96.539784
96.370099
96.530159
96.307068
96.537949
96.489712
96.380163
96.589013
96.834482
96.437620
96.654201
95.995699
96.464967
96.288234
96.605668
96.251887
96.741392
96.127766
96.516926
96.407002
96.691370
96.362050
96.657537
96.214012
96.531676
96.396377
96.727663
96.431389
96.747373
96.212321
96.587808
96.410739
96.687540
96.385058
96.660536
96.212800
96.503580
96.431552
96.659521
96.378473
96.734248
96.175390
96.586796
96.468431
96.666977
96.388446
96.700637
96.264633
96.564742
96.493702
96.671903
96.395415
96.694372
96.261531
96.592823
96.426575
96.720398
96.391667
96.755983
96.219603
96.518712
96.384537
96.493947
96.287790
96.528327
96.484210
96.402584
96.607088
96.751269
96.429134
96.589873
96.067341
96.495860
96.261934
96.588126
96.284756
96.813076
96.109473
96.545818
96.400061
96.695517
96.371608
96.736471
96.175363
96.554868
96.398591
96.690628
96.388113
96.661129
96.180522
96.531790
96.430246
96.699663
96.430490
96.649978
96.239497
96.619845
96.434767
96.717940
96.358150
96.651101
96.206152
96.596530
96.458686
96.703722
96.416890
96.661452
96.243189
96.506999
96.434722
96.739001
96.424183
96.751021
96.180704
96.509710
96.467916
96.661943
96.375433
96.811068
96.177190
96.565466
96.379694
96.506771
96.275183
96.477063
96.513078
96.337624
96.610417
96.803920
96.435923
96.685178
95.966044
96.438711
96.370369
96.608842
96.323098
96.629235
96.057025
96.470279
96.310742
96.664251
96.338535
96.674347
96.123861
96.485586
96.472721
96.690107
96.329416
96.617860
96.116417
96.517554
96.427841
96.691625
96.434148
96.639923
96.218209
96.554465
96.457160
96.702866
96.285105
96.642015
96.151671
96.529252
96.376746
96.650590
96.382437
96.624984
96.110607
96.492649
96.421771
96.658625
96.341424
96.623030
96.198428
96.456798
96.362623
96.650067
96.362295
96.667385
96.230379
96.448399
96.290182
96.427146
96.266169
96.421811
96.440087
96.319856
96.513445
96.748391
96.346883
96.625156
95.946257
96.384063
96.211434
96.595558
96.247030
96.691188
96.073201
96.471520
96.361718
96.663140
96.248207
96.659341
96.129380
96.519826
96.381321
96.712535
96.392438
96.684995
96.212991
96.541033
96.392245
96.731996
96.390348
96.674826
96.197431
96.567319
96.458550
96.764125
96.322275
96.676977
96.218541
96.512430
96.401116
96.693485
96.266910
96.701985
96.153977
96.485758
96.362073
96.597569
96.321330
96.667861
96.054216
96.450693
96.385500
96.687732
96.329114
96.753972
96.144415
96.540793
96.293514
96.417821
96.296799
96.512271
96.487555
96.327252
96.552695
96.696840
96.278523
96.623247
95.984404
96.442963
96.655086
96.545054
96.229636
96.794416
96.123980
96.710988
96.571055
96.560318
96.280067
96.517359
96.052386
96.467382
96.358835
96.621062
96.338317
96.663875
96.207729
96.552604
96.584620
96.569008
96.337308
96.690624
96.195513
96.762139
96.646279
96.530861
96.193869
96.645560
96.071031
96.531077
96.406845
96.647113
96.275478
96.603995
96.128817
96.490803
96.354752
96.673591
96.368215
96.784029
96.230213
96.534900
96.441859
96.636671
96.322276
96.794257
96.122256
96.545279
96.297238
96.289652
96.217686
96.368909
96.425859
96.292897
96.502018
96.767704
96.413664
96.755509
96.003351
96.626577
96.312844
96.594983
96.205582
96.765964
96.005690
96.516720
96.248815
96.581998
96.151151
96.719300
96.088881
96.538970
96.359044
96.669175
96.311187
96.668210
96.109638
96.501778
96.323389
96.598027
96.222738
96.665556
96.067225
96.483164
96.328407
96.641097
96.292416
96.755878
96.274104
96.548495
96.434728
96.884877
96.401059
96.786577
96.156401
96.558154
96.381224
96.715386
96.329335
96.783962
96.143459
96.556011
96.397854
96.705328
96.299255
96.828556
96.169199
96.476966
96.315556
96.339551
96.296059
96.457503
96.444367
96.291012
96.441520
96.771915
96.363414
96.710309
95.902681
96.512549
96.257453
96.592311
96.180414
96.797149
95.970539
96.536172
96.348287
96.471843
96.180094
96.683196
96.063490
96.604813
96.286035
96.517201
96.387099
96.665138
96.102485
96.523442
96.320876
96.660069
96.325558
96.763100
96.166644
96.544595
96.386774
96.645304
96.276192
96.745657
96.230103
96.545351
96.390343
96.680501
96.360870
96.798295
96.219361
96.534612
96.380443
96.662252
96.338738
96.733276
96.126605
96.515320
96.399935
96.612155
96.254633
96.961161
96.135433
96.577184
96.204379
96.393968
96.236913
96.556219
96.542280
96.257395
96.410372
96.795121
96.399847
96.829939
95.988039
96.450311
96.255238
96.562657
96.179397
96.763005
95.989327
96.533528
96.337104
96.592747
96.177439
96.683656
95.988562
96.485547
96.325576
96.623912
96.286372
96.671436
96.040237
96.464890
96.369982
96.619302
96.200125
96.736896
96.108170
96.518628
96.337164
96.615414
96.254167
96.670676
96.141479
96.503636
96.348428
96.538880
96.167641
96.688764
96.134014
96.545128
96.352373
96.604445
96.131264
96.740367
96.106037
96.593854
96.359516
96.599484
96.227198
96.887702
96.036830
96.583452
96.222981
96.424562
96.236691
96.576121
96.520913
96.267478
96.399735
96.788630
96.430685
96.888504
95.969046
96.544681
96.280937
96.549373
96.220244
96.776550
96.007875
96.606893
96.312455
96.611720
96.276462
96.769814
96.055906
96.626459
96.389449
96.690896
96.235270
96.772683
96.136137
96.555463
96.345512
96.655512
96.255724
96.825890
96.220894
96.635984
96.361769
96.730666
96.360841
96.821446
96.259740
96.644889
96.407692
96.692137
96.305731
96.846918
96.234911
96.626711
96.430940
96.663320
96.361380
96.864751
96.181534
96.671224
96.460652
96.668831
96.383849
96.968362
96.157375
96.718152
96.385015
96.436764
96.252089
96.689023
96.635005
96.470221
96.563171
96.872089
96.444098
96.852134
95.972620
96.495912
96.327865
96.641238
96.249975
96.928013
96.198465
96.723501
96.414991
96.750544
96.445284
96.802515
96.231897
96.645027
96.435394
96.769852
96.360802
96.776960
96.128490
96.567920
96.369433
96.627051
96.267927
96.672193
96.199594
96.573219
96.386960
96.807212
96.240450
96.692066
96.086052
96.541786
96.329639
96.652171
96.264224
96.760966
96.218770
96.561012
96.342309
96.646947
96.352078
96.766495
96.159740
96.655573
96.371353
96.616434
96.214075
96.869177
96.067544
96.646969
96.317835
96.416323
96.286204
96.701994
96.612022
96.414385
96.439443
96.795561
96.282716
96.794475
95.852885
96.646730
96.223699
96.505600
96.007356
96.734959
95.907089
96.457630
96.259708
96.466686
95.984283
96.689376
96.057996
96.494938
96.329625
96.424471
96.176030
96.548288
96.006353
96.504401
96.350860
96.524184
96.031077
96.636441
96.112407
96.498810
96.228256
96.435549
96.042574
96.578523
96.015263
96.469431
96.247298
96.407776
96.002461
96.621660
95.994071
96.461290
96.169812
96.420636
96.129344
96.533411
95.925498
96.469793
96.192162
96.266263
95.834904
96.580289
95.976082
96.288502
96.039881
95.955054
95.919374
96.193118
96.224670
95.904674
95.802652
96.224166
95.877195
96.292651
95.527099
96.300223
95.926157
95.973260
95.677590
96.347661
95.775564
96.164654
95.974350
96.016478
95.648875
96.292664
95.583610
96.215038
95.906290
96.041780
95.652022
96.293799
95.576954
96.257967
95.933680
96.002359
95.617039
96.332418
95.754552
96.215820
95.853909
96.035196
95.664668
96.353915
95.811583
96.248820
95.943177
96.034909
95.762487
96.369503
95.675208
96.355201
96.011127
95.996604
95.687643
96.512657
95.712541
96.406602
96.019482
96.097082
95.718454
96.660786
95.773967
96.359684
95.910019
95.817928
95.718278
96.354786
96.389257
95.966985
95.946085
96.255746
95.828614
96.457829
95.472746
96.271484
95.841753
96.055022
95.457306
96.403667
95.372624
96.160855
95.899255
96.038522
95.510115
96.350678
95.469570
96.146742
95.820495
96.006648
95.575847
96.284385
95.447307
96.190880
95.773941
96.022138
95.515930
96.367219
95.628044
96.234857
95.840397
96.092211
95.523630
96.340161
95.693500
96.193310
95.876495
96.088036
95.541686
96.312482
95.620836
96.220402
95.778650
96.000406
95.568278
96.315945
95.593960
96.198121
95.821128
96.073476
95.600776
96.445590
95.577923
96.227910
95.782412
95.761997
95.534746
96.182380
96.146205
95.752236
95.849328
96.132021
95.586093
96.229993
95.194600
96.184432
95.681373
95.821574
95.343449
96.246770
95.340391
96.201014
95.691621
95.862831
95.482222
96.266067
95.365903
96.131321
95.728329
95.979404
95.490507
96.257018
95.474700
96.040392
95.718095
95.913796
95.527682
96.287788
95.509298
96.142390
95.716862
95.926307
95.483537
96.232304
95.576197
96.110509
95.711493
95.766213
95.698890
96.266936
95.505956
96.190730
95.761588
95.897059
95.568739
96.367410
95.566015
96.181163
95.788981
95.915031
95.499098
96.412224
95.556319
96.142746
95.745899
95.604868
95.480244
96.184922
96.132744
95.606533
95.673953
96.152001
95.661930
96.430767
95.228728
96.230129
95.751200
95.783154
95.333327
96.346445
95.433888
96.122493
95.815350
95.867360
95.440045
96.287576
95.484771
96.244849
95.838805
95.965375
95.602557
96.409310
95.558649
96.260377
95.989117
96.032953
95.792392
96.580322
96.015153
96.489110
96.000947
95.951676
95.606971
96.483072
95.724310
96.401693
96.000514
95.861303
95.694405
96.342409
95.649414
96.258425
95.869405
95.756290
95.570073
96.351656
95.643529
96.233265
95.876249
95.781313
95.594302
96.465020
95.559564
96.154927
95.814099
95.475902
95.617773
96.265308
96.196165
95.890028
95.534921
95.954757
95.418131
96.346739
95.398746
96.257705
95.812966
95.667160
95.485371
96.175783
95.438802
96.211357
95.796934
95.691289
95.487921
96.153006
95.357788
96.129178
95.713874
95.695941
95.552142
96.093080
95.380745
96.068155
95.650178
95.631596
95.477991
96.168952
95.394497
96.157097
95.752975
95.664312
95.575286
96.206501
95.450756
96.192041
95.774705
95.694027
95.470181
96.281010
95.542967
96.144873
95.821145
95.671699
95.307346
96.521620
95.605607
96.240061
95.954144
95.888477
96.143661
94.776308
92.042394
93.199260
90.617509
85.323205
92.688452
94.463247
94.758394
92.744814
95.592930
