93.475549
92.942280
95.262199
92.755875
95.057709
93.307110
94.012463
92.567379
95.419530
92.679982
94.872349
93.231473
94.119007
92.560577
95.261756
92.658559
95.027275
93.135444
94.143949
92.437342
95.327148
92.706924
95.176386
93.113267
94.326805
92.559282
95.229570
92.791625
94.987159
93.073696
94.204707
92.567677
95.146822
92.314268
94.857535
92.937667
94.279024
92.472788
95.455397
92.424710
94.848604
93.181453
94.046020
92.441867
95.383914
92.544086
94.804227
92.892280
94.154817
92.647313
95.326314
92.527846
95.012581
92.991756
93.803282
92.217052
94.724256
94.595455
92.733205
93.678652
94.720769
92.551031
95.559527
92.325111
94.599505
93.072532
94.141180
92.180447
94.742819
92.215550
94.418914
92.460994
94.024874
92.098504
94.538788
91.906958
94.245612
92.373284
94.091089
92.113651
94.939538
92.120529
94.256033
92.659563
93.844495
92.089027
95.045713
92.175040
94.379365
92.976280
94.071295
92.248145
95.088939
92.252878
94.341327
92.721067
94.006768
92.311850
95.037505
92.226425
94.253968
92.783471
94.033332
92.156077
94.896682
92.249698
94.685039
92.764026
93.933260
92.064863
94.923027
92.041878
94.484901
92.441186
93.587299
92.279448
95.006819
94.355946
92.597058
93.548085
95.063194
92.632208
95.023070
92.473387
94.692200
92.704569
94.463915
92.453679
94.870580
92.187469
94.566056
92.863678
94.460187
92.544698
94.750910
92.334672
94.405553
92.676825
94.144417
92.450981
94.878277
92.433517
94.479379
92.876545
94.158795
92.451784
94.854786
92.492130
94.683949
92.855968
94.310879
92.619630
95.325983
92.528962
94.692612
93.009708
94.314135
92.661951
95.332660
92.806417
94.668027
92.998341
94.373695
92.768550
95.469104
92.850637
94.681852
93.364341
94.334521
92.970316
95.346035
92.933393
95.065804
93.423307
93.930527
92.673606
94.997917
94.932825
93.309102
94.069296
95.203330
93.269359
95.501220
92.944716
95.249751
93.481525
94.607493
92.919306
95.360151
92.848925
95.099320
93.446166
94.529215
92.942844
95.356161
92.738334
95.125254
93.449572
94.719482
92.778251
95.120475
92.834432
94.824558
93.318587
94.561439
93.062570
95.115622
92.732283
94.810682
93.348270
94.521163
92.987508
95.259266
92.863972
94.970155
93.483220
94.572007
93.091300
95.270607
93.024916
95.078547
93.529535
94.569669
93.013661
95.248777
92.971252
95.125379
93.593928
94.660970
92.887521
96.009125
93.348502
94.949471
93.268465
94.083934
93.048247
94.660249
94.575250
93.163729
94.037012
95.248056
93.292126
95.471787
93.308844
95.076233
93.652920
94.685046
93.045411
95.348435
93.056959
95.064549
93.741716
94.710851
93.095114
95.228147
93.025383
95.046676
93.545516
94.691855
93.106552
95.114380
93.005869
94.579800
93.501176
94.662749
93.009489
95.169024
93.445356
94.961078
93.689433
94.686553
93.127942
95.074922
93.375496
95.104947
93.794786
94.737419
93.136091
95.236177
93.310700
94.987326
93.628516
94.647824
93.285227
95.409086
93.085444
95.183915
93.727107
94.662766
93.296732
95.972339
93.740456
95.239837
93.702730
94.383421
93.390134
95.548156
95.093610
93.805416
94.529682
95.506346
93.418977
96.042467
93.607701
95.287630
94.307161
95.172221
93.409014
95.980969
93.690401
95.364412
94.232127
95.288847
93.494621
94.920321
93.125973
94.839183
93.728838
95.064753
93.270338
96.072995
93.380396
94.831970
94.202961
95.002653
93.505062
95.557494
93.562239
95.130095
94.074423
94.999623
93.575578
95.404711
93.349051
94.871685
93.988182
94.954980
93.607090
95.534406
93.646971
95.139230
94.210763
95.343037
93.919707
95.542025
93.693022
95.069576
94.223245
95.121050
93.720361
95.635621
93.639444
95.520637
93.940409
94.444439
93.500487
95.544761
95.534112
93.806131
94.697449
95.659317
94.097259
95.964377
93.517947
95.602749
94.421504
95.110872
93.584593
95.725258
93.544963
95.783533
94.736785
95.112417
93.532216
94.765662
93.234156
95.275804
94.394975
95.152758
93.734596
95.402337
93.431164
95.218529
94.118369
95.205801
93.693497
95.565171
93.442086
94.832344
94.177364
95.066406
93.606117
95.515197
93.513526
95.309494
94.194256
95.161502
93.791291
95.697424
93.504820
94.935961
94.257595
95.031635
93.615917
95.669732
93.666925
95.388645
94.259033
95.035303
93.665884
95.760372
93.615951
95.560039
94.063401
94.872244
93.837870
95.340608
95.344455
94.146363
94.623342
95.724510
94.119615
96.014328
93.867583
95.991363
94.582988
95.361410
93.845869
95.894541
93.683773
95.765302
94.246859
95.257779
93.669932
95.805380
93.767858
95.201329
94.385575
95.390099
94.046897
95.664563
93.646643
95.415138
94.319149
95.423540
93.931315
95.926013
93.976449
95.200034
94.418689
95.356448
93.937594
96.065315
94.134750
95.431626
94.600031
95.541197
94.111225
96.026583
94.333708
95.516349
94.776487
95.458467
94.118200
96.136737
94.151041
95.877818
94.701094
95.488458
94.195704
96.266052
94.152353
96.100145
94.713334
95.375268
94.263345
95.836916
95.955128
94.359739
95.285943
96.113158
94.391043
96.210819
93.998308
95.945902
94.786792
95.718419
94.309313
95.596314
94.260973
95.731712
94.535836
95.548872
94.423937
95.866091
94.150055
95.758532
94.851510
95.649343
94.355629
96.021164
94.300336
95.458125
94.736696
95.416841
94.186069
95.941859
94.141672
95.938520
94.771183
95.767423
94.455461
96.199961
94.366592
95.505849
94.897167
95.695587
94.381593
96.128939
94.259048
95.661658
94.992495
95.772922
94.356389
96.370688
94.683173
96.175089
94.932092
95.781694
94.574531
96.603145
94.745078
96.359395
95.057202
95.575674
94.795070
96.300457
96.135381
95.008644
95.494552
96.444930
95.087906
96.505486
94.953187
96.177735
95.149813
96.106864
94.768539
96.038731
94.728509
95.880124
95.157410
96.044290
94.912587
96.514220
94.953586
96.095248
94.961575
95.839751
94.820073
96.326261
94.907934
96.244817
95.364018
96.200844
94.963491
96.150338
94.735614
95.977442
95.197362
95.734537
94.691477
96.747905
94.970537
96.136335
95.198347
96.011958
94.912723
96.268906
94.833008
96.096489
95.129950
95.828274
94.806678
96.461038
95.045565
96.419453
95.304067
96.123426
94.637547
96.421217
94.779257
96.169018
95.053803
95.590913
94.842960
95.902620
96.156278
95.249929
95.427061
96.365936
94.791311
96.193849
94.552484
95.896842
94.891809
95.890980
94.621779
95.833785
94.461069
95.707254
94.844018
96.080620
94.805594
95.995893
94.517080
95.845469
94.915750
95.590700
94.581207
96.480618
94.684019
96.016557
95.067615
95.625596
94.616876
96.378298
94.733400
96.206288
95.179211
96.061056
94.923931
96.135296
94.759076
95.993579
95.142967
95.815133
94.457357
96.591917
94.836335
96.031956
95.092536
95.900977
94.693595
96.533777
94.737602
95.940837
94.930782
95.899290
94.782977
96.179462
94.642644
95.944289
94.861779
95.462150
94.585672
95.929427
95.838935
94.907381
95.298807
95.983813
94.658547
95.956632
94.394067
95.640237
94.686077
95.434432
94.451587
95.903456
94.305621
95.657457
94.761066
95.496116
94.485672
95.669972
94.278428
95.466674
94.624730
95.658833
94.519692
95.947331
94.416425
95.574719
94.701821
95.402894
94.261977
96.111273
94.398823
95.578684
94.568648
95.205838
93.876951
95.935196
94.024646
95.452441
94.452929
95.287879
94.326935
95.502562
94.081740
95.101589
94.244245
94.802902
93.675925
95.759717
93.967046
95.199935
94.265990
95.056828
93.976315
95.539892
93.980908
95.318211
94.234101
94.655296
94.320324
95.282327
95.239738
94.427616
94.701831
95.522034
94.433472
95.767601
94.069650
95.746085
94.523532
95.258594
94.204288
95.907791
94.467513
95.806889
94.740879
95.342997
94.362895
95.840815
93.999431
95.686825
94.701214
95.246906
94.342491
95.793084
94.444504
95.826328
94.651249
95.394062
94.484951
95.823771
94.404890
95.702193
94.670142
95.273384
94.221039
95.931735
94.538456
95.917514
94.873003
95.288883
94.442124
96.116814
94.630021
96.135033
94.806590
95.224262
94.309167
96.009120
94.387123
95.852165
94.844793
95.028254
94.223378
95.956124
94.514915
95.833472
94.537245
94.822293
94.526134
95.466639
95.357255
94.325583
94.785875
95.371354
94.125726
95.762880
93.928470
95.559681
94.278192
94.893667
93.836567
95.495926
93.806413
95.289725
93.917249
94.864348
93.845356
95.783521
94.259216
95.450643
94.065463
95.017392
93.834820
95.550263
93.937063
95.350706
94.141669
95.028393
93.641421
96.075434
94.173281
95.996780
94.489410
95.236363
93.893095
95.883298
93.778098
95.434139
93.990027
95.005809
93.896625
95.436896
93.535952
95.324533
93.814399
94.858128
93.622410
95.726482
93.595911
95.369892
94.004885
94.979348
93.707213
95.725824
93.717436
95.661280
94.621816
95.070720
93.401417
95.537439
95.499750
94.103676
95.220191
95.312646
93.852600
96.129483
93.553044
95.843933
94.151114
95.300234
93.379838
96.182082
93.423353
95.338673
94.064307
95.212344
93.454161
95.953098
93.416942
95.727926
93.789969
94.960079
93.091410
95.758973
92.860362
95.648387
93.243299
94.674105
92.073357
95.618482
92.402687
95.491399
93.290546
94.825565
92.854294
95.751668
92.840343
95.901489
93.939003
95.474741
93.650576
96.468646
93.537971
96.422600
94.418695
95.760224
93.832356
96.397739
93.294418
96.202165
93.900851
95.493348
93.417340
96.199906
93.130664
95.810480
93.590443
94.884313
93.255197
95.563990
95.419114
93.429634
94.527907
95.111037
92.678284
95.527622
92.264480
95.288838
92.941940
94.641664
92.637796
95.535267
92.571463
94.899132
93.806744
95.275223
93.590113
96.172944
93.159226
95.978232
93.760224
95.270707
93.471288
96.176568
93.039225
95.959691
93.839088
95.439225
93.523236
96.221851
93.416475
96.362903
94.239475
95.900744
94.045352
96.415715
93.593434
96.288879
94.311997
95.821273
94.219961
96.211993
93.798821
96.240683
94.386086
95.827110
94.032470
96.367392
93.794257
96.352325
94.179242
96.022764
94.083654
96.219752
93.659474
96.128325
94.348622
95.751141
94.051569
96.068719
95.848159
93.799532
95.278081
95.818777
93.991570
96.408045
93.800246
96.369968
94.501351
95.941213
94.345338
96.574154
94.228213
95.674274
94.589208
96.129053
94.439463
96.474200
94.288701
96.533594
94.802772
96.189520
94.703240
96.794044
94.534180
96.739349
94.959284
96.481250
94.790231
96.791724
94.486607
96.757402
94.963038
96.419304
94.756698
96.746389
94.500475
96.632503
94.858724
96.286500
94.625389
96.643042
94.170722
96.565695
94.750457
96.207485
94.645947
96.607149
94.230320
96.138988
94.815788
96.017884
94.584148
96.447830
93.957172
97.146641
95.248575
95.705228
94.233193
96.231720
96.204498
94.903216
95.939739
96.408306
94.858000
96.117040
93.628924
95.435883
94.180910
95.537810
94.056003
96.402103
93.427810
94.952950
93.655983
95.130355
93.371906
95.730951
93.898219
95.397348
93.692445
94.832318
93.124422
95.302587
92.817070
95.287436
93.348112
94.806664
93.086307
95.423048
92.729315
95.482332
93.455776
94.830710
93.123852
95.298052
92.849314
95.595762
94.037629
95.289802
93.534628
95.768437
93.398055
95.683346
93.834711
94.527707
93.575424
93.898482
93.756330
94.668671
94.448257
95.416626
94.875461
95.011016
94.304686
95.178285
94.575515
94.890261
94.640660
95.802063
95.122639
94.990435
95.402084
96.032803
95.459176
95.486307
95.058679
95.522614
95.459134
95.949280
95.516485
95.481770
94.991303
95.290554
95.343832
95.765980
95.265307
95.353361
95.008420
95.393738
95.476408
96.409254
95.488894
95.415530
95.025008
95.366671
95.548234
95.956624
95.438864
95.592904
95.216196
95.517591
95.411436
95.913169
95.488579
95.710368
95.225159
95.519011
95.464943
95.858988
95.469965
95.737804
95.152797
95.493956
95.391276
95.793814
95.400280
95.970953
95.241302
95.959278
95.757243
95.877315
95.538890
96.210462
95.224988
95.919042
95.507593
95.379855
95.261823
95.981783
95.941208
95.376967
95.624485
96.314528
95.777880
96.043195
95.011656
95.849826
95.296290
95.931840
95.313140
96.145869
95.078005
95.921687
95.365449
95.955378
95.422157
95.740348
95.210272
95.532255
95.470150
95.922862
95.454304
95.483678
95.196837
95.476292
95.421505
95.821662
95.517882
95.666029
95.165228
95.442515
95.381172
95.738133
95.445020
95.931242
95.194194
95.640270
95.419050
95.812057
95.334378
96.082940
95.222637
95.862051
95.431813
95.823262
95.504413
96.273671
95.160543
96.087118
95.423170
95.703487
95.402419
96.290141
95.196741
96.063417
95.211005
95.407486
95.216929
96.123188
96.124754
95.303073
95.557939
96.347429
95.585837
96.395391
94.995252
96.071987
95.496469
95.903305
95.434460
96.040828
95.030536
95.763231
95.546891
95.877067
95.552826
95.546554
95.283948
95.628351
95.648283
96.014155
95.614964
95.904490
95.509201
95.690216
96.752971
95.725160
95.345574
95.515006
94.963195
95.445213
95.816310
96.133678
95.876347
96.066850
95.487273
95.537775
95.623584
96.229930
95.773851
95.914950
95.568700
95.705816
95.685203
96.094488
95.596889
95.596253
95.325203
96.202371
96.118586
95.709759
95.476749
96.147663
95.301876
96.104226
95.343239
95.412187
95.341581
96.162827
96.126303
95.167782
95.416594
96.379521
95.865034
95.755098
94.971016
95.375700
95.898145
96.133156
95.731862
95.587300
95.134313
95.426922
95.500987
95.787366
95.485488
95.635580
95.055716
95.400779
95.463972
95.755117
95.375046
95.599021
95.207395
95.905354
95.571965
96.013273
95.729349
95.841023
96.003534
95.919678
95.870558
95.992996
95.425242
95.698598
95.195368
95.473113
95.713029
95.998870
95.666238
95.846203
95.414785
95.665282
95.553147
95.940363
95.609949
95.919963
95.336955
95.639258
95.539639
95.803962
95.552851
96.096206
95.386361
96.177184
95.333144
95.584452
95.343298
96.220731
96.933990
95.596786
95.600050
96.360507
95.795270
95.695543
94.931434
95.455953
95.434609
95.923829
95.495789
95.957805
95.085809
95.588533
95.404973
95.691632
95.397069
95.531616
95.027069
95.313329
95.273156
95.783072
95.893870
95.575906
95.140325
95.433724
95.452787
95.942703
95.426704
95.840705
95.126168
95.471854
95.329161
95.853092
95.353806
95.808467
95.147218
95.483294
95.469448
95.838804
95.389994
95.918589
95.128646
95.644314
95.530718
95.821913
95.392065
95.856921
95.158295
95.552437
95.405236
95.836495
95.463592
96.208590
95.128472
96.006059
95.169841
95.418884
95.277852
96.082455
96.098366
95.274673
95.498106
96.387975
95.645648
96.244232
95.003750
95.907069
95.368638
95.936249
95.397172
96.121513
95.133042
95.947791
95.409074
95.831500
95.442159
95.757618
95.262776
95.530051
95.544365
95.801819
95.535381
95.685195
94.499874
95.768192
95.753244
96.401593
95.095587
96.181902
95.136340
96.529389
95.395722
96.602572
95.535040
96.257302
95.122058
96.412685
95.632957
96.640958
95.323558
96.519831
95.187498
96.651941
95.380121
96.663567
95.423732
96.620021
95.365711
96.830804
95.482272
96.554377
95.323878
96.791733
95.415850
96.640971
95.600748
96.522656
95.459866
96.809093
96.742241
95.547087
96.456792
96.576563
95.496407
96.854984
95.025022
96.788756
95.556685
96.657471
95.407240
96.763039
94.932341
96.717284
95.429384
96.561150
95.673568
96.739552
94.885791
96.649126
95.300204
96.532263
95.316854
96.925604
95.059863
96.426280
95.537064
96.609531
95.509588
96.867335
95.125053
97.766804
95.541246
96.618998
95.174532
96.704072
95.311533
96.876895
96.052736
97.094140
95.727555
96.374517
95.116816
96.787675
95.662199
96.657323
95.942077
96.931114
95.511810
96.804251
95.836651
96.752803
95.491400
96.268530
95.961083
97.066761
95.678210
96.597401
95.617557
96.718491
96.719738
95.819783
96.567342
96.666294
95.635668
96.834705
94.956986
96.989231
95.541376
96.676593
95.506274
96.757615
95.027346
97.434232
95.670447
96.557074
95.328987
96.615741
95.070152
96.632530
95.399008
96.430642
95.512459
96.899256
95.120382
96.604991
95.451711
96.604486
95.372626
96.793537
95.245428
96.601951
95.528614
96.624420
95.394810
96.788442
95.325374
96.618824
95.680377
96.626192
95.450210
96.709865
95.208967
96.693101
95.685359
96.596642
95.351387
96.871475
95.318619
96.812517
95.782332
96.581029
95.426240
96.777687
95.076940
96.822446
95.647297
96.527086
95.481380
96.880485
96.920121
95.691979
96.570803
96.808462
95.572364
96.882449
95.169251
96.637826
95.652496
96.682183
95.535683
96.968063
95.332703
96.674224
95.662129
96.615493
95.323612
96.999626
95.136888
97.047040
95.682693
96.650527
95.377952
97.023564
95.265065
97.025921
95.743263
96.651897
95.447428
96.976170
95.284186
96.764647
95.639780
96.599626
95.571286
96.923496
95.307063
96.445688
95.900771
96.670637
95.576492
96.874502
95.313754
96.880558
95.737255
96.645504
95.629449
96.908553
95.250678
96.843550
95.589230
96.587593
95.552115
96.334503
95.376748
96.776055
95.728329
96.553506
95.577529
96.529990
96.889338
95.846669
96.838143
96.836541
95.532828
96.941821
95.241607
96.221483
95.652391
96.670785
95.523403
96.897952
95.225616
96.961342
95.695203
96.711006
95.581812
96.822429
95.280018
96.922093
95.738907
96.715466
95.568106
96.911082
95.421083
96.866538
95.778221
96.733087
95.635285
96.891275
95.348011
96.944456
95.739322
96.660045
95.655613
96.956868
95.388474
96.936365
95.706142
96.673287
95.446178
96.984068
95.285259
96.995409
96.214226
96.717334
95.424759
96.908936
95.331765
96.906311
95.740635
96.739650
95.677081
96.914204
95.343803
96.892170
95.656080
96.585742
95.464715
96.711984
96.930328
95.784753
96.551676
96.890586
95.647581
96.969923
95.352376
96.780234
95.605701
96.608710
95.596132
97.140700
95.715640
96.881178
95.567184
96.576446
95.467397
96.867700
95.127496
96.459903
95.680502
96.496322
95.347553
96.840150
95.133965
96.853328
95.587821
96.654753
95.314142
96.832424
95.246526
96.765911
95.666842
96.602162
95.578095
96.837336
95.194163
96.867713
95.649139
96.609584
95.656999
96.902718
95.352921
96.837122
95.785264
96.644122
95.732122
96.919546
95.516255
96.892366
95.932987
96.741876
95.844539
96.844026
95.617746
96.791330
95.879177
96.481142
95.833635
96.367237
96.739021
95.883322
96.582208
96.944179
95.788948
96.931328
95.378325
96.802988
95.791084
96.705681
95.730616
96.885556
95.358030
96.370581
95.816547
96.798919
95.782662
96.145231
95.397899
96.664502
95.759370
96.701025
95.659928
96.793476
95.485694
96.055436
95.766313
96.592352
95.742756
96.627930
95.536934
96.723466
95.743635
96.613844
95.652328
96.652455
95.341919
96.813503
95.759002
96.742594
95.563248
96.714700
95.265447
96.808028
95.695770
96.671162
95.394966
96.749803
95.329865
96.375758
95.846472
96.625316
95.661243
96.729521
95.478871
96.753762
95.737127
96.560340
95.744191
96.535525
96.603965
95.707268
96.604595
96.914944
95.785928
96.863149
95.268224
96.105646
95.717019
96.631246
95.713578
96.732034
95.220069
96.747372
95.739793
96.729010
95.552106
96.810511
95.277733
96.774478
95.713629
96.618049
95.691841
96.570955
95.493209
96.415798
95.804921
96.592928
95.827076
96.731800
95.585190
96.689522
95.787529
96.731240
95.661813
96.729102
95.538159
96.800517
95.863261
96.636325
95.828996
96.851056
95.626856
96.684507
95.840236
96.636438
95.741941
96.654222
95.464639
96.718148
95.836796
96.611726
95.660714
96.456452
95.573433
96.502465
95.864559
96.548856
95.809062
96.281469
96.317824
96.048572
96.627423
97.047061
95.904581
96.965781
95.530740
96.464911
95.845807
96.755986
95.542093
96.920474
95.383909
96.822921
95.792832
96.741324
95.726945
96.891433
95.478172
96.957291
95.809158
96.671163
95.741611
96.814961
95.478850
96.849720
95.883810
96.818279
95.751597
96.885803
95.679702
96.946103
95.845700
96.630983
95.763707
95.907290
95.328225
91.252834
90.647924
90.853778
92.247517
92.698877
91.942201
92.577324
92.190691
92.583790
92.375094
92.885147
92.270808
92.782544
92.437856
92.634072
92.644642
93.158326
92.566618
92.966379
92.569282
92.533631
92.784247
93.056460
93.063818
92.872152
92.760459
94.634620
94.244483
94.541651
93.495622
94.207363
93.757447
93.994076
93.793039
94.266423
93.630619
94.166656
93.778590
94.024332
93.739771
94.258005
93.690302
94.139430
93.724946
94.139137
93.967892
94.448264
93.861810
94.289922
93.931670
93.952964
93.908983
94.381681
93.828075
94.305686
93.883102
93.971523
93.949146
94.538000
93.868685
94.381866
93.904274
93.947978
93.930956
94.601210
93.862491
94.437144
93.982709
93.982765
93.936714
94.504345
93.867405
94.443296
93.985127
93.982986
94.084803
94.591901
93.945210
94.477629
94.057286
93.946656
94.024947
94.399786
94.369119
94.068700
93.852516
94.497893
94.319484
95.021710
93.644163
94.765284
93.833135
93.856042
93.570964
94.675258
93.649929
94.551812
93.870459
93.972387
93.905926
94.542569
93.751809
94.385539
93.809799
94.011997
93.825186
94.401838
93.730745
94.253220
93.853096
94.065704
93.883617
94.364950
93.718862
94.283967
93.872840
93.983333
93.982450
94.463143
93.883895
94.326002
93.886078
93.936159
93.939498
94.484646
93.830947
94.387634
93.954817
94.047400
94.007952
94.564192
93.961939
94.428099
94.000876
94.082920
94.042308
94.533582
93.892016
94.307106
93.937793
93.820301
94.016330
94.325252
94.337096
93.941171
93.779100
94.407267
94.188350
94.943179
93.553303
94.730579
93.852557
93.923530
93.824770
94.604816
93.593442
94.476560
93.801599
93.886529
93.785695
94.329725
93.573999
94.215084
93.713669
93.904641
93.718535
94.188008
93.529992
94.169843
93.717279
93.879662
93.741224
94.221163
93.628810
94.189018
93.748867
93.935969
93.817834
94.434715
93.686508
94.220631
93.770334
93.890952
93.749585
94.318240
93.657757
94.276466
93.849236
93.948630
93.941458
94.450265
93.817338
94.302256
93.863239
93.974039
93.898188
94.453290
93.782045
94.177839
93.773217
93.782605
93.823189
94.195548
94.200033
93.741259
93.665336
94.521823
94.092194
94.805203
93.513286
94.678009
93.784727
93.899013
93.795543
94.670466
93.584767
94.558166
93.861045
94.038198
93.744556
94.411774
93.589139
94.214720
93.746673
94.007166
93.733760
94.183893
93.512258
94.092058
93.678691
93.948440
93.749815
94.176960
93.618857
94.132230
93.714619
93.944127
93.756849
94.333262
93.640207
94.226265
93.794400
93.988095
93.844658
94.368742
93.691052
94.286744
93.828004
93.984112
93.912405
94.488788
93.810962
94.368396
93.922685
94.053056
93.908368
94.490915
93.817183
94.215992
93.817531
93.835302
93.852879
94.235663
94.227799
93.840389
93.763391
94.622603
94.233299
94.825714
93.628622
94.680615
93.869507
94.063132
93.879797
94.663239
93.709762
94.551801
93.950010
94.062406
93.950062
94.441665
93.752015
94.321058
93.937027
94.055429
93.914519
94.312659
93.722294
94.249522
93.920807
94.107132
94.007702
94.307537
93.774485
94.262361
94.007565
94.171772
93.972053
94.378017
93.849724
94.314213
94.001300
94.200481
94.000850
94.475631
93.839669
94.259804
94.058037
94.244089
94.107110
94.453740
93.972650
94.363170
94.201756
94.369523
94.258673
94.570787
94.062388
94.348160
94.050831
94.071633
94.067352
94.302615
94.263431
94.108201
94.043299
94.799919
94.373365
94.903760
93.710253
94.764590
93.964463
94.233978
94.166946
94.577219
93.905368
94.704509
94.094793
94.147883
93.904137
94.072028
95.036660
95.617979
95.622656
95.972285
95.938069
95.970196
95.713871
96.069729
96.019182
96.329386
96.127539
96.162236
95.865407
96.172597
96.088252
96.337559
96.124522
96.077037
95.881505
96.150555
96.169024
96.389829
96.212157
96.254325
95.949996
96.281223
96.240247
96.422257
96.260364
96.345234
96.054988
96.269192
96.213741
96.437723
96.181257
96.214389
96.068145
96.111818
96.073672
96.232736
96.156249
96.118527
96.190955
96.203013
96.351148
96.879359
96.504709
96.494752
95.983867
96.243474
96.219360
96.453560
96.201104
96.210883
96.025257
96.273294
96.222239
96.465590
96.233857
96.286569
96.047168
96.242281
96.280156
96.461866
96.264214
96.275380
96.120672
96.252360
96.236746
96.433218
96.230963
96.295857
96.089704
96.259033
96.247443
96.408100
96.269638
96.330454
96.083609
96.347969
96.247326
96.538732
96.275618
96.285358
96.131967
96.338999
96.269155
96.497068
96.345158
96.383258
96.131767
96.334820
96.293110
96.501233
96.373781
96.394406
96.177894
96.247067
96.151958
96.278238
96.215933
96.157127
96.277007
96.200762
96.394673
96.858050
96.449990
96.439016
95.956215
96.161587
96.150775
96.382326
96.122264
96.210068
96.016619
96.207451
96.187987
96.426926
96.202920
96.275603
96.096615
96.228966
96.173413
96.479408
96.215742
96.292394
96.086735
96.321111
96.275227
96.508536
96.235702
96.266860
96.150565
96.319844
96.257086
96.476178
96.251263
96.331252
96.163319
96.286457
96.274525
96.492705
96.260374
96.332109
96.177254
96.307382
96.323094
96.551701
96.300225
96.425865
96.124824
96.305467
96.313582
96.508002
96.293382
96.362294
96.163714
96.299589
96.164282
96.349728
96.260918
96.320110
96.370521
96.307440
96.428639
96.869308
96.425585
96.475936
95.947732
96.134577
96.088599
96.388475
96.220981
96.268976
96.019853
96.258419
96.214416
96.435034
96.230765
96.276755
96.091125
96.285778
96.218890
96.436404
96.204959
96.327289
96.060892
96.309578
96.257615
96.497987
96.256869
96.319938
96.119115
96.285188
96.209993
96.527576
96.235974
96.370411
96.102558
96.369043
96.257176
96.448932
96.218844
96.367218
96.164142
96.349011
96.277396
96.496299
96.353192
96.373044
96.192100
96.321657
96.272940
96.514121
96.324718
96.379660
96.145174
96.289969
96.202619
96.240537
96.226665
96.271551
96.316462
96.232505
96.314793
96.691738
96.508826
96.481907
95.894782
96.194878
96.093546
96.405720
96.093229
96.260466
95.976372
96.203076
96.206868
96.317606
96.129170
96.210479
95.926750
96.262813
96.220623
96.437333
96.198442
96.373512
96.272708
96.305902
96.247423
96.438875
96.245477
96.323502
96.019885
96.303536
96.243629
96.463817
96.274754
96.375705
96.113263
96.254422
96.224761
96.403734
96.258933
96.369108
96.131913
96.318812
96.248900
96.451262
96.285667
96.381549
96.201648
96.400719
96.292993
96.433611
96.263845
96.441767
96.204988
96.335519
96.228863
96.296998
96.258232
96.289003
96.374761
96.254947
96.375863
96.904491
96.470096
96.472746
95.940120
96.199410
96.130847
96.383324
96.160245
96.243741
95.951429
96.312809
96.092197
96.302331
96.256250
96.306605
96.051215
96.270520
96.161117
96.383162
96.144088
96.266069
95.989783
96.230294
96.187842
96.434764
96.161374
96.275679
95.989103
96.295332
96.146177
96.472461
96.245353
96.259999
96.027765
96.305040
96.239574
96.492794
96.231666
96.319014
96.103444
96.325027
96.233703
96.464521
96.279153
96.357851
96.110075
96.244168
96.261893
96.490836
96.212147
96.366044
96.096773
96.196720
96.175245
96.264656
96.138282
96.246683
96.226987
96.228151
96.342486
96.851522
96.417433
96.479469
95.829106
96.139391
96.064204
96.358739
96.107302
96.243386
95.992190
96.255770
96.137747
96.374387
96.104567
96.246274
96.000261
96.199236
96.136025
96.421414
96.140973
96.321937
96.071482
96.243364
96.221472
96.410217
96.200464
96.289014
96.067329
96.198053
96.119274
96.430836
96.167230
96.303247
96.087721
96.304784
96.168051
96.485384
96.232957
96.316657
96.146605
96.290375
96.204645
96.418625
96.324621
96.348210
96.168009
96.256718
96.307956
96.415378
96.275575
96.324775
96.115575
96.251566
96.190246
96.243509
96.106258
96.269724
96.310120
96.240894
96.363613
96.868102
96.458870
96.482030
95.919435
96.191946
96.118076
96.359491
96.136929
96.208362
95.984133
96.203481
96.129594
96.384119
96.171051
96.264912
96.076273
96.238939
96.159171
96.438301
96.226214
96.337223
96.057370
96.302828
96.157249
96.343619
96.193310
96.277683
96.103899
96.248836
96.176389
96.348291
96.204618
96.290592
96.081149
96.330997
96.222752
96.323449
96.219979
96.296808
96.101004
96.285909
96.251886
96.362275
96.233589
96.309514
96.157715
96.303205
96.172301
96.358865
96.135624
96.221690
96.055267
96.173669
96.173867
96.156038
96.118651
96.180811
96.195908
96.190365
96.315288
96.783000
96.475219
96.469309
95.921455
96.202966
96.004835
96.351458
96.115050
96.252524
95.935228
96.161407
96.120907
96.357006
96.118932
96.256199
95.995178
96.204559
96.134751
96.382839
96.160673
96.305698
96.007114
96.221436
96.174436
96.348592
96.206280
96.242738
96.082260
96.346395
96.188369
96.390357
96.172218
96.252848
96.103839
96.356332
96.227409
96.432926
96.245501
96.275806
96.107087
96.290585
96.249394
96.484938
96.330273
96.369388
96.102711
96.284041
96.265655
96.420767
96.248423
96.327014
96.066110
96.219261
96.177809
96.188522
96.125939
96.163431
96.261277
96.159522
96.357833
96.787852
96.422418
96.399004
95.867534
96.073666
96.063945
96.249914
96.044616
96.154018
95.823468
96.122402
96.013811
96.322213
96.088873
96.275958
95.906280
96.222540
96.201510
96.379674
96.127997
96.306220
95.963377
96.228327
96.141351
96.368288
96.242798
96.250231
96.071947
96.304867
96.223640
96.424825
96.142688
96.241512
96.005098
96.219267
96.111068
96.350388
96.181659
96.221625
96.018265
96.229869
96.129512
96.404758
96.189052
96.248739
96.059731
96.189493
96.145538
96.352974
96.179870
96.226385
96.087671
96.124427
96.083689
96.152525
96.091771
96.188333
96.223999
96.084996
96.258265
96.778773
96.377513
96.454848
95.884053
96.090910
96.002931
96.362073
96.134415
96.184047
95.913632
96.146618
96.101255
96.364418
96.077409
96.266016
95.936083
96.208513
96.104831
96.384607
96.151131
96.296464
96.017092
96.247333
96.127191
96.425207
96.198649
96.251928
96.031815
96.317190
96.152800
96.436573
96.156685
96.217477
96.049440
96.185997
96.117146
96.368802
96.055949
96.251887
95.965567
96.229779
96.077655
96.305263
96.187342
96.238260
95.897396
96.147088
96.155086
96.376291
96.122195
96.292276
95.939387
96.174820
96.035787
96.149813
96.092412
96.211668
96.210537
96.101504
96.293040
96.751001
96.352930
96.479087
95.877573
96.157078
96.422773
96.350251
96.127945
96.273867
95.983420
96.419516
96.307146
96.261438
96.074135
96.207125
95.841338
96.174877
96.083182
96.271844
96.118890
96.228820
95.988886
96.317176
96.286696
96.338300
96.178036
96.336131
96.062662
96.507003
96.361180
96.230302
96.018198
96.151081
95.868032
96.230388
96.117526
96.353396
96.161830
96.137791
95.930531
96.177765
96.072507
96.333802
96.149712
96.293274
96.036672
96.143030
96.157797
96.336690
96.093163
96.272251
96.030290
96.172964
96.117131
96.023362
95.981582
96.123460
96.178760
96.086316
96.279707
96.805859
96.416061
96.529050
95.866944
96.247311
96.068733
96.355774
96.097051
96.178713
95.879184
96.189671
96.011217
96.360714
96.005684
96.243961
95.965287
96.261912
96.112327
96.398663
96.123076
96.262319
95.977896
96.243678
96.100083
96.337047
96.099696
96.180716
95.907591
96.156819
96.056239
96.266072
96.124901
96.246610
96.015254
96.206252
96.140770
96.566658
96.147758
96.370486
95.972074
96.300669
96.204760
96.453680
96.243220
96.393935
95.978765
96.271157
96.141013
96.394660
96.147597
96.349107
96.098426
96.202634
96.087934
96.104348
96.082096
96.210740
96.171351
96.108053
96.238969
96.807566
96.383828
96.508438
95.826076
96.152063
96.013455
96.324974
96.072224
96.213973
95.846902
96.203998
96.085870
96.298101
96.010557
96.265235
95.933367
96.250409
95.975469
96.198675
96.162281
96.243560
95.892735
96.242710
96.028751
96.378382
96.166194
96.263083
96.001701
96.242829
96.070782
96.313304
96.064136
96.242623
96.042531
96.266875
96.137063
96.417065
96.194683
96.274370
96.085937
96.234697
96.139659
96.422580
96.170293
96.335295
95.982736
96.203990
96.162806
96.392905
96.130241
96.255006
96.054265
96.192525
95.995299
96.128227
96.029696
96.113670
96.197056
96.112963
96.239173
96.815882
96.357642
96.499677
95.918436
96.137219
95.985548
96.281416
96.054489
96.188420
95.879045
96.154312
96.054874
96.320158
96.043759
96.206324
95.824952
96.181108
96.067064
96.316125
96.075355
96.246270
95.847337
96.147647
96.042853
96.305204
96.030647
96.207185
95.891050
96.138364
95.926542
96.250368
96.024869
96.172293
95.875865
96.147906
96.003821
96.190059
95.898076
96.150218
95.932250
96.152970
96.035290
96.241591
96.004156
96.204776
95.929125
96.213435
96.068344
96.297727
96.096507
96.179038
95.924996
96.096775
95.975816
96.135656
96.052178
96.101696
96.079255
96.025567
96.153643
96.818858
96.366437
96.587435
95.840838
96.182385
95.978793
96.291245
96.044400
96.246440
95.846034
96.204351
95.970269
96.315184
96.038705
96.219762
95.823240
96.215484
96.011571
96.324489
96.059313
96.248068
95.883123
96.205520
95.996203
96.323529
96.053858
96.311524
95.963291
96.254923
96.039961
96.375717
96.134806
96.336466
95.948854
96.298823
96.124016
96.351342
96.109250
96.378458
95.970774
96.308344
96.133902
96.380328
96.165769
96.384351
96.070428
96.383417
96.235633
96.404108
96.233156
96.391564
96.070484
96.279961
96.171363
96.209281
96.160405
96.329674
96.366205
96.298708
96.443069
96.895148
96.380801
96.520512
95.918224
96.176703
96.125575
96.355842
96.097146
96.330832
96.057196
96.320839
96.147746
96.528526
96.262417
96.378727
96.050532
96.290970
96.227458
96.502622
96.222583
96.375160
95.987270
96.381564
96.175829
96.421889
96.144310
96.368080
96.036933
96.370256
96.173061
96.588675
96.183034
96.346479
96.010532
96.293534
96.138930
96.433831
96.213147
96.402500
96.060136
96.281869
96.065548
96.426337
96.093249
96.478579
96.036234
96.443102
96.145836
96.457701
96.135244
96.418452
95.987021
96.331368
96.154767
96.227299
96.073665
96.368720
96.321942
96.240657
96.285958
96.801956
96.289989
96.428762
95.851478
96.175608
95.977960
96.206458
95.759775
96.256436
95.723553
96.140045
95.939481
96.172351
95.966983
96.266984
95.802316
96.234857
96.015389
96.169983
95.931320
96.189478
95.734489
96.209897
95.986016
96.212454
95.862723
96.218422
95.820656
96.091147
95.869280
96.079443
95.919258
96.111125
95.767179
96.080754
95.806200
95.997218
95.843671
96.127401
95.694440
96.073430
95.830989
96.090136
95.984559
96.095950
95.803594
96.122018
95.848708
95.896293
95.563449
96.095632
95.727839
95.896149
95.706606
95.556528
95.527379
95.818557
95.847345
95.663810
95.526473
96.286090
95.664801
96.123977
95.405280
95.858346
95.593598
95.647706
95.106316
95.800210
95.337873
95.764322
95.512082
95.770101
95.454051
95.843598
95.307565
95.823003
95.403643
95.642561
95.381799
95.830377
95.214292
95.783684
95.371454
95.629239
95.457257
95.830553
95.375322
95.826029
95.406385
95.648066
95.499103
95.833619
95.358389
95.803581
95.468288
95.669346
95.259312
95.906434
95.394895
95.883126
95.543136
95.640489
95.619348
95.961136
95.510253
95.945025
95.617658
95.654857
95.384179
96.016136
95.573858
95.870101
95.589777
95.542618
95.381703
95.803060
95.871690
95.563978
95.572490
96.270196
95.518091
96.136019
95.297179
95.781990
95.382675
95.689074
95.050961
95.811672
95.200168
95.822343
95.468996
95.702739
95.333582
95.810366
95.138949
95.777556
95.367562
95.674891
95.220016
95.769102
95.068183
95.718977
95.206831
95.616598
95.317310
95.767203
95.176388
95.784549
95.347360
95.646555
95.299003
95.808007
95.230432
95.732137
95.295533
95.618212
95.192862
95.756185
95.260258
95.722466
95.357897
95.528258
95.451114
95.743625
95.296075
95.764824
95.448207
95.637317
95.244284
95.832585
95.397664
95.734637
95.365392
95.361456
95.206707
95.670150
95.650917
95.392845
95.458904
96.211734
95.420402
96.002368
95.191971
95.732219
95.303852
95.479864
94.959117
95.694866
95.005133
95.664571
95.191707
95.551385
95.234316
95.753032
95.068119
95.612399
95.150105
95.529693
95.163776
95.733142
95.088336
95.622779
95.188575
95.534488
95.253665
95.723105
95.073839
95.687943
95.241686
95.522936
95.141515
95.696876
95.161146
95.691048
95.289121
95.431173
95.233269
95.765448
95.251495
95.740371
95.318654
95.538648
95.142937
95.760050
95.361444
95.751935
95.394535
95.572053
95.164490
95.828419
95.353327
95.793895
95.412582
95.373153
95.163413
95.689388
95.705157
95.384442
95.461506
96.129080
95.350869
96.094174
95.117652
95.693312
95.303511
95.408112
94.838316
95.763507
95.146557
95.725363
95.302829
95.491613
94.848212
95.754513
95.148903
95.834238
95.246511
95.636964
94.945662
95.911851
95.209982
95.855881
95.421838
95.621446
95.072828
96.069172
95.426083
95.974581
95.484485
95.521246
95.076168
95.996596
95.307046
95.905826
95.412691
95.456598
95.106324
95.894662
95.324898
95.746894
95.384866
95.330323
95.062001
95.841418
95.402643
95.808243
95.414194
95.408091
94.812500
95.901308
94.969886
95.809290
95.461300
95.233498
95.193933
95.840198
95.763322
95.526377
95.251680
95.955221
94.648034
96.053884
94.573731
95.725437
95.306072
95.333107
95.154270
95.472170
94.951555
95.675844
95.118854
95.410091
94.683552
95.680507
94.780317
95.541287
94.962955
95.222029
94.975502
95.579574
94.873982
95.434123
94.912697
95.191650
94.776855
95.668176
95.040539
95.602037
95.191075
95.182212
94.832380
95.596580
95.145863
95.626010
95.239394
95.252511
94.914668
95.688364
95.189741
95.610364
95.252889
95.191611
94.945877
95.815393
95.336750
95.681797
95.406619
95.312715
95.501909
91.684072
87.603415
88.697673
86.682885
84.930603
87.897855
90.604290
90.657831
88.400610
95.285673
