94.486153
96.255518
95.981410
96.984576
95.196228
95.345807
93.313443
94.785080
94.690518
94.487630
94.819416
95.504621
94.280428
95.441160
94.803005
95.662501
94.827500
94.996045
94.200017
94.895827
94.815854
95.748060
94.833735
94.945905
94.022991
94.952757
94.781843
95.708104
94.902922
95.043112
94.174794
94.978420
94.844607
95.769067
94.806274
94.920652
94.223206
94.953576
94.842446
95.588653
94.766543
94.507258
93.811550
94.459956
94.249778
95.126860
94.705096
94.829064
93.638276
94.830229
94.223119
95.597977
94.170673
94.176483
92.547036
94.637445
94.505213
94.457884
94.628427
92.541921
94.462612
94.557317
94.308625
95.434165
94.535522
94.582234
92.774859
94.590277
93.977777
94.430793
94.617003
94.877113
94.011972
94.869274
94.698197
95.570394
94.723303
94.871583
93.772840
94.803595
94.705858
95.652333
94.778180
94.973619
94.160200
94.540388
94.385151
95.653742
94.426684
94.598393
94.137264
94.579203
94.384278
95.661300
94.861670
94.605812
94.092002
94.588526
94.431134
95.686922
94.337128
94.603515
94.170125
94.541717
94.516912
96.126004
94.416386
94.500197
94.031269
94.499259
94.393697
96.072057
94.295063
94.316643
93.469967
94.828001
94.724114
95.257984
94.407131
93.580698
94.697112
94.643687
94.424360
96.110556
94.176951
94.243105
93.383852
94.781572
94.758404
95.219634
94.889004
95.040733
94.548255
94.724980
94.965849
95.747218
95.047098
95.126217
94.603163
94.765411
94.659418
95.830809
94.639309
95.195370
94.571420
94.785293
94.694976
95.848039
94.702544
94.938770
94.770304
94.814513
94.733047
96.304726
94.770620
94.918345
94.789435
94.965617
94.826927
96.340627
94.686118
94.908942
94.828303
94.958908
94.790401
96.364525
94.743756
94.927952
94.762421
94.900125
94.685079
96.275069
94.645809
94.721467
93.925590
95.029548
94.986221
95.472198
94.647636
93.963420
94.741341
94.796878
94.596249
96.269708
94.539828
94.943780
93.700551
95.020044
94.531501
95.372622
95.125072
95.286317
94.880544
95.322682
94.966992
95.964823
95.267911
95.383521
94.953021
95.029364
95.160910
95.990501
95.194299
95.307987
94.740880
95.063599
94.836162
96.259969
94.776347
95.294948
94.740744
95.270448
94.873423
96.385675
94.911635
95.050565
94.964203
94.991737
94.884469
96.407116
94.949220
95.062195
94.864283
94.990838
94.811645
96.396621
94.898995
95.014362
94.888930
95.071274
94.888429
96.382975
94.682234
94.753987
93.895064
94.710588
95.043241
95.536486
94.675082
94.148489
94.842432
95.140861
94.969344
96.282215
94.941963
95.079340
93.836196
94.978023
94.931805
95.392384
95.124259
95.367492
94.898079
95.287332
95.254184
95.966875
95.294558
95.361391
94.980552
95.324693
95.248845
95.975260
95.284474
95.433826
95.014667
95.327997
95.217505
96.436271
95.314403
95.393666
94.917996
95.025299
94.867875
96.399010
95.028712
95.059947
95.014436
95.093867
94.904081
96.392224
94.874006
95.050417
94.951161
95.063659
94.912115
96.460844
94.934563
95.031639
94.927907
95.045532
94.929300
96.442505
94.838645
94.852077
94.171107
95.218906
95.196330
95.665281
94.927895
94.427050
94.992871
95.221471
95.204520
96.378174
95.073755
95.114790
94.036821
95.226239
95.183439
95.688050
95.434354
95.431854
95.251200
95.485805
95.275213
96.443045
95.835214
95.482951
95.082249
95.469465
95.893812
96.054421
95.410163
95.662929
95.142315
95.466621
95.395347
96.695078
95.597424
95.624018
94.955488
95.014391
95.024847
96.091749
95.009510
95.474705
95.059948
95.152261
95.034007
96.574492
95.174496
95.704776
95.414290
95.556020
95.048307
96.537146
94.961183
95.844798
95.242453
95.424211
94.946952
96.463901
94.850771
94.842923
94.306514
95.224187
95.182882
95.597907
95.293817
94.455207
95.309956
95.429065
95.364327
96.447084
95.246371
95.285046
94.316636
95.226824
95.195396
95.585679
95.760744
96.317962
95.166942
95.788598
95.280938
96.438015
95.413236
95.838653
95.258589
95.468580
95.364753
96.056115
95.492120
95.880881
95.280191
95.467198
95.369151
96.545835
95.472977
95.554295
95.282842
95.535218
95.455792
96.551393
95.483130
95.547405
95.341331
95.505087
95.361187
96.557691
95.502656
95.628139
95.276414
95.163667
94.981905
96.533769
95.111734
95.211568
95.261528
95.466897
95.357027
96.521650
95.347302
95.325891
94.460554
95.370964
95.250286
95.847231
95.285540
94.383233
95.292228
95.336759
95.224653
96.218219
95.249176
95.291488
94.508021
95.200737
95.176981
95.652881
95.413408
95.461805
95.355349
95.958291
95.825481
96.737120
96.018606
95.716593
95.532354
95.608795
95.171723
96.395410
95.483819
95.659836
95.642565
95.665513
95.604795
96.476059
96.004974
96.120696
95.663468
95.799890
95.798258
96.944738
95.797997
95.818793
95.872783
95.818036
95.721782
96.623447
95.870537
95.762000
95.633686
95.747085
95.547654
96.854322
95.710338
95.749115
95.774382
95.743000
95.687355
96.880854
95.633933
96.091892
95.153129
95.722562
95.515014
96.358604
95.567310
95.080675
95.639713
96.133183
96.047159
96.866622
95.566634
95.638687
94.928024
96.073827
96.015195
96.343128
96.157198
96.225771
95.752500
95.957449
95.750703
96.700018
95.770907
96.286344
95.731186
96.213123
96.169332
97.000878
96.274157
96.000751
95.735604
95.700956
95.668289
96.533555
95.740587
95.838131
95.761338
96.316839
96.285761
96.739398
96.255521
95.977886
95.890381
95.955015
95.792737
96.759827
95.902492
96.116291
95.968344
96.050232
96.348707
96.721582
96.343552
96.405963
95.939453
96.063616
95.964857
97.235797
95.957473
96.034498
95.431368
96.543596
96.428647
96.744717
96.305730
95.320883
95.915282
95.969393
95.927840
97.170477
95.833857
95.923830
95.484076
96.349010
96.733518
96.671925
96.460402
96.577131
96.180493
96.220969
96.526104
97.049039
96.486257
96.558891
96.050896
96.580817
96.528701
97.342931
96.681837
96.728034
96.164759
96.207820
96.066756
96.917522
96.088750
96.251121
95.996059
96.651539
96.791990
97.305477
96.527255
96.164563
96.239528
96.070615
95.797556
96.806213
95.883387
96.032556
95.929684
96.341848
96.474724
97.271837
96.556224
96.211873
96.140799
96.134549
96.014212
97.248361
95.919508
96.422051
95.320107
96.273387
96.199605
97.261014
96.075496
95.089099
95.914725
95.797039
95.734302
96.676334
95.666614
96.236611
95.097147
96.245380
96.221541
96.460861
96.273953
95.899493
95.865892
96.340080
96.304527
96.676720
96.354459
96.452327
95.766955
96.297576
96.284729
97.070139
96.443318
96.440304
95.962805
96.075740
95.964251
96.722530
96.388706
96.394895
96.088793
96.037614
95.964261
97.089941
95.946726
96.474398
95.862869
96.238450
95.851830
97.087210
95.952374
96.114047
96.154089
95.931086
96.233679
96.572998
96.165561
96.236441
95.768722
95.746349
95.716775
96.917087
95.756808
95.790896
95.514660
96.165397
96.182951
96.567592
96.034582
95.382286
95.669949
95.855098
95.348300
96.601831
95.265435
95.352561
94.982461
96.156134
96.171997
96.095054
95.865578
95.946052
95.591067
95.922987
95.803963
96.227769
96.121528
95.908983
95.373535
95.936176
95.911161
96.586346
95.771113
95.983490
95.488402
95.585619
95.820026
96.575940
95.818466
95.844303
95.312548
95.703618
95.628659
96.366060
95.659956
95.676910
95.222675
95.179623
95.084370
96.321567
95.470332
95.530500
94.952895
95.208709
95.096417
96.326661
94.998524
95.559996
95.013439
95.443625
95.432143
96.633129
95.512558
95.085231
94.574776
94.990940
94.942440
95.443764
95.531046
94.404177
95.117527
95.913607
95.402368
96.211638
95.009411
95.542165
94.450346
95.583780
95.663164
96.008361
95.822414
95.866610
95.229087
95.714597
96.101959
96.562176
96.160701
95.893789
95.318408
95.867607
95.438876
96.656606
95.826117
95.990379
95.324882
95.886946
95.753169
96.588037
95.739329
95.901859
95.276824
95.743884
95.623911
96.567964
95.772422
95.873217
95.492817
95.832452
95.812656
96.681420
95.843430
95.969779
95.326414
95.379983
95.256579
96.540492
95.385267
96.044190
95.187249
95.670892
95.588095
96.957840
95.662029
95.639980
94.953418
95.648075
95.469357
95.756171
95.467157
94.657849
95.026516
95.481719
95.225288
96.149918
95.188704
95.393179
94.487791
95.452129
95.294825
96.121606
95.248792
95.833992
94.960902
95.822612
95.628739
96.929264
95.479708
95.531899
95.305354
95.503568
95.840313
96.265482
95.850370
95.959168
95.057202
95.129501
95.103924
96.334839
95.135319
95.260102
95.415258
95.505539
95.881004
96.206084
95.618382
95.752864
94.945739
95.045718
94.809905
96.037280
94.733296
95.201244
94.980566
95.314278
95.347345
96.112201
95.198632
95.735433
94.947483
95.238628
95.101576
96.388834
95.143499
95.685504
94.794847
95.745531
95.694448
96.035941
95.361971
94.867767
95.026033
95.116384
95.533048
96.267245
95.300602
95.477077
94.798822
95.917238
96.264272
96.116559
95.885920
95.640336
95.511720
95.443244
95.417448
96.107877
95.225703
95.381764
95.115017
95.633978
95.956960
96.346167
95.454805
95.127719
94.919227
94.413872
94.312813
95.804772
94.943394
95.103945
94.813465
95.531655
95.462657
96.435606
95.854269
95.694413
95.638816
95.366499
95.334059
96.556114
95.348498
96.467924
95.926825
96.309360
96.248346
96.804044
95.681633
95.883497
95.769667
95.517755
95.936721
96.036003
95.574442
95.799073
94.587685
95.199165
95.029181
96.013450
95.072097
94.450739
94.799264
95.440831
95.320534
96.026593
95.235204
94.777097
94.163598
95.187016
95.230987
95.852143
95.593688
95.909549
95.463266
96.085275
95.999509
96.648475
95.878662
95.950841
95.531661
95.503985
95.378337
96.573135
95.859275
96.070466
95.477764
96.006796
95.531765
96.882586
95.798187
95.987896
95.995579
96.339930
96.551534
96.743070
96.241213
95.888263
95.993165
95.904279
95.902784
96.376151
95.760364
96.351133
95.804459
96.217743
96.136985
96.978083
96.176018
95.856610
95.926860
95.709485
95.572275
96.224283
95.513250
96.123537
95.447011
96.479255
96.330687
96.549543
95.501746
95.264591
95.504264
95.831736
95.213213
96.761777
96.177937
96.313585
95.414282
96.304893
96.333493
96.964597
96.524055
96.535856
96.223446
96.483836
96.390909
97.008841
96.534389
96.610219
96.283219
96.338176
96.249132
97.063049
96.631707
96.782769
96.473123
96.337446
96.264800
97.298692
96.387754
96.719398
96.515872
96.779155
96.610997
97.117418
96.147118
96.366530
96.486475
96.161126
96.467956
96.665586
96.705495
96.541078
96.270473
96.206751
96.013789
96.711267
95.893525
96.103601
95.988672
96.939070
96.736819
97.129677
97.259150
96.803546
95.475228
95.729906
95.645864
96.315824
96.101868
95.659989
96.234970
96.995913
96.426204
96.823954
95.968872
95.583777
95.318327
95.814775
96.596967
95.777513
95.652562
95.672757
95.084983
95.623867
95.873841
96.930297
96.076878
95.543817
95.071096
95.306641
95.257220
95.872108
95.236864
95.269599
94.876526
95.252509
95.220737
95.813027
95.280909
95.381566
94.864622
94.814530
94.726273
95.888174
95.161575
95.808012
95.232438
95.918751
95.511908
96.492704
95.249799
94.786311
94.186982
93.904722
94.392976
95.421426
95.122710
95.098752
95.198404
96.317681
95.527898
97.087695
95.847655
95.280899
94.491341
95.680376
96.023916
95.694602
95.271920
94.449266
95.955737
95.335983
95.353300
95.843365
94.805221
94.753863
94.539981
94.950808
94.897838
94.880245
95.277146
95.252602
95.826256
95.695243
95.582352
96.707952
95.710506
95.806908
96.462149
96.460682
96.344204
97.285214
96.459495
96.654847
96.262812
95.783391
95.777181
96.759080
95.594867
95.670429
95.951110
95.683190
95.978731
96.719065
96.009558
96.005089
95.945915
95.942908
95.917428
96.994282
95.995772
95.978284
95.988294
95.924890
95.935934
97.365344
96.349941
96.677223
95.945789
95.981969
95.982057
97.314807
95.487127
96.127657
95.065341
95.850351
95.914083
95.852084
95.877916
95.099984
96.029011
95.607659
95.439454
96.476657
95.174970
95.206609
94.585857
95.218907
95.255496
95.236315
95.551172
95.492162
95.903924
95.899551
95.873045
96.954781
95.951956
95.936328
96.009078
96.719569
96.685746
97.663950
96.416771
95.992901
96.138544
95.747740
95.683086
96.265751
95.651639
95.612834
95.915300
95.638964
95.559656
96.699327
95.687968
95.691211
96.011543
95.911262
95.892303
97.022871
95.978412
95.949955
96.013431
95.996827
95.957258
97.336426
95.982034
96.420760
95.838760
95.936728
95.948971
97.314230
95.874096
95.906712
95.161537
95.850386
95.885715
96.225638
95.869537
95.112642
96.046116
95.591370
95.523733
96.456184
95.226067
95.197928
94.653504
95.260720
95.268319
95.233502
95.490836
95.567347
95.839449
95.896884
95.887004
96.994875
96.040002
96.037125
96.089809
96.517597
96.680499
97.891654
96.619429
97.320152
96.023382
95.610226
95.705517
96.738422
95.854572
96.103158
96.310774
96.375930
96.412106
97.288369
96.107893
96.143105
96.273260
95.962791
96.007519
97.306060
96.237570
96.229123
96.159310
96.107264
95.719056
97.006291
96.450072
96.416307
95.831347
96.003999
95.924846
97.054933
95.891036
95.904886
95.115534
95.951960
95.901738
95.910297
95.388443
95.060852
96.031964
95.645978
95.436662
96.463552
95.230236
95.768213
94.837740
95.536706
95.304709
95.307692
95.607015
95.693754
95.896151
96.405694
96.336421
97.285104
96.391565
96.424002
96.054468
95.976990
95.768556
97.465806
96.395408
96.140449
96.175385
96.069220
96.283105
97.852113
96.548085
96.560024
96.045664
95.673195
95.751072
96.648625
95.727227
96.293063
96.164631
96.203621
95.838223
96.884528
95.795382
96.041692
95.909542
95.966960
95.975822
97.046677
96.037219
96.027870
95.760722
95.678220
95.738451
97.119523
96.198842
95.900052
95.185687
95.869151
96.360697
97.065227
96.054885
95.124067
95.990214
95.589332
95.466416
96.452413
95.191776
95.185426
94.546254
95.283798
95.292516
95.237641
95.556497
95.584516
95.864057
95.882643
95.840639
96.942935
95.924529
95.907887
96.063701
96.871028
96.541539
97.644824
96.487012
96.126296
96.170588
95.813262
95.991088
96.689862
95.714286
96.001308
96.015563
95.661056
95.964049
97.015605
96.006245
95.995176
95.984633
95.970207
95.977602
97.010295
95.961921
95.980350
95.952096
95.921693
95.853614
97.353942
95.961422
95.964635
95.887068
95.940933
95.859390
97.310150
95.880128
95.856594
95.192761
95.890505
95.866543
96.286549
95.902632
95.106547
96.015715
95.513805
95.443980
96.465594
95.190560
95.195153
94.666555
95.257863
95.252358
95.237594
95.423307
95.450709
95.706556
95.836001
95.754107
96.985860
95.912029
95.926173
95.518582
96.672739
96.836300
97.153463
96.896888
97.351615
95.972483
96.327883
95.804534
96.954176
96.441794
96.436903
96.370163
97.092134
97.210991
97.231438
96.918924
96.531628
96.416709
96.443477
96.529854
97.135948
96.952195
97.178070
96.648226
96.947893
96.839959
97.830147
96.578049
96.595635
96.569794
96.827758
97.074474
97.408925
96.889650
96.517407
96.189688
96.864537
96.779164
97.116048
96.787095
96.146462
96.508613
96.885822
96.778645
97.137645
96.688331
96.751776
96.095171
96.730556
96.702573
97.105453
96.707409
96.832673
96.575615
97.146981
96.758509
97.321035
96.812623
97.070334
96.552112
96.797790
96.813740
97.130004
96.618597
96.895960
96.443759
96.892048
96.936450
97.202970
98.122449
96.836486
96.474604
96.448569
96.388379
97.304830
96.869163
97.344972
96.930092
97.201446
96.447649
97.105545
96.560231
96.646511
96.646974
97.214670
97.186657
97.232074
97.065387
96.820551
96.610144
96.474317
96.382326
97.735793
96.979474
96.481756
96.193612
97.061329
97.008806
97.256034
96.952497
96.121845
96.337509
96.601239
96.537796
97.167230
96.505805
96.863316
96.213992
97.126415
96.747866
96.968428
97.470177
97.027998
96.553300
97.067863
96.755385
97.280204
96.884631
96.528262
96.542468
96.879979
96.850385
96.902851
96.851032
96.809188
96.466751
96.437238
96.506874
97.148698
96.575061
96.872147
96.566445
97.160630
96.758749
97.389105
96.620602
96.701999
96.648239
96.575301
96.849504
96.950151
97.089805
96.865176
96.526359
96.505102
96.481045
97.201233
96.548781
96.594973
96.555802
96.831131
96.800745
97.113658
96.839991
96.855168
96.342952
96.867121
96.763924
97.078183
96.824583
96.302269
96.590678
96.807555
96.831528
97.138446
96.373620
96.744099
96.339458
97.057433
97.033827
97.008822
96.852821
96.900834
96.638943
96.838740
96.863758
96.968505
97.128141
97.084199
96.497097
96.871877
96.495816
97.258708
96.583665
96.591169
96.629327
96.867876
97.068937
97.244328
96.895763
96.979213
96.615780
96.912905
96.911780
97.138379
96.925971
97.060886
96.760773
96.646060
96.564954
97.223779
96.521253
96.870700
96.578490
96.881644
96.745329
97.364817
96.878215
96.582506
96.651830
96.504615
96.444408
97.198107
96.831197
96.885160
96.304218
97.070632
96.839494
97.308875
96.467807
96.557649
96.503947
96.467424
96.781171
97.048557
96.641293
96.789633
96.222680
96.793350
96.689640
96.953854
97.179524
97.164397
96.668987
96.978065
96.825616
97.219814
96.601885
96.956960
96.801162
97.150989
97.196135
97.280057
96.901359
97.008237
96.713154
96.649608
96.592426
97.003983
96.922219
97.119613
96.517766
96.909454
96.535927
97.242275
96.632664
96.672221
96.600552
97.012448
96.974066
97.269861
97.014123
97.060296
96.732888
96.780581
96.492516
97.013025
96.538760
96.607656
96.616611
97.095956
96.974721
97.289334
96.929713
96.995492
96.501972
96.451177
96.528266
97.173206
96.640755
96.618167
96.670155
97.045114
97.286099
97.442426
96.886911
96.487802
96.451323
96.976512
97.198287
97.477415
97.024313
96.807079
96.750083
96.844066
96.786099
97.106478
96.839518
97.083702
96.464462
96.522673
96.497190
97.100577
96.581126
96.525021
96.668252
96.797037
97.073771
97.168274
96.792401
96.585637
96.631577
96.714424
96.554675
96.967453
96.464393
96.941703
96.603148
96.938683
97.054134
97.367205
96.800953
96.602408
96.694033
96.316179
96.652824
97.047445
96.559726
96.909220
96.658822
96.869086
96.895258
97.429653
96.852914
96.641296
96.458969
96.895743
96.850697
97.104229
96.905580
96.450658
96.622962
96.801690
96.772082
97.140661
96.430423
96.335430
96.198406
96.988573
96.994605
96.981640
96.800735
96.856273
96.642695
96.927838
96.814215
96.970044
97.083849
97.079882
96.581695
96.808354
96.805061
97.200380
96.533280
96.911478
96.705998
96.892266
96.814575
97.220279
96.845636
96.880471
96.638302
96.797289
96.837227
97.183165
96.885888
96.860106
96.664364
96.613795
96.765124
97.203475
96.834006
96.865018
96.590597
96.438666
96.456322
97.104795
96.810697
96.824906
96.584737
96.769146
96.479234
97.296364
96.498227
96.473396
96.486696
97.023643
96.997538
97.146894
96.842106
96.563674
96.491558
96.472809
96.526641
97.135623
96.816853
96.814596
96.203743
96.713154
96.753811
96.866992
97.075262
97.013050
96.747505
96.887190
96.912161
97.245571
96.573743
96.883234
96.662951
96.795457
96.830144
97.239106
96.857887
96.847631
96.679383
96.656706
96.536716
97.219012
96.863308
96.912143
96.789022
96.530692
96.593709
97.284944
96.648084
96.915524
96.790936
96.971491
96.925352
97.317191
96.548105
96.569991
96.720338
96.644780
96.800233
97.013625
96.850204
96.823104
96.674215
96.534290
96.489481
97.228826
96.545213
96.915739
96.511454
96.789990
96.859427
97.316994
96.942959
96.578502
96.716004
96.886107
96.482672
97.163813
96.443076
96.543176
96.374939
96.978166
97.278583
97.026557
96.942863
96.905185
96.759340
96.900577
96.891613
97.181971
96.913709
96.986747
96.683543
97.004124
96.868845
97.214749
96.990293
97.029601
96.769454
96.652045
96.570964
97.227420
96.951572
96.885657
96.740826
96.164480
96.093030
96.586567
93.603533
93.738362
94.051055
93.959602
93.970953
94.277394
93.831030
93.816402
93.828400
93.885857
93.943883
94.401364
93.825359
93.900057
93.871838
94.000452
94.043642
94.995189
93.847756
93.843241
93.380184
94.123449
94.079954
94.076750
94.057827
93.342687
94.791224
94.562151
94.338399
94.865920
93.659749
93.632003
93.126477
93.877206
93.861219
93.867383
94.186951
94.235135
94.312141
94.462169
94.459189
95.530560
94.498584
94.569743
94.575479
94.835036
94.919534
96.124460
94.855168
94.896672
94.530995
94.509081
94.612703
95.523974
94.505631
94.504252
94.377524
94.570502
94.562369
95.571640
94.594242
94.580481
94.478045
94.576935
94.544923
95.500766
94.771083
94.778708
94.437141
94.524225
94.505868
95.572098
94.257609
94.412231
94.182542
94.427656
94.436357
95.996147
94.667764
94.707763
93.656889
94.661165
94.651667
94.662240
94.235475
93.482041
94.578854
94.455825
94.176349
94.786769
93.566664
93.590103
92.901994
93.749453
93.780674
93.722026
94.141951
94.161128
94.160811
94.436797
94.398829
95.459690
94.503228
94.470831
94.377140
94.782288
94.798766
96.082737
94.457606
94.566493
94.470236
94.497530
94.456456
95.048741
94.466163
94.508050
94.273208
94.532055
94.447139
95.527370
94.452067
94.492690
94.310419
94.498593
94.448529
95.471845
94.712502
94.766891
94.377965
94.464953
94.484491
95.527261
94.366734
94.363801
94.215787
94.353917
94.634495
95.959095
94.507796
94.144541
93.448852
94.122524
94.074637
94.042158
94.152888
93.347056
94.600382
94.430287
94.232449
94.808836
93.607315
93.548579
92.906737
93.701165
93.729415
93.621859
94.073210
94.069931
94.082236
94.288642
94.265696
95.369517
94.326790
94.332625
94.246152
94.687811
94.607985
95.924437
94.665212
94.704845
94.298529
94.335767
94.363121
95.439067
94.405108
94.425932
94.330506
94.692635
94.692037
95.445113
94.623185
94.414896
94.299523
94.381877
94.261108
95.401817
94.354827
94.383604
94.174775
94.402702
94.375660
95.457138
94.239959
94.263663
94.120096
94.252264
94.586577
95.943179
94.428098
93.994867
93.407704
94.001738
93.993465
93.938312
94.106419
93.261367
94.787431
94.508796
94.322259
95.211640
93.743681
93.722480
93.028462
93.911739
93.938302
93.865184
94.313954
94.320292
94.295334
94.611202
94.604656
95.909460
94.596180
94.604984
94.354336
94.335158
94.375444
95.377813
94.399550
94.395550
94.359757
94.402974
94.570918
95.429684
94.633942
94.636743
94.397085
94.330475
94.292105
94.948235
94.218731
94.352674
94.230110
94.343986
94.324417
95.423830
94.345532
94.380040
94.164068
94.391311
94.286466
95.456271
94.295148
94.270895
94.152627
94.575938
94.536779
95.934354
94.005772
94.083321
93.476846
94.021672
94.016471
94.024656
93.997209
93.374435
94.905080
94.513283
94.295706
94.820519
93.582591
93.574892
93.144245
93.770984
93.746968
93.712090
94.079393
94.100074
94.250319
94.370723
94.354037
95.398824
94.426569
94.429378
94.407603
94.716903
94.687847
95.956060
94.685463
94.685992
94.467013
94.503989
94.455698
95.442703
94.463798
94.733068
94.533086
94.484214
94.477473
95.495170
94.502789
94.708681
94.573656
94.487864
94.493183
95.476549
94.476840
94.751658
94.596935
94.498829
94.686701
96.028800
94.394080
94.473341
94.472024
94.425880
94.409199
95.572710
94.167536
94.193099
93.711737
94.147344
94.148902
94.078175
94.413812
93.683117
94.985481
94.603018
94.476879
95.288009
93.885847
93.817497
93.327249
93.904274
93.878537
93.919992
94.038831
93.985608
93.879477
93.890431
93.812121
96.990997
95.992568
96.024536
96.129950
96.197546
96.243721
97.201068
96.419448
96.455747
96.596689
96.415650
96.328742
96.997234
96.408482
96.393960
96.590465
96.347659
96.255382
97.070020
96.338512
96.395119
96.541571
96.401479
96.369231
97.121413
96.406392
96.442515
96.607075
96.470400
96.440339
97.350581
96.336851
96.324574
96.561736
96.306199
96.322861
97.317555
96.077204
96.057673
96.096606
96.274986
96.245115
96.572541
96.083419
96.054456
96.553139
96.372226
96.290349
97.164041
96.092432
96.152856
95.683226
96.136610
96.097062
96.109718
96.400412
96.390804
96.529930
96.371594
96.421111
97.052079
96.381270
96.456687
96.480304
96.467701
96.390863
97.064532
96.511189
96.520403
96.616453
96.493212
96.449706
97.079225
96.490990
96.505324
96.556775
96.433272
96.491890
97.110845
96.581619
96.503629
96.669044
96.422819
96.363275
97.134217
96.470051
96.472643
96.520454
96.499302
96.378447
97.136723
96.454699
96.442997
96.478909
96.487523
96.417781
97.095752
96.295302
96.285729
96.046466
96.269092
96.245548
96.643450
96.274943
96.072231
96.592193
96.380824
96.279184
96.891812
96.092848
96.139289
95.650992
96.183785
96.126879
96.116507
96.362081
96.378764
96.515486
96.628540
96.616006
97.309802
96.588582
96.656103
96.567632
96.441179
96.390505
97.073472
96.409996
96.510810
96.632530
96.442268
96.468983
97.101557
96.474011
96.454108
96.511600
96.445504
96.435315
97.115952
96.463422
96.533492
96.598354
96.454681
96.471179
97.103736
96.446704
96.679196
96.589863
96.447055
96.520605
97.054044
96.304056
96.449340
96.523830
96.389365
96.388489
97.054962
96.341308
96.261748
96.057185
96.297817
96.273906
96.617883
96.320057
96.003206
96.603712
96.384249
96.319569
96.862793
96.058322
96.096271
95.752537
96.219635
96.146353
96.185590
96.429570
96.424470
96.517493
96.636436
96.599058
97.297211
96.669545
96.651849
96.561141
96.381980
96.378426
97.087955
96.363510
96.496935
96.606507
96.470297
96.464867
97.078400
96.443717
96.465026
96.612663
96.438606
96.479572
97.111613
96.565048
96.533171
96.587362
96.481927
96.543559
97.124202
96.522510
96.494263
96.552273
96.544454
96.475409
97.127068
96.446134
96.466899
96.523027
96.460770
96.418690
97.060662
96.307106
96.313821
95.935500
96.341019
96.277337
96.293956
96.262182
95.856722
96.425116
96.446944
96.351316
96.913273
96.124097
96.104352
95.692628
96.145952
96.185118
96.153536
96.368824
96.417662
96.397766
96.617227
96.578692
97.288692
96.646473
96.666242
96.560721
96.383920
96.441288
97.241701
96.340118
96.482886
96.554969
96.476388
96.471100
96.997457
96.488927
96.524083
96.500453
96.521409
96.485715
97.045262
96.457348
96.444886
96.566350
96.464763
96.476125
97.084195
96.488447
96.428492
96.513893
96.477944
96.448348
97.068825
96.458198
96.418050
96.481983
96.387728
96.447305
97.010163
96.313182
96.267504
95.999337
96.302358
96.284482
96.307892
96.288280
95.960988
96.621387
96.384355
96.293609
96.908265
96.091868
96.060641
95.651937
96.167272
96.169828
96.116990
96.460678
96.351117
96.403173
96.731952
96.674251
97.278105
96.642526
96.662956
96.512170
96.329094
96.370987
96.996557
96.313227
96.481525
96.564457
96.413797
96.452750
96.814695
96.448806
96.360083
96.525449
96.442150
96.425162
97.054569
96.486236
96.472810
96.599327
96.469914
96.390594
97.079119
96.481827
96.444828
96.567614
96.460928
96.454839
97.096262
96.319426
96.389842
96.499291
96.346344
96.391792
97.048536
96.221310
96.253215
95.937383
96.251635
96.265344
96.225475
96.267933
95.934980
96.561957
96.367235
96.283398
96.807967
96.038465
96.041611
95.613195
96.087702
96.124188
96.119102
96.341420
96.361300
96.423980
96.577212
96.596721
97.227199
96.588299
96.608933
96.535222
96.325534
96.368746
97.044124
96.345927
96.472113
96.559567
96.408712
96.467059
97.026458
96.370281
96.390812
96.510383
96.414260
96.409511
97.047262
96.476019
96.423589
96.588531
96.455012
96.445919
97.065726
96.469836
96.445927
96.539171
96.520908
96.469004
97.063205
96.348385
96.463881
96.490660
96.471493
96.412956
97.023378
96.284914
96.265793
95.974582
96.231623
96.240748
96.260180
96.225265
95.932117
96.604951
96.378857
96.324996
96.863733
96.089239
96.106152
95.660600
96.157024
96.143546
96.123636
96.338945
96.349117
96.475602
96.659204
96.588573
97.286092
96.594304
96.616215
96.535372
96.369554
96.433749
97.065536
96.387702
96.445614
96.534413
96.465215
96.428849
97.069756
96.427129
96.414903
96.462377
96.469206
96.440838
97.083239
96.552760
96.489371
96.510453
96.468342
96.461428
97.083271
96.501762
96.535285
96.501540
96.438032
96.463448
97.081269
96.465879
96.375121
96.437329
96.382569
96.364568
97.073931
96.243176
96.270457
95.938700
96.244401
96.225994
96.243108
96.234752
95.874526
96.499120
96.435315
96.307613
96.854699
96.104697
95.997889
95.620301
96.153670
96.166076
96.128182
96.350466
96.348824
96.486024
96.610117
96.610118
97.261942
96.661549
96.640557
96.510015
96.355125
96.403443
97.057902
96.380919
96.495628
96.526002
96.468539
96.448879
97.107026
96.508212
96.430838
96.499375
96.368763
96.404863
97.052681
96.536492
96.475005
96.563102
96.505171
96.398289
97.072054
96.425358
96.437771
96.550988
96.470850
96.450400
97.038010
96.394797
96.439336
96.446077
96.422296
96.381465
97.012475
96.244067
96.240729
95.786503
96.176488
96.214989
96.215719
96.233436
95.695969
96.534315
96.383469
96.249396
96.854041
96.026520
96.044977
95.394508
96.123290
96.121257
96.051946
96.334493
96.261472
96.393147
96.553806
96.601106
97.258689
96.626616
96.674980
96.508207
96.323083
96.369587
97.050000
96.332267
96.447577
96.466398
96.460234
96.406992
97.062578
96.448124
96.456822
96.477219
96.419884
96.352370
97.067754
96.476946
96.434137
96.488446
96.471042
96.444015
97.037118
96.457194
96.461350
96.514273
96.421772
96.421241
97.090254
96.374848
96.349242
96.406824
96.382649
96.314345
97.065338
96.183511
96.273876
95.864860
96.508992
96.210281
96.547104
96.191351
95.732034
96.544684
96.371737
96.293712
96.847697
96.039375
96.040284
95.532293
96.138333
96.095372
96.096340
96.344913
96.369028
96.439205
96.556926
96.612674
97.280816
96.665483
96.595894
96.506301
96.399592
96.353321
97.039988
96.329653
96.427123
96.484938
96.447212
96.409061
96.810921
96.423627
96.443803
96.478766
96.392926
96.369893
97.061842
96.441966
96.436805
96.549052
96.405537
96.437024
97.056268
96.450850
96.451199
96.448109
96.456029
96.399424
97.077075
96.310461
96.381097
96.363024
96.343454
96.375507
96.967917
96.236116
96.207785
95.741853
96.222920
96.239693
96.129687
96.156692
95.604192
96.472413
96.336287
96.300671
96.861296
96.070229
96.399765
95.535292
96.208480
96.219962
96.207305
96.570608
96.484330
96.337091
96.624583
96.566532
97.176135
96.363030
96.572637
96.348646
96.319395
96.289738
96.791774
96.301433
96.567760
96.327620
96.450383
96.447614
96.770169
96.693439
96.660665
96.255870
96.319749
96.314487
96.995454
96.469700
96.482027
96.521497
96.418090
96.353871
96.990858
96.425971
96.388376
96.508478
96.485921
96.448186
97.047209
96.317116
96.376404
96.274598
96.389017
96.342493
97.033440
96.286341
96.282823
95.785150
96.182611
96.140539
96.163411
96.120192
95.760268
96.517023
96.431140
96.391826
96.952769
96.104317
96.110652
95.610456
96.164422
96.068382
96.106502
96.317204
96.294320
96.421951
96.541381
96.587224
97.298689
96.672463
96.618519
96.496458
96.342879
96.296926
97.011998
96.330876
96.418065
96.381892
96.359590
96.397191
96.688944
96.369266
96.370412
96.384113
96.366900
96.453578
97.145561
96.469642
96.495606
96.749226
96.574193
96.546961
97.098923
96.457972
96.504987
96.524113
96.550362
96.518463
97.044674
96.431954
96.473771
96.425009
96.419939
96.255330
97.075224
96.263075
96.322766
95.792733
96.293130
96.203434
96.197606
96.199633
95.830584
96.533353
96.395030
96.336966
96.881526
96.040060
96.032306
95.537605
96.085809
96.108631
96.109951
96.311384
96.347980
96.306157
96.320320
96.355617
97.032557
96.450354
96.377923
96.268700
96.512893
96.404930
97.010320
96.442715
96.464522
96.527448
96.529955
96.471636
97.055317
96.509079
96.728438
96.598201
96.471593
96.512527
97.050604
96.342000
96.510655
96.565724
96.513003
96.477408
97.168949
96.388533
96.441429
96.467089
96.325272
96.441045
97.020973
96.319941
96.375192
96.320806
96.350123
96.309343
96.987303
96.287571
96.175676
95.806920
96.240061
96.164985
96.214125
96.193914
95.746033
96.535686
96.449700
96.342550
96.918355
96.071369
96.063397
95.538866
96.130492
96.125707
96.109167
96.281329
96.352765
96.412885
96.367959
96.327681
96.917631
96.382051
96.394712
96.331547
96.401951
96.409779
96.968574
96.429423
96.453271
96.479559
96.400306
96.425184
97.003778
96.651744
96.626589
96.446165
96.465029
96.400591
97.011488
96.308168
96.430502
96.416122
96.426351
96.348834
97.033779
96.389823
96.383067
96.333017
96.184758
96.369502
97.014041
96.336980
96.315552
96.255833
96.280073
96.216033
96.992665
96.214924
96.242226
95.717190
96.220188
96.139292
96.137045
96.140706
95.687086
96.513371
96.447881
96.335684
96.878805
96.104297
96.048210
95.465856
96.152158
96.109510
96.136423
96.373459
96.403359
96.443681
96.455736
96.398146
97.001357
96.426019
96.469213
96.410800
96.471899
96.458490
97.087681
96.513772
96.526628
96.540255
96.515658
96.556422
97.090381
96.540083
96.739001
96.504904
96.599381
96.381917
97.130589
96.479416
96.537551
96.513035
96.514905
96.547115
97.118000
96.492671
96.496910
96.342878
96.452628
96.501146
97.123752
96.496601
96.478422
96.291520
96.423536
96.298076
97.127613
96.361932
96.409318
95.787410
96.344361
96.417019
96.357266
96.139967
95.964764
96.609263
96.478906
96.374006
96.927421
96.154847
96.218815
95.692210
96.282643
96.294802
96.305853
96.483543
96.480176
96.588108
96.561215
96.542118
97.174408
96.484578
96.539154
96.530909
96.529104
96.460988
97.089467
96.599702
96.557408
96.489814
96.475033
96.471037
97.346327
96.757148
96.760106
96.633495
96.377587
96.386549
97.093589
96.401265
96.407654
96.473090
96.542591
96.497058
96.812700
96.473607
96.487609
96.365886
96.373396
96.328355
97.133540
96.395544
96.533344
96.266768
96.456040
96.397310
97.038358
96.353085
96.149518
95.727228
96.386226
96.118152
96.319528
96.083498
95.677763
96.453329
96.497929
96.278849
96.885293
96.090227
96.075387
95.364924
96.139558
96.135741
96.052366
96.246134
96.255671
96.200181
96.316610
96.364284
96.937192
96.386498
96.388270
96.128481
96.383020
96.310248
96.983915
96.430856
96.482711
96.311315
96.313185
96.304034
96.999106
96.330440
96.591334
96.141571
96.180738
96.051284
96.839038
96.167371
96.135661
96.106009
96.213713
96.277651
96.572889
96.220140
96.167749
96.026981
96.093637
95.988972
96.796483
95.931092
96.103568
95.725472
96.021473
96.007707
96.694562
95.818610
95.559240
95.021994
95.791399
95.394630
95.666024
95.367796
94.822383
95.844474
95.939631
95.785231
96.418352
95.654021
95.594007
94.661840
95.624938
95.637444
95.582075
95.617545
95.899927
95.622004
95.926201
95.887671
96.600586
95.944220
95.950413
95.625884
95.945900
95.951829
96.606877
96.047792
96.089815
95.795615
96.058007
96.000774
96.682128
96.000726
96.010611
95.721295
96.039937
95.965432
96.680143
95.970000
96.034602
95.715598
95.837433
95.874977
96.404046
95.886511
96.016515
95.675586
96.041926
96.048573
96.705313
96.016318
95.839368
95.662829
95.841850
95.825124
96.667143
95.858318
95.926375
95.192832
95.940166
95.859458
95.917902
95.881880
95.187040
95.859393
95.966321
95.851720
96.470425
95.688957
95.653761
94.870367
95.408390
95.349720
95.605770
95.689377
95.890832
95.665022
95.929756
95.842222
96.569286
95.914232
96.001959
95.638553
95.941261
95.918092
96.597046
95.990160
96.004781
95.825045
96.027488
95.965419
96.619843
95.964847
96.007713
95.751067
95.971369
95.952940
96.662866
95.936993
95.984660
95.714821
95.791655
95.710178
96.314113
95.934469
95.919466
95.635238
95.960505
95.709276
96.578855
95.624084
95.699821
95.561569
95.904718
95.839733
96.602629
95.767750
95.806592
94.994306
95.767830
95.438695
95.706768
95.720792
94.969954
95.781187
95.695265
95.728107
96.391066
95.559312
95.524472
94.554497
95.637907
95.299151
95.554442
95.591156
95.756769
95.479819
95.852299
95.831481
96.588250
95.856181
95.887118
95.624849
95.856249
95.844958
96.535726
95.838262
95.863768
95.638577
95.908963
95.719951
96.555208
95.886379
95.886207
95.620696
95.815211
95.657515
96.578960
95.706368
95.911772
95.526366
96.071308
95.896515
96.643410
95.779614
95.928741
95.678241
95.791406
95.687223
96.634632
95.574021
95.641299
95.507500
95.800082
95.783896
96.538602
95.762197
95.816789
95.014591
95.734772
95.411390
95.709244
95.444342
94.914072
95.819186
95.865369
95.806834
96.337816
95.543446
95.551758
94.597698
95.548865
95.280355
95.520932
95.535447
95.553718
95.478097
95.818854
95.796046
96.512273
95.889168
95.874419
95.528998
95.746337
95.965714
96.631115
95.985112
96.074061
95.598104
95.884330
95.807373
96.346077
96.100656
96.087497
95.579062
95.846934
95.756877
96.573215
95.745074
95.987688
95.484475
95.954949
95.878066
96.445859
95.609667
95.624961
95.317658
95.622912
95.581709
96.169182
95.495205
95.489006
95.043986
95.550924
95.439279
96.080464
95.346414
95.358591
94.642317
95.605836
95.681872
95.627582
95.689864
94.618772
95.593881
95.769559
95.676467
96.323385
95.452701
95.471945
94.405960
95.271068
95.220075
95.464236
95.471626
95.484109
95.230542
95.750067
95.750052
96.345813
95.735837
95.769427
95.248784
95.788161
95.725925
96.430671
95.728836
95.740151
95.275072
95.524781
95.559276
96.086957
95.792973
95.786950
95.275381
95.558771
95.484178
96.452985
95.594013
95.861858
95.389643
95.819233
95.794685
96.524675
95.515465
95.544411
95.157512
95.783318
95.847915
96.540075
95.707165
95.528248
95.037275
95.749251
85.953682
85.856688
85.808462
85.916366
84.735846
87.428693
87.683176
87.446671
87.700955
88.114625
