94.006166
93.489659
96.368226
93.592299
95.729353
94.260803
94.517910
93.081084
95.918403
93.358428
95.724652
93.814764
94.589030
93.131099
95.873363
93.207633
95.664385
93.677528
94.512499
93.163596
95.971080
93.437122
95.434219
93.802102
94.620855
93.168167
96.012161
93.345583
95.511065
93.526691
94.568859
93.049925
96.004349
93.278573
95.504091
93.475749
94.622949
93.096727
95.993452
93.249286
95.409865
93.446802
94.443863
92.877139
95.808849
92.998221
95.530095
93.620735
94.352929
92.897370
96.095545
93.424278
95.422516
93.445881
93.957925
92.946716
95.635572
95.563864
93.771093
94.107838
94.955932
93.041422
95.960150
92.949996
95.612263
93.611955
94.543779
92.688868
95.654750
92.701316
94.992719
93.283407
94.285062
92.650451
95.085447
92.566882
94.892502
92.977929
94.289611
92.658654
95.519818
92.754307
95.292149
93.378127
94.345197
92.727122
95.525047
92.728831
95.296390
93.384024
94.382860
92.719318
95.441575
92.903826
95.244102
93.307992
94.229401
92.808431
95.414439
92.823983
95.079180
93.378047
94.310659
92.624707
95.824279
93.183729
95.266398
93.281807
94.272324
92.603211
95.890782
93.013487
95.519881
93.344428
94.153057
92.733710
95.459720
95.362023
93.533181
94.144247
95.105039
92.844317
96.158842
92.997703
95.264169
93.165925
94.659107
92.837871
95.359763
92.731226
95.089216
93.277871
94.705811
92.761726
95.310340
92.614922
95.086909
93.189450
94.651926
92.811267
95.435378
92.726537
95.121045
93.334740
94.566247
92.911200
95.518251
92.778549
95.247630
93.450980
94.613333
92.979482
95.818893
92.995551
95.302424
93.508021
94.615807
93.036084
95.942159
93.353922
95.215886
93.487025
94.676153
93.206756
95.847416
93.420764
95.574224
93.881592
94.692278
93.165138
95.984702
93.452565
95.651530
93.896957
94.426364
93.332553
96.073035
95.464285
93.884381
94.548013
95.223424
93.599816
95.906036
93.662141
95.671500
93.800655
94.786124
93.314436
95.769827
93.243399
95.511176
93.804905
94.869230
93.307241
95.824803
93.452716
95.594749
93.993311
94.859455
93.259823
95.799478
93.389692
95.269095
93.820453
94.852123
93.357665
95.764930
93.160076
95.090013
93.869653
94.865733
93.389924
95.860975
93.453806
95.251616
94.048356
94.947959
93.456175
95.906604
93.576958
95.319529
94.043069
94.947001
93.457309
95.946284
93.446825
95.716957
94.139539
94.961022
93.710532
96.007458
93.562023
95.644484
93.888882
94.415316
93.382358
95.888883
95.276011
93.818695
94.468261
95.482044
93.659034
95.916322
93.784000
95.690824
94.170509
95.178063
93.526305
95.791710
93.742264
95.440346
94.077969
94.959236
93.558644
95.679551
93.456224
95.523930
93.952867
94.941444
93.516984
95.600541
93.776329
95.299379
94.021548
94.904107
93.360595
96.071892
93.625325
95.563571
94.101212
94.986569
93.387594
95.981594
93.789517
95.545533
94.075998
94.957295
93.506590
96.242653
93.814385
95.489844
94.050795
94.869714
93.564581
96.252627
93.857776
95.546648
94.161947
94.902379
93.721210
96.192890
94.036776
96.026442
94.266827
94.565117
94.059109
95.778532
95.880816
94.234190
94.642422
95.504938
93.850659
96.335703
94.068714
95.678536
94.579425
95.294951
94.082493
95.932228
94.111982
95.770902
94.278152
95.479349
93.755619
95.928961
93.657484
95.515170
94.423858
95.250301
93.693143
96.197326
93.906369
95.506782
94.372231
95.211835
93.804021
95.967604
93.998818
95.726961
94.294290
95.266582
93.866752
96.124079
93.878652
95.439167
94.243727
95.132821
93.869017
96.126757
94.180913
96.018901
94.739490
95.605535
94.494892
96.021054
94.109780
95.568077
94.738092
95.367756
93.963772
96.358001
94.044914
95.667662
94.069118
94.758958
94.201541
95.869205
95.895147
94.509662
94.973695
95.662513
94.328282
96.470320
93.913492
96.307740
94.699894
95.315569
93.801726
96.330995
93.896951
95.886494
95.127041
95.410392
94.088904
95.587812
93.820052
95.436374
94.561788
95.380988
94.054921
95.916233
93.962776
95.726870
94.517240
95.463296
94.008219
96.042146
93.965747
95.400910
94.555477
95.297893
94.007393
96.144305
93.989498
95.524394
94.591496
95.357047
94.024566
96.318388
94.025798
95.892049
94.680980
95.365122
93.992272
96.173432
94.093361
95.978131
94.674313
95.357308
93.929356
96.638676
94.045125
95.656181
94.482185
95.103354
94.301550
95.941497
96.003549
94.648425
95.104907
95.760670
94.214687
96.514709
94.198537
95.677148
94.892472
95.468355
94.020554
96.571850
94.085447
95.697852
94.660328
95.481013
93.871692
96.447025
94.287529
95.849104
94.742941
95.645792
94.438435
95.836313
94.163221
95.588713
94.535305
95.618884
94.380129
96.485735
94.370977
96.213151
94.852830
95.759401
94.225267
96.540759
94.561435
96.369330
94.892061
95.755675
94.564696
96.611849
94.762910
96.583683
95.090607
95.657639
94.385666
96.671873
94.530474
96.047340
95.042920
95.702811
94.553155
96.777379
94.523848
96.603268
94.923799
95.586016
94.900322
96.337524
96.443832
94.897432
95.518342
96.129620
94.748062
96.726585
94.475195
96.479918
95.056582
95.877990
94.703754
96.571449
94.594510
95.850775
94.999183
95.780694
94.854471
96.091387
94.586380
95.864057
95.159827
95.883057
94.820136
96.465149
94.752447
96.254651
95.104564
95.706451
94.666251
96.475514
94.497855
96.401547
94.954733
95.842131
94.783212
96.817901
94.671693
96.675041
95.132078
95.879689
94.643164
96.727139
94.583184
96.045484
95.207867
95.956155
94.473423
96.839973
94.698460
96.143706
95.187810
95.979607
94.985439
96.845170
94.968579
96.729853
95.291388
95.739914
95.195137
96.693174
96.575988
95.300957
95.651840
96.442659
95.151966
96.962005
94.891420
96.792620
95.403079
96.254511
94.949638
96.249745
94.841035
96.426998
95.412886
96.174081
95.157033
96.855834
95.228445
96.533810
95.309907
96.161475
95.005632
96.916539
95.140058
96.898289
95.615490
96.226217
95.161402
96.862099
95.173904
96.675570
95.494356
96.011739
95.162933
96.670367
95.223087
96.501589
95.503079
96.299237
95.105239
96.485113
95.019668
96.432242
95.352796
96.083581
94.905032
96.908888
94.959559
96.813462
95.494215
96.279667
94.833110
96.916996
95.003174
96.229676
95.269531
95.846484
94.849143
96.393382
96.786068
95.647797
95.688022
96.404179
94.945793
96.848954
94.732568
96.772989
95.320983
96.056041
94.807532
96.153476
94.716166
96.315848
95.110994
96.020594
95.118469
96.463328
94.907583
96.408662
95.310723
96.007190
94.783093
96.601672
94.930598
96.458038
95.336057
96.040274
95.028132
96.760355
94.998899
96.622235
95.359567
96.159123
95.029356
96.821887
94.874423
96.718327
95.406424
95.929193
94.734749
96.755877
94.872054
96.594252
95.373868
96.076012
94.827028
96.816330
95.112644
96.535798
95.148491
95.883374
94.620170
96.797314
94.951221
96.481894
95.220625
95.810400
94.993055
96.408411
96.337688
95.108044
95.448378
95.993906
94.820300
96.363542
94.626772
96.219742
94.943947
95.588811
94.340411
96.409500
94.246459
96.091028
94.898291
95.640840
94.535505
96.306477
94.294248
96.036718
94.891225
95.578303
94.613001
96.444068
94.460033
96.079256
94.919111
95.524252
94.569456
96.301256
94.394391
96.111115
94.835470
95.384329
94.269261
96.143565
94.069685
95.915365
94.700392
95.254616
94.215667
96.052756
94.102969
95.735136
94.480666
95.044013
94.141268
95.944765
94.120978
95.673881
94.393116
95.027136
93.914819
96.027132
94.186212
95.902580
94.435394
94.777071
94.257138
95.745842
95.718808
94.593776
94.945460
95.544299
94.326748
96.177009
94.170334
95.995789
94.668825
95.377919
94.173809
96.281585
94.432702
96.278005
94.930350
95.427129
94.547944
96.281655
94.262742
96.116093
94.807968
95.382480
94.393818
96.341833
94.673443
96.206715
94.967656
95.428292
94.516350
96.309274
94.686695
96.181317
94.924246
95.403814
94.302466
96.246349
94.616706
96.120560
94.930036
95.412453
94.565838
96.454032
94.808503
96.416377
94.992545
95.321558
94.375419
96.370921
94.336482
96.325410
95.033016
95.190057
94.286728
96.111188
94.537821
96.159148
94.636849
95.041842
94.719719
95.917464
95.894233
94.428482
94.807574
95.357421
93.946476
96.033249
93.702756
95.162125
94.459420
95.061162
93.841372
95.922466
93.798861
95.318943
94.186391
94.938199
93.943265
96.265238
94.169353
96.117739
94.429244
95.183398
93.767331
96.156997
93.869579
95.470818
94.430684
95.228121
93.832732
96.193411
93.979308
95.687563
94.589704
95.464119
93.875794
96.104586
93.635023
95.357348
94.198677
94.992233
93.787504
95.826963
93.428524
95.429655
93.983651
95.119294
93.556121
96.139400
93.901468
95.446674
94.279811
95.262388
93.663147
95.956007
93.562837
95.991168
94.235881
95.099682
93.885387
95.824388
95.735178
94.109609
94.982831
95.419923
93.645242
96.393806
93.606216
96.124132
94.302045
95.569057
93.752947
96.360146
93.504540
95.568002
94.187645
95.307983
93.503230
96.179512
93.062144
96.025691
93.727159
95.168798
93.303392
95.992101
93.175603
95.820692
93.305980
94.717544
92.550290
95.742358
92.403344
95.662339
93.373072
94.796790
93.097756
96.059132
92.926911
96.201443
94.019840
95.517109
93.754269
96.697302
93.462629
96.598900
94.414802
95.869654
93.864968
96.545268
93.378468
96.386883
93.971616
95.560382
93.614475
96.412366
93.422209
95.955278
93.580241
94.973463
93.360276
95.917981
95.972731
93.356819
94.899128
95.298106
92.496378
95.975578
92.124720
94.634556
92.925451
94.833824
92.911122
95.129282
92.782155
95.772258
93.677102
95.406711
93.666040
96.232073
93.313124
96.173874
93.916527
95.410392
93.314927
96.376323
93.226611
95.984640
93.798527
95.436027
93.536788
96.375163
93.581467
96.384718
94.216029
95.960418
94.098703
96.548806
93.762686
96.272586
94.462589
95.925725
94.252109
96.457886
93.856911
96.373116
94.420031
95.877864
94.056197
96.492896
93.963360
96.462310
94.242525
95.910442
94.151568
96.146749
93.783927
96.159348
94.694572
95.859964
94.084199
96.303708
96.162345
93.895635
95.495330
95.981636
94.046721
96.557852
93.829166
96.446335
94.462803
95.914444
94.308877
96.707776
94.144671
96.845155
94.695041
96.299672
94.534195
96.713207
94.197455
96.649196
94.745091
96.377052
94.679295
96.696232
94.550812
96.768959
95.183258
96.415590
94.759493
96.787190
94.631541
96.934504
95.042013
96.450114
94.756216
96.917760
94.667160
96.710197
94.864621
96.444580
94.667708
96.600913
94.305314
96.654123
94.723537
96.117659
94.668620
96.687142
94.114884
96.666109
94.741492
96.070222
94.640399
96.636659
94.020168
97.402112
95.319578
95.787333
94.101679
96.506195
96.394904
94.888356
96.105437
96.374811
94.776523
96.458808
93.595611
96.177052
94.156219
95.573355
93.978445
96.622430
93.544797
95.762060
93.634353
95.155158
93.331599
96.197131
94.019470
95.769739
93.767484
94.934685
93.130086
95.486911
92.789868
95.376170
93.467622
94.861670
93.052557
95.536901
92.700232
95.532489
93.571315
94.887815
93.184899
95.557176
93.026813
95.653818
94.103382
95.444205
93.522463
95.858089
93.473168
95.920714
93.989487
94.627004
93.602624
94.477671
94.002233
94.997646
94.669611
95.673889
95.008124
95.525254
94.541153
95.971762
94.794714
95.053465
94.791368
96.746160
96.305282
95.168920
95.574747
96.276877
95.632795
95.709030
95.180465
95.752239
95.670493
96.235586
95.723968
95.660289
95.116013
95.362905
95.429286
95.870238
95.338181
95.796327
95.117395
95.568125
95.543809
96.434402
95.470554
95.520842
95.051388
95.473150
95.582668
96.042711
95.512184
96.051664
95.244433
95.759677
95.470733
95.971124
95.462499
96.190286
95.227642
95.870097
95.556589
95.973694
95.561396
96.200847
95.146965
95.898144
95.492187
95.970857
95.447137
96.370365
95.242738
96.398086
95.786230
96.003284
95.575408
96.380565
95.251389
96.130563
95.570187
95.505051
95.297071
96.479354
96.417780
95.405736
95.590912
96.376264
95.821994
96.454164
95.072133
96.295553
95.407714
96.104054
95.347343
96.509525
95.190794
95.553139
95.423706
96.026782
95.454055
96.053644
95.193122
95.736601
95.538063
96.033103
95.492653
95.744539
95.224915
95.572064
95.512191
95.936261
95.578952
96.123078
95.204263
95.832766
95.436500
95.870164
95.450072
96.263154
95.219625
96.031822
95.483627
95.884338
95.368744
96.421525
95.218735
96.200304
95.456719
95.886363
95.513809
96.493606
95.156168
96.265236
95.467628
95.840118
95.438792
96.654531
95.208676
96.443417
95.277597
95.558114
95.295358
96.481345
96.470416
95.389131
95.650716
96.386706
95.690702
95.693288
95.093006
96.447231
95.591737
96.031438
95.507238
96.343310
95.108325
96.000391
95.610316
95.977275
95.606611
95.599352
95.309579
95.672088
95.692785
96.100771
95.676501
96.114248
95.529745
95.737321
96.785042
95.739499
95.400631
95.947082
95.007426
95.628558
95.840726
96.156145
95.892697
96.489617
95.494650
95.840061
95.649553
96.284934
95.828507
96.437094
95.572584
96.229358
95.697034
96.127024
95.629564
95.963066
95.320807
96.432522
96.205235
95.771966
95.471788
96.622928
95.302644
96.625202
95.352533
95.480767
95.284325
96.548867
96.607685
95.178942
95.565301
96.419952
95.894212
95.644937
95.036889
95.672664
96.029487
96.291995
95.837638
95.788645
95.201597
95.514396
95.579628
95.872842
95.548363
96.054237
95.086635
95.709046
95.549345
95.852350
95.481027
95.918806
95.263339
96.018473
95.628721
96.055675
95.815537
96.012974
96.045795
96.007131
95.946282
96.077408
95.448348
96.140374
95.207683
95.807190
95.764139
96.093027
95.651786
96.245402
95.440597
96.020353
95.610388
96.024747
95.650098
96.395792
95.349425
96.148696
95.624318
95.941184
95.622650
96.453051
95.452312
96.426340
95.355728
95.643447
95.383377
96.380310
97.020928
95.587954
95.602073
96.388516
95.822937
96.055487
94.955273
95.790657
95.540224
96.090109
95.588993
96.365975
95.137559
95.982374
95.487667
95.789915
95.485582
95.985470
95.037939
95.619623
95.366482
95.908271
95.954751
95.978788
95.222329
95.646129
95.535081
96.067885
95.508751
96.190995
95.144659
95.749061
95.409575
95.964866
95.400415
96.076387
95.180549
95.729801
95.513240
95.918030
95.437695
96.172832
95.168716
95.771404
95.554369
95.884618
95.422639
96.359955
95.165305
96.146516
95.438893
95.879883
95.484721
96.509799
95.148180
96.357727
95.257617
95.588105
95.359623
96.391492
96.436677
95.326123
95.627612
96.430919
95.670383
96.619214
95.063789
96.410339
95.479829
96.065153
95.489801
96.576470
95.190901
95.490224
95.443209
95.870411
95.435309
95.962020
95.240782
95.653429
95.581809
95.908272
95.570822
95.807825
94.616568
95.848551
95.770240
96.460108
95.105596
96.393220
95.070364
96.706657
95.560269
96.733265
95.520393
96.339640
95.227352
96.347540
95.565956
96.665151
95.275332
96.640743
95.145417
96.547702
95.449513
96.813626
95.492404
96.673729
95.487447
96.451521
95.664917
96.685156
95.428648
96.315976
95.405422
96.601065
95.764463
96.719320
95.526541
96.176068
96.733017
95.584857
96.622655
96.619531
95.516403
96.884882
94.997421
96.824089
95.511081
96.788575
95.359489
96.869292
94.985014
96.856165
95.440098
96.678049
95.618812
96.831071
94.917045
96.877331
95.380952
96.533216
95.322081
97.028011
95.067392
96.847857
95.580336
96.574995
95.460119
96.951378
95.066230
98.194128
95.489299
96.681365
95.199097
96.922098
95.290042
97.392214
96.023124
97.115595
95.707591
96.706307
95.041508
96.939128
95.678325
96.608606
95.833442
97.149736
95.425901
97.047619
95.825624
96.820750
95.481610
96.648087
95.826234
97.191870
95.688459
96.597048
95.587305
96.983847
96.904214
95.699396
96.566364
96.465652
95.539283
97.012608
94.978653
97.019023
95.594001
96.665882
95.476886
96.975128
95.043201
97.561853
95.764336
96.607536
95.264096
96.991201
95.018889
96.911676
95.487684
96.469202
95.474118
97.111240
95.086425
97.025561
95.528339
96.623798
95.397060
96.971331
95.169425
97.109340
95.585413
96.619568
95.457614
97.066532
95.219398
97.144801
95.692286
96.556657
95.492010
97.080109
95.182726
97.070641
95.710158
96.557108
95.413589
97.105855
95.265220
97.132791
95.809343
96.552747
95.491839
97.016914
95.135156
97.039854
95.684523
96.352660
95.443878
96.758327
97.051709
95.734998
96.534401
96.676474
95.494256
97.182600
94.980750
97.048850
95.554134
96.675223
95.520227
97.237057
95.135155
97.113393
95.668133
96.619032
95.327618
97.152968
95.031892
97.022817
95.671424
96.643689
95.385785
97.195109
95.273944
96.991436
95.675880
96.666225
95.480095
97.072065
95.243636
96.844682
95.611569
96.624898
95.527495
97.072481
95.200667
97.029144
95.887149
96.708920
95.564619
96.991418
95.341325
96.915518
95.793928
96.689011
95.625409
96.969037
95.317592
97.050767
95.662079
96.646895
95.477336
96.900432
95.331023
96.957964
95.736973
96.660468
95.570116
97.033355
97.044412
95.856728
96.705093
96.743161
95.577123
97.071064
95.228959
96.963548
95.705002
96.676453
95.540418
97.069662
95.222210
97.124407
95.705267
96.721274
95.664803
97.137950
95.346982
96.898167
95.819571
96.737968
95.621722
97.105521
95.346258
97.055781
95.792720
96.816174
95.618942
97.097406
95.382253
97.039344
95.776997
96.754363
95.642351
97.203023
95.341391
97.034603
95.668768
96.758143
95.490422
97.220884
95.391052
97.084484
96.230825
96.815139
95.508026
96.990605
95.230553
96.810489
95.651784
96.854905
95.633977
96.885509
95.248394
97.032583
95.753371
96.678873
95.477294
97.057557
97.121239
95.878114
96.789593
96.677067
95.611442
97.181728
95.345165
96.956919
95.589841
96.751723
95.699935
97.382678
95.745011
97.116619
95.629255
96.743203
95.495061
97.078957
95.226102
97.138965
95.729467
96.561994
95.453181
97.055586
95.124832
97.061978
95.645535
96.698078
95.456464
96.982271
95.281463
96.948959
95.713082
96.612276
95.743288
97.013893
95.109736
97.088375
95.699566
96.625794
95.654891
97.172238
95.310401
97.133480
95.820967
96.652093
95.720580
97.086104
95.518706
97.132860
96.018457
96.763201
95.845049
97.022286
95.569354
97.067142
95.922512
96.477474
95.774651
96.921944
96.995693
95.831110
96.628884
96.657743
95.713410
97.129958
95.256264
97.153653
95.878691
96.737575
95.745414
97.135657
95.343643
97.136111
95.813646
96.760733
95.715347
97.034236
95.374209
97.032147
95.735473
96.686495
95.703560
97.137186
95.404152
96.803331
95.841385
96.688999
95.671459
97.114148
95.375715
96.991157
95.747417
96.753932
95.658072
97.043339
95.284332
96.910722
95.820250
96.750034
95.543373
97.056396
95.317257
96.884483
95.687266
96.614484
95.401134
96.988271
95.284744
96.896712
95.904375
96.714577
95.710160
96.913060
95.367506
96.983602
95.812826
96.647388
95.645240
96.878959
96.856254
95.791806
96.686011
96.779810
95.783674
97.014006
95.123057
96.914961
95.662346
96.768465
95.537134
97.072272
95.159302
96.883833
95.762010
96.876619
95.574191
97.097281
95.322438
96.782254
95.736097
96.712957
95.672607
96.983647
95.400481
96.918351
95.815379
96.683925
95.812707
97.019177
95.383975
96.933413
95.835054
96.822420
95.679735
97.076015
95.491380
97.119298
95.867080
96.710974
95.856237
97.135620
95.570045
96.870771
95.831853
96.734012
95.731019
96.965686
95.454393
96.917889
95.851790
96.708657
95.668874
96.991160
95.398496
97.012759
95.839635
96.640665
95.840574
96.838832
96.911123
95.994967
96.607298
96.966958
95.883888
97.111974
95.346025
97.077063
95.775035
96.716985
95.476562
97.125411
95.360178
97.116651
95.831867
96.882129
95.684966
97.185205
95.392267
97.178727
95.819745
96.797798
95.772111
97.182057
95.390808
96.966775
95.900548
96.878076
95.797422
97.028525
95.512288
96.919825
95.862723
96.761650
95.917068
96.317844
95.491764
92.687475
92.120620
92.115139
93.095939
93.537877
92.869861
93.573033
93.284278
93.691597
93.435720
93.940447
93.240597
93.858312
93.509541
93.835045
93.581649
94.328476
93.582868
94.213317
93.605353
93.599022
93.839530
94.483189
94.439868
93.885759
93.668022
94.894230
94.434652
95.248647
93.806500
95.224868
94.275353
94.330235
93.978262
94.879983
93.926192
94.662634
94.143702
94.372408
94.032394
94.641829
93.919009
94.491501
94.015160
94.419136
94.208581
94.775199
94.018155
94.606314
94.172923
94.302003
94.251819
94.889842
94.053989
94.740966
94.209981
94.265687
94.210352
94.837396
94.084766
94.686260
94.153734
94.283918
94.186960
94.921212
94.019501
94.757389
94.157858
94.254028
94.026437
94.997288
94.063335
94.994425
94.213920
94.247111
94.177493
94.813075
94.132255
94.765497
94.232325
94.130000
94.235255
94.808137
94.808413
94.205929
93.954945
94.743853
94.222242
95.450243
93.590202
95.321237
94.130253
94.193125
93.590992
95.202382
93.588860
95.032277
94.107010
94.191505
93.789850
94.900234
93.625215
94.713176
93.971869
94.268338
94.011192
94.642141
93.871027
94.447198
93.971378
94.232208
94.066649
94.586435
93.916604
94.430776
94.020112
94.068528
94.135390
94.710819
94.019749
94.647562
94.100522
94.066314
94.117054
94.897713
93.997580
94.743556
94.080663
94.197412
94.123537
94.889891
94.051215
94.676454
94.126433
94.220381
94.138788
94.708235
93.955331
94.532610
94.003352
93.894708
94.126691
94.648938
94.677198
94.010720
93.831641
94.674150
94.183771
95.257093
93.661742
95.252417
94.109943
94.183822
93.829878
94.997774
93.707450
94.709659
93.964366
94.080900
93.737226
94.497503
93.663097
94.409273
93.870850
94.125331
93.877807
94.335253
93.599511
94.231783
93.776634
94.018547
93.867982
94.360944
93.685137
94.271418
93.785851
93.915216
93.890255
94.541049
93.761501
94.346070
93.886229
94.000382
93.877134
94.632591
93.748343
94.599123
94.020516
94.089448
94.037454
94.768876
93.870348
94.612335
94.026831
94.159811
94.021139
94.587131
93.850367
94.404111
93.883136
93.886171
93.921553
94.425068
94.340711
93.833260
93.743007
94.768894
94.064821
95.136442
93.639918
95.121312
94.009472
94.171183
93.798058
94.978374
93.770645
94.865259
93.999106
94.198107
93.801274
94.650459
93.723199
94.441246
93.862209
94.076940
93.821598
94.312444
93.646988
94.261908
93.819348
94.143102
93.902055
94.481379
93.745604
94.367720
93.863000
94.122766
93.904230
94.606205
93.776784
94.438351
93.989438
94.102095
93.958844
94.654428
93.797416
94.487031
93.974822
94.104103
94.066368
94.729227
93.928409
94.674114
94.064844
94.179013
94.029851
94.592907
93.923521
94.555105
93.913451
93.936401
93.946932
94.507884
94.512180
93.975094
93.864217
94.848779
94.259896
95.279597
93.791570
95.281441
94.182630
94.330979
93.843958
95.074757
93.829044
94.901511
94.096197
94.254200
93.924497
94.750623
93.859588
94.560555
94.096139
94.270800
94.083372
94.483414
93.857208
94.366624
94.035996
94.232368
94.110188
94.558592
93.875196
94.377163
94.073413
94.234569
94.099345
94.690052
93.973386
94.571047
94.150712
94.378288
94.148106
94.823300
93.965950
94.572756
94.196808
94.446727
94.247156
94.739639
94.079391
94.570381
94.331779
94.540374
94.351543
94.747397
94.158500
94.656215
94.144128
94.154365
94.163152
94.553543
94.525838
94.162047
94.125871
94.966626
94.432985
95.244569
93.771009
95.242010
94.162170
94.424721
94.219838
94.915583
94.006292
94.887250
94.247807
94.353006
94.028696
94.232599
95.227457
95.812637
95.787777
96.177977
96.032612
96.089515
95.832240
96.110864
96.103198
96.375044
96.182399
96.194155
95.900222
96.235851
96.147189
96.414277
96.163668
96.161337
95.956980
96.235284
96.298145
96.502541
96.289778
96.333425
96.017308
96.340963
96.287789
96.493850
96.343588
96.401476
96.118369
96.362098
96.279256
96.519026
96.248470
96.324082
96.135396
96.222028
96.164961
96.336076
96.254965
96.241850
96.322961
96.285994
96.431590
96.877147
96.510416
96.530281
96.020103
96.303548
96.313172
96.560326
96.247737
96.347072
96.098071
96.378905
96.328957
96.591535
96.305592
96.398747
96.123885
96.340088
96.364144
96.597012
96.328606
96.383545
96.188258
96.400393
96.353269
96.597510
96.367373
96.400879
96.146439
96.375471
96.323400
96.524865
96.309662
96.413567
96.162209
96.419696
96.320093
96.582142
96.314416
96.342041
96.179533
96.423637
96.352899
96.568193
96.407044
96.449172
96.199829
96.419128
96.376616
96.555282
96.388667
96.454732
96.192251
96.358188
96.231721
96.390387
96.244279
96.263428
96.386091
96.246160
96.421266
96.876137
96.454803
96.445526
95.965541
96.295817
96.283650
96.506137
96.219583
96.365062
96.066773
96.329737
96.318783
96.547417
96.275675
96.368805
96.163306
96.352293
96.299923
96.619958
96.294149
96.404872
96.146044
96.410166
96.359412
96.597694
96.301939
96.380998
96.196572
96.432333
96.371267
96.577493
96.321185
96.439179
96.248307
96.427345
96.361089
96.604265
96.348660
96.450476
96.221243
96.377609
96.370329
96.643507
96.342514
96.515142
96.184333
96.377163
96.375846
96.610337
96.352724
96.435020
96.159681
96.366787
96.222628
96.398746
96.295887
96.363742
96.443553
96.344911
96.480054
96.861789
96.429714
96.469473
95.988839
96.294875
96.239033
96.567913
96.339407
96.384853
96.107373
96.366321
96.297773
96.559003
96.316184
96.358964
96.167563
96.419530
96.299443
96.563203
96.279168
96.461740
96.126661
96.394739
96.340904
96.614172
96.326066
96.432628
96.171833
96.369485
96.331501
96.649615
96.301497
96.470391
96.177736
96.502206
96.387660
96.615458
96.299331
96.467386
96.266654
96.495869
96.401647
96.639906
96.452541
96.483520
96.223381
96.447476
96.402015
96.641887
96.414269
96.510277
96.164026
96.377054
96.261447
96.339228
96.264544
96.351326
96.371335
96.270977
96.376403
96.727469
96.490574
96.529235
95.964263
96.251311
96.213214
96.523025
96.183028
96.387993
96.042907
96.330815
96.311187
96.437612
96.233370
96.347793
96.026363
96.378954
96.328144
96.592392
96.267591
96.459741
96.322547
96.365986
96.312108
96.525557
96.307767
96.382359
96.044045
96.412368
96.352543
96.569266
96.373410
96.448598
96.174941
96.354601
96.319413
96.546443
96.318411
96.458873
96.211136
96.419471
96.335944
96.514284
96.354205
96.459828
96.193461
96.457519
96.401211
96.546664
96.341896
96.532981
96.198670
96.351327
96.278426
96.337025
96.281207
96.334148
96.442102
96.289770
96.465578
96.933263
96.485024
96.475239
95.995764
96.326392
96.268757
96.547858
96.262106
96.425868
96.044593
96.433769
96.224972
96.486015
96.385089
96.431891
96.097706
96.350602
96.263370
96.501196
96.224780
96.350699
96.038267
96.288468
96.268059
96.515445
96.249462
96.364063
96.059296
96.397965
96.252487
96.598950
96.337030
96.380281
96.097563
96.397787
96.324347
96.580302
96.295037
96.388171
96.179505
96.399028
96.339899
96.544452
96.349795
96.470994
96.153301
96.307136
96.354890
96.592520
96.269682
96.504330
96.124452
96.268229
96.228986
96.311949
96.189298
96.344947
96.370294
96.271500
96.454593
96.873169
96.487081
96.493078
95.871197
96.288720
96.225387
96.531086
96.232501
96.346652
96.091070
96.390769
96.285834
96.502339
96.242222
96.394763
96.087098
96.324690
96.269172
96.539778
96.216895
96.412146
96.105039
96.337748
96.281194
96.502339
96.262060
96.405698
96.126199
96.300023
96.290369
96.576270
96.275013
96.429448
96.146881
96.407686
96.284220
96.587840
96.323056
96.410062
96.187369
96.416276
96.362842
96.585682
96.403025
96.484088
96.235357
96.380825
96.413611
96.593882
96.442261
96.491124
96.121738
96.340793
96.284733
96.361611
96.223368
96.358630
96.411172
96.319205
96.455367
96.856705
96.482104
96.462240
95.918684
96.318983
96.228704
96.519840
96.232345
96.357887
96.009116
96.291960
96.229394
96.518440
96.253578
96.377115
96.160342
96.377272
96.267546
96.557767
96.332811
96.450076
96.132612
96.402965
96.237223
96.503176
96.283362
96.377777
96.156435
96.335107
96.284039
96.490942
96.293746
96.400207
96.181954
96.422165
96.321358
96.503662
96.303024
96.404130
96.209460
96.430144
96.389348
96.528319
96.298064
96.415580
96.188114
96.464911
96.302239
96.534787
96.257137
96.443450
96.139064
96.276675
96.280294
96.285895
96.157584
96.312748
96.377681
96.272888
96.459599
96.825138
96.541268
96.456653
96.043092
96.333384
96.190807
96.531475
96.238404
96.430956
96.029815
96.328085
96.249421
96.518310
96.256525
96.395043
96.065447
96.355236
96.232382
96.492295
96.230222
96.413769
96.086306
96.325999
96.262361
96.477176
96.311221
96.349587
96.175146
96.428284
96.286755
96.545843
96.241965
96.356230
96.157793
96.461100
96.326430
96.538795
96.332269
96.333327
96.188174
96.358708
96.323530
96.574945
96.334978
96.465082
96.177868
96.377817
96.323552
96.496010
96.298905
96.485348
96.081597
96.335323
96.267463
96.359910
96.192867
96.269629
96.364640
96.231193
96.461012
96.818632
96.492276
96.411979
95.921682
96.282780
96.189104
96.438820
96.225501
96.328452
95.955878
96.281891
96.153122
96.469560
96.209294
96.379635
96.025142
96.373544
96.348109
96.546111
96.233614
96.434043
96.068499
96.348748
96.270187
96.526265
96.340881
96.372743
96.160386
96.370520
96.312609
96.522927
96.218676
96.312402
96.027058
96.328895
96.162719
96.425381
96.245794
96.327604
96.059963
96.318569
96.247008
96.466915
96.173510
96.335809
96.077395
96.314781
96.252466
96.474985
96.227776
96.383439
96.111086
96.204165
96.171659
96.229807
96.164461
96.249432
96.317177
96.196051
96.404099
96.800612
96.384256
96.467447
95.820925
96.240331
96.154493
96.507863
96.198582
96.297940
96.005242
96.296677
96.229237
96.529404
96.161634
96.365532
96.041898
96.316593
96.235882
96.532913
96.276043
96.449842
96.116982
96.366321
96.251168
96.542862
96.251767
96.394423
96.095861
96.413670
96.284486
96.579234
96.236189
96.355480
96.099822
96.292460
96.227738
96.507003
96.158991
96.382444
96.039957
96.320765
96.201448
96.468547
96.251753
96.371291
95.966616
96.250591
96.281182
96.519025
96.195225
96.459506
96.006718
96.297000
96.146567
96.217898
96.127201
96.287169
96.329959
96.208065
96.409867
96.783515
96.368485
96.536380
95.894455
96.335322
96.605395
96.471409
96.177544
96.420582
96.020549
96.567076
96.423731
96.437002
96.157288
96.239821
95.912112
96.281936
96.187512
96.405072
96.196863
96.379545
96.085067
96.390199
96.346768
96.394314
96.213600
96.392237
96.111969
96.647106
96.478380
96.370140
96.123814
96.332521
95.998809
96.382896
96.299229
96.528105
96.211328
96.296518
96.075005
96.346677
96.219495
96.518120
96.318761
96.447735
96.151856
96.330557
96.336615
96.514738
96.228807
96.474437
96.111005
96.288153
96.219526
96.134776
96.095941
96.259248
96.296964
96.158787
96.365433
96.804985
96.468623
96.525479
95.887934
96.387851
96.253809
96.523492
96.175024
96.357258
96.012850
96.313568
96.161208
96.513934
96.137441
96.374815
96.039977
96.381270
96.227887
96.550592
96.195206
96.364455
96.086242
96.348516
96.189980
96.449532
96.180776
96.285800
95.978911
96.306645
96.159478
96.482768
96.218017
96.431982
96.201148
96.382500
96.311377
96.746100
96.305441
96.551185
96.066911
96.417269
96.321452
96.635133
96.205526
96.551691
96.036695
96.416605
96.293550
96.562325
96.176176
96.517014
96.118667
96.301906
96.225134
96.260275
96.202030
96.338227
96.301426
96.197870
96.390914
96.788561
96.371152
96.487883
95.815331
96.258505
96.177889
96.501405
96.148331
96.343986
95.968465
96.309778
96.215205
96.375980
96.116036
96.379232
96.010359
96.368294
96.141485
96.387722
96.278683
96.355319
95.968147
96.333976
96.181819
96.499969
96.299507
96.362147
96.072055
96.364575
96.213739
96.455545
96.143229
96.385271
96.130028
96.359831
96.261671
96.518125
96.261100
96.442533
96.149991
96.350124
96.283202
96.526106
96.205893
96.457272
96.072783
96.342439
96.315344
96.512631
96.200310
96.474981
96.074390
96.287856
96.098910
96.236905
96.117638
96.245968
96.338434
96.232602
96.356532
96.836849
96.404573
96.506842
95.936976
96.303780
96.190636
96.476974
96.152699
96.370431
96.005475
96.302057
96.257425
96.488705
96.127081
96.337317
95.964983
96.321648
96.223910
96.490478
96.110215
96.380102
95.997872
96.297684
96.244501
96.461420
96.147907
96.344663
96.001819
96.299087
96.144007
96.447072
96.136043
96.313111
96.024451
96.310517
96.162181
96.380369
96.076119
96.346104
96.049993
96.305474
96.189652
96.445738
96.072303
96.354465
96.044517
96.353524
96.205719
96.463179
96.116496
96.334576
95.956586
96.167882
96.095623
96.238222
96.113993
96.220410
96.234790
96.112176
96.292152
96.837661
96.490856
96.553335
95.899511
96.369219
96.192646
96.454582
96.073164
96.409203
95.874539
96.350276
96.205154
96.507344
96.146556
96.438787
95.977186
96.385901
96.242909
96.590219
96.115611
96.436841
96.046369
96.366707
96.192609
96.565152
96.243426
96.478093
96.082435
96.401518
96.198149
96.520905
96.220328
96.441439
96.159917
96.441962
96.280836
96.507056
96.200528
96.495660
96.148052
96.404339
96.260663
96.440513
96.243353
96.513849
96.127576
96.487581
96.378901
96.518134
96.297032
96.590407
96.070936
96.365278
96.245012
96.292079
96.169764
96.435760
96.492176
96.361486
96.519773
96.909144
96.423191
96.509165
95.903344
96.354302
96.266855
96.557621
96.204967
96.462261
96.088096
96.453561
96.285842
96.666726
96.281933
96.512769
96.159160
96.429862
96.327907
96.620636
96.224595
96.409722
96.060819
96.487300
96.244213
96.514778
96.224029
96.424143
96.178985
96.416810
96.261829
96.668156
96.189011
96.437756
96.062825
96.386205
96.258274
96.497063
96.170210
96.480957
96.048392
96.364786
96.240458
96.489919
96.173563
96.512243
96.059292
96.528347
96.280969
96.492415
96.103708
96.528517
96.066161
96.451492
96.253859
96.282115
96.116483
96.506742
96.472269
96.281944
96.382927
96.820153
96.377184
96.460679
95.740305
96.298635
96.102933
96.379459
95.903983
96.349513
95.782323
96.277348
96.098881
96.346696
95.949420
96.438469
95.929087
96.384112
96.130351
96.329468
95.967780
96.283351
95.880133
96.293487
96.110221
96.290995
95.880283
96.344075
95.932547
96.226035
96.043579
96.177551
96.000315
96.274213
95.874859
96.236210
96.048716
96.147280
95.771210
96.311913
95.772324
96.260332
96.075937
96.206262
95.848386
96.251356
95.746708
96.181308
96.045442
96.009833
95.687722
96.213486
95.777407
95.992870
95.736584
95.701136
95.601555
95.963491
96.045631
95.664028
95.693529
96.280855
95.825662
96.107628
95.261194
96.077843
95.758850
95.834299
95.270524
96.017293
95.366384
95.945900
95.757887
95.864491
95.497434
95.985315
95.262232
95.978397
95.657071
95.876916
95.403972
96.058297
95.382924
95.959599
95.508002
95.756367
95.488004
95.991475
95.610819
95.979965
95.635772
95.771795
95.390991
96.009009
95.406827
95.986609
95.730037
95.770774
95.378226
96.077873
95.506972
96.097402
95.794545
95.818926
95.680897
96.163911
95.554194
96.119016
95.872417
95.833847
95.355238
96.213048
95.572398
95.997531
95.641229
95.677240
95.456905
95.994615
96.096774
95.730655
95.785863
96.302386
95.818378
96.125564
95.279531
96.013298
95.447205
95.946202
95.206282
95.990569
95.084911
95.980811
95.684462
95.901013
95.283962
95.975228
95.361232
95.959430
95.539424
95.784359
95.434265
95.884256
95.241850
95.823533
95.343929
95.780460
95.351488
95.955840
95.420286
95.907322
95.593209
95.768097
95.185375
95.957045
95.304664
95.847645
95.649011
95.718237
95.275424
95.924834
95.305520
95.896439
95.684573
95.774695
95.404787
95.956924
95.387127
95.884706
95.687930
95.757758
95.456445
96.062448
95.496421
95.858689
95.649877
95.477755
95.334261
95.883025
95.835792
95.462703
95.644431
96.237236
95.668790
96.009025
95.049270
95.942256
95.554155
95.727807
95.286472
95.908221
95.357405
95.770586
95.511477
95.698239
95.264997
95.950556
95.291525
95.876386
95.460169
95.807902
95.201699
95.915514
95.225665
95.830035
95.411867
95.722783
95.346557
95.872237
95.296463
95.851931
95.479008
95.685682
95.234692
95.857399
95.212564
95.833227
95.578385
95.526399
95.331758
95.935337
95.377110
95.884449
95.613303
95.707406
95.370982
95.934214
95.401712
95.824628
95.663219
95.711506
95.313228
96.011425
95.438266
95.895509
95.661859
95.459844
95.304971
95.833567
95.808036
95.457794
95.569974
96.187633
95.597070
96.060530
95.008495
95.897554
95.557836
95.684031
95.054033
95.970086
95.205649
95.925305
95.601591
95.720279
95.290449
95.947292
95.153843
96.007156
95.566712
95.784444
95.267627
96.013226
95.190288
96.021233
95.602743
95.803793
95.199657
96.242512
95.478794
96.215226
95.775082
95.676447
95.176026
96.209681
95.377934
96.048210
95.521077
95.647570
95.235302
96.051669
95.431793
95.941425
95.558483
95.556229
95.311240
96.040705
95.516041
95.997413
95.498545
95.563708
95.170622
96.085836
95.442410
95.921656
95.541650
95.318199
95.279134
95.972620
95.894489
95.569676
95.271024
95.912786
95.323998
96.070176
95.227616
95.759596
95.432945
95.340519
95.410986
95.840849
95.207593
95.854761
95.412244
95.586321
95.395828
95.922603
95.100655
95.745297
95.470889
95.400609
94.883435
95.887109
95.047158
95.759878
95.415162
95.444354
94.908851
95.884622
95.094561
95.776554
95.533586
95.450858
95.078269
95.842672
95.169628
95.771002
95.336415
95.507888
95.155635
95.956347
95.323292
95.882852
95.451947
95.443714
95.327896
96.062126
95.438812
95.958733
95.645036
95.640169
95.800970
93.405099
89.211638
90.801625
88.085241
85.016103
88.844565
92.038341
92.586040
89.229779
95.170138
