94.119442
94.477620
94.064222
95.068667
93.358169
94.020468
91.781447
94.102589
94.064119
93.838172
94.165673
94.365727
93.700901
94.379761
94.321407
95.118962
94.293668
94.379670
93.651055
93.855553
93.681542
94.585733
93.835175
93.949032
93.739200
93.932906
93.800219
94.628540
93.792753
93.991616
93.573942
93.405760
93.146716
94.620229
93.097052
93.775490
93.286737
93.758812
93.115003
94.472673
93.091236
93.275794
93.126008
93.671400
93.450980
93.862295
92.981397
93.598600
92.910762
93.102166
93.467676
94.437366
93.406471
92.819679
91.668623
92.666194
92.563959
92.414618
92.565747
91.101699
94.002345
93.823790
93.573425
94.259954
93.236990
93.273117
91.871755
93.295626
93.133553
93.762868
93.458583
93.630171
93.415481
93.759855
93.505128
94.341571
93.595677
93.742935
93.119587
93.631905
93.519703
94.488095
93.635714
93.823474
93.543503
93.811981
93.623315
94.547656
93.643869
93.921190
93.578650
93.401545
93.216336
94.533143
93.312907
93.439329
93.539318
93.505637
93.783531
94.583559
93.674434
93.381863
93.542319
93.375859
93.381108
94.606811
93.225913
93.814108
93.430105
93.231963
93.071309
94.479292
93.033391
93.024237
92.714725
93.615362
93.561392
94.071215
93.504227
92.798083
94.210480
93.888822
93.175640
94.395305
93.309872
93.355998
92.288564
93.450795
93.480472
93.983092
93.739107
93.958479
93.979973
94.511230
94.413361
95.163894
94.030590
93.631628
94.129764
94.100768
94.054347
94.679703
94.015170
94.160256
94.054546
93.757504
93.657993
94.741156
93.612454
94.209087
94.082605
93.777814
93.607616
94.860520
93.754872
93.929445
94.364117
93.955347
93.779278
95.366918
93.669340
94.311112
94.405448
93.937841
93.774316
94.970415
93.362797
93.985209
94.277922
93.806381
93.708397
95.350409
93.586249
94.078802
93.331124
94.000959
93.453280
94.399007
93.540186
93.362702
94.346401
94.144852
93.946536
94.732741
93.740066
93.684671
92.696595
93.771652
93.732275
94.260476
94.070111
94.211393
94.162873
94.740496
94.750733
95.443196
94.816228
94.514411
94.479715
94.437315
94.243065
94.966056
94.228391
94.337431
94.265387
94.459250
94.199767
94.902713
94.182674
94.350311
94.267580
94.365524
94.234835
94.995013
94.291660
94.427077
94.334309
94.339339
94.259661
95.032069
94.312887
94.376929
94.200377
94.404057
94.275057
95.477638
94.300522
94.395907
94.374063
94.468403
94.691035
95.517708
94.542076
94.123515
93.339710
94.011325
93.999882
94.432961
94.518534
93.408154
94.853375
94.423316
94.132960
95.334857
93.853924
93.903055
92.968426
94.381670
94.469678
94.394703
94.603114
94.469927
94.532736
94.396187
94.298255
94.977890
94.281194
94.326675
94.081344
94.340432
94.216640
94.971755
94.394264
94.398808
94.338631
94.715459
94.691706
95.579288
94.825812
94.611006
94.704951
94.464362
94.347499
94.990680
94.487802
94.869848
94.640916
94.547520
94.423976
95.465334
94.416309
94.525149
94.541233
94.507490
94.362699
95.580638
94.792507
94.468193
94.474803
94.462231
93.998229
95.493355
94.269510
94.217832
93.555812
94.234680
94.160996
95.071324
94.733581
93.598780
94.992871
94.611023
94.411491
95.454783
94.087994
94.466360
93.141124
94.698407
94.655172
94.634815
94.870630
94.562148
94.809273
94.995412
94.741704
95.491457
94.839645
94.983349
94.455507
94.519670
95.466581
95.554150
94.898604
95.153522
94.703578
94.564506
94.465514
95.275463
94.650501
95.111905
94.460620
94.471960
94.498825
95.621851
94.502319
94.695355
94.686884
94.575602
94.948773
95.675810
95.128532
94.882962
95.037268
94.670432
94.137375
95.124050
93.951935
94.904521
94.495027
94.888013
94.664291
95.514094
94.179499
94.152674
93.578717
94.677441
94.589865
94.530290
94.683302
93.438156
94.943262
94.668592
94.492606
95.444043
94.070163
94.556273
93.138596
94.594800
94.637569
94.520831
95.204097
95.437649
94.746495
94.883630
94.780530
95.514089
94.915417
95.329609
94.857276
94.625757
94.529587
95.618334
94.678238
95.013183
95.023100
94.982688
94.492028
96.032286
94.670213
95.181647
95.071994
94.827885
94.697772
95.716948
94.637102
95.047602
94.986368
94.692794
94.583706
95.684376
94.589680
94.777244
94.878848
94.643687
94.493987
95.695729
94.571113
94.686814
94.826094
94.632523
94.454141
95.614293
94.355866
94.357807
93.943905
94.892599
94.739888
95.262894
94.224570
93.812025
94.869499
94.063710
93.892067
95.214102
94.039011
94.563586
93.579876
95.095805
94.531091
95.000521
94.409047
94.862117
94.850365
95.361429
95.310362
95.885945
95.141819
95.174321
95.111764
95.028132
94.970208
95.461267
95.321493
95.481268
95.018765
94.725051
94.686267
96.001301
94.756920
95.289908
95.298201
95.256786
95.194573
96.070930
95.303799
95.289466
95.347612
95.339016
95.246876
96.110066
95.459425
95.372570
95.466560
94.971818
95.243148
96.084327
95.269572
95.311714
95.425290
95.265332
95.218762
96.033741
95.088697
95.151169
94.693991
95.245835
95.041848
95.962104
95.090681
94.615747
95.430464
95.199584
95.058750
95.977474
95.433198
95.441733
94.418012
95.128292
95.068237
95.931002
95.270960
95.343744
95.530369
95.815603
95.684455
96.264877
95.682678
95.823399
95.500812
95.379383
95.376398
96.235049
95.438592
95.757452
95.365300
95.656824
95.200589
96.115076
95.387727
95.390368
95.543181
95.543752
95.823622
96.359367
95.774784
95.871973
95.547279
95.486743
95.335588
95.952011
95.470103
95.674229
95.607385
95.548251
95.470518
96.301702
95.847164
95.512696
95.566550
95.963841
95.497753
96.490020
95.484363
95.506836
94.946765
96.006476
95.832989
95.863918
95.330934
94.830522
95.928690
95.641991
95.518322
96.401011
95.303291
95.758736
94.774865
95.751593
95.811415
95.764161
95.895741
95.651383
95.849645
96.147833
96.091638
96.649085
96.028466
96.021585
95.652607
96.043793
96.001830
96.610329
96.144299
96.262969
95.857889
96.110253
95.934895
96.577121
96.035606
96.155417
95.676547
95.875699
95.916882
96.537630
96.054881
96.102193
95.946068
95.642030
95.463410
96.387107
95.512063
95.986318
95.592365
95.920963
95.926708
96.571394
95.683513
95.808132
95.814783
96.061997
95.970022
96.403199
95.804768
95.885245
94.521477
95.226383
95.219686
96.014869
95.506422
94.608316
95.894979
95.773087
95.691496
96.213710
95.522384
95.661394
94.267335
95.573566
95.624784
95.513787
95.688412
95.779315
95.524065
95.845042
95.791394
96.331699
95.925905
95.901642
95.310501
95.796112
95.778434
96.246529
95.988029
95.908864
95.590256
95.931388
95.873310
96.249561
95.932696
95.904753
95.699957
95.582485
95.591930
96.289264
95.801884
96.401856
95.496989
95.691782
95.737760
96.701341
95.556989
96.066388
95.857269
95.509756
95.777234
96.190157
95.659264
95.733440
95.413340
95.740517
95.671314
96.504634
95.687519
95.274620
94.824567
95.129472
95.248900
95.659100
95.498656
94.737732
95.639610
95.822638
95.701939
96.160648
95.136603
94.808771
94.278022
95.181205
95.185469
95.102521
95.188741
95.325176
95.027274
95.363641
95.204439
95.811368
95.184654
95.375274
95.180742
95.843682
95.821401
96.234479
95.341886
95.572623
95.312541
95.330828
95.344681
95.438796
95.276691
95.298402
94.847406
95.174457
95.166352
95.618310
95.119834
95.250538
94.910448
95.142401
95.041657
95.472249
95.422533
94.936234
94.580314
95.047377
94.719795
95.845124
94.905080
95.518874
94.453294
94.967309
94.551595
95.896507
94.925340
95.021753
94.040767
95.471970
95.357450
95.343439
94.932590
93.988143
94.939527
94.687213
94.526586
95.798229
94.474406
94.919596
93.931015
95.560497
95.579737
95.566994
95.747492
95.308114
94.793809
94.504596
94.749354
95.271368
94.756903
94.839825
94.474872
94.829351
94.947422
95.345333
94.866689
95.049546
94.738186
95.275645
95.226373
95.736490
95.214947
95.442060
94.901162
96.089089
95.996343
96.556693
95.332508
95.451039
95.232479
95.052438
95.048059
95.451909
94.973902
94.991908
94.357986
94.822507
94.795354
95.265978
94.858888
95.148005
94.390972
95.619890
95.571560
96.280593
95.683593
95.600006
94.130625
95.631819
95.027458
95.834628
94.889419
94.193744
94.634102
94.891971
94.646428
95.160063
94.443140
94.676963
93.381228
94.721000
94.655302
94.617951
94.718368
94.795253
94.383947
95.687788
96.005243
96.546894
95.902432
95.489012
94.909484
94.719347
94.628555
95.842057
94.873951
95.148134
94.677725
95.380381
95.454920
95.929093
95.539156
95.614883
95.149170
95.041462
94.954379
95.817833
94.814960
95.308381
94.688398
95.432787
95.657789
96.096284
95.213058
94.800300
94.780142
94.533150
94.922023
95.716836
94.661651
95.286100
94.599687
95.617565
95.067434
96.036825
94.660955
94.582104
94.352503
95.203588
95.597349
95.224400
95.200845
94.263894
94.836953
95.026401
95.015210
95.787905
94.735433
95.417111
94.264437
95.867619
95.876848
95.747215
95.453742
95.559736
95.227765
95.393265
95.340119
95.684752
95.613733
95.716691
94.825629
94.638906
94.621724
95.942448
94.577161
94.617151
94.597777
94.772466
95.264562
95.334817
94.822824
94.608483
94.466174
94.578152
94.376063
95.590228
95.320711
95.544527
95.353706
95.300971
95.312404
96.906944
95.481541
96.105133
95.927496
95.865910
95.447135
95.975143
95.072561
95.307707
95.504890
95.527034
95.881841
96.131327
95.132979
94.941307
94.611746
94.744684
94.589809
95.654108
94.990255
94.450030
94.946742
95.851189
95.351834
96.006984
94.148776
93.971163
94.155256
94.000480
94.035663
94.318089
94.969388
95.254283
94.747069
95.454744
95.452765
95.876449
95.332520
95.510840
95.140649
95.835470
95.835117
96.196789
95.832366
95.660350
95.257172
95.078840
94.619599
95.793358
95.187104
95.839409
95.460979
95.807772
96.112989
96.409795
96.179449
96.270225
95.556056
95.451103
95.341876
96.390595
94.888867
95.617401
95.715106
95.762970
96.129258
96.037220
96.087949
96.178362
95.487566
95.667028
95.590052
96.262085
95.128708
95.851383
95.307583
96.103376
96.382389
95.831527
95.748425
94.862131
95.538413
95.744993
94.769447
96.392062
94.786568
95.356023
95.183542
96.595701
96.555449
96.264739
96.428270
96.007826
95.944207
95.287729
95.549853
95.956369
95.961988
96.035351
95.728104
96.163537
96.088840
96.393891
96.105604
96.241615
96.059661
96.622365
96.573957
96.778615
96.673737
96.675734
96.159979
95.985285
95.787498
96.782399
95.300788
96.256462
96.279020
96.176304
96.483378
96.677642
96.506897
96.624427
96.099288
95.485456
95.285712
96.704951
95.123815
95.797857
95.991084
96.268491
96.038484
96.500013
96.805082
96.751089
95.338517
95.700181
95.219720
96.617424
95.757698
95.693346
96.119040
96.623460
96.470103
96.519843
95.482264
95.155975
95.247344
94.859742
96.116597
95.315763
96.030109
95.599852
94.997217
95.542451
94.940802
96.926205
95.053594
94.644819
94.902163
94.336886
94.711228
95.062036
95.225866
95.234407
94.580596
94.691395
94.641767
95.410014
94.763293
95.334348
94.591830
94.773541
94.715496
95.551805
94.746917
95.408330
95.091597
95.052563
94.955293
95.850649
95.251049
95.201273
94.026854
93.683219
93.557817
94.338651
94.449181
94.493575
95.132588
94.992429
94.958049
96.335413
95.268436
95.123727
94.044464
95.186514
95.940782
95.217773
94.576174
94.201471
95.887906
95.208031
95.232430
94.999084
94.637126
94.587129
94.383074
94.680724
94.638266
94.675102
95.020161
95.018076
95.560892
95.318953
95.103655
95.887408
95.259048
95.385167
96.209758
95.482951
95.377147
96.258770
95.494874
95.672014
96.035554
95.567299
95.535531
96.362971
95.506624
95.411651
95.813005
95.459695
95.494080
96.327293
95.438273
95.439107
95.785927
95.431385
95.389453
95.876516
95.369835
95.324607
95.691017
95.331891
95.300410
96.346848
95.619925
95.515258
95.471967
95.278234
95.305485
96.325478
95.118332
95.331248
94.771609
95.146719
95.742626
95.053727
95.750633
94.979760
96.056678
95.518906
95.322310
95.671422
94.600745
94.643934
94.516622
94.725681
94.752165
94.802431
95.173151
95.124155
95.669416
95.320897
95.318822
96.225143
95.416561
95.407544
95.800101
95.525817
95.568023
96.614427
95.647597
95.638130
95.962435
95.581148
95.617668
96.261203
95.640750
95.576083
95.871527
95.467237
95.403660
96.336836
95.480493
95.489583
95.905176
95.450149
95.456090
96.304838
95.435433
95.448025
95.831830
95.499699
95.414189
96.330774
95.291904
95.326702
95.510583
95.268706
95.567230
96.327049
95.770351
95.757473
94.939688
95.888518
95.736794
95.866653
95.775630
95.042027
95.914447
95.218366
95.132846
95.195819
94.492825
94.461787
94.477356
94.791882
94.750409
94.730120
95.006305
95.091719
95.452246
95.226736
95.213850
95.824816
95.410024
95.413270
95.761921
95.618767
95.790302
96.808119
95.789901
96.922205
95.712658
95.550358
95.584037
96.662023
95.816358
96.045914
96.272297
95.987368
96.019924
96.604354
95.549254
95.670377
96.171691
95.798169
95.866696
96.616599
95.704293
95.712180
96.102423
95.602619
95.547265
96.379091
96.157637
96.141434
95.615752
95.391872
95.756083
96.353519
95.932457
95.941870
95.067397
95.951866
95.758817
95.869832
95.829298
95.249586
95.942336
95.475213
95.114610
95.180143
94.502046
95.060589
94.689390
95.001323
94.763130
94.720569
95.013294
95.101941
95.420221
95.209553
95.175883
95.696225
95.200939
95.294982
95.613794
95.487403
95.507572
96.728244
96.008443
95.704370
95.889524
95.799040
95.747451
97.501155
96.198309
96.166326
96.004496
95.516821
95.600312
96.265374
95.522775
95.778894
96.044649
95.736174
95.668514
96.498069
95.605781
95.530799
95.784896
95.537353
95.523408
96.367022
95.365940
95.382664
95.528647
95.524842
95.967753
96.473283
95.977284
95.736051
95.008638
95.754154
96.174281
96.666137
95.898654
95.078202
95.821671
95.283972
95.052142
95.090555
94.376426
94.344261
94.259887
94.666897
94.682388
94.632643
95.071758
95.097356
95.483975
95.184497
95.123452
95.718495
95.138659
95.419225
95.683761
95.976312
95.616905
96.634295
95.628467
95.699771
95.878967
95.691981
95.834913
96.670539
95.683032
95.672834
95.979607
95.482704
95.543255
96.325144
95.628462
95.651672
95.898246
95.478096
95.529286
96.329947
95.440952
95.466856
95.782742
95.388650
95.321710
96.307602
95.368279
95.610495
95.665197
95.657947
95.926029
96.311470
95.804169
95.773300
95.106043
95.870186
95.823904
95.827341
95.887776
95.067316
95.838669
95.135523
95.074922
94.723705
94.317470
94.367709
94.470780
94.569301
94.555127
94.640119
94.815926
94.978539
95.183058
95.282043
95.201423
95.913860
95.335639
95.341979
94.918399
95.416607
95.742782
96.258002
96.218491
96.904396
95.169051
95.710221
96.142320
96.883316
96.212293
96.463943
96.050656
96.664840
96.568569
96.984730
96.494887
96.510042
96.240277
96.758357
96.837549
97.154216
96.552673
96.249760
96.576449
96.325724
96.742585
97.316898
96.914034
96.841187
96.373299
96.341536
96.379470
97.394697
96.211978
96.254545
96.331326
96.902695
96.852669
97.082245
96.858630
96.150842
96.443550
96.257231
96.129947
96.944550
96.042621
96.414944
96.165256
96.729829
96.982352
96.610571
96.744015
96.391858
96.332645
96.803578
96.047662
96.894776
96.399237
96.741477
96.318640
96.755701
96.483509
96.978009
96.580687
96.239892
96.310090
96.300676
96.524364
96.913586
98.103775
96.767427
96.346563
96.441433
95.992404
97.295464
96.552538
96.722323
96.908231
96.831717
96.495950
96.983758
96.548882
96.602851
96.503310
96.594058
96.460434
97.227719
96.411468
96.852502
96.681782
96.837607
96.806079
97.728944
96.707951
95.920838
96.384144
96.090324
96.396567
96.012890
96.355630
95.764530
96.479008
96.933145
96.898203
97.328613
96.569091
96.129766
96.217671
96.453793
96.702894
96.324948
97.462732
96.998461
96.150003
96.107413
95.950653
96.843728
96.193576
96.430411
96.224112
96.827690
96.798119
96.882538
96.828208
96.493741
96.478086
96.103290
95.851661
96.717288
96.183168
96.182568
96.222787
96.587259
96.476862
96.724393
96.555210
96.529192
96.333437
96.820516
96.512446
96.957913
96.451959
96.259801
96.420161
96.538520
96.514857
97.003949
96.826889
96.853222
96.563668
96.248906
96.068910
96.925325
96.193800
96.088220
96.226979
96.881569
96.958358
96.833268
96.859448
96.301213
96.458520
96.444120
96.125963
96.808396
95.907276
95.996296
96.022915
96.716351
96.747664
96.665026
96.817904
96.531959
96.461129
96.521987
96.136771
96.941454
96.531631
96.486734
96.278283
96.833041
96.787780
96.989213
96.845432
96.921518
96.544789
96.181694
95.862705
96.658739
95.886675
96.195801
96.372577
96.871139
96.873911
96.943832
96.961364
96.725796
96.581917
96.309281
95.949847
96.759143
96.178562
96.200865
96.428800
96.860895
96.394709
97.010225
96.757558
96.443453
96.509884
96.467256
96.060252
96.615945
96.450067
96.796565
95.999143
96.752182
96.796012
96.777185
96.754430
96.193597
96.503947
96.489572
96.452864
96.870271
95.849232
96.379656
95.917354
96.702705
96.629959
96.669501
96.896360
96.778345
96.406204
96.196191
96.475127
96.669085
96.533365
96.495857
96.350465
96.529078
96.434795
96.762921
96.552447
96.624687
96.430693
96.902979
96.782715
96.971961
96.865794
96.944467
96.511300
96.605311
96.511210
97.260939
96.553825
96.557585
96.498000
96.955481
96.906392
96.758958
96.991300
97.062771
96.426970
96.332229
95.829443
96.623649
96.133442
96.530821
96.396754
97.031010
96.953020
97.068268
96.882731
96.578978
95.998453
96.054167
96.066338
96.842003
96.496074
96.038634
96.669508
97.283666
97.253882
97.024973
96.403388
96.347036
96.019643
96.027089
96.315182
96.447654
96.092846
95.824171
95.974935
95.843076
95.848000
96.132704
96.040862
95.994014
96.032758
96.396562
96.409733
96.549719
96.584966
96.432989
96.632449
97.369751
97.409903
97.411290
96.590463
96.115874
96.744025
96.010449
95.718099
95.687570
95.396810
95.477851
95.852242
95.421956
95.636435
95.479606
95.351408
95.441948
95.987448
96.075949
96.035064
96.324568
96.071404
96.124220
96.458870
97.077227
97.035437
97.237389
97.027556
97.066019
96.265464
96.811992
96.123857
97.002858
96.168882
96.200676
96.535715
96.107103
96.021866
96.235112
95.891054
95.742108
95.542644
95.860030
95.859584
95.836798
95.995187
95.927082
96.366354
96.802379
96.713030
96.918062
96.868133
96.906948
96.665158
97.231294
96.798871
97.300671
96.296207
96.366178
96.709372
96.190409
96.115983
96.415661
95.970160
96.030638
96.184393
96.038137
95.999237
96.342993
96.094907
96.035555
96.316745
96.484546
96.410878
96.670963
96.488353
96.536538
96.517335
97.019404
97.084663
97.138912
97.059623
96.578550
96.560270
95.990568
95.959083
96.706792
96.045861
96.326722
95.864956
96.289711
96.370718
96.325671
96.325286
96.044549
96.744929
97.262754
97.242673
97.408923
96.509837
96.265070
96.408294
95.638330
95.645249
95.439946
95.602428
95.490607
96.001504
95.536821
95.572094
95.726932
95.440304
95.559525
96.008120
95.713027
95.808001
96.005442
95.944856
95.866161
96.484214
97.090507
97.040871
97.165020
97.102408
97.118017
96.733540
96.452887
96.278623
97.068840
96.262298
96.288460
96.511228
96.505494
96.883653
96.834567
96.812072
96.869842
96.405542
96.520618
96.138696
96.737855
96.170927
96.488073
96.431730
96.846606
96.859561
97.030163
96.825653
96.485393
96.104035
96.377375
96.089932
96.809877
96.502767
96.121040
96.716004
96.857156
96.772086
96.954407
96.663068
96.708734
95.909610
96.337300
96.023622
96.275029
96.406838
96.439637
96.264907
96.497614
96.456959
96.749366
96.568857
96.588414
96.476084
96.858110
96.789879
96.973548
96.924392
96.951061
96.630469
96.954527
96.987069
97.226269
96.597341
96.306520
96.504014
95.876554
95.847270
95.904424
92.319928
92.374854
92.701525
92.831372
92.807876
92.498658
92.698769
92.598725
92.769942
92.799108
92.825166
92.723120
92.762951
92.842709
92.822977
93.223184
93.334822
93.496514
93.276054
93.221526
92.570207
93.617067
93.585786
93.555999
93.574421
92.686483
94.442283
93.960289
93.694079
93.072959
92.990391
92.981628
92.616811
93.157154
93.186959
93.204998
93.409041
93.457815
93.526165
93.656360
93.712737
93.753568
93.662759
93.794843
93.917180
93.965367
94.012743
94.176003
93.952335
94.036559
94.052912
94.174054
94.118462
94.565726
94.160580
94.158684
94.178250
94.227022
94.189286
94.573493
94.174453
94.339444
94.188795
94.194150
94.163270
94.545511
94.297855
94.504723
94.142365
94.180433
94.358081
94.629977
94.298262
94.419481
94.014177
94.420845
94.315776
94.680768
94.184451
94.266261
93.591662
94.191701
94.149454
94.148666
94.232173
93.362417
94.308710
93.835278
93.554155
93.024084
92.816530
92.865070
92.413264
93.014248
92.989955
93.020005
93.259230
93.369130
93.401624
93.577343
93.557459
93.636910
93.647358
93.617005
93.730915
93.843670
93.850256
94.101372
93.835177
93.888255
93.934789
94.044750
93.967637
94.465595
94.031926
94.081800
94.062787
94.170144
94.056374
94.529443
94.045616
94.175982
94.018142
94.111635
94.077546
94.519092
94.161687
94.445425
94.087179
94.114096
94.350092
94.568239
94.237673
94.349730
93.998363
94.368204
94.462154
94.574207
94.070378
94.103894
93.387103
94.093654
94.045143
94.016175
94.011343
93.313663
94.238619
93.756182
93.582464
92.917362
92.845939
92.805047
92.348066
92.911754
92.936814
92.849286
93.197132
93.208337
93.288586
93.441695
93.413913
93.430510
93.474220
93.466184
93.565393
93.724274
93.665664
93.823751
93.741994
93.783207
93.785364
93.953108
93.894374
94.396987
93.972688
93.966324
94.014402
94.077895
94.051032
94.432500
93.971388
94.188634
93.979009
94.010268
93.997669
94.381477
94.159902
94.361885
94.003159
94.059540
94.256152
94.525384
94.329416
94.359655
93.950520
94.153759
94.135367
94.549575
93.954542
93.992073
93.376333
94.304120
94.316450
94.090008
93.887806
93.339591
94.340119
93.743548
93.518278
92.947682
92.801939
92.738635
92.353539
92.939576
92.979932
92.918022
93.191926
93.238249
93.354442
93.441223
93.468761
93.476613
93.489261
93.481439
93.664131
93.749432
93.736920
93.854757
93.789697
93.778507
93.894507
93.918843
93.907233
94.423031
93.999008
94.103281
94.081926
94.073493
94.076859
94.436216
94.020897
94.271173
94.068430
94.085307
94.093512
94.490551
94.222247
94.396766
94.098715
94.120020
94.381934
94.529717
94.247801
94.494099
94.013011
94.377405
94.187944
94.621964
94.019392
94.082066
93.456379
94.364736
94.038057
94.332072
94.037562
93.442012
94.442245
93.848087
93.624299
93.061506
92.927409
92.865517
92.591700
93.009055
93.030079
93.005856
93.257297
93.257003
93.428948
93.523045
93.552028
93.516432
93.586630
93.618937
93.736363
93.824013
93.823437
93.988902
93.866118
93.961489
94.002256
94.073238
94.033141
94.461812
94.066980
94.317736
94.187243
94.145854
94.106483
94.502943
94.161085
94.339774
94.342057
94.168097
94.193551
94.523376
94.371541
94.446047
94.329422
94.212485
94.554651
94.612344
94.606523
94.685403
94.314125
94.326836
94.297529
94.763682
94.150852
94.147343
93.723810
94.459552
94.437630
94.092862
94.497539
93.681115
94.534480
93.992493
93.875138
93.309101
93.122888
93.036757
92.816426
93.106668
93.063201
93.090537
93.134365
93.165408
92.955116
93.113960
93.098008
95.786052
95.263354
95.265630
95.390966
95.660963
95.650221
96.507422
95.908702
95.922722
96.083037
96.031586
96.031736
96.324461
96.142981
96.089862
96.324777
96.095959
96.082629
96.441388
96.142556
96.217223
96.405545
96.214249
96.226339
96.467227
96.204341
96.207070
96.394357
96.252651
96.245024
96.480739
96.172877
96.280785
96.344400
96.121126
96.421277
96.778776
96.293012
96.205988
95.945736
96.199312
96.179657
96.190262
95.981164
95.955399
96.281392
95.941230
95.822111
95.791641
95.372000
95.287598
95.261486
95.569505
95.512468
95.548019
95.856289
95.971292
96.127739
96.075759
96.131703
96.648078
96.129530
96.215837
96.316184
96.283013
96.202912
96.998835
96.288205
96.457379
96.496849
96.299947
96.302498
96.790968
96.268197
96.317822
96.461708
96.357643
96.298371
96.539281
96.277079
96.264606
96.462913
96.326056
96.234878
96.832835
96.289964
96.297522
96.453859
96.363629
96.281096
96.844878
96.161032
96.239118
96.266551
96.224038
96.189315
97.081914
95.988562
95.946428
95.929528
96.357096
96.292222
96.299233
96.247587
95.927077
96.528934
96.178727
96.021114
96.243598
95.532594
95.535906
95.543101
95.715427
95.680880
95.733455
95.903036
95.950336
96.136143
96.028271
96.031190
96.394557
96.066265
96.080302
96.321202
96.318500
96.307365
97.014527
96.446441
96.436423
96.542059
96.224093
96.226539
96.521514
96.214354
96.245412
96.397274
96.256931
96.242289
96.546023
96.261211
96.314332
96.411440
96.235265
96.229511
96.804606
96.238889
96.305644
96.476415
96.410289
96.375463
97.025809
96.164851
96.211489
96.378676
96.163766
96.160227
96.461354
95.968128
95.901927
95.899830
96.357030
96.261107
96.296183
96.319517
95.891044
96.507994
96.143927
96.077844
96.235655
95.539605
95.534957
95.556976
95.852928
95.761151
95.795049
96.059926
96.060386
96.282951
96.205090
96.164359
96.746560
96.255021
96.258770
96.436380
96.292513
96.314802
96.775172
96.417965
96.440056
96.491849
96.282517
96.230534
96.764601
96.242017
96.252511
96.556858
96.261676
96.364288
96.560318
96.359281
96.308268
96.382084
96.235239
96.286685
96.611030
96.210622
96.194130
96.300954
96.257734
96.182435
96.572839
96.159867
96.206370
96.320568
96.246296
96.227563
96.833878
96.089214
96.069566
95.888591
96.298777
96.347184
96.375120
96.239075
95.904385
96.352502
96.195488
96.048510
95.959548
95.533855
95.522194
95.536906
95.637259
95.694254
95.700916
95.871653
95.916592
96.030677
96.008981
96.014964
96.353483
96.140499
96.142136
96.351106
96.415418
96.445648
97.203864
96.397973
96.443640
96.441062
96.280735
96.272594
96.711986
96.228139
96.275873
96.412144
96.301065
96.261880
96.454894
96.099645
96.132004
96.251739
96.141517
96.192105
96.457767
96.166224
96.153934
96.303963
96.379017
96.363021
97.063084
96.259878
96.243090
96.360973
96.220140
96.283785
96.781027
96.072654
96.155565
95.954904
96.403560
96.312650
96.334455
96.325738
95.992313
96.435103
96.045982
95.969289
95.946505
95.481371
95.461090
95.437566
95.698365
95.679713
95.589590
95.971696
95.888211
96.054140
96.152476
96.069670
96.413469
96.136646
96.130538
96.234835
96.305985
96.342839
96.924944
96.341978
96.374780
96.448396
96.220821
96.246298
96.752696
96.238511
96.209380
96.407892
96.294042
96.214072
96.766310
96.304314
96.268177
96.447742
96.256046
96.244220
96.819649
96.300417
96.274578
96.461006
96.259423
96.292885
96.775634
96.140042
96.232900
96.385424
96.162131
96.212115
96.714505
95.974730
95.993935
95.826979
96.238567
96.244437
95.964319
96.255323
95.868057
96.507883
96.117859
96.041766
95.889872
95.455463
95.472845
95.496898
95.622111
95.668345
95.633928
95.857293
95.903997
96.055932
95.964700
96.025854
96.299352
96.039195
96.052412
96.278164
96.277741
96.303298
96.967516
96.391722
96.402695
96.420368
96.206629
96.243345
96.714060
96.091977
96.152387
96.400048
96.225990
96.265548
96.712900
96.266962
96.222611
96.409129
96.225075
96.266077
96.787469
96.261204
96.295668
96.436238
96.350052
96.280800
96.787011
96.145915
96.321520
96.370607
96.298377
96.246879
97.010448
96.032499
96.080023
95.944008
95.977006
96.053720
96.057465
96.251071
95.982113
96.592679
96.261490
96.165409
96.236299
95.621998
95.618051
95.544031
95.779415
95.778325
95.762479
96.011397
96.036558
96.268083
96.191756
96.186725
96.750436
96.237684
96.247904
96.414669
96.297868
96.335857
96.758127
96.328088
96.261572
96.433051
96.334053
96.283224
96.784353
96.312467
96.293316
96.438430
96.285175
96.267589
96.539106
96.278084
96.299790
96.345253
96.284916
96.235602
96.793616
96.301429
96.368476
96.420499
96.304436
96.257049
96.842161
96.258444
96.230327
96.332915
96.225711
96.193363
96.746608
95.928223
96.001278
95.888607
95.936034
95.933191
95.885301
95.881973
95.793390
96.591187
96.402098
96.252829
96.583269
95.802795
95.764314
95.646650
95.815408
95.874336
95.868227
96.081405
96.097150
96.283877
96.218119
96.261691
96.689159
96.278761
96.255543
96.423085
96.268952
96.345949
96.745720
96.242869
96.279443
96.356967
96.250363
96.242960
96.522374
96.324557
96.238785
96.392135
96.189924
96.184946
96.544545
96.278157
96.268502
96.377755
96.255907
96.166364
96.773255
96.154756
96.155192
96.339158
96.305368
96.266322
96.739356
96.177945
96.148797
96.197192
96.107426
96.086426
96.425181
95.838632
95.792698
95.581652
95.714795
95.701833
95.700882
95.678927
95.579857
96.645744
96.404790
96.214233
96.547745
95.717112
95.706185
95.389414
95.799121
95.742253
95.804236
96.063607
96.045424
96.229716
96.158065
96.195479
96.709906
96.247559
96.304137
96.412320
96.215512
96.350000
96.742857
96.284946
96.303238
96.441268
96.290402
96.297857
96.752790
96.296496
96.297703
96.387217
96.148315
96.147645
96.267116
96.183152
96.112669
96.312176
96.262847
96.236386
96.725109
96.148372
96.147600
96.321639
96.177629
96.139033
96.509367
96.021445
96.004688
96.088639
96.007274
95.959124
96.472244
95.798090
95.850363
95.665315
95.833588
95.877824
95.888315
95.915659
95.670592
96.526483
96.206101
96.131515
96.185824
95.495309
95.451353
95.395005
95.763977
95.727493
95.737717
95.984019
96.022274
96.237983
96.150066
96.224336
96.687216
96.253380
96.233986
96.367090
96.303134
96.272448
96.765756
96.301838
96.268649
96.468482
96.323933
96.288623
96.758584
96.251222
96.260906
96.396930
96.146919
96.150382
96.495133
96.141027
96.222563
96.321315
96.195375
96.193078
96.745419
96.219607
96.187344
96.333644
96.274667
96.229271
96.754250
96.079720
96.088966
96.211742
96.069204
96.068926
96.380677
95.868096
95.783436
95.592482
95.790250
95.711487
95.661274
95.837693
95.562063
96.545999
96.304850
96.254030
96.519749
95.666922
95.986809
95.590161
95.878551
95.879938
95.868991
96.177570
96.153220
96.027185
96.047223
96.001889
96.306567
96.035415
96.065517
96.133297
96.286813
96.306258
97.006454
96.314429
96.431399
96.311374
96.236772
96.258603
96.497391
96.475427
96.464836
96.142016
96.062251
96.100192
96.662424
96.225938
96.219171
96.405694
96.262812
96.170097
96.394051
96.116665
96.078240
96.268128
96.149069
96.118684
96.420709
95.914170
95.997130
96.011210
96.018974
95.974553
96.431058
95.902866
95.869582
95.667031
96.144778
96.116155
96.143370
96.134079
95.754518
96.511141
96.282992
96.153825
96.276923
95.621612
95.579875
95.458296
95.716904
95.634529
95.653505
95.859799
95.842828
96.084762
95.935402
96.026750
96.365984
96.138612
96.076568
96.259786
96.315386
96.331707
96.990864
96.315685
96.244667
96.347137
96.159135
96.229874
96.383829
96.162139
96.133020
96.273147
96.199582
96.252255
96.811660
96.214274
96.293231
96.529998
96.318050
96.301419
96.515715
96.148565
96.276525
96.345959
96.329688
96.220868
96.721351
96.130772
96.156461
96.247212
96.107095
96.099631
96.444296
95.838022
95.961241
95.585636
95.809619
95.826295
95.754906
95.809029
95.680922
96.586087
96.356646
96.285940
96.568334
95.753170
95.730795
95.516317
95.730108
95.712591
95.777241
95.962833
96.041175
96.094902
96.092950
96.157189
96.671502
96.212983
96.112025
96.111233
96.271489
96.212760
96.717238
96.269220
96.241167
96.397627
96.269130
96.253493
96.699914
96.240128
96.237223
96.276237
96.156851
96.169978
96.463295
96.134382
96.265903
96.355105
96.289449
96.202397
96.836833
96.110248
96.164779
96.331302
96.266077
96.180166
96.405565
96.020586
96.090793
96.195846
96.126155
96.082177
96.686612
95.983906
95.809303
95.691289
95.836640
95.714003
95.732274
95.734327
95.544605
96.616439
96.405758
96.275312
96.592940
95.656450
95.612771
95.554855
95.834298
95.872341
95.794332
96.042384
96.110130
96.249856
96.109159
96.095068
96.608091
96.162116
96.187413
96.213435
96.143378
96.183535
96.331059
96.179206
96.229345
96.266481
96.133453
96.194678
96.396234
96.178143
96.123972
96.209093
96.189383
96.131687
96.442176
96.080965
96.194906
96.189858
96.189056
96.068216
96.669987
96.095646
96.096335
96.204080
96.107094
96.166496
96.437252
96.042902
96.019026
96.120714
96.028854
95.896891
96.354564
95.757626
95.799309
95.560820
95.804346
95.748191
95.710878
95.671452
95.578972
96.576859
96.424350
96.255377
96.539957
95.773977
95.723135
95.449451
95.714915
95.742059
95.668754
95.905965
95.943205
96.064084
96.076943
96.031837
96.357352
96.063344
96.102975
96.262890
96.280471
96.226357
96.744540
96.294686
96.317610
96.381714
96.362720
96.340241
96.812165
96.290554
96.278642
96.315319
96.263482
96.199455
96.530408
96.350899
96.291430
96.292280
96.181486
96.240885
96.821168
96.171393
96.258180
96.208573
96.187326
96.227115
96.857300
96.182114
96.161205
96.189477
96.239026
96.259297
96.817098
96.033288
95.986804
95.683044
95.912841
95.994155
95.891140
95.931591
95.765657
96.608258
96.275235
96.170448
96.321737
95.715884
95.753140
95.542612
95.881076
95.907832
95.939317
96.169801
96.147347
96.382789
96.327947
96.339584
96.858616
96.272757
96.361116
96.397306
96.253438
96.200644
96.734187
96.335159
96.367219
96.390826
96.229295
96.289938
96.798150
96.233100
96.329378
96.488733
96.258635
96.209509
96.530960
96.212566
96.279096
96.277966
96.232615
96.182705
96.553261
96.168330
96.189436
96.215438
96.233786
96.163985
96.507010
96.210408
96.281443
96.112579
96.270233
96.091734
96.810065
95.963816
95.991967
95.676698
95.973935
96.003677
95.848117
95.921743
95.498308
96.548174
96.262497
96.088968
96.241684
95.580280
95.562082
95.240312
95.723061
95.691309
95.662993
95.855180
95.847284
96.038778
96.106572
96.174109
96.569425
96.149793
96.025746
95.978469
96.037080
96.009339
96.381372
96.175120
96.219439
96.036549
95.997371
95.948681
96.618553
95.925409
96.119164
95.923532
95.987253
95.833924
96.154266
95.879579
95.923956
95.866312
95.893659
95.924589
96.216261
95.851187
95.863213
95.833003
95.921883
95.784435
96.137363
95.747754
95.828202
95.604160
95.741888
95.615762
96.333599
95.214506
95.371828
94.867858
95.310535
95.234691
95.175569
95.159267
94.585999
95.835627
95.535998
95.366084
95.298462
94.924412
94.845263
94.387797
94.943525
94.965771
94.956159
95.197684
95.312580
95.320962
95.636582
95.565141
96.207212
95.647233
95.721165
95.508298
95.468017
95.561955
95.888174
95.587115
95.620594
95.495198
95.764513
95.715450
96.326315
95.620185
95.453222
95.515181
95.655112
95.564071
95.677120
95.517422
95.562585
95.420792
95.579672
95.605619
96.027468
95.646495
95.623268
95.402255
95.688689
95.631475
96.023884
95.604035
95.599674
95.353621
95.578388
95.552160
96.010498
95.414459
95.433349
94.994503
95.800429
95.726327
95.775851
95.835146
95.078992
95.853581
95.555245
95.332159
95.393342
94.880606
94.868830
94.552168
95.023929
95.005621
94.949231
95.224757
95.272042
95.377061
95.480350
95.405560
95.835686
95.514607
95.593537
95.517935
95.656908
95.853909
96.590468
95.758525
95.791822
95.707784
95.676603
95.656124
95.959789
95.607406
95.779942
95.596818
95.618671
95.615713
96.292972
95.425506
95.624887
95.533878
95.615785
95.491182
95.955082
95.555468
95.557443
95.477375
95.551076
95.474415
95.874643
95.414641
95.455085
95.230417
95.445254
95.365433
95.908666
95.270556
95.315127
94.782962
95.487738
95.562186
95.323273
95.572353
94.844169
95.757146
95.431224
95.238587
95.285783
94.795716
94.763033
94.266937
94.907740
94.899494
94.892596
95.057113
95.099606
95.127341
95.373599
95.372224
95.816994
95.386569
95.436768
95.402222
95.587864
95.578463
96.212317
95.665099
95.686298
95.578320
95.595439
95.528344
95.858121
95.528285
95.609413
95.470724
95.708816
95.460982
96.197944
95.446742
95.536941
95.309963
95.646535
95.472129
95.907333
95.448439
95.414875
95.260994
95.494546
95.375386
95.907417
95.384719
95.430645
95.321660
95.511978
95.493647
96.209090
95.387627
95.331762
94.785636
95.346232
95.230622
95.323628
95.447750
94.791098
95.703274
95.303766
95.221589
95.130939
94.644560
94.636154
94.150975
94.751464
94.851878
94.744342
95.047007
95.077565
95.095439
95.342042
95.303304
95.773775
95.404239
95.405463
95.314330
95.653045
95.685558
96.273906
95.743915
95.662976
95.584546
95.669225
95.655306
96.002234
95.635133
95.628667
95.270921
95.514035
95.502338
95.863162
95.465356
95.477213
95.213890
95.473223
95.396519
95.757437
95.387873
95.415731
95.141908
95.433566
95.329822
95.755467
95.278825
95.216020
94.841412
95.296407
95.234136
95.666749
95.056408
95.152545
94.422037
95.293571
95.352979
95.233796
95.384737
94.445173
95.327764
94.997690
94.744625
95.028364
94.442166
94.441625
93.837822
94.723749
94.652281
94.536112
94.829133
94.887216
94.838641
95.200857
95.162324
95.504728
95.213244
95.174642
95.000135
95.426404
95.413542
96.003168
95.212376
95.261126
95.048564
95.296777
95.279902
95.626702
95.270757
95.226176
94.921018
95.302375
95.210775
95.694333
95.273324
95.304728
95.078284
95.318128
95.292870
95.688538
95.270912
95.438401
94.965484
95.306845
95.310130
96.101617
94.985416
95.213307
94.809934
95.466993
86.841864
86.704889
86.602437
87.051982
84.868998
87.481638
87.637219
87.517481
87.826146
88.275687
