94.655775
96.985044
96.799458
97.888451
96.225847
95.899744
94.212179
94.908235
94.780702
95.163276
95.385425
95.534738
94.304178
95.478105
95.340394
96.216821
95.380540
95.537641
94.433763
95.526218
95.374462
96.231061
95.410834
95.530843
94.507735
95.565180
95.404073
96.243561
95.399275
95.548275
94.166392
94.955242
95.372920
95.751723
95.317575
95.445190
94.226595
94.958369
94.779137
95.645921
94.798557
95.464322
94.089706
95.458059
95.219246
96.117646
94.779532
94.877404
93.928679
95.426715
95.235268
96.080254
95.214841
94.727403
92.903968
95.229136
95.128548
95.070540
94.726001
92.947210
94.611837
94.983019
94.748712
95.972307
94.581858
94.685340
93.129009
95.186255
95.147531
95.035652
95.171703
95.447236
94.240946
94.917222
94.705041
96.104042
95.340974
95.494987
94.277627
94.905847
94.756568
96.102217
94.875346
95.082572
94.386271
95.010319
95.358419
96.140966
95.379450
95.506662
94.369479
95.014325
94.833595
96.173329
94.862355
94.983798
94.316838
95.061124
94.897861
96.145033
94.787911
95.035772
94.363107
95.019822
94.911644
96.192879
94.913370
95.077070
94.487728
95.540480
94.892718
96.541636
94.787501
94.850949
93.769464
94.886449
94.821431
95.783859
94.912300
93.852201
94.659821
95.510261
94.863674
96.530428
94.724854
94.837602
93.689557
94.849524
94.742143
95.209913
94.975866
95.595340
94.720829
95.635714
94.975978
96.590425
95.064529
95.204838
94.808921
95.179878
95.139766
96.248874
95.039298
95.270312
94.785631
95.221071
95.125353
96.720817
95.134490
95.319503
94.892207
95.171345
95.095918
96.723804
95.238963
95.329323
94.954252
95.351831
95.213389
96.734480
95.169181
95.354095
95.133410
95.380381
95.212259
96.387340
95.216776
95.328453
94.944453
95.323204
95.107171
96.734090
95.075861
95.155877
94.178528
95.094901
95.026774
95.897602
95.122078
94.300802
94.939436
95.174270
95.524442
96.659611
95.021400
95.049900
94.016405
95.596168
95.006220
95.808668
95.653794
95.357067
95.063856
95.400594
95.290378
96.396214
95.295062
95.475317
94.953976
95.353961
95.207642
96.375443
95.639708
95.763205
94.888986
95.427413
95.251608
96.727136
95.224650
95.425694
95.085642
95.362842
95.309173
96.433126
95.309500
95.437589
95.152972
95.383543
95.273512
96.801222
95.328847
95.430809
95.063472
95.398599
95.302331
96.787441
95.289710
95.394857
95.074833
95.422926
95.313583
96.825658
95.164687
95.173786
94.219932
95.160439
95.129102
95.995234
95.180969
94.239103
95.033223
95.635261
95.516333
96.714579
95.512607
95.639521
94.134052
95.039512
95.468338
95.442857
95.154445
95.872895
95.110976
95.425265
95.724055
96.447762
95.808620
95.836363
94.962780
95.349848
95.218059
96.409250
95.377106
95.403189
95.003488
95.275515
95.187113
96.776400
95.760961
95.857627
95.072071
95.420760
95.269613
96.403318
95.421606
95.507708
95.158373
95.406855
95.312460
96.767033
95.249627
95.382404
95.098935
95.410883
95.256693
96.766026
95.311089
95.428158
95.120716
95.379285
95.270679
96.816229
95.309381
95.304921
94.650948
95.760204
95.735904
96.149663
95.391139
94.664273
95.120981
95.711771
95.631649
96.794492
95.631530
95.675316
94.356978
95.285173
95.199579
95.769790
95.890818
95.558531
95.394090
95.940448
95.354044
96.476729
95.436823
95.517035
95.226891
95.897906
96.391683
96.495074
95.854877
95.682429
95.120844
95.912327
95.907940
97.062509
96.116092
95.750803
95.271506
95.429498
95.453237
96.540903
95.459481
95.576212
95.221840
95.558333
95.473539
96.931661
95.603247
95.757852
95.534746
95.873187
95.429670
96.872592
95.372722
95.870570
95.335470
95.898519
95.696571
96.826982
95.297216
95.311981
94.626710
95.304973
95.298100
96.054824
95.787501
94.543429
95.408125
95.863542
95.789972
96.812995
95.747300
95.749827
94.599758
95.686401
95.707617
95.595499
96.223116
96.365408
95.343620
95.828735
95.738439
96.460461
95.843261
96.259587
95.398298
95.540860
95.438967
96.473954
95.524047
95.917756
95.414925
95.908456
95.838575
96.854546
95.901949
95.546931
95.428365
95.594596
95.490487
96.552073
95.506324
95.599871
95.465985
95.566182
95.452713
96.891866
95.505899
95.649030
95.422554
95.558541
95.801713
96.877611
95.477607
95.590454
95.391020
95.942428
95.824489
97.215779
95.856166
95.495666
95.004140
95.503324
95.792635
96.291757
95.367299
94.615950
95.456554
95.811725
95.279931
96.656858
95.731966
95.341610
94.562231
95.685770
95.196681
96.024373
95.901549
96.008854
95.501763
95.964981
95.908093
96.772739
96.058383
96.143766
95.683857
96.110686
95.996308
96.798995
95.997767
96.077185
95.749254
96.132802
96.009373
96.871084
96.080985
96.182099
95.830821
95.811439
95.750433
96.959358
95.823962
96.248928
95.871274
96.263556
96.113566
96.951625
96.304128
96.245484
95.821268
95.777832
96.119695
96.911989
95.687847
96.158713
95.819305
96.103683
96.084045
96.906896
96.042821
96.145432
95.404802
96.192993
95.945947
96.412840
96.029309
95.297433
95.799371
96.185487
96.045899
96.881582
96.025185
96.140690
95.190517
96.158190
96.044829
96.322267
96.131025
96.256744
95.891932
96.398849
96.295045
97.408777
96.306014
96.410348
96.011267
96.335236
96.228731
97.024872
96.299237
96.362605
95.867308
96.211720
95.678219
96.956067
96.233300
96.305101
96.033948
96.350323
96.355006
97.136224
96.346735
96.421016
96.025487
96.351233
96.270219
97.132682
96.416227
96.521828
96.104115
96.099041
95.923348
97.136617
95.942945
96.024083
96.093646
96.552960
96.388660
97.577776
96.417426
96.501834
95.672846
96.546134
96.420032
96.839531
96.347704
95.582176
96.090149
96.467462
96.400080
97.256109
96.307600
96.419512
95.756480
96.439073
96.399461
96.729152
96.512791
96.651700
96.326438
96.989315
96.930109
97.361942
96.576980
96.620213
96.332410
96.617311
96.556430
97.374978
96.990768
96.676309
96.215641
96.616059
96.483306
97.600632
96.595851
96.668370
96.142737
96.698008
96.508246
97.277307
96.532682
96.592398
96.378352
96.470251
96.232279
97.161602
96.338469
96.518942
96.202767
96.401662
96.462215
97.309949
96.552853
96.580570
96.290422
96.535565
96.412242
97.181763
96.406615
96.432730
95.549912
96.308136
96.187356
97.296107
96.613342
95.392310
96.051549
96.273869
96.242283
97.424308
96.265067
96.346052
95.403495
96.264018
96.194279
96.583442
96.285512
96.362880
96.043086
96.812386
96.711467
97.095333
96.424632
96.544468
96.097635
96.344959
96.310028
97.039629
96.465511
96.458022
95.974601
96.458906
96.398749
97.444774
96.421993
96.419848
96.213177
96.441203
96.420181
97.095672
96.371926
96.490688
95.980254
96.242463
96.243583
97.044544
96.292058
96.460539
96.128581
96.403277
96.243516
96.964835
96.186474
96.322720
95.922611
96.214173
96.177926
97.264027
96.231588
96.220615
95.493923
96.158460
96.182833
96.869257
96.133308
95.373837
95.650415
95.911065
95.756462
96.958430
95.773285
96.228751
94.969575
96.215775
95.846609
96.516699
95.837132
96.025963
95.842899
96.338951
96.254241
96.611395
96.153931
95.964153
95.651627
96.018663
95.916107
96.613984
95.778948
95.969947
95.466074
95.956693
95.815745
96.593141
95.755765
96.239753
95.451690
95.766831
95.633820
96.764947
95.671306
95.719276
95.447268
95.682271
95.481074
96.693459
95.518370
95.574582
95.190841
95.683879
95.563662
96.718140
95.493155
95.592777
95.175320
95.520484
95.445460
96.615486
95.472724
95.483771
94.582810
95.551162
95.420542
96.195940
95.584934
94.714171
95.121738
95.517988
95.406964
96.621755
95.943352
96.018650
94.706242
96.083453
95.652562
96.410037
95.912194
95.933189
95.537263
96.167522
96.163049
96.575861
96.163577
95.919112
95.456351
95.838529
95.855688
96.610827
95.859119
95.979918
95.501044
95.934008
95.731577
96.928743
95.780924
96.326586
95.415364
96.141247
95.586896
96.883769
95.735232
95.910447
95.576339
95.894276
96.242078
97.004681
96.269444
96.364839
95.321718
95.819746
95.767293
96.905398
95.330204
96.033276
95.179738
95.731404
96.061352
96.956289
96.057334
95.729535
94.788876
95.663301
95.402740
96.156998
95.379212
94.645609
95.138745
95.892203
95.745320
96.563703
95.627097
95.802715
94.702644
95.460502
95.358304
96.127774
95.279439
95.443411
95.073849
95.814550
96.023230
96.933961
95.929186
95.557465
95.335969
95.494478
95.461604
96.625143
95.461204
95.603733
95.202162
95.921224
95.922343
96.659960
95.934736
95.663432
95.495942
95.519193
95.423968
96.161525
95.142220
95.744512
94.931243
95.941971
95.672236
96.421024
95.590035
95.231558
95.072706
95.333472
95.396600
96.439197
95.218664
95.350301
94.959271
95.688648
95.582308
96.388737
95.569797
95.737087
94.788091
95.709386
95.692749
96.058829
95.798496
94.912798
95.160202
95.964947
95.965269
96.621714
95.766014
95.960773
94.803625
95.979562
95.894548
96.143233
95.886898
96.020875
95.470836
95.967189
95.880580
96.462065
95.682839
95.773381
95.240890
95.671524
95.575145
96.351810
95.489666
95.570210
94.991573
95.371097
95.310439
96.179770
95.386348
95.614210
94.913900
95.579427
95.422047
96.400319
95.819269
96.106306
95.607389
95.801436
95.731084
96.910241
96.285288
96.473608
96.041778
96.395520
95.811795
96.749969
95.645172
96.199292
95.744434
96.084759
95.963755
96.765944
95.577019
95.797151
94.942303
95.687091
95.551016
96.357640
95.564179
94.819911
95.101939
95.522229
95.420282
96.388312
95.222799
95.262586
94.384170
95.654731
95.732380
96.217507
95.620602
95.921972
95.461797
96.070081
96.403400
96.649871
96.277898
96.301835
95.488945
95.920060
95.406608
96.632048
95.506123
96.042172
95.472835
96.374747
96.317298
96.594392
96.511636
96.369155
95.924287
95.909366
95.715053
96.746351
96.240794
96.285479
95.975417
96.251678
96.258049
96.979027
96.206832
96.360302
95.987712
96.261059
96.211243
96.997743
96.181125
96.234164
95.926208
96.180790
96.044876
96.578211
96.000386
96.247205
95.636159
96.170114
95.960849
96.566573
96.241670
95.316346
95.778770
96.561695
96.125015
97.283468
96.194824
96.347871
95.756653
96.646845
96.660473
96.924499
96.805310
96.512989
96.250950
96.442002
96.410960
97.028290
96.508579
96.646283
96.266567
96.954391
96.955244
97.356913
97.020126
96.759258
96.484528
96.668222
96.257372
97.091356
96.632831
96.726439
96.417872
96.683706
96.637780
97.063097
96.480803
96.979477
96.509021
96.576736
96.494621
97.200433
96.479112
96.592464
96.420884
96.587626
96.415848
96.921738
96.355814
96.527905
96.055014
96.599646
96.476064
96.865871
97.300919
97.131386
95.504406
96.178144
96.125645
96.907376
96.618076
95.840617
96.346408
97.000497
96.487763
96.859317
95.913430
96.015063
95.300191
95.845084
96.582485
96.185612
96.059128
96.033734
95.240249
96.020903
96.252267
97.460376
96.141737
95.576453
95.137141
95.365099
95.305818
95.861190
95.674609
95.695902
94.864873
95.728120
95.259081
96.192043
95.282994
95.405107
94.888015
95.353280
95.617663
95.878780
96.005616
95.825958
95.065787
95.472061
94.977174
96.205772
95.713044
95.680580
94.203134
95.049871
95.053014
96.345547
95.264000
95.197543
95.463200
96.358204
96.069982
97.145705
96.310457
95.782247
94.843564
95.832564
96.615300
96.218151
95.840611
95.051689
96.096435
95.840788
95.891627
97.056875
95.984659
95.898440
94.850738
95.935347
95.854311
95.830660
95.939746
95.955776
96.072278
96.531486
96.431006
97.415664
96.509128
96.590529
96.663965
96.101360
95.982468
96.985947
95.794038
96.202594
96.337457
96.076711
96.506572
96.764531
96.454670
96.410562
96.059568
95.696081
95.740127
97.072990
95.712218
96.006948
95.970423
95.976424
95.937523
96.989047
95.991350
95.996323
95.978927
96.397646
96.412742
97.361198
96.814076
96.717162
95.973250
96.025177
95.961918
97.356186
95.491485
96.154699
95.080446
96.292354
96.305865
96.275097
96.258916
95.197820
96.059719
95.613474
95.692982
96.860211
95.188898
95.645119
94.686806
95.706047
95.722552
95.717916
95.919396
95.850273
95.906665
95.871517
95.884407
96.991706
95.946773
95.951228
96.038751
96.390092
96.365676
97.337650
96.408925
96.401675
96.132579
96.479730
95.943103
97.664752
96.044921
96.016396
96.133084
96.009639
96.390175
97.034481
96.435146
96.432830
96.117378
95.937474
95.663441
97.019750
95.952109
95.935490
96.015141
95.995844
96.388665
97.034292
96.405451
96.387666
95.851601
95.912605
95.960928
97.325236
95.928491
95.874355
95.180956
96.272620
96.284123
96.206788
96.293312
95.095903
96.125911
95.867101
95.864337
97.209070
95.756697
95.692230
94.861660
96.195344
96.224698
96.161349
96.352484
95.975863
95.949695
96.396576
96.413812
97.049780
96.514102
96.503305
96.136659
96.082522
96.258712
97.221785
96.195588
97.297880
95.969570
96.389288
96.441033
97.055160
96.549977
96.401061
96.391262
96.123179
96.180940
97.292267
96.103875
96.166736
96.267316
96.259892
96.283708
97.318828
96.259849
96.213280
96.249127
96.564499
96.475188
97.383596
96.792505
96.730968
95.935754
95.993012
95.934494
97.041373
95.889644
96.324580
95.210330
96.348620
96.318137
96.307405
96.291153
95.160200
96.102414
95.868898
95.769603
97.161878
95.680715
96.215252
95.090478
96.042088
95.817363
95.797630
96.366443
96.441543
95.921217
96.404833
96.335541
97.309783
95.997478
96.427938
96.019068
95.985062
96.041030
97.141972
96.824960
96.503969
96.142930
96.675061
96.253718
98.151459
96.552797
96.588103
96.100872
95.958091
95.985308
97.017386
96.051405
96.320847
96.191365
96.235028
96.143958
97.183907
96.161625
96.065096
95.970725
96.448572
96.486367
97.407057
96.484305
96.059370
95.960497
96.058205
96.104567
97.447894
96.222962
95.910588
95.196067
96.259496
96.728589
97.144055
96.050321
95.109520
96.059029
95.811888
95.783124
97.202730
95.684928
95.685954
94.838460
96.220716
96.201933
96.174270
96.443186
95.972678
95.983284
96.388645
96.360784
96.995126
96.403038
96.381845
96.111562
96.475097
96.102837
97.032985
96.033062
96.567960
96.132289
96.123326
96.666928
97.353041
96.034490
96.015741
96.112840
95.968231
95.977462
97.004758
96.005397
96.011288
95.987691
95.961612
95.991574
97.051686
95.998354
95.985335
95.974267
96.387043
96.354905
97.338328
96.425197
96.387644
95.962864
95.958103
95.859196
97.304493
95.883520
95.842679
95.231689
96.307256
96.258282
96.265724
96.270669
95.086533
96.135693
96.241057
96.243799
97.195807
96.070414
96.112157
94.921471
96.161964
96.147451
96.146814
95.870297
95.908576
95.829733
96.339370
96.261945
97.373707
96.375165
96.379082
95.604608
96.383290
96.541107
96.898910
96.604435
97.351483
95.978631
96.693254
96.630937
97.358853
97.184162
97.043055
96.563212
97.140911
96.930710
97.471120
96.651206
96.973822
96.637066
96.884609
97.155790
97.191528
97.181494
96.988716
96.637419
96.974590
97.162557
97.514197
96.940166
96.868427
96.491043
97.016709
97.075494
97.526596
96.911619
96.907770
96.467169
97.156351
97.114022
97.317858
97.093236
96.343992
96.508613
96.903841
96.764363
97.309311
96.780088
96.756286
96.314297
97.028172
96.991905
97.129377
97.052872
97.106809
96.634384
97.182174
96.779056
97.156022
96.760982
96.819555
96.566664
96.803477
97.065771
97.139608
96.926167
97.135512
96.458011
96.977953
96.962945
97.176794
97.856065
96.867871
96.631565
96.808805
96.781302
97.280589
97.421612
97.567662
97.033724
97.209076
96.881233
97.379209
96.565368
96.966928
96.714687
97.233656
97.394754
97.414997
97.074454
97.135065
96.754707
96.849010
96.711409
97.714950
97.369388
96.795237
96.369972
96.840069
96.780515
97.240556
97.122323
96.361890
96.575095
97.138347
96.913875
97.339165
96.927779
96.873955
96.490400
97.116312
96.990187
97.165758
97.722113
97.002967
96.533788
96.798149
96.518373
97.108040
96.844032
97.032073
96.518927
97.071692
96.861443
97.165497
96.842986
96.843970
96.609794
96.791998
96.840756
97.204926
97.128354
97.155451
96.635267
96.949326
96.856835
97.401639
96.698902
96.944045
96.696517
96.896052
96.922769
97.224874
96.876117
97.112197
96.591732
96.890951
96.872929
97.400470
96.518696
96.950809
96.733700
96.828673
97.047981
97.123499
96.794417
96.815416
96.349891
96.820154
96.744690
97.243027
97.115973
96.445226
96.700926
97.135180
96.821654
97.249682
96.651549
96.783335
96.450477
97.091296
97.087902
97.203996
97.049579
96.821672
96.708551
96.890961
96.872599
97.160909
96.932028
96.853027
96.595491
97.131166
97.101390
97.364266
97.227682
96.939061
96.733306
96.867512
96.511592
97.188844
96.926731
96.859012
96.631249
96.974158
96.917355
97.167740
97.239475
97.243687
96.768985
96.951348
96.845774
97.408382
96.597434
96.961162
96.749612
96.928969
96.832150
97.147686
97.095484
97.097644
96.679900
96.790009
96.823487
97.339931
96.523873
96.944729
96.576361
97.064916
97.105520
97.293894
96.859670
96.527585
96.623817
96.855112
96.525490
97.260278
96.655563
97.076207
96.412091
97.083250
97.047233
97.158624
96.920780
96.911284
96.820226
96.956992
97.128662
97.221028
97.208989
97.277143
96.777781
96.992567
96.572616
97.232680
96.678978
97.006482
96.687731
96.960706
96.839989
97.176530
97.153285
97.226364
96.766332
96.979923
96.868736
97.425896
96.658266
96.989640
96.795280
97.054304
96.987730
97.326971
96.989393
97.385837
96.723067
97.185617
96.932531
97.220538
96.904466
96.956488
96.788434
97.154648
96.964132
97.312490
96.974984
96.990059
96.482901
96.808204
96.808693
97.391920
96.969136
96.618040
96.728412
97.239173
97.237095
97.432742
96.826746
96.861148
96.527836
96.970493
97.488330
97.490580
97.215837
96.800062
96.692721
96.842494
96.835024
97.056943
96.916196
96.856085
96.567871
97.117716
97.056302
97.076013
97.110257
96.854880
96.670187
96.452762
96.528766
97.150070
96.887530
96.868149
96.684037
97.071735
96.933113
97.359839
96.890219
97.010272
96.744370
96.926020
97.066337
97.193859
96.755875
96.882431
96.644268
96.955889
96.937119
97.247072
96.911121
97.207901
96.777468
96.928264
96.933638
97.430085
96.890972
96.876022
96.560170
97.150821
97.134757
97.264856
96.903069
96.662861
96.622962
96.802385
96.494101
97.345813
96.781590
96.775111
96.373358
97.050492
97.028872
97.229642
97.119099
97.088923
96.820032
96.970562
96.829431
97.219751
96.911409
96.902526
96.725056
96.876420
97.046919
97.176671
97.100072
97.169459
96.670959
96.603942
96.470651
97.216660
96.534084
96.540146
96.608806
97.103039
97.027203
97.349612
96.817360
96.868956
96.768185
96.831135
96.853613
97.161436
97.082864
97.193010
96.676283
96.833272
96.795736
97.335588
96.495742
96.894820
96.729968
96.864777
96.819171
97.139121
96.820257
97.010500
96.457356
97.000771
96.708585
97.227797
96.786046
96.505621
96.605782
96.793727
96.820142
97.107206
96.797071
96.845123
96.371290
97.000317
96.957314
97.125348
97.109580
97.067051
96.824445
96.904564
96.899346
97.376015
96.860536
96.897016
96.710758
96.836818
97.044481
97.186512
97.086183
97.049491
96.615547
96.612623
96.565940
97.259503
96.614113
96.631593
96.887671
96.814420
97.172632
97.264745
96.971574
96.879411
96.799583
96.951560
96.948050
97.465538
96.888069
96.894819
96.796747
96.934456
96.870814
97.202181
96.905351
96.841226
96.756947
96.941279
96.854163
97.410971
96.877858
96.897107
96.531096
96.812708
97.146914
97.359436
97.163330
96.623019
96.716004
96.886908
96.831230
97.353296
96.706929
96.834716
96.385400
97.089179
97.077368
97.189636
97.193669
97.170204
96.766400
96.904219
96.871894
97.396961
96.943828
97.012988
96.762813
96.950135
96.904339
97.252672
97.216768
97.200625
96.833767
96.939645
96.915891
97.415557
97.025330
96.931356
96.780217
96.582854
96.523233
97.035254
93.694737
93.704922
93.978928
94.100347
94.112541
94.866845
94.146231
94.241153
94.203102
94.330599
94.364977
95.434763
94.335438
94.410091
94.299835
94.718125
94.733602
96.049976
94.209038
94.236885
93.702751
94.686270
94.642561
94.638021
94.650268
93.549357
94.798527
94.650729
94.425350
95.337742
93.913184
93.929766
93.196738
94.066118
94.034505
94.063423
94.354692
94.386779
94.327127
94.482056
94.469571
95.542405
94.486582
94.565345
94.594692
94.888235
94.911919
96.114363
94.851680
94.876492
94.560922
94.871216
94.850309
96.062676
94.804061
94.828209
94.506140
94.843585
94.804990
96.064222
94.852582
94.848639
94.502195
94.802510
94.807129
96.007030
94.776215
94.798405
94.466052
94.756073
94.731651
96.030304
94.686280
94.688068
94.228205
94.447257
94.444662
96.010338
94.648076
94.704048
93.655382
94.678033
94.658386
94.671431
94.652499
93.475485
94.680854
94.593600
94.455038
95.290470
93.874937
93.865097
93.042994
94.000982
93.980467
93.973279
94.351123
94.397262
94.363638
94.744284
94.722691
96.006565
94.744837
94.718276
94.379152
95.112965
95.144814
96.565820
95.107841
94.797536
94.465437
94.516866
94.447395
95.486728
94.776996
94.804311
94.402412
94.829406
94.760812
96.047181
94.728513
94.786393
94.341887
94.785310
94.726782
96.015936
94.717651
94.757115
94.452068
94.755982
94.776572
96.053917
94.717438
94.687635
94.222971
94.382267
94.658056
95.941345
94.547314
94.574223
93.464865
94.549860
94.570340
94.525609
94.490015
93.413955
94.600382
94.539361
94.338062
95.265266
93.860808
93.826029
93.012934
93.907197
93.948201
93.865408
94.319226
94.290120
94.229236
94.627798
94.607035
95.913271
94.614951
94.614790
94.277941
95.041076
94.986092
96.421313
95.014336
94.703934
94.273713
94.409079
94.395233
95.440335
94.709399
94.672775
94.333103
94.714933
94.714901
95.954734
94.659898
94.688698
94.315418
94.671851
94.626982
95.938399
94.650803
94.713131
94.376765
94.708640
94.682923
96.497406
94.601824
95.042902
94.257866
94.640395
94.623511
95.948498
94.004759
94.440612
93.532032
94.496137
94.431211
94.432770
94.386443
93.353090
94.721646
94.433893
94.288331
95.241202
93.728943
93.727036
92.963454
93.902487
93.876945
93.864859
94.292296
94.310327
94.298882
94.603596
94.609854
95.896118
94.582010
94.600204
94.313217
94.976729
94.940657
96.429217
94.981885
94.613404
94.219055
94.331946
94.255960
95.436853
94.646567
94.630625
94.405477
94.667102
94.654070
95.926545
94.629604
94.642535
94.343614
94.687046
94.633100
95.933930
94.682641
94.711095
94.376425
94.690599
94.621059
96.453786
94.645941
95.033219
94.312128
94.617317
94.572058
95.945774
94.056457
94.515809
93.598301
94.505076
94.497476
94.520228
94.514461
93.457524
94.810186
94.550524
94.346659
95.266484
93.801045
93.812436
93.135698
93.959333
93.914469
93.916633
94.292001
94.343184
94.392880
94.669237
94.649865
95.900280
94.663302
94.657298
94.401023
95.053023
95.032767
96.462880
95.045805
94.659279
94.362299
94.438117
94.432001
95.447020
94.712268
94.767363
94.533278
94.710179
94.730110
96.000091
94.759183
94.739389
94.598175
94.725220
94.759307
95.990617
94.720119
94.758445
94.636578
95.061382
95.085995
96.523635
94.749396
94.823040
94.601860
94.759240
94.745216
95.574632
94.637604
94.630645
93.813640
94.604829
94.553826
94.574107
94.617516
93.756976
94.985481
94.739420
94.661480
95.811797
94.364295
94.338997
93.383792
94.431458
94.415135
94.458092
94.502244
94.521752
94.074694
94.144933
94.060424
97.321217
96.286896
96.276045
96.141501
96.243716
96.254888
97.524654
96.661365
96.485544
96.643113
96.526790
96.507336
97.571333
96.553077
96.517205
96.677922
96.509285
96.460819
97.363315
96.527413
96.580423
96.703407
96.497533
96.475014
97.592569
96.482234
96.573698
96.673468
96.508606
96.519091
97.347291
96.530096
96.422430
96.625629
96.422215
96.463901
97.600020
96.254492
96.258578
96.185856
96.332272
96.261748
96.881287
96.263029
96.131994
96.613924
96.547952
96.547446
97.480167
96.450209
96.471741
95.814198
96.511804
96.138562
96.456243
96.431538
96.428365
96.571290
96.622007
96.672476
97.324443
96.651681
96.690116
96.585232
96.697477
96.458346
97.351484
96.721949
96.715376
96.630269
96.525878
96.503207
97.325069
96.507114
96.520199
96.597191
96.557444
96.725981
97.374972
96.759057
96.674980
96.678058
96.533322
96.451985
97.385959
96.527282
96.510445
96.607336
96.571484
96.753407
97.399283
96.740558
96.741297
96.574323
96.692853
96.464404
97.362188
96.370059
96.294729
96.127020
96.606403
96.574092
96.641685
96.595913
95.998169
96.690839
96.593843
96.507837
97.229556
96.464495
96.488550
95.851418
96.216584
96.495248
96.494191
96.382599
96.690648
96.522727
96.617479
96.617659
97.301399
96.623224
96.656014
96.576939
96.443767
96.446236
97.333738
96.510380
96.685668
96.665225
96.653071
96.673382
97.361471
96.707958
96.690111
96.594680
96.504380
96.492336
97.379611
96.683079
96.732329
96.630525
96.499472
96.502130
97.377973
96.486208
96.479624
96.615792
96.658947
96.723562
97.308683
96.616199
96.426633
96.511021
96.407061
96.573880
97.297845
96.332442
96.589980
96.045629
96.308922
96.320985
96.629974
96.322903
95.999347
96.661565
96.573922
96.548704
97.164437
96.434605
96.433631
95.842867
96.588624
96.534693
96.554745
96.656819
96.652517
96.525950
96.463530
96.633638
97.108940
96.691560
96.665670
96.574345
96.485004
96.492852
97.321480
96.498950
96.705872
96.633852
96.689443
96.649057
97.317959
96.695094
96.720310
96.735867
96.682962
96.729918
97.309008
96.800355
96.717308
96.589888
96.443626
96.522836
97.380660
96.511847
96.509202
96.550833
96.535500
96.690500
97.371887
96.654565
96.675237
96.511828
96.450974
96.410843
97.337033
96.628914
96.291801
95.993269
96.672756
96.603810
96.619209
96.586879
95.911929
96.425116
96.610619
96.551571
97.203101
96.454959
96.434550
95.766667
96.477217
96.219498
96.497656
96.617816
96.653841
96.407042
96.640791
96.581250
97.004467
96.637986
96.678012
96.560578
96.474559
96.514324
97.475864
96.450052
96.694212
96.560955
96.686496
96.650602
97.281568
96.749857
96.722817
96.602904
96.544324
96.533729
97.277696
96.465039
96.661570
96.557041
96.656727
96.506635
97.313537
96.489233
96.417546
96.536274
96.692562
96.671848
97.331077
96.672121
96.442194
96.508552
96.657935
96.671179
97.303311
96.644902
96.625678
96.058803
96.639008
96.618953
96.637884
96.647589
96.013614
96.688297
96.579952
96.509918
97.190976
96.465768
96.447760
95.792079
96.527869
96.198153
96.501740
96.489285
96.380545
96.410484
96.528899
96.676534
97.046169
96.650322
96.677276
96.528888
96.406370
96.436536
97.246779
96.386796
96.637061
96.533909
96.595957
96.666887
97.315047
96.660951
96.610354
96.591166
96.480384
96.409339
97.291529
96.675165
96.678568
96.586795
96.463530
96.400369
97.354417
96.478055
96.449987
96.547228
96.679245
96.679301
97.311703
96.577292
96.653795
96.495553
96.347562
96.609408
97.306581
96.520750
96.580681
95.954479
96.531865
96.608706
96.542045
96.562842
95.907051
96.637380
96.427517
96.349663
97.112214
96.065956
96.418571
95.745523
96.471732
96.450344
96.453837
96.573879
96.588686
96.430367
96.551023
96.600153
97.005130
96.615101
96.622656
96.548980
96.635110
96.466366
97.311401
96.676543
96.680684
96.546180
96.652379
96.674903
97.303903
96.609085
96.621042
96.607711
96.434633
96.475304
97.076089
96.491515
96.477668
96.629921
96.651374
96.637103
97.295545
96.669357
96.460657
96.538900
96.505199
96.473866
97.305780
96.337569
96.491091
96.467249
96.719987
96.629909
97.283249
96.578296
96.557633
96.053602
96.550751
96.564702
96.582335
96.558188
95.929408
96.671629
96.449733
96.524064
97.130100
96.460713
96.459630
95.752617
96.483412
96.156503
96.486851
96.558717
96.596323
96.483036
96.642423
96.625055
97.336124
96.671294
96.654494
96.575225
96.511271
96.540138
97.348667
96.566534
96.659899
96.628545
96.735321
96.657964
97.335640
96.654121
96.686637
96.562361
96.509172
96.483169
97.381303
96.772391
96.707800
96.555844
96.484733
96.500909
97.350320
96.546002
96.588654
96.537252
96.494452
96.681925
97.365718
96.687220
96.669887
96.447319
96.374143
96.356692
97.299193
96.549815
96.329373
95.987806
96.599323
96.577401
96.561915
96.580837
95.930622
96.499120
96.555565
96.502405
97.146889
96.423428
96.381113
95.671105
96.506203
96.463566
96.434767
96.585734
96.547830
96.478494
96.415590
96.639167
97.004389
96.654791
96.629683
96.516496
96.417183
96.688091
97.325929
96.657936
96.644282
96.517619
96.662643
96.627183
97.338940
96.746506
96.653301
96.569174
96.413582
96.442941
97.320779
96.538860
96.668513
96.552558
96.664185
96.405207
97.337461
96.446031
96.451146
96.549419
96.465547
96.457231
97.313798
96.675088
96.671680
96.423798
96.630508
96.630200
97.286812
96.598443
96.290369
95.968605
96.244252
96.223906
96.579097
96.211061
95.825639
96.623071
96.584803
96.504040
97.173268
96.410679
96.441657
95.675732
96.535827
96.488626
96.444090
96.573361
96.327521
96.428788
96.370895
96.617677
97.020547
96.659871
96.695705
96.532681
96.429584
96.539940
97.341967
96.498604
96.669026
96.570035
96.710496
96.641806
97.342029
96.703150
96.701175
96.643281
96.479877
96.642854
97.343097
96.710846
96.663381
96.513267
96.494593
96.423144
97.287245
96.488549
96.459674
96.528433
96.466106
96.601376
97.325565
96.601472
96.611281
96.429469
96.395767
96.322537
97.295570
96.512698
96.249832
95.854246
96.494237
96.487518
96.542359
96.486772
95.734062
96.544684
96.522857
96.536455
97.163077
96.412375
96.351074
95.608503
96.470069
96.470288
96.469111
96.554155
96.588703
96.456827
96.355090
96.632512
97.031766
96.673784
96.628153
96.506520
96.460502
96.455728
97.321925
96.672135
96.643140
96.576247
96.691751
96.663955
97.332300
96.709156
96.706334
96.595556
96.462847
96.403492
97.307251
96.473637
96.662801
96.553015
96.635602
96.439914
97.346079
96.459899
96.459591
96.462078
96.454395
96.418540
97.335177
96.607384
96.681463
96.457264
96.675210
96.630045
97.285097
96.578855
96.288721
95.920134
96.245838
96.248030
96.529226
96.194845
95.733208
96.525772
96.514559
96.541917
97.179038
96.434267
96.807192
95.752273
96.561663
96.553261
96.531865
96.805923
96.526604
96.349506
96.390637
96.575590
96.941199
96.590728
96.574294
96.388591
96.420800
96.428952
97.074153
96.767722
96.892490
96.454861
96.742572
96.713996
97.350262
96.939950
96.906539
96.380035
96.369214
96.375257
97.013579
96.483538
96.473205
96.523380
96.419987
96.574061
97.261119
96.623647
96.608852
96.492056
96.452908
96.430209
97.289059
96.326471
96.402923
96.372246
96.660127
96.666354
97.285574
96.644484
96.292360
95.895996
96.551406
96.492663
96.513834
96.497423
95.877727
96.579481
96.463158
96.448658
97.205143
96.178629
96.443688
95.710933
96.500521
96.451651
96.464694
96.562702
96.554978
96.470290
96.338069
96.593210
97.036641
96.696077
96.682474
96.517395
96.466600
96.445272
97.280679
96.518286
96.634376
96.488461
96.620580
96.628672
97.264185
96.651502
96.677774
96.491169
96.437892
96.436424
97.364622
96.482143
96.746574
96.756239
96.831637
96.553771
97.325862
96.453655
96.512762
96.535843
96.543547
96.506834
97.294260
96.692086
96.685843
96.398397
96.670968
96.646058
97.347579
96.255003
96.359804
95.892232
96.653876
96.538518
96.520770
96.534622
95.841906
96.533353
96.539736
96.518102
97.138270
96.440667
96.384820
95.594536
96.442664
96.095195
96.497411
96.316731
96.613535
96.299006
96.342920
96.620109
97.032010
96.696056
96.598099
96.343113
96.559092
96.477937
97.060749
96.676921
96.684844
96.499440
96.721485
96.699604
97.320376
96.686351
96.721976
96.558925
96.494282
96.498729
97.350449
96.475647
96.514772
96.559654
96.707091
96.684646
97.426506
96.663721
96.476404
96.531246
96.488427
96.505560
97.286457
96.335510
96.425610
96.450594
96.633094
96.622214
97.282680
96.605075
96.169819
95.873604
96.588957
96.187996
96.533377
96.191891
95.792551
96.535686
96.603253
96.549255
97.197622
96.435678
96.412679
95.627310
96.517442
96.466971
96.460553
96.317810
96.409783
96.426806
96.382547
96.347270
96.958762
96.617851
96.644554
96.420530
96.648792
96.462223
97.230841
96.447241
96.697531
96.497239
96.650011
96.673046
97.311568
96.693030
96.657432
96.552282
96.506915
96.461883
97.309511
96.438900
96.682940
96.405856
96.646945
96.370199
97.316158
96.414373
96.466856
96.428351
96.353893
96.426342
97.300650
96.599397
96.628321
96.370180
96.617881
96.553444
97.279488
96.186001
96.215098
95.895031
96.569614
96.531107
96.471456
96.495868
95.727939
96.569226
96.643583
96.550586
97.189058
96.467012
96.412939
95.579941
96.203574
96.518161
96.517416
96.408008
96.391194
96.419934
96.456254
96.623780
97.050899
96.740390
96.720729
96.532445
96.530927
96.479748
97.329341
96.508717
96.750537
96.522726
96.702911
96.755627
97.366727
96.734999
96.733786
96.517299
96.600149
96.503371
97.378684
96.572562
96.544588
96.506263
96.517782
96.770670
97.389094
96.779086
96.750984
96.448561
96.510092
96.564657
97.363204
96.497972
96.553493
96.434495
96.780773
96.759162
97.360322
96.354333
96.422059
95.876361
96.671554
96.740634
96.688786
96.778222
96.043773
96.609263
96.624192
96.602176
97.226469
96.508340
96.539287
95.756512
96.583461
96.293578
96.663710
96.482482
96.490232
96.589732
96.562399
96.736456
97.143111
96.736645
96.780967
96.574181
96.576589
96.482179
97.099085
96.812012
96.739999
96.467883
96.683732
96.702961
97.328669
96.748444
96.754935
96.637443
96.507947
96.514804
97.133929
96.523835
96.509049
96.479440
96.582052
96.685755
97.364323
96.741743
96.712064
96.449606
96.585783
96.521764
97.369941
96.604385
96.495374
96.366650
96.499843
96.685683
97.331316
96.698164
96.412752
95.847174
96.767786
96.365054
96.656899
96.421465
95.768716
96.536186
96.687155
96.532800
97.203322
96.463609
96.454323
95.501353
96.154022
96.136976
96.438433
96.317166
96.305291
96.302895
96.350485
96.592470
96.937973
96.614308
96.602692
96.212641
96.396926
96.332063
96.997065
96.415468
96.697950
96.304545
96.558961
96.558237
97.247379
96.588839
96.401804
96.196106
96.303206
96.247094
96.862399
96.317536
96.366978
96.145765
96.239138
96.273994
97.189573
96.453169
96.528371
96.130981
96.274232
96.217114
97.106836
96.236829
96.175839
96.034721
96.377819
96.354877
97.028553
95.879007
95.888466
95.204350
95.796183
95.777209
96.157976
96.164716
95.058881
96.011757
96.228245
96.101739
96.789291
96.057734
95.704487
94.877017
95.663464
95.652282
95.667322
96.162372
96.231467
95.774619
96.214723
96.174644
96.896290
95.985268
96.014009
95.770108
95.980566
96.222756
96.634836
96.312778
96.351161
95.806065
96.081036
96.021195
96.686720
96.025601
95.994810
95.696470
96.058598
95.980436
96.649876
96.014157
96.078873
95.817021
96.283974
96.322669
96.995093
96.143129
96.114636
95.904933
96.154668
96.151794
97.017556
96.070330
96.069486
95.782551
96.043423
96.040687
96.988406
95.876158
96.280708
95.300092
96.283997
96.228457
96.268048
96.240079
95.279829
95.942013
96.213721
96.151932
96.826434
96.054608
96.077491
94.996614
95.722853
95.676444
95.628423
95.935951
95.950849
95.785554
96.004353
96.186535
96.939495
96.250308
96.301008
95.806665
96.003991
95.959959
96.942192
96.013813
96.026778
95.838640
96.015428
96.234447
96.629569
96.284574
96.313604
95.898809
96.004790
96.016904
96.704466
95.918623
96.005209
95.722240
95.992463
95.896037
96.651633
95.943115
95.977251
95.719447
96.278445
95.906149
96.907408
95.893965
95.965438
95.709021
96.246202
95.857056
96.949406
95.786721
95.831806
95.044446
96.164513
96.110947
96.111051
95.765218
95.137001
95.888338
96.131619
96.033434
96.759786
95.956833
95.959824
94.752998
95.666793
95.636363
95.549095
95.828402
96.097210
95.628020
95.911912
96.136459
96.889660
95.905636
95.953703
95.729567
96.162590
96.158635
96.590250
96.186687
95.933969
95.763802
95.975465
95.897121
96.611044
95.900565
95.856136
95.651794
95.994452
95.849002
96.584805
95.954155
95.958641
95.616332
96.380916
96.215446
96.931653
96.019859
95.995471
95.820032
95.997225
95.964906
96.644468
96.140670
96.230403
95.670059
95.880402
95.843440
96.900010
95.809128
95.820611
95.081698
96.095479
96.128126
96.092160
95.801368
95.035640
95.815273
96.082262
96.083196
96.664794
95.902799
95.556965
94.698760
95.578138
95.574049
95.558547
96.119947
96.110557
95.617000
96.168391
96.094130
96.908883
95.879308
95.939715
95.673317
95.986882
95.985958
96.637513
96.001053
96.115294
95.612771
96.075639
96.077792
96.699374
96.166104
96.154252
95.719566
96.062082
96.001718
96.881531
95.987733
95.988623
95.498779
95.934490
95.902337
96.797130
95.875968
95.875761
95.444954
95.871431
95.827277
96.844596
95.803992
95.786243
95.356525
95.843308
95.749660
96.766083
95.682573
95.720026
94.749698
95.604596
96.022528
95.982063
95.681916
94.698272
95.562999
95.990175
95.689651
96.682357
95.865433
95.564780
94.529438
95.581704
95.546815
95.477707
95.751811
96.049725
95.360881
95.798404
95.796816
96.741198
95.829882
96.122014
95.386889
96.095478
96.064166
96.803642
95.779154
95.798270
95.438812
95.789292
95.810242
96.464099
95.842296
95.816387
95.292260
95.825515
95.724584
96.456357
95.838037
95.861012
95.472750
96.121948
95.842070
96.845065
95.811570
95.801697
95.345613
95.822110
95.848609
96.841203
95.747963
95.812785
95.241658
96.164429
86.441531
86.073069
85.961098
86.615448
84.872825
86.436078
86.476286
86.558435
86.541392
89.156311
