93.980787
94.080893
93.452730
94.487175
92.767183
93.322521
91.334244
93.343966
93.401220
93.178913
93.567257
93.771904
93.379717
93.833832
93.684967
94.507460
93.685302
93.870301
93.604039
93.794599
93.650523
94.597889
93.732038
93.786168
93.408078
93.276392
93.127584
94.019690
93.144230
93.884438
93.211333
93.253923
93.081481
94.600739
93.052399
93.219820
93.306444
93.244209
93.093729
93.853232
93.008047
93.215049
93.172514
93.129412
92.957180
93.812957
92.897524
93.041664
92.565039
92.928301
92.818744
93.753684
92.724951
92.681346
91.176581
92.547010
92.463093
92.402678
92.563965
91.089116
94.002345
93.334927
93.032065
93.643787
92.630770
92.638942
91.464784
93.216250
93.173702
93.102970
93.335777
93.048482
93.073153
93.108805
92.924336
94.310666
93.553932
93.657893
93.050553
93.579855
93.489342
94.469484
93.625378
93.824369
93.577795
93.264839
93.144313
93.912419
93.122670
93.331450
93.272577
93.223294
93.115112
93.968033
93.196284
93.240623
93.235106
93.405187
93.191555
94.534110
93.183631
93.369387
93.566038
93.392178
93.277993
94.064709
93.221312
93.308082
93.378205
93.243378
93.010001
94.448002
92.937190
92.934017
92.371352
92.985285
92.886080
93.395896
92.919719
92.420198
93.937125
93.312130
93.041397
94.324130
93.275051
93.229335
92.201887
93.395480
93.463043
93.950647
93.178773
93.864086
93.669235
93.930723
93.698863
94.546855
93.873040
93.947592
93.816307
93.507114
93.475516
94.671724
93.507131
94.100852
93.991984
93.717839
93.596475
94.797655
93.615533
94.180404
94.052045
93.701113
93.157788
94.813408
93.287094
93.850320
94.091347
93.824872
93.735341
94.834014
93.703292
93.452872
94.349389
93.927727
93.715077
94.915172
93.677671
93.837586
94.010203
93.744190
93.588007
94.862366
93.472686
93.618509
93.270647
93.576184
93.923394
94.413036
94.008472
93.377188
94.361463
94.140999
93.488254
94.707277
93.739233
93.683320
92.657210
93.716256
93.729103
93.680054
94.050806
94.213291
94.206543
94.332510
94.305113
94.909886
94.229327
94.323053
94.008537
94.289563
94.145043
94.910878
94.175716
94.316319
94.232495
94.448435
94.165385
94.878709
94.094113
93.909841
94.020104
93.837534
93.786109
94.950807
94.237957
94.287837
94.094908
93.922224
93.826086
95.014698
93.933409
94.314934
94.214897
94.417748
93.802874
95.466750
93.897070
94.427454
94.369693
94.476756
93.951473
95.499497
93.686023
94.060235
93.289776
94.018878
94.038541
94.485094
93.569230
93.422414
94.663788
93.916412
93.641287
94.793556
93.723270
93.840320
92.570726
93.797791
93.828651
93.746682
94.044360
94.325633
94.213085
94.357546
94.331046
95.407732
94.745286
94.751867
94.291631
94.383056
93.820705
94.989705
93.956897
94.423432
94.308655
94.295336
94.210588
94.997406
94.386997
94.084389
94.459394
94.022937
94.252845
94.995683
94.430685
94.461967
94.408657
94.082367
93.949843
95.006788
93.916064
94.365323
94.292420
94.406263
94.275023
95.447983
93.972924
94.012124
94.228060
94.345167
94.279334
95.020100
94.177144
94.148763
93.262062
94.057065
94.124628
94.646522
94.244549
93.605313
94.813109
94.481843
94.293120
94.884337
93.857354
93.829635
92.737228
94.074657
94.114183
94.033103
94.292760
94.423112
94.573060
94.920652
94.680536
95.485723
94.911760
94.961424
94.592838
94.545804
94.946011
95.087690
94.394162
95.048988
94.495586
94.475436
94.065567
95.286278
94.275609
94.682433
94.453472
94.417182
94.425163
95.136702
94.374357
94.522282
94.445738
94.530828
94.399717
95.204946
94.692798
94.883868
95.034303
95.000498
94.163859
95.621178
94.398741
94.892185
94.518977
94.531728
94.380639
95.524181
94.165387
94.115114
93.488465
94.117351
94.167217
94.557739
94.251205
93.741339
94.972760
94.648323
94.433342
95.009375
94.599929
94.560826
93.141521
94.092428
94.106493
94.506615
94.800057
94.993207
94.711868
94.827947
94.710544
95.472459
94.802959
94.868655
94.628384
94.525799
94.431006
95.167570
95.006161
94.951115
94.810983
94.519661
94.148937
95.627150
94.598338
95.020495
94.898992
94.738259
94.593885
95.249045
94.524000
94.642482
94.765077
94.511193
94.482983
95.265592
94.466838
94.563747
94.641238
94.495432
94.371699
95.207974
94.524093
94.641375
94.799894
94.534887
94.431107
95.604298
94.323415
94.263577
93.933227
94.331061
94.747894
94.924448
94.766942
94.089268
94.869499
94.352694
93.853864
95.277773
93.999579
94.544826
93.568184
94.656693
94.589461
95.012190
94.901253
94.552216
94.874369
94.954724
94.912360
95.447080
95.075279
95.133212
94.880670
94.564147
94.526203
95.454149
94.950354
95.445814
94.991597
95.138446
95.040701
95.998042
94.746508
95.218523
95.279521
94.813778
95.237633
95.687893
95.258121
95.283949
95.317605
94.862334
94.833604
95.706607
94.990927
95.304791
95.256053
95.230356
95.116350
96.011791
94.833281
94.889924
95.217880
95.191359
95.158297
95.621833
95.106122
95.158888
94.745353
94.864830
94.610772
95.526554
95.050311
94.893225
95.430464
95.586947
95.097432
95.976498
94.505662
94.613710
94.396978
95.067818
95.442870
94.958022
95.090859
95.201738
95.128793
95.696998
95.579936
96.196937
95.271011
95.386459
95.276661
95.229969
95.232985
95.724101
95.247045
95.333755
94.916793
95.108153
95.046893
95.588148
95.267583
95.313685
95.287731
95.473385
95.355355
96.305841
95.403804
95.520764
95.511423
95.443020
95.381699
96.346926
95.489931
95.733897
95.603202
95.548788
95.523398
96.334529
95.484539
95.511487
95.548229
95.657411
95.526891
96.474485
95.523666
95.503699
94.909009
95.609536
95.389346
95.815581
95.302977
94.844804
95.762633
95.592069
95.463477
96.404656
95.715153
95.721218
94.723583
95.770151
95.448370
95.723954
95.576086
95.412016
95.800248
96.100718
96.043205
96.632046
96.007375
95.996354
95.639311
95.749769
95.637730
96.639550
95.841087
95.938331
95.687287
96.098295
95.889460
96.527064
95.652300
95.887910
95.662621
95.870143
95.966570
96.117078
95.973595
95.692617
95.718848
95.254684
95.081035
95.977214
95.440141
95.939555
95.570279
95.902481
95.600036
96.561651
95.305840
95.461555
95.820710
96.082215
96.016384
96.375960
95.828205
95.448693
94.817763
95.218509
95.250836
95.503995
95.898991
94.356177
95.867173
95.783004
95.356926
96.233371
95.132608
95.155128
94.236690
95.612502
95.574633
95.562374
95.761564
95.773798
95.524069
95.484735
95.375846
95.816216
95.431717
95.513871
95.148414
95.395115
95.385369
95.792545
95.567092
95.561802
95.430869
96.355586
96.340133
96.652448
95.910111
95.583899
95.739938
95.685604
95.563891
95.948314
95.797178
95.984103
95.359559
95.656277
95.417359
96.297642
95.466044
95.990822
95.700829
95.855705
95.787090
96.129114
95.331354
95.427971
95.388283
95.620964
95.682423
96.086894
95.615816
95.180507
94.588671
95.161285
95.608836
95.248217
95.458848
94.458980
95.639610
95.452058
94.932536
96.174910
94.690712
95.172293
94.266037
95.683558
95.711793
95.664367
95.334745
95.106465
95.245728
95.126021
95.270780
95.791594
95.189898
95.314765
95.008844
95.421029
95.373054
95.885089
95.252646
95.428030
95.168916
95.454280
95.317550
95.837779
95.277671
95.295161
94.861517
95.184842
95.111726
95.550661
95.117210
95.131956
94.617316
95.051478
94.959149
95.511211
94.856071
94.899636
94.338284
95.033472
94.912376
95.456599
94.895728
95.008978
94.227726
94.883254
94.840672
95.474886
94.914221
94.947621
93.879941
94.922941
94.891708
95.328546
94.888904
93.950028
94.939527
94.960282
94.863808
95.308796
94.823025
94.904283
93.640978
94.971591
95.095511
95.031486
95.242120
95.330395
94.776563
95.201253
95.200020
95.750418
95.257245
95.233007
94.697963
95.252187
95.380688
95.879006
95.349388
95.434566
94.955711
95.758489
95.661413
96.170858
95.251350
95.465170
94.897581
94.890425
94.736207
95.268156
94.831898
94.936286
94.605478
94.890634
94.925744
95.475264
95.056142
95.105891
94.614234
95.747276
95.713355
96.189823
95.796656
96.024146
94.676831
95.243872
95.094379
96.226120
94.787345
95.249495
94.139514
95.556784
95.503478
94.843752
94.848471
94.019037
94.806246
94.613905
93.949189
95.228063
94.052776
94.648654
93.700544
95.248934
95.212464
95.248609
95.233985
94.814038
94.413866
94.522614
95.076583
96.156986
95.452221
95.369620
94.697746
94.978293
94.912368
95.839165
94.872677
95.138882
94.907909
95.431547
95.525314
95.907324
95.900956
95.654214
95.113974
94.710416
94.656859
95.333157
94.269036
94.678718
94.311387
94.933520
94.719073
95.228375
94.604882
94.615349
94.417119
95.229089
95.316674
95.713711
95.185795
95.276235
94.615562
94.793194
94.628618
95.578393
94.613659
95.277361
94.124090
95.648421
95.580948
95.584518
94.692862
94.245101
94.847818
94.756081
94.707880
95.782624
94.286650
94.937190
94.035497
95.303352
95.345995
95.222649
95.382213
95.498599
94.995874
95.393714
95.331596
95.678782
95.178806
95.298282
94.609928
95.099297
95.096228
95.592404
94.976449
95.037103
94.418124
94.798290
94.725005
95.788427
94.896370
95.122955
94.455470
94.585408
94.894016
95.616205
95.316206
95.572623
95.191693
95.179609
95.276385
96.124559
95.377094
96.025592
95.673431
95.875589
95.839475
96.434848
95.603368
95.812406
95.493032
95.234234
95.507872
96.125603
95.209167
95.342902
94.625007
95.218504
95.100226
95.680752
95.010536
94.432309
94.776720
94.902538
94.753309
95.588216
94.662057
94.175457
93.926454
95.125720
95.174331
95.858454
95.102669
94.939421
95.192026
94.975650
95.464285
95.443704
95.255970
95.410458
94.893000
95.283826
95.338132
95.787503
95.327341
95.559159
95.041285
95.432459
95.566463
96.246464
95.673716
95.944873
95.647976
95.806483
95.638984
96.404986
95.805496
95.892244
95.724330
95.393077
95.283936
96.003947
95.234684
95.928470
95.728757
95.775095
95.743824
96.717939
95.286558
95.535607
95.849540
95.714634
96.030026
95.928194
95.498576
95.221355
95.285714
95.119409
94.984590
95.472238
95.166720
94.872744
95.697556
96.566983
96.453638
96.932525
95.346281
95.034685
95.692742
94.995945
94.787734
94.907495
94.858534
94.955448
95.197903
94.994809
94.973766
95.469246
95.034012
95.270051
95.486305
96.104616
96.164609
96.451067
96.141345
96.335843
96.086313
96.645199
96.522861
96.793225
96.683257
96.691581
96.207247
96.255662
95.709135
96.436025
95.219446
95.813044
96.005865
96.101355
95.976185
96.297789
96.042221
96.140698
96.025232
96.525225
96.417804
96.711119
96.330926
96.132849
95.841262
96.349459
95.432682
96.244270
96.866274
96.697938
94.778885
95.575768
95.618231
95.827933
95.922733
95.219143
96.320785
97.075868
96.165711
96.568369
95.480660
95.122704
95.179942
94.792397
95.561536
94.827363
94.446085
94.604003
94.385227
94.386355
94.724328
95.553673
94.884719
94.421187
94.368531
94.644165
94.626894
95.000364
94.688300
94.740732
94.706270
95.659366
95.640698
95.854043
95.723280
94.872610
94.754587
93.692948
93.689509
94.494587
94.378046
94.588660
94.224356
94.421022
94.421959
94.899102
94.537412
94.480588
93.205338
94.320705
94.294776
95.838109
94.682458
94.614359
94.926390
95.324664
94.948984
96.336805
95.210836
95.102647
93.935532
95.136341
95.939975
95.208342
94.630038
94.121293
95.870241
95.170133
95.217064
94.990259
94.643492
94.579885
94.339854
94.691231
94.657347
94.671681
95.008468
95.034231
95.540438
95.315030
95.125848
95.896662
95.220878
95.381056
96.223695
95.492902
95.373213
96.238649
95.481839
95.665633
96.031646
95.515442
95.472800
95.988728
95.440060
95.353117
95.704207
95.376177
95.399438
95.962905
95.332062
95.385267
95.763082
95.386720
95.308275
95.858960
95.261872
95.189098
95.562003
95.217228
95.200008
95.988632
95.561654
95.444254
95.479938
95.271044
95.273792
96.274026
95.611188
95.913110
94.839115
95.804855
95.789682
95.837051
95.815444
95.093804
95.964929
95.431747
95.230922
95.210720
94.517050
94.560696
94.446605
94.608717
94.641752
94.723155
95.025802
94.992405
95.536440
95.175633
95.203982
95.826259
95.294336
95.278905
95.691545
95.326037
95.319190
96.235124
95.477901
95.459495
95.857336
95.543096
95.508641
96.246041
95.484044
95.448602
95.865625
95.478860
95.369558
96.339951
95.490566
95.505731
95.927882
95.406949
95.449654
95.943799
95.373118
95.422613
95.736720
95.417413
95.362541
96.285744
95.287945
95.495424
95.505408
95.315755
95.795334
96.355101
95.671114
95.707890
94.954474
95.716183
95.712098
95.673613
95.863733
95.095650
95.806101
95.087046
95.015625
94.731130
94.417259
94.350816
94.358610
94.646397
94.613019
94.607311
94.893033
94.976817
95.313835
95.108024
95.102787
95.356781
95.228063
95.327555
95.586501
95.399568
95.578717
96.413652
95.565770
96.802590
95.581324
95.374754
95.374607
96.274562
95.589547
95.900533
96.147707
95.934561
95.966662
96.593819
95.576287
95.649251
96.197625
95.782482
95.854195
96.621182
95.648434
95.647490
96.020851
95.533747
95.477060
95.987921
96.274748
96.727344
95.630111
95.397218
95.869503
96.357278
95.816661
95.904761
95.042339
95.934276
95.434736
95.817396
94.983435
94.935566
95.707965
95.201840
94.896542
94.628087
94.285945
94.785799
94.439488
94.806310
94.579844
94.521265
94.803596
94.902736
95.227783
95.043960
94.966524
95.213752
95.125897
95.235355
95.453598
95.250740
95.283505
96.323527
95.779381
95.641352
95.718741
95.707600
95.691109
97.132248
95.974014
95.929439
95.909918
95.397711
95.550886
96.285125
95.498840
95.762496
95.972731
95.671010
95.646102
96.504563
95.553490
95.520898
95.758741
95.477903
95.489220
96.353311
95.652602
96.007319
95.677345
95.406250
96.031942
96.468886
95.998969
95.859281
95.060501
95.846472
95.882629
96.619979
95.571190
94.966513
95.682357
95.107365
94.903660
94.296616
94.207291
94.169921
94.115490
94.516745
94.508692
94.475932
94.877612
94.914119
95.272250
95.030746
94.977665
95.286656
95.139823
95.116485
95.548115
95.744712
95.401339
96.200377
95.384561
95.527919
95.750730
95.431845
95.633646
96.259003
95.429811
95.404181
95.857765
95.374198
95.437355
95.911713
95.428416
95.695710
95.831615
95.444581
95.486101
96.323457
95.440304
95.850384
95.775970
95.384296
95.746402
95.963297
95.982082
95.921316
95.753362
95.534574
95.871396
96.369784
95.385009
95.400307
95.162348
95.833838
95.736723
95.888361
95.774492
94.984092
95.936429
95.245479
95.136281
94.739432
94.376851
94.450414
94.518052
94.545791
94.559207
94.613523
94.740797
94.734716
95.048284
95.059554
94.994030
95.374472
95.073425
95.082554
94.746589
95.322523
95.702171
95.853776
96.051706
96.745556
95.024597
96.165787
95.747057
96.537498
96.361753
96.267688
95.974466
96.189084
96.102243
96.945136
96.155800
96.505201
96.203426
96.392079
96.456319
96.877819
96.586852
96.581783
96.528660
96.636575
96.752766
97.544619
96.596138
96.553315
96.473715
96.466048
96.749262
97.365319
96.495248
96.538727
96.240653
96.555654
96.355903
96.885761
96.409744
96.149888
96.443550
96.528270
96.797748
97.152077
96.418527
96.451596
96.166324
96.737540
96.686845
96.929941
96.706167
96.476352
96.441735
96.451369
95.722177
96.566058
95.873524
96.377852
96.193804
96.673316
96.810160
96.922088
96.891989
96.528745
96.309470
95.876700
95.745362
96.324605
97.358347
96.373893
96.089351
96.299810
96.277445
96.782135
96.854404
96.895188
96.672975
96.489330
96.015323
96.996736
96.505480
96.589845
96.442439
96.605614
96.479516
97.433260
96.448606
96.841632
96.685927
96.846074
96.733989
97.855151
96.748852
95.877750
96.340315
96.084916
96.442959
95.963128
96.300120
95.711568
96.479008
96.984763
96.286933
97.185038
96.457415
96.051181
96.025799
96.430383
96.302151
96.676557
97.065651
96.617635
96.132914
96.408473
96.717549
96.872234
96.747542
96.047591
96.156703
95.796434
96.045251
96.220742
96.054908
95.905979
95.973473
95.882844
95.979828
96.268608
96.109860
96.028489
96.212136
96.817654
96.732929
96.966860
96.775615
96.846410
96.266404
96.507154
96.163077
96.886710
95.900521
96.209033
96.443062
96.491753
96.807503
96.694181
96.423066
96.497947
96.397401
96.465093
96.377822
97.089308
96.438806
96.511307
96.193900
96.464370
96.366593
97.061608
96.865935
96.248816
96.590678
96.810564
96.526562
97.049120
96.285025
96.008352
95.946637
96.358831
96.436721
96.694451
96.781363
96.825302
96.403479
96.470792
96.479579
96.880646
96.253422
96.797048
96.474607
96.790830
96.425191
96.758259
96.541453
96.202871
96.406451
96.492302
96.812379
96.693181
96.880461
96.542309
96.334479
95.979003
95.905644
96.632523
96.201758
96.672728
96.430875
96.860738
96.797904
96.710243
96.115478
96.509845
96.343249
96.072184
95.971945
96.293032
96.437756
96.373944
96.209156
96.344491
96.301073
96.618330
96.426786
96.457769
95.955758
96.736901
96.808829
96.838365
96.740078
96.155323
96.503947
96.092188
96.094109
96.533578
95.742970
96.331462
95.756698
96.324377
96.256783
96.323741
96.552044
96.434796
96.374086
96.830098
96.754656
96.981752
96.821619
96.910970
96.594931
96.518423
96.513423
96.977260
96.188689
96.673926
96.473680
96.513905
96.405994
96.733151
96.581638
96.538757
96.268530
96.562982
96.438089
96.688258
96.494341
96.503967
96.329591
96.933888
96.956326
97.104998
96.960560
97.014256
96.578226
96.358527
96.091414
96.313815
96.465693
96.512205
96.264708
96.603896
96.563481
96.776110
96.469201
96.467373
95.937004
96.728597
96.772484
96.815744
96.782556
96.076129
96.577328
96.694710
96.700517
97.024329
96.013524
96.412038
96.087541
96.873408
97.189793
96.902073
96.858514
96.733447
96.289661
96.404887
95.987061
96.546373
96.041444
96.391944
96.084422
96.330730
96.337390
96.501817
96.439750
96.352943
96.278648
96.713605
96.711269
96.893337
96.768869
96.781367
96.381849
96.454517
96.166217
96.912717
95.799355
96.484919
96.328014
96.533614
97.016186
96.653511
96.687462
96.815233
96.349248
95.995514
96.184932
96.722722
95.986193
96.190688
96.439068
96.474973
96.856051
97.003260
96.815002
96.453229
96.078476
96.411000
96.103648
96.995139
96.558889
96.220859
96.622962
96.793804
96.731961
96.874602
96.720460
96.661937
95.849205
96.355724
95.979470
96.354716
96.415122
96.380350
96.308581
96.479051
96.441828
96.664880
96.484815
96.472596
96.427299
96.812622
96.741158
96.929274
96.865051
96.860321
96.516819
96.172349
96.103389
96.613887
95.813439
96.156845
96.292861
96.455517
96.381804
96.642487
96.457820
96.420574
96.323806
96.509326
96.421746
96.628423
96.453627
96.448210
96.336940
96.725356
96.734110
96.881358
96.731850
96.863055
96.463403
96.107018
96.134525
96.617584
95.749939
95.962541
95.819139
96.279342
96.240472
96.187430
96.290911
95.809480
96.744929
97.062560
97.061075
97.137200
96.411066
95.904714
96.033802
95.639199
95.605506
95.370641
95.676667
95.667719
96.082174
95.768148
95.790157
95.922482
95.779436
95.801087
96.146367
95.931955
95.882519
96.308352
96.035689
96.047396
96.371753
96.841267
96.772133
97.014139
96.853279
96.808884
96.618615
96.799272
96.471888
97.023158
96.284912
96.294878
96.660335
96.558480
96.582409
96.738006
96.398818
96.448698
96.304061
96.454173
96.411804
96.668353
96.464792
96.396561
96.431699
96.800398
96.736260
96.983921
96.830819
96.833539
96.138824
96.376485
96.446328
96.782084
96.159686
96.095839
96.601729
96.533236
96.790300
96.874212
96.659479
96.659667
95.810193
96.277329
96.387225
96.297587
96.463567
96.370730
96.230189
96.473768
96.454667
96.620524
96.514391
96.560936
96.424395
96.917309
96.821912
97.039388
96.950963
96.988987
96.610613
96.575567
96.599986
97.003326
96.260510
96.593139
96.464756
95.877535
95.794046
95.607102
92.467594
92.593352
93.021280
92.985094
92.932885
92.620220
92.770088
92.718121
92.853113
92.875237
92.883418
92.820810
92.858779
92.874694
92.882874
92.992322
93.336420
93.214070
93.307651
93.246255
92.610018
93.643335
93.623850
93.588044
93.618465
92.784022
94.434575
93.868139
93.589334
92.960031
92.865368
92.810371
92.497758
93.003717
93.021852
93.027416
93.167340
93.228147
93.325899
93.443588
93.423177
93.514408
93.459513
93.548675
93.712808
93.742391
93.773879
93.750459
93.747774
93.798382
93.855048
93.933539
93.924125
94.087799
94.010586
94.144849
93.992221
94.020787
94.070023
94.134917
94.198970
94.185327
94.041837
94.040115
94.026782
94.118701
94.262205
94.309447
94.084413
94.239857
94.305381
94.213187
94.233125
94.269835
93.915023
94.264779
94.289535
94.446656
94.199335
94.234440
93.563017
94.183994
94.158997
94.368740
94.219216
93.367280
94.308710
93.706982
93.418777
92.849231
92.704354
92.696507
92.280851
92.889478
92.823968
92.875149
93.007984
93.130446
93.169460
93.325007
93.322750
93.376368
93.388529
93.367063
93.496863
93.642498
93.625687
93.723427
93.601187
93.677080
93.741081
93.849045
93.756519
94.025623
93.850185
94.115183
93.866379
93.972988
93.868928
94.083620
94.112419
94.090258
93.863301
93.957394
93.954525
94.070027
94.128362
94.209420
93.976328
94.180439
94.272103
94.160791
94.183365
94.216091
93.895744
94.196411
94.168683
94.384496
94.061283
94.089806
93.346985
94.120817
94.066568
94.321443
94.014293
93.362365
94.238619
93.677207
93.462279
92.808982
92.691165
92.648001
92.228792
92.756264
92.754328
92.650323
92.959260
92.933368
93.049254
93.160742
93.141701
93.177320
93.216834
93.224312
93.360706
93.507906
93.423406
93.438622
93.532488
93.550270
93.567190
93.726820
93.657381
93.923707
93.847642
93.993838
93.809495
93.919585
93.855976
93.999722
94.008894
94.050443
93.859481
93.845652
94.002991
93.967550
94.157403
94.204156
93.912330
94.133869
94.212695
94.093117
94.075004
94.134844
93.821366
94.139646
94.115765
94.279337
93.933186
93.973752
93.340398
94.233103
94.265005
94.277134
93.934046
93.318141
94.340119
93.660589
93.437920
92.836106
92.688500
92.629367
92.286947
92.751937
92.808037
92.716090
92.967657
92.986157
93.119624
93.182805
93.206919
93.239686
93.244590
93.258933
93.441230
93.535813
93.481830
93.441238
93.511050
93.550174
93.677904
93.717178
93.699435
93.934201
93.930952
93.926871
93.917580
93.880642
93.862422
94.000116
94.045712
94.085205
93.916652
93.895430
93.987940
94.012726
94.156429
94.184752
93.947371
94.124406
94.311136
94.102279
94.279184
94.252614
93.867873
94.099805
94.132197
94.403828
94.014213
94.068528
93.432966
93.999990
94.040401
94.018270
94.027848
93.424932
94.598211
93.929457
93.717926
93.079041
92.970256
92.948019
92.645570
93.050286
93.061054
93.087422
93.282005
93.334897
93.475341
93.557706
93.551753
93.567309
93.578090
93.669015
93.775721
93.817581
93.829858
93.994525
93.870823
93.859265
93.988094
93.973188
93.942752
94.033869
93.923004
93.980726
94.081415
94.011209
93.990193
94.091351
94.008000
94.021448
94.161020
94.024708
94.135219
94.136271
94.198394
94.213574
94.207997
94.284572
94.293552
94.236983
94.253515
94.297864
94.176515
94.293640
94.271378
94.598786
94.182793
94.201567
93.710958
94.156856
94.164783
94.115305
94.154850
93.702934
94.534480
93.930394
93.800306
93.070042
93.046722
92.942281
92.751174
92.998241
92.973732
92.998031
93.026912
93.007776
92.895617
93.018601
93.068945
95.207153
94.951147
94.961298
95.043212
95.476428
95.488182
96.128224
95.781624
95.765771
95.938041
95.909575
95.898015
96.251333
96.029657
96.009258
96.173502
95.987894
95.978710
96.356647
96.040211
96.055614
96.271925
96.137805
96.123590
96.428737
96.134823
96.117347
96.267716
96.161068
96.175412
96.478344
96.082803
96.248862
96.218885
96.194326
96.420935
96.539725
96.150012
96.163792
95.857961
96.173341
96.138117
96.103635
96.179064
95.847857
96.114851
95.772624
95.650422
95.456353
95.200387
95.203094
95.126355
95.439702
95.415353
95.451724
95.775874
95.904989
96.095180
95.989297
95.992081
96.368806
96.043056
96.230627
96.282700
96.253448
96.181715
96.729058
96.297214
96.308752
96.459869
96.242106
96.226726
96.504005
96.213665
96.258579
96.373637
96.295887
96.225954
96.768742
96.266726
96.215585
96.450378
96.293756
96.235593
96.547081
96.223756
96.183566
96.372258
96.295782
96.275891
96.557669
96.142231
96.130215
96.259585
96.208363
96.222142
96.798340
96.256195
96.197248
95.941338
96.191051
96.158242
96.184098
96.172747
95.855866
96.281880
95.897155
95.766018
95.628583
95.323737
95.328007
95.265867
95.524848
95.493131
95.525853
95.748866
95.840879
96.063502
95.976040
95.987968
96.333570
96.030641
96.114396
96.269780
96.178992
96.198869
96.750283
96.318293
96.312680
96.468011
96.286769
96.253591
96.766308
96.270943
96.290832
96.397694
96.234824
96.208354
96.542435
96.258469
96.347724
96.430843
96.245401
96.217089
96.812318
96.193109
96.273504
96.406595
96.249008
96.248411
96.730750
96.078083
96.128684
96.269179
96.158945
96.125991
96.711971
96.056521
96.010641
95.946992
96.215328
96.220812
96.252189
96.257903
95.936523
96.387930
95.990987
95.881728
95.678384
95.362110
95.380415
95.428878
95.636140
95.558861
95.605539
95.779142
95.793040
96.013308
95.914098
95.842809
96.136914
96.078901
96.066385
96.175959
96.145197
96.148231
96.712980
96.205650
96.211677
96.358717
96.233562
96.239602
96.754161
96.202936
96.234442
96.464114
96.210536
96.297575
96.794676
96.332275
96.298136
96.411716
96.168997
96.267062
96.563173
96.232663
96.268371
96.361946
96.303466
96.213451
96.819877
96.164826
96.177529
96.305310
96.229291
96.168892
96.788335
96.002361
96.120405
95.866058
96.242459
96.229946
96.176299
96.158757
95.828762
96.103813
95.945597
95.795850
95.544993
95.325242
95.292830
95.283358
95.463094
95.515358
95.517540
95.749258
95.841740
95.933279
95.970110
95.960444
96.308774
96.089393
96.192654
96.297277
96.249842
96.283635
96.919007
96.250937
96.307479
96.414814
96.264248
96.279375
96.681922
96.254152
96.314915
96.388633
96.272819
96.252699
96.466135
96.192620
96.212887
96.354590
96.209449
96.235011
96.776723
96.207269
96.139348
96.299591
96.282254
96.258533
96.800348
96.184995
96.169570
96.275359
96.184377
96.245680
96.740131
96.076684
96.024418
95.958542
96.290196
96.271156
96.240396
96.237154
95.956309
96.435103
96.012648
95.911907
95.664057
95.436347
95.398940
95.389453
95.628041
95.633153
95.559269
95.943034
95.842507
96.026954
96.142027
96.047299
96.390453
96.107903
96.105431
96.224718
96.179488
96.205059
96.649953
96.221206
96.265014
96.430718
96.229786
96.297291
96.751769
96.281642
96.196960
96.404477
96.251550
96.194062
96.494302
96.211209
96.266259
96.425472
96.274430
96.190431
96.801457
96.218797
96.174120
96.401613
96.235753
96.234358
96.755091
96.036511
96.108184
96.239054
96.087891
96.144428
96.454533
95.971539
96.029641
95.866952
96.132088
96.223343
96.143964
96.190496
95.870663
96.386205
95.980241
95.897500
95.530281
95.328067
95.362343
95.364983
95.525416
95.563798
95.533676
95.849568
95.813881
96.006185
95.956122
95.959364
96.308433
96.002163
96.048871
96.254219
96.132464
96.183849
96.685752
96.231487
96.256237
96.399846
96.182015
96.265359
96.455355
96.116676
96.155536
96.371100
96.139360
96.193291
96.454891
96.220049
96.189739
96.415809
96.193176
96.172575
96.739007
96.125635
96.184697
96.295079
96.294498
96.213601
96.739275
96.099953
96.237607
96.322753
96.273746
96.207101
96.706961
96.028470
95.984467
95.938152
96.154454
96.179119
96.191494
96.160192
95.912327
96.439906
96.052728
95.934492
95.626912
95.447244
95.459865
95.365745
95.555154
95.532412
95.534018
95.743235
95.764414
95.995571
95.882814
95.890928
96.146531
96.054530
96.058170
96.161167
96.143476
96.212032
96.693638
96.247524
96.171524
96.303262
96.254257
96.185070
96.736674
96.219471
96.240245
96.319969
96.214557
96.237273
96.784936
96.305400
96.262130
96.306842
96.216000
96.203352
96.521418
96.223220
96.286160
96.312863
96.233204
96.191232
96.756132
96.172752
96.066432
96.202935
96.149308
96.115208
96.730365
95.975711
96.186071
95.871081
96.183562
96.190890
96.138686
96.156751
95.862586
96.206352
95.885919
95.755423
95.539048
95.325540
95.205554
95.215902
95.489145
95.508228
95.483466
95.721569
95.767994
96.026017
95.960143
96.032840
96.323131
96.034896
96.176046
96.220649
96.163445
96.221232
96.709212
96.221479
96.233544
96.343415
96.274517
96.232624
96.728200
96.288982
96.240234
96.346078
96.102855
96.159993
96.499138
96.290751
96.252586
96.333317
96.202203
96.110383
96.744150
96.141529
96.217116
96.337128
96.275584
96.214095
96.763163
96.084179
96.105941
96.172575
96.135479
96.163139
96.715278
95.933045
95.858241
95.691715
96.079570
96.079691
96.083603
96.033779
95.751590
96.211179
95.899113
95.722417
95.498844
95.106380
95.086870
94.931085
95.457786
95.422191
95.379242
95.736642
95.690321
95.982473
95.957085
95.996189
96.317366
96.049509
96.131175
96.242706
96.163049
96.260585
96.716825
96.264274
96.266216
96.403699
96.333690
96.259459
96.751854
96.248378
96.266530
96.379482
96.164346
96.125708
96.450767
96.218007
96.174481
96.282282
96.206308
96.177374
96.690329
96.141917
96.222041
96.270773
96.199411
96.151550
96.766838
96.038605
96.048749
96.168781
96.135254
96.057777
96.724265
95.929206
95.855710
95.731638
96.095836
96.072729
96.071291
95.994101
95.673311
96.341630
95.951693
95.889167
95.580752
95.290615
95.213350
95.162039
95.516738
95.521474
95.512769
95.756525
95.816677
96.048445
95.994105
96.055106
96.367201
96.079534
96.066762
96.223210
96.269987
96.225586
96.724269
96.289294
96.254331
96.455865
96.262942
96.252905
96.468781
96.252897
96.237346
96.388802
96.170778
96.115628
96.780757
96.160163
96.136894
96.303602
96.169869
96.212774
96.725529
96.110286
96.074268
96.224806
96.167294
96.083673
96.177700
95.931651
95.998518
96.071617
96.085307
96.243249
96.436666
96.132056
96.049274
95.592322
96.076260
96.050390
96.070037
96.033093
95.605373
96.127603
95.778478
95.698126
95.427872
95.168374
95.532329
95.091465
95.456362
95.487776
95.489740
95.910517
95.864870
95.885940
95.951474
95.885254
96.271707
95.980399
95.993016
96.084631
96.161945
96.153924
96.702818
96.267374
96.372194
96.285144
96.285402
96.224025
96.729529
96.458823
96.433900
96.131416
96.030918
96.052203
96.396677
96.135592
96.191528
96.309658
96.207222
96.029112
96.350718
96.077576
96.042131
96.276961
96.171712
96.185594
96.411967
95.982697
95.950746
96.024739
96.009913
96.243960
96.475683
96.190080
96.168970
95.639152
96.091314
96.029984
96.071656
96.073394
95.753402
96.173384
95.901846
95.833331
95.554739
95.261359
95.212166
95.121772
95.458966
95.407140
95.418922
95.699982
95.687919
95.985198
95.860446
95.943895
96.320160
96.057048
96.032662
96.182276
96.184522
96.159701
96.685216
96.252875
96.202710
96.286729
96.141847
96.146547
96.681671
96.121847
96.132327
96.229045
96.103397
96.105000
96.823048
96.108417
96.223185
96.601003
96.304759
96.384318
96.763404
96.223109
96.201089
96.310198
96.108534
96.104733
96.104253
95.882615
95.896632
95.912893
96.072385
96.101581
96.223486
96.052177
96.097097
95.558432
96.107528
96.094334
96.003958
96.050091
95.635329
96.160296
95.825116
95.742733
95.509958
95.196032
95.180118
95.044818
95.373616
95.349742
95.343581
95.635316
95.658717
95.818968
95.888353
95.909397
96.280864
96.020867
95.978658
96.003193
96.259457
96.181197
96.704899
96.228446
96.238481
96.356528
96.264315
96.267668
96.428063
96.173182
96.205945
96.256353
96.113443
96.134357
96.482796
96.117319
96.249386
96.311635
96.251088
96.191785
96.802909
96.123179
96.125555
96.309339
96.255221
96.270860
96.411029
96.027591
96.091851
96.191228
96.070780
96.089774
96.433552
96.135300
96.079272
95.760230
96.102767
96.072687
96.044723
96.146287
95.749372
96.182022
95.854983
95.723474
95.563720
95.205160
95.181377
95.079865
95.427784
95.404119
95.395901
95.632572
95.663786
95.943676
95.885952
95.857743
96.234298
95.980304
95.973472
96.146058
96.151317
96.130092
96.586270
96.152189
96.209434
96.288237
96.085739
96.136279
96.321511
96.071916
96.034153
96.214680
96.215092
96.144134
96.663374
96.065746
96.088126
96.130866
96.035537
95.999726
96.114227
95.972156
96.021397
96.055845
95.953153
95.994284
96.380511
95.989079
96.100134
96.064423
96.066591
95.975330
96.646443
96.055172
96.151547
95.674980
96.169414
96.130083
96.056549
96.116802
95.645492
96.163150
95.860873
95.613499
95.421181
95.156738
95.052018
94.918986
95.366234
95.316948
95.264178
95.639962
95.663752
95.888513
95.924112
95.972812
96.318465
96.019802
96.067520
96.147600
96.194109
96.179487
96.707737
96.245679
96.275220
96.322685
96.169326
96.205851
96.499172
96.249201
96.212674
96.250169
96.249249
96.118144
96.773924
96.237186
96.255852
96.395874
96.197847
96.342900
96.770939
96.223725
96.145502
96.225250
96.085296
96.098392
96.305121
95.955898
95.965875
95.948852
96.246850
96.208326
96.325940
96.169540
96.139750
95.570405
96.241982
96.326329
96.259960
96.306154
95.833693
96.240214
95.835894
95.735709
95.540995
95.274504
95.312099
95.175219
95.452482
95.508883
95.509228
95.748018
95.766494
96.046144
96.081264
96.066123
96.513502
96.060667
96.228904
96.222048
96.258276
96.168377
96.749072
96.313909
96.273645
96.200991
96.137533
96.127774
96.731571
96.176610
96.249822
96.402710
96.208836
96.178080
96.525789
96.138069
96.146983
96.250602
96.227576
96.151232
96.494945
96.114082
96.117819
96.096723
96.192212
96.122527
96.474957
96.230809
96.171143
96.147392
96.250248
96.204313
96.762959
95.983272
96.288327
95.792904
96.360442
96.350009
96.203055
96.304290
95.753920
96.172004
95.750320
95.590662
95.420286
95.151466
95.075080
94.819505
95.263068
95.279781
95.204206
95.444177
95.463311
95.716602
95.776503
95.871817
96.182560
95.969732
95.943519
95.808516
96.079358
96.000147
96.606099
96.008199
96.111540
96.030307
95.940389
96.077155
96.321797
96.042689
96.078352
95.913074
95.902462
95.707293
96.185461
95.817649
95.819744
95.725471
95.746864
95.865233
96.229865
95.871222
95.865045
95.844777
95.899200
95.753785
96.105159
95.727009
95.836904
95.582478
95.692556
95.677497
96.349020
95.354955
95.564283
94.966370
95.569175
95.483977
95.503935
95.486166
94.827417
95.536125
95.235182
95.011396
94.891805
94.585201
94.536005
94.060860
94.596929
94.606517
94.609150
94.822075
94.947400
95.024857
95.186744
95.162136
95.471576
95.190807
95.452976
95.248039
95.610569
95.600512
96.197309
95.717968
95.620756
95.495252
95.495993
95.423824
95.631953
95.513588
95.609792
95.386975
95.611328
95.493902
95.911537
95.398336
95.622608
95.504709
95.569528
95.642640
95.987140
95.635706
95.622926
95.528651
95.728944
95.704561
96.033478
95.593077
95.581162
95.422190
95.656592
95.710809
96.071586
95.587383
95.702664
95.066586
95.754869
95.721603
95.573237
95.694989
95.051834
95.559943
95.178050
95.024640
94.943642
94.536708
94.528514
94.218799
94.672867
94.620001
94.595411
94.897876
94.947502
95.115497
95.177076
95.097132
95.440893
95.200760
95.543380
95.249796
95.579021
95.498992
96.178887
95.644982
95.525815
95.497183
95.430377
95.388404
95.573619
95.514385
95.674766
95.433327
95.538561
95.477513
95.935799
95.377857
95.551440
95.556109
95.561413
95.487443
95.901129
95.543330
95.507045
95.467992
95.571772
95.488155
95.922429
95.424992
95.461474
95.296902
95.460517
95.534184
95.979080
95.481957
95.450716
94.799704
95.456118
95.380895
95.376959
95.399759
94.854335
95.480998
95.018242
94.862538
94.784617
94.446847
94.441855
93.988671
94.565418
94.560290
94.519054
94.748755
94.778648
94.851164
95.078359
95.067055
95.392102
95.063098
95.368480
95.186226
95.515326
95.496015
96.165322
95.582041
95.442694
95.402252
95.386558
95.278664
95.451465
95.370019
95.547974
95.269654
95.524219
95.357211
96.163948
95.326628
95.498920
95.320438
95.527675
95.475229
95.624860
95.452684
95.429977
95.357570
95.458050
95.429911
95.951778
95.316569
95.390076
95.196290
95.342842
95.430084
95.872604
95.442553
95.507977
94.782186
95.404094
95.337997
95.342833
95.280971
94.762067
95.397781
94.934141
94.833285
94.616916
94.309675
94.278383
93.838788
94.401076
94.437614
94.453890
94.721912
94.746834
94.842437
95.030989
94.937913
95.298688
95.046679
95.154533
95.113624
95.634967
95.643282
96.181277
95.631392
95.562055
95.411127
95.444444
95.372074
95.584867
95.374090
95.536679
95.235633
95.503208
95.482742
95.819901
95.456239
95.397599
95.177354
95.419960
95.373251
95.735335
95.332362
95.319984
94.966150
95.176932
95.264052
95.739181
95.238173
95.219470
94.797267
95.283103
95.183161
95.613260
95.078656
95.221251
94.391649
95.257706
95.174094
95.132726
95.148926
94.433433
95.128728
94.434871
94.370873
94.191386
93.861335
93.926292
93.359910
94.071738
94.005703
93.894103
94.191418
94.269290
94.401881
94.810239
94.789380
95.049518
94.761357
95.008878
94.618087
95.110684
95.090770
95.580468
95.133005
95.136404
94.864863
95.174731
95.217721
95.631220
95.265897
95.296369
95.049149
95.298295
95.219001
95.628254
95.203672
95.249898
94.927625
95.245864
95.244897
95.699958
95.173451
95.224855
94.792084
95.254474
95.301360
95.756124
95.187650
95.331757
94.816179
95.416108
86.367919
87.134995
86.090274
87.208234
84.867206
87.013151
87.735415
88.034898
88.318832
88.800354
