93.346566
92.248106
90.953402
91.585121
89.783247
90.119458
89.061525
90.896102
91.023744
90.828510
91.237189
91.443687
91.528157
91.540414
91.426524
92.262965
91.473331
91.653519
92.043289
91.597447
91.424306
92.374743
91.471615
91.650245
92.062413
91.134384
90.865134
91.727991
91.477856
91.681672
91.833192
91.031937
90.861841
91.717583
90.707877
91.576733
91.941313
91.069675
90.781859
91.646389
90.796938
91.612647
91.763624
90.898273
90.651781
91.491170
90.608628
91.476069
91.496636
90.794477
90.567455
91.423703
90.340605
90.109492
89.857019
90.747113
90.718836
90.679943
89.843349
89.197783
93.098595
91.456854
90.854001
91.342522
90.201735
89.963229
89.082721
89.838198
89.881109
89.930839
90.149863
90.723660
91.546724
91.434970
91.286075
92.114066
91.257906
91.526603
91.671632
91.371679
91.241251
92.228356
91.366199
91.557180
91.879987
91.086000
90.813743
92.304926
90.952806
91.705157
91.942995
91.622641
90.873289
92.408770
91.103499
91.331517
92.337508
91.923628
91.801148
92.464825
91.079248
91.352836
92.330983
91.852159
91.670253
91.826181
90.910836
91.077786
91.717811
91.389754
91.247300
92.251910
90.548065
90.337812
90.264223
91.018505
91.146006
91.013756
91.518262
90.574118
93.629981
91.773149
90.748682
92.337870
90.469189
90.212439
90.226793
91.134623
91.231705
91.155736
91.501910
91.876701
92.443419
91.867515
91.731449
92.472742
91.853448
91.917802
92.679601
91.992891
91.970880
92.632111
92.046627
92.249313
92.886915
91.769332
91.679796
92.866843
92.176678
92.370104
92.978988
92.339385
91.700107
92.923499
92.333109
92.507538
93.075570
92.492695
91.776746
92.969148
92.164927
92.391749
93.027190
92.000538
91.780718
92.970716
91.807771
92.493064
92.926952
92.831983
92.338334
94.069113
91.816392
91.739691
92.090371
92.645169
92.693498
92.452143
92.947141
92.360481
94.065374
92.453890
91.880338
92.258069
91.324257
91.032016
90.578965
91.005830
91.106783
91.114901
91.466148
91.821640
92.701460
92.453109
92.397466
93.021125
92.530179
92.778110
93.262178
93.054957
92.983065
93.739976
92.634332
92.831822
93.551125
92.930706
92.634167
93.060668
92.337502
92.594552
92.928113
92.542667
92.498742
93.113880
92.581318
92.716526
93.312425
92.736255
92.618531
93.232445
92.691584
92.834459
93.309339
92.831496
92.595149
93.221364
92.726017
93.156222
93.388605
92.960385
93.088346
93.801247
93.086906
93.003084
92.300758
92.907431
92.930664
92.524856
93.072059
92.414229
93.817124
92.240776
91.856734
92.162006
91.181996
91.110205
90.614279
91.004575
91.254090
91.097486
91.494429
92.069794
92.790382
92.890350
92.814255
93.566131
92.947778
92.974174
93.184013
92.693811
92.592247
93.156144
92.672618
93.158595
93.300632
92.737125
92.644153
93.806679
92.800008
92.968848
93.533840
92.725156
92.622575
93.235492
92.817542
92.890326
93.483790
92.898350
92.678365
93.251924
93.071741
92.860611
93.403516
92.853579
92.402586
93.294781
93.097045
93.835655
93.517979
93.006167
93.229410
94.470966
93.495677
93.733139
92.610773
93.166529
93.550127
93.254401
93.738489
92.991382
93.947758
92.530088
92.198073
92.358035
91.456662
91.371523
90.951184
91.530189
91.710885
91.663929
92.068587
92.146615
93.100194
93.064864
92.906734
93.601025
93.055555
93.239378
93.298295
93.264642
93.675857
93.873989
93.295855
93.260184
93.788200
93.045592
93.288060
94.063515
93.484805
93.573602
93.840274
93.093093
92.969664
93.524915
92.894322
93.413868
93.571082
93.364213
92.854148
94.048357
93.196023
93.420897
94.231035
93.553611
92.971104
93.921028
93.203741
93.851678
93.972972
93.138425
93.091584
93.872411
93.544650
93.660140
92.885601
93.459745
93.870061
93.231113
93.843920
93.334450
94.470282
93.097803
92.241010
92.557257
91.892471
91.730387
91.189481
91.687841
91.706123
91.642390
92.386158
92.800788
92.970873
92.573436
92.526602
93.117697
92.779524
93.276597
93.584795
93.751250
93.707930
94.481721
93.494135
93.268527
94.113483
93.469902
93.682026
93.550544
93.752087
93.490671
93.888601
93.292093
93.099410
93.630949
93.398515
93.409579
93.606680
93.431369
93.054105
94.602088
93.617629
93.926675
93.791515
93.140423
93.271309
94.099830
94.032553
94.215279
93.978643
93.203653
93.813866
94.606360
93.978482
93.834043
93.203038
93.973889
93.906869
93.665069
94.012822
93.423151
94.259302
93.010067
92.422379
92.921575
92.173476
92.168309
92.002321
92.586610
92.648333
92.734413
92.994600
93.022332
93.396518
93.572655
93.535745
94.186804
93.775891
93.970363
94.156508
93.797824
93.861454
94.353562
93.880976
94.025175
94.425402
93.787968
93.609292
94.605018
93.733927
94.166174
94.665429
94.261124
93.794626
95.155132
93.965897
94.046747
94.862854
94.024949
93.903783
94.818577
94.470527
94.386272
94.757538
93.791670
93.630580
94.632656
93.907282
93.999129
94.541323
94.233020
94.153383
95.061505
93.954446
94.285258
94.043927
94.427953
94.276518
94.075688
94.673537
94.170400
94.611271
93.696120
93.481173
93.702563
93.025733
93.071227
92.513846
93.155954
93.209985
93.132296
93.299417
93.610585
94.050305
94.497340
94.471849
95.088950
94.533208
94.322239
94.637398
93.981361
93.781941
94.187246
94.109265
94.569922
94.294953
94.153626
93.800039
95.006100
94.035511
94.068167
94.742933
94.835249
94.798720
94.901658
94.414791
94.264953
94.810477
94.424501
94.277343
94.393071
94.432787
94.648817
94.703511
94.194201
94.057923
94.885389
94.646127
94.881367
94.710835
94.554081
94.312355
95.984981
94.476456
94.941731
94.333534
95.009988
94.645033
94.951255
94.837236
94.518440
95.269030
94.417423
94.075131
94.255423
93.628200
93.585780
93.354289
93.739292
93.731502
93.634148
93.976582
94.204215
94.640078
95.039060
94.899623
95.558480
94.931008
94.682840
95.028379
95.112739
95.078805
95.658668
95.220824
95.266981
95.197957
94.827335
95.091347
95.136253
95.089788
95.175486
94.998262
94.915630
94.367034
95.151448
94.463536
94.836709
95.229934
94.971810
94.766815
95.476613
94.671384
94.889064
95.295196
95.053913
95.062707
95.239843
94.838279
94.884579
95.212178
95.071203
95.009909
94.997266
94.718534
94.861158
94.257539
94.656766
94.908624
94.900946
95.277259
94.298372
95.187225
94.376642
93.942354
94.523313
93.378708
93.860178
92.987622
93.716910
93.906975
93.802211
93.962226
94.081777
94.326572
94.218842
94.179413
94.657382
94.394094
94.564803
94.676104
95.200206
95.183575
95.698504
95.004324
94.733645
95.122476
94.712162
94.934850
94.726955
94.904450
94.815209
94.744749
94.889465
94.881336
95.394296
94.938619
95.055463
94.802643
94.756538
95.323394
95.856112
95.287925
95.105607
95.277112
94.631570
94.495576
94.718463
94.612796
94.779730
94.443300
94.650354
94.897218
95.156253
94.886518
94.849788
93.981326
94.801188
95.008945
95.003452
94.930910
94.201231
94.775571
94.082047
93.695623
94.045637
93.395481
93.260822
92.818484
93.471746
93.505215
93.556776
93.785501
94.071697
94.411459
94.795852
94.653410
95.268284
94.670011
94.497500
94.690617
94.518044
94.524033
94.864404
94.767575
94.925635
94.514171
94.553980
94.547182
95.361679
94.544305
94.909385
94.601513
94.821501
94.306734
95.536259
94.088193
94.293534
94.664620
94.639759
94.542448
94.516669
94.444423
94.135861
94.108210
93.605683
93.385459
93.966890
93.606512
93.930972
93.649253
93.897579
93.899160
94.387174
94.087374
94.232451
93.285393
94.056855
94.176809
94.516720
94.426307
93.647642
94.503568
93.799284
93.545939
93.650751
93.294399
93.203220
92.490076
93.348804
93.446411
93.409704
93.852914
93.946269
94.009828
94.628297
94.589694
95.235759
94.662510
94.797784
94.380080
94.428207
94.415306
94.894049
94.390854
94.902422
94.436728
94.995464
94.400804
95.730510
94.077752
94.377008
94.658394
94.765986
94.737104
94.781768
94.518623
94.249604
94.571539
94.879101
94.827615
94.993771
94.595330
94.659403
94.348865
94.905675
94.790223
94.924043
94.535782
94.275406
94.198030
95.128377
94.977749
95.332830
94.760282
94.281827
93.762268
94.217267
94.444597
94.015221
94.397448
93.310099
94.806246
94.542707
93.567245
94.694528
94.052690
94.180256
93.192096
94.328866
94.216956
94.363101
94.310221
94.376790
94.147783
94.376884
94.683776
95.239665
94.465153
94.479456
94.228073
94.535609
94.501005
94.996235
94.447474
94.639046
94.328010
94.538698
94.703952
95.026458
94.614306
94.662287
94.734430
94.999716
94.893227
95.351513
94.004637
94.135491
94.297314
94.540837
94.280146
94.194554
94.185872
94.139481
94.024306
94.322842
94.427675
94.733766
94.132712
94.348566
94.059463
94.679433
94.568210
95.108745
94.169852
94.409497
93.642726
94.307533
94.225882
94.355595
93.998372
93.459367
95.033823
95.087166
95.031737
95.866655
94.336863
94.525180
94.073466
94.427066
94.465702
94.236007
94.461978
94.432593
94.389370
94.496168
94.458712
94.748273
94.283184
94.457664
94.413956
94.618404
94.611883
95.096896
94.440533
94.484867
94.236339
94.270821
94.243699
94.881036
94.261342
94.508236
94.262084
94.490721
94.375479
95.161075
94.781651
95.073252
94.981725
94.769990
94.873461
95.739525
94.930993
95.111020
95.291535
94.394264
94.954684
95.211164
94.626617
94.815157
94.956993
94.983163
94.989297
95.285310
94.577131
94.766038
94.027309
94.688671
94.555486
94.722362
94.345821
93.839038
94.776720
94.409552
94.224163
95.059687
94.066096
94.595252
93.469505
94.458855
93.560745
94.764004
93.632477
94.103555
94.742745
94.534669
94.552230
94.893754
94.351064
94.365282
94.495103
94.268244
94.402191
94.874816
94.203689
94.612330
94.628297
95.415913
95.462179
95.887992
95.667015
95.882666
95.272400
94.576699
94.349763
95.577118
94.840587
95.313350
95.232354
95.273364
95.304738
95.543830
95.172741
95.449346
95.318808
95.728021
95.674528
96.051792
95.666222
95.394724
95.446708
94.760040
94.714665
95.001043
94.503229
94.696143
94.374773
94.536692
95.084998
94.520528
94.810761
94.194513
95.778770
95.676403
95.036661
96.008431
94.225346
94.488256
94.705338
95.152237
95.251779
95.333735
95.259696
95.399537
95.326851
95.369261
95.451143
95.918699
95.493782
95.662261
95.645746
96.141092
96.134547
96.446918
96.111172
95.830066
96.056445
95.005161
95.578615
95.240608
96.179784
96.202609
96.209094
96.237191
95.273522
96.431154
94.892941
95.243228
95.981068
95.604002
95.455062
95.553629
95.481316
95.608875
95.652585
95.694987
95.377843
95.993970
95.467763
95.674167
95.489027
96.204141
95.917055
96.245084
96.777247
96.297082
94.642412
94.629170
94.649780
94.934318
94.868978
94.479240
96.320785
96.273503
95.655353
95.793273
95.396837
95.525215
94.650959
94.300790
94.488408
94.317303
93.934238
94.099452
94.158516
93.982221
94.314235
95.124257
94.539885
93.986826
94.183979
94.032129
94.084703
94.470363
94.114288
94.150279
94.413247
94.637632
94.612652
94.964058
94.707413
94.733001
94.439695
93.872886
93.672234
94.569915
93.995267
94.585454
94.272987
94.329636
94.332148
94.847844
94.545826
94.431916
93.225510
92.925149
92.724447
92.775313
93.479075
93.565837
94.273048
94.003795
93.625384
94.026608
93.088054
93.044962
92.889832
93.187763
93.911708
93.091308
93.342186
92.958496
95.741002
95.130658
95.066131
94.545582
94.530047
94.490277
94.183933
94.337910
94.239327
94.335217
94.405007
94.439389
94.689175
94.428428
94.355817
94.444882
94.569315
94.670401
95.410985
94.734314
94.584956
94.467560
94.655284
94.869298
95.212499
94.889348
94.837268
94.777920
94.890140
94.817079
95.188604
94.933498
95.007811
94.869951
95.055688
95.043926
95.335320
95.031500
95.087250
94.909987
95.149286
95.101526
95.376716
95.065654
95.078793
95.050918
95.469924
95.330485
95.317223
95.136319
95.092066
95.464521
95.031872
95.266341
94.747486
94.936110
94.968238
94.918789
94.927095
94.967620
95.642744
95.127804
94.912995
94.337300
94.253319
94.332095
94.189282
94.250050
94.287233
94.318467
94.416727
94.356530
94.641772
94.497238
94.444669
94.477891
94.566600
94.549767
94.823865
94.664435
94.546738
94.544949
94.733951
94.696675
95.030791
94.889802
94.864726
94.693504
94.866339
94.858579
95.212673
94.972329
94.890195
95.043407
95.059522
95.026844
95.381715
95.017447
95.074409
94.940474
95.173304
95.153501
95.456483
95.233969
95.145122
95.044233
95.057429
95.127174
95.295984
95.030646
95.113384
95.414279
94.885057
94.900493
94.773459
94.806924
94.766666
94.840088
94.818296
94.836633
95.659064
94.933676
94.895740
94.315524
94.305517
94.224278
94.186642
94.364266
94.387294
94.314203
94.403684
94.456652
94.596253
94.571702
94.562913
94.510649
94.699373
94.655618
94.906022
94.743750
94.953164
94.799412
94.861997
95.997480
94.839141
94.735880
94.745890
94.601654
94.992285
95.287466
95.497700
95.331858
95.469031
95.283646
95.070609
95.145405
95.605162
95.298392
95.428172
95.219537
95.359122
95.366691
95.622778
95.213568
95.153349
95.006174
95.832426
95.791404
95.280008
95.119351
95.078543
95.489771
94.976721
94.905597
94.844506
94.956594
94.970282
94.916109
94.885867
94.877419
95.703080
95.214268
94.922693
94.318413
94.295400
94.846380
94.444089
94.630765
94.349638
94.267737
94.339153
94.403489
94.533846
94.507175
94.429625
94.306988
94.496379
94.517702
94.745675
94.623152
94.707707
94.600959
95.078658
94.743277
95.012391
95.053653
95.022296
95.532654
95.378624
95.321623
95.244401
94.816350
94.977672
94.949690
95.017672
95.285610
95.511076
95.276066
95.228831
95.069639
95.282556
95.177864
95.360395
95.202721
95.193342
94.976093
95.141479
95.134785
95.301000
95.132760
95.200358
95.515137
95.246173
94.925913
94.925990
94.906164
95.414628
95.793050
95.118222
94.886579
95.674949
95.143624
94.907324
94.214569
94.243390
94.206387
94.134893
94.358717
94.310732
94.318385
94.420185
94.469933
94.581331
94.500856
94.421718
94.368168
94.476958
94.464200
94.858555
95.110063
94.704803
94.546521
94.605057
94.711115
95.019988
94.752659
94.926202
94.732702
94.844975
94.846182
95.216151
94.859452
94.952615
94.839862
94.998382
95.071627
95.321330
95.018692
95.151405
94.914416
95.070045
95.128199
95.321964
95.036938
95.023052
95.300101
95.031294
94.962252
95.258215
95.016528
94.992446
95.350833
94.864699
94.790932
94.817442
94.869313
94.876680
94.835441
94.804951
94.799919
95.703813
95.023053
94.937631
94.284476
94.270491
94.322646
94.395398
94.346470
94.333884
94.347305
94.251699
94.225487
94.337660
94.348508
94.242621
94.354127
94.300876
94.297467
94.306948
94.384676
94.607860
92.647121
93.564906
94.283800
93.245641
95.393672
95.402275
94.611136
95.580164
95.554009
95.380820
95.960433
95.937799
96.253553
95.916941
96.008353
95.730244
95.944215
95.538319
96.522295
95.776818
96.122620
96.192491
96.186034
96.245266
96.955969
96.147910
96.065049
96.193435
95.680263
96.011378
96.860931
96.060003
96.215835
96.096365
96.176515
96.040925
96.835988
96.010186
96.289334
96.316446
96.513840
96.084102
96.861623
96.259413
96.361831
95.706357
95.196781
95.185631
95.602300
95.747404
95.832542
95.938927
96.264471
95.822825
96.160411
95.749524
95.853822
95.985750
96.290007
96.391533
96.618025
96.517085
96.444028
96.138636
95.498385
95.531070
95.894628
96.863476
95.919801
95.891753
95.791111
95.826917
96.368782
96.261206
96.454057
96.489445
96.059434
95.498794
96.321922
95.987477
96.098058
96.213720
96.228959
96.374893
96.939706
96.337878
96.444604
96.317563
96.049698
95.932995
97.242478
96.544728
95.980221
95.725465
96.434328
96.374768
96.719437
96.328511
95.791915
96.078030
95.625187
95.396166
96.162280
95.585156
95.859423
95.300101
95.904154
95.820126
95.817252
96.628634
96.083547
95.926441
96.288575
96.264929
96.533459
96.453318
96.348521
96.083666
95.809661
95.717919
95.796855
95.875527
95.985385
95.962023
95.897955
95.868578
96.302949
96.066449
96.048258
96.117087
96.188709
96.067336
96.658169
96.152013
96.252269
96.346297
96.119178
96.171728
96.631897
96.127596
96.220618
96.310139
95.897277
95.810089
96.430928
95.850645
95.944634
96.309902
95.874263
95.665031
96.263542
95.868759
96.150675
95.938498
96.263166
96.230031
96.549584
96.387782
96.190514
96.146914
95.915300
95.914834
96.089372
95.769684
96.241945
95.601641
96.266855
96.366869
96.279975
96.311957
96.088251
96.272984
95.583690
96.006566
95.795887
96.063453
95.950721
95.928942
96.017608
95.979317
96.277810
96.188120
96.211501
96.195269
96.392579
96.301847
96.606322
96.131253
96.251760
96.313590
96.551468
96.443145
96.274629
96.565899
96.034587
96.301825
95.938713
95.791861
96.376707
96.175787
96.318446
96.217312
96.088257
96.024645
96.632815
96.178969
96.330005
96.321256
96.304018
96.357956
96.891940
95.875747
96.231871
96.145344
96.713645
96.433587
96.501374
96.430909
96.383199
96.383996
95.971121
95.936770
96.117381
95.759832
95.797738
95.452944
95.761558
95.763184
95.874836
95.977295
95.938507
96.165992
96.412840
96.382816
96.622102
96.540225
96.503861
96.443290
96.172425
96.125345
96.348033
96.084129
96.190637
96.174296
96.164084
96.000474
96.277723
96.149119
96.162082
96.172871
96.429765
96.384134
96.673384
96.449236
96.579645
96.325918
95.635253
95.602346
96.379430
95.632407
96.132808
96.031914
96.215783
95.956719
96.172198
96.008973
96.127553
96.154287
96.592047
96.515027
96.712984
96.430277
96.461984
95.840749
95.625170
96.138223
96.133530
96.361480
96.137554
96.669508
96.620155
96.394620
96.710142
95.347422
95.396138
95.631991
95.604838
95.919844
96.087828
95.680553
95.359136
95.758684
95.549093
95.544330
95.738938
95.597058
96.138969
95.809700
95.849100
96.020100
96.132977
96.302858
96.234171
96.084811
95.987994
95.711439
96.490654
95.890221
96.456328
96.310158
96.673731
96.498343
96.620167
96.123749
95.876034
96.316782
95.792196
95.950382
95.441217
95.458174
95.803971
95.872295
96.284893
96.324190
96.191677
96.345635
96.317425
96.052804
96.168646
96.189913
96.473477
96.222210
96.274687
95.716501
96.222558
96.173768
96.423448
96.293209
95.987833
96.535715
95.832565
95.653938
95.762392
95.506475
95.472009
95.425419
95.501974
95.486615
95.505884
95.608033
96.126182
96.056891
96.378719
96.361753
96.638260
96.446227
96.452418
96.226952
96.056530
95.987697
96.293837
96.100929
96.836950
96.401601
96.458246
96.383708
96.670536
95.891818
95.961453
96.469344
95.901261
95.755713
95.978599
95.753556
95.691200
96.022083
95.764609
95.701506
95.841632
95.703699
95.977160
96.063798
95.893460
96.123082
96.276479
96.211443
96.331598
96.109611
96.155803
96.207889
96.393857
96.280916
96.197371
95.905318
96.246499
96.185894
96.293352
96.425469
96.095595
96.491558
96.058723
95.964152
96.239191
95.682783
95.904723
95.532101
95.830659
95.805833
95.738469
95.977275
95.872297
96.057308
95.965715
96.017664
96.288892
95.965850
96.031870
96.201347
96.304211
96.360227
96.639442
96.422993
96.381773
96.286413
96.115075
96.102873
96.045691
96.464377
96.456133
96.692276
96.004773
96.128390
96.366256
95.937261
96.040742
96.302555
96.187606
96.210558
96.518585
96.033004
96.039369
96.307530
96.090446
95.996774
96.321588
96.083024
96.226036
96.227909
96.427289
96.376014
96.685721
96.486092
96.435121
95.953572
96.206393
96.284720
96.410648
96.458648
96.184574
96.459058
96.044170
95.659891
96.151749
95.530344
95.810189
95.475440
95.887454
95.927118
95.898302
95.993772
96.179850
96.215145
96.457775
96.408974
96.651235
96.521799
96.257762
96.390301
96.210074
96.124538
96.425532
96.153647
96.216512
96.219208
96.157094
96.414075
96.358202
96.470692
96.438475
96.176856
95.488308
95.375746
95.266334
91.612733
91.764882
92.558562
91.947641
91.805676
91.413782
91.284752
91.340472
91.370482
91.228859
91.235286
91.360221
91.280200
91.363841
91.479381
91.624663
91.691673
91.597400
91.713532
91.614638
91.224595
91.862157
91.841649
91.847467
91.836741
91.420951
93.790526
92.917506
92.492671
91.993665
91.764833
91.679106
91.549596
91.634930
91.630657
91.729838
91.689964
91.840591
91.991672
91.927652
91.926854
92.146402
91.908542
92.068065
92.318947
92.233356
92.184649
92.360569
92.083657
92.418123
92.367648
92.554084
92.550595
92.672611
92.574189
92.563686
92.533807
92.797806
92.850764
92.690041
92.888863
92.889222
92.872577
93.104640
93.106259
92.929384
93.059897
93.158893
93.027052
93.228869
93.250904
93.414035
93.186363
93.126324
92.844668
93.182531
93.223770
93.363114
93.157955
93.204307
92.733785
93.152798
93.093380
93.050925
93.130103
92.571949
93.942170
92.878478
92.425079
92.056254
91.796961
91.803426
91.624316
91.761002
91.870628
91.863662
91.931766
92.080974
92.217867
92.170494
92.100136
92.306255
92.176320
92.130257
92.338642
92.404856
92.426951
92.585763
92.413660
92.450448
92.638015
92.685572
92.590734
92.746112
92.692946
92.750085
92.785260
92.945531
92.909066
93.055278
93.174547
93.151425
93.059418
93.194663
93.351662
93.116797
93.331993
93.350384
93.252145
93.445716
93.515863
93.468049
93.381052
93.384258
93.139257
93.431392
93.360913
93.489560
93.339918
93.343945
92.814510
93.369210
93.312787
93.325514
93.226819
92.841859
93.876665
92.893573
92.565035
92.064361
91.763692
91.736357
91.462068
91.688405
91.686827
91.607167
91.794564
91.938567
92.007324
91.999841
92.037200
92.097061
92.036697
92.052499
92.167467
92.295244
92.189613
92.281171
92.291666
92.330426
92.369961
92.471372
92.464805
92.646902
92.610989
92.633032
92.670926
92.872386
92.967426
92.837334
93.014754
93.024613
92.984518
93.086760
93.211671
92.926077
93.252583
93.285518
93.105115
93.387729
93.362128
93.340518
93.260675
93.310335
93.093914
93.302000
93.283689
93.332105
93.201205
93.209606
92.831516
93.208680
93.233045
93.184419
93.175309
92.838726
93.979787
92.983700
92.638977
92.186914
91.924111
91.881876
91.585871
91.768446
91.845277
91.814338
91.873427
91.999223
92.098558
92.011538
92.049023
92.224802
91.979082
91.999037
92.204871
92.312961
92.245091
92.346502
92.300078
92.325053
92.505071
92.532786
92.507281
92.656424
92.575631
92.726973
92.738509
92.815951
93.008869
92.867424
93.058759
93.055230
93.046838
93.136799
93.242558
92.971349
93.271716
93.266665
93.094526
93.359730
93.324277
93.368489
93.285488
93.254630
93.114691
93.273613
93.283317
93.499351
93.210111
93.230015
92.833951
93.211717
93.260243
93.213677
93.208520
92.863166
94.072828
93.120704
92.776633
92.331427
92.040815
92.030666
91.852419
92.014375
91.956000
91.959561
91.978301
92.076219
92.245047
92.263059
92.220677
92.305222
92.302172
92.395320
92.452714
92.480650
92.453564
92.532329
92.545010
92.512493
92.664744
92.738845
92.756508
92.720533
92.824555
92.924394
93.005992
93.046250
93.178999
93.025149
93.264470
93.221386
93.348278
93.408609
93.438125
93.132697
93.417385
93.436225
93.504025
93.552804
93.528629
93.580637
93.476534
93.541265
93.461091
93.525535
93.533640
93.719181
93.445915
93.444635
93.187844
93.434659
93.444271
93.381811
93.437643
93.210368
94.119236
93.327647
93.140132
92.496706
92.460385
92.332818
92.259995
92.345794
92.300480
92.247302
92.356186
92.341197
92.382262
92.400328
92.396642
92.432748
92.771975
92.802829
93.037252
93.933080
94.000047
94.088835
94.242340
94.225661
94.436390
94.739259
94.690103
94.621468
94.874330
94.811214
95.054700
95.125832
95.116679
95.143462
95.275765
95.273537
95.487995
95.449493
95.437393
95.377629
95.578552
95.568297
95.638311
95.714942
95.733717
95.544391
95.680899
95.677944
95.697098
95.589768
95.722537
95.877230
95.662638
95.682618
95.458121
95.719962
95.660071
95.644663
95.702427
95.457450
96.151899
95.782276
95.631905
95.180721
95.145004
95.092257
95.093025
95.166052
95.111966
95.146149
95.321998
95.291731
95.457992
95.396528
95.416695
95.325325
95.394775
95.526760
95.647406
95.621312
95.601700
95.719381
95.682848
95.688323
95.861433
95.748807
95.731994
95.785541
95.822842
95.806758
95.971332
95.838951
95.875399
95.700332
95.950191
95.893659
96.079340
95.876528
95.889241
95.814052
95.965079
95.949635
96.068261
96.064720
96.026245
96.001430
95.917956
95.971343
96.018248
95.960126
95.894675
96.073422
95.832225
95.791976
95.758961
95.771009
95.692403
95.761700
95.703412
95.661357
96.126267
95.730999
95.575929
95.177565
95.081746
95.092112
95.069558
95.167395
95.128114
95.154114
95.224772
95.287377
95.453691
95.358623
95.350125
95.378053
95.396471
95.430857
95.650981
95.535588
95.595528
95.550207
95.696915
95.725666
95.883270
95.740228
95.710210
95.787851
95.932447
95.939440
96.056012
95.913093
95.864449
95.926319
95.975209
96.030476
96.125676
95.917737
95.998408
95.862411
96.011890
95.973035
96.118664
95.987865
96.035463
95.803005
95.946036
95.959505
96.089624
95.989270
95.959455
96.077502
95.895076
95.789656
95.787980
95.987282
95.923875
96.001422
96.005561
95.770713
96.253468
95.819872
95.710384
95.284727
95.131457
95.143454
95.207132
95.352559
95.263557
95.333236
95.434305
95.478362
95.652438
95.573090
95.483419
95.578654
95.608792
95.618571
95.815786
95.703210
95.717541
95.794734
95.766725
95.812526
96.001352
95.819171
95.791009
95.822991
95.799723
95.837934
96.048532
95.774281
95.948502
95.771035
95.981309
95.945729
96.012428
95.862808
95.979984
96.003838
95.987126
95.994392
96.053885
96.057845
96.016155
95.834794
96.030927
96.034439
96.076484
95.999659
95.955559
96.096236
95.882991
95.884126
95.702409
95.968036
95.942139
95.895635
95.871680
95.669325
96.101550
95.843515
95.628543
95.223032
95.159209
95.135833
95.194325
95.186023
95.243321
95.226861
95.304782
95.384665
95.413590
95.404570
95.399143
95.360142
95.504641
95.544112
95.720724
95.646556
95.670337
95.751986
95.722892
95.796130
95.875971
95.772043
95.734848
95.720242
95.943367
95.982401
96.021765
95.969167
95.926521
95.872807
95.960408
95.990748
96.100479
95.945995
96.087575
95.823703
96.037110
96.003915
96.082208
96.088418
96.113900
95.986813
96.116279
96.078955
96.105697
96.050356
96.069145
96.125824
95.939812
95.948600
95.886545
96.046785
96.031278
95.998136
96.029317
95.845369
96.304319
95.841514
95.685938
95.282339
95.219829
95.217353
95.222238
95.288947
95.270488
95.151555
95.422397
95.355592
95.474744
95.571747
95.490583
95.459388
95.563539
95.558130
95.680011
95.614902
95.630732
95.538871
95.672417
95.732748
95.843810
95.709872
95.747636
95.774800
95.946999
95.849195
96.080531
95.925985
95.853601
95.838430
95.956192
95.987623
96.108618
95.908804
95.978784
95.791658
96.006136
95.973662
96.103375
96.010504
96.026681
95.902420
95.901747
95.960802
96.052961
95.898373
95.929520
96.013320
95.773925
95.818593
95.724135
95.854473
95.895557
95.842241
95.878102
95.666354
96.248245
95.785774
95.704243
95.116423
95.068343
95.119069
95.162398
95.150566
95.193934
95.202473
95.333348
95.324734
95.418001
95.376685
95.385171
95.356307
95.383968
95.476579
95.639418
95.540595
95.580674
95.549761
95.661932
95.714051
95.830236
95.714911
95.724164
95.727297
95.791398
95.823765
96.025478
95.806261
95.805852
95.797583
95.979376
95.919253
96.096765
95.912156
95.899749
95.918019
96.016129
95.996856
96.089873
96.106630
96.050045
95.954777
95.990262
96.112835
96.052050
96.063939
96.046331
96.136951
95.956144
95.964954
95.793677
95.893500
95.950902
95.984876
95.919982
95.787807
96.255881
95.842447
95.710134
95.251788
95.204463
95.182184
95.165968
95.250063
95.205012
95.216295
95.325914
95.318288
95.471681
95.432769
95.424139
95.460278
95.464204
95.471345
95.653724
95.586589
95.596065
95.584612
95.719856
95.657951
95.773326
95.701289
95.715421
95.738644
95.824105
95.846820
95.954578
95.868502
95.834600
95.869562
95.998117
95.960709
95.985411
95.870085
95.989935
95.796376
96.031051
96.033999
96.020659
95.984497
96.015717
95.947051
96.042991
95.938597
96.009039
95.923899
95.881893
96.039552
95.793626
95.836798
95.718400
95.891442
95.909012
95.852143
95.904876
95.652083
96.198809
95.836232
95.673293
95.299928
95.214610
95.129549
95.172070
95.231369
95.267190
95.203378
95.287898
95.337917
95.521209
95.417603
95.468072
95.404346
95.489486
95.469976
95.642769
95.580616
95.617525
95.564472
95.714035
95.683854
95.801937
95.787979
95.721334
95.811635
95.938164
95.905086
96.010263
95.811917
95.850342
95.860166
96.008872
95.985068
96.076835
95.911089
95.967314
95.806614
95.973464
96.008751
96.069996
96.029272
96.068796
95.809453
96.005624
96.008951
95.998372
95.925404
95.902458
95.968515
95.726308
95.700520
95.464832
95.759759
95.746009
95.697689
95.714448
95.367418
96.189489
95.836051
95.611683
95.147606
94.924412
94.903848
94.778860
95.083233
95.071636
94.953154
95.149947
95.124896
95.368541
95.311162
95.365813
95.289557
95.375739
95.447382
95.603009
95.511801
95.619596
95.507076
95.671801
95.692632
95.810489
95.825390
95.733874
95.810435
95.926016
95.936375
96.047547
95.805616
95.766362
95.821488
95.865571
95.887731
95.996029
95.886082
95.954335
95.722459
95.901653
95.895056
95.981434
95.927489
95.947815
95.796086
95.879449
95.893658
95.887514
95.824224
95.793616
96.069495
95.674279
95.684624
95.532201
95.767700
95.696712
95.727979
95.714833
95.359248
96.181400
95.764301
95.703627
95.152135
95.031889
94.934392
94.946910
95.130362
95.101604
95.088752
95.166350
95.166720
95.328071
95.308305
95.374658
95.277809
95.367919
95.377437
95.586963
95.563116
95.559480
95.559194
95.632979
95.658119
95.868693
95.775794
95.784235
95.832090
95.885132
95.917887
96.036980
95.824162
95.805874
95.884597
95.791215
95.916810
96.039906
95.823812
95.919235
95.747937
95.920743
95.884623
95.943285
95.967918
95.926255
95.699315
95.827600
95.898664
95.983210
95.845722
95.854999
95.961703
95.745704
95.661745
95.462316
95.801154
95.770358
95.637346
95.734583
95.331725
96.146490
95.636546
95.557621
95.025865
94.923333
95.300811
94.875237
95.108386
95.113470
95.100981
95.357020
95.293000
95.245416
95.220439
95.200604
95.140099
95.245380
95.322952
95.420952
95.457521
95.420786
95.439946
95.624122
95.825450
95.676464
95.705001
95.678128
95.739742
95.983420
96.082306
95.730505
95.644665
95.697220
95.699003
95.806051
95.876850
96.000715
95.732907
95.802507
95.637549
95.881143
95.825566
95.965355
95.926579
95.894917
95.740904
95.827185
95.901771
95.852990
95.872005
95.829382
96.037040
95.831780
95.824520
95.568857
95.841572
95.759789
95.721366
95.712626
95.540257
96.197269
95.851453
95.707056
95.252784
95.120746
95.063132
94.967498
95.090546
95.035606
95.075035
95.180699
95.140284
95.395815
95.223388
95.315449
95.329896
95.410358
95.397208
95.542950
95.481355
95.446042
95.496328
95.554132
95.674514
95.687260
95.606473
95.596833
95.662274
95.757231
95.803303
95.891058
95.697045
95.772673
95.866889
95.740482
95.986029
96.217073
95.815959
95.985536
95.709373
95.927592
95.981638
96.051474
96.013091
96.004861
95.681958
95.967713
95.981975
95.933988
95.913860
95.884427
96.047617
95.773942
95.860004
95.571643
95.866899
95.842728
95.676437
95.814657
95.581795
96.148530
95.695011
95.606234
95.122365
94.992022
94.965347
94.896553
94.976063
94.970900
94.932231
95.055204
95.123949
95.251042
95.176559
95.193683
95.243337
95.335640
95.217077
95.419019
95.509016
95.417417
95.390123
95.479945
95.588141
95.705719
95.728239
95.647394
95.719885
95.834866
95.881004
95.906812
95.708088
95.775687
95.830416
95.760624
95.969132
96.023085
95.865929
95.936623
95.786912
95.854842
95.942670
95.984117
95.947410
95.966484
95.726911
95.891571
95.944959
95.987605
95.893575
95.903829
96.049802
95.786929
95.720655
95.547544
95.840089
95.802718
95.812802
95.803546
95.513133
96.172867
95.738531
95.546592
95.121625
94.945271
94.909251
94.892322
94.991001
94.999385
94.968115
95.011233
95.110068
95.323217
95.204568
95.132069
95.147530
95.205313
95.263353
95.410552
95.357945
95.392104
95.346703
95.415501
95.574643
95.656255
95.536719
95.561290
95.638951
95.699947
95.724439
95.832578
95.693294
95.640129
95.729879
95.666875
95.855463
95.818601
95.668316
95.814023
95.649057
95.912749
95.925140
95.944771
95.838428
95.883602
95.643613
95.888585
95.930896
95.905168
95.888883
95.774023
95.924071
95.656917
95.678306
95.448700
95.848218
95.749072
95.717414
95.694809
95.405222
96.155981
95.638790
95.341658
94.950227
94.838960
94.732331
94.658832
94.877578
94.827245
94.815151
94.967186
95.039261
95.274037
95.198100
95.170758
95.219387
95.142293
95.217309
95.465843
95.429353
95.426176
95.444211
95.431520
95.595929
95.694365
95.673085
95.666365
95.811827
95.723675
95.870415
95.883000
95.824226
95.753728
95.869441
95.820809
96.017477
95.936619
95.796290
95.954637
95.692157
95.953174
95.915987
95.927144
95.970998
96.033160
95.792603
95.948789
95.976563
95.857992
95.982581
95.989106
96.028894
95.861729
95.855715
95.513257
95.958151
96.009986
95.982294
95.995438
95.659138
96.040856
95.508241
95.271172
94.943391
94.768693
94.693832
94.705089
94.854338
94.939609
94.858318
95.088498
95.142517
95.437899
95.385794
95.406980
95.420149
95.325578
95.409412
95.552376
95.476252
95.618617
95.454105
95.654086
95.644188
95.578421
95.616389
95.609863
95.728955
95.862429
95.848216
95.950706
95.769948
95.739567
95.838717
95.816245
95.964083
95.957249
95.861888
95.957159
95.688719
95.992730
95.976914
95.911360
96.065991
96.047470
95.695347
96.041879
96.029086
95.915638
95.992323
95.960863
96.042606
95.915503
95.873313
95.514917
95.988642
95.899330
95.828403
95.857997
95.426365
96.022741
95.409524
94.919519
94.726655
94.490378
94.465905
94.404142
94.567400
94.638352
94.546085
94.662056
94.787326
95.051484
95.040489
95.077954
95.068782
95.136496
95.182698
95.182431
95.285582
95.286703
95.308567
95.423302
95.572340
95.420369
95.386325
95.377563
95.569675
95.422435
95.538990
95.470613
95.417864
95.409107
95.496193
95.426117
95.517305
95.388175
95.244190
95.391261
95.315377
95.531012
95.499708
95.424871
95.496797
95.487718
95.232853
95.474219
95.463685
95.320139
95.448542
95.316259
95.289671
95.117394
95.120579
94.704823
95.104720
94.975956
94.883870
94.950346
94.506112
95.370212
94.685151
94.475220
94.137153
93.991280
93.866399
93.527183
93.845901
93.915699
93.886736
93.893515
94.122837
94.299068
94.302173
94.284676
94.352988
94.294259
94.345434
94.508779
94.541621
94.538003
94.656022
94.654548
94.683931
94.796567
94.892572
94.819616
95.107372
94.903419
95.003600
94.927715
94.998172
94.931480
95.107506
94.913083
95.114448
94.982360
94.897319
94.980721
95.003235
95.166534
95.251097
95.071452
95.207820
95.454351
95.133529
95.206612
95.216359
95.127199
95.278436
95.273111
95.279974
95.215473
95.237290
94.799224
95.143595
95.104138
95.094292
95.096320
94.844167
95.376719
94.641709
94.467176
94.178055
93.931263
93.835934
93.726539
93.905068
93.887721
93.848342
94.068889
94.162079
94.394464
94.289653
94.304335
94.425802
94.353653
94.418209
94.573287
94.550197
94.544564
94.715024
94.629499
94.778833
94.811687
94.760610
94.858916
94.869708
94.945073
95.124688
95.076619
94.959494
94.945217
94.959350
95.027496
95.116581
94.973221
94.886730
94.851017
94.875610
95.005300
95.020990
94.999117
95.037134
95.020254
94.886560
94.942872
95.041059
94.950586
95.013710
94.953532
95.175127
94.891015
94.910155
94.535720
94.899001
94.809975
94.825131
94.798349
94.505613
95.312456
94.553618
94.265014
94.040701
93.787095
93.772332
93.505550
93.794704
93.769932
93.758817
93.873472
93.919981
94.207932
94.251759
94.221641
94.385081
94.183824
94.284657
94.538270
94.516771
94.488836
94.657798
94.522061
94.546494
94.750862
94.673072
94.720221
94.713617
94.932961
94.938585
94.869228
94.799129
94.769082
94.766228
94.960281
95.061687
94.830335
94.910296
94.700922
94.859298
94.994804
95.003668
94.959943
95.048743
95.003409
94.950177
94.980980
95.032025
94.990974
95.005068
94.983163
95.056108
94.994466
95.072602
94.487692
94.950670
94.910309
94.720487
94.796416
94.470077
95.206460
94.338430
94.132916
93.736979
93.616886
93.512584
93.236124
93.572311
93.532978
93.543613
93.768655
93.871124
94.065747
94.115991
94.005343
94.235468
94.069191
94.128309
94.355562
94.401747
94.388705
94.633133
94.442441
94.558745
94.708769
94.898466
94.792607
94.750435
94.831327
94.815668
94.747066
94.669866
94.523413
94.643429
94.450880
94.719140
94.494156
94.509297
94.432808
94.586628
94.523828
94.966283
94.620974
94.726207
94.895126
94.680820
94.841073
94.571883
94.523151
94.671298
94.530964
94.569841
94.427524
94.527152
93.967071
94.479677
94.448651
94.364491
94.510599
93.991642
94.922181
93.659373
93.599109
93.374789
92.964820
93.048816
92.710683
93.033495
93.038857
92.929771
93.143595
93.217584
93.579782
93.526909
93.537368
93.591200
93.484051
93.442398
93.769955
93.798418
93.783019
93.991765
93.917003
94.043407
94.038229
94.316014
94.412543
94.655605
94.433483
94.478255
94.297596
94.460219
94.427567
94.690178
94.563334
94.636651
94.415524
94.363848
94.653843
94.546749
94.659609
94.678034
94.485399
94.643500
94.723479
94.735552
94.580279
94.661045
94.394796
94.915159
85.913331
85.736810
85.737120
86.029858
84.473660
86.408543
86.591464
86.540532
86.555893
86.720361
