93.084870
91.705803
90.240089
90.863633
88.841063
89.301145
88.399899
88.938275
89.187321
88.990925
89.475059
89.960881
90.809388
89.940040
89.797874
90.717428
89.920968
90.223330
91.284128
90.670781
90.616811
91.539974
90.668728
91.051499
91.910468
91.031390
90.769835
91.619394
90.603132
90.869617
91.278908
90.200293
89.887294
90.938436
89.836677
90.163966
91.385717
90.148425
89.922166
90.690935
89.760321
89.925708
90.682225
89.855303
89.648399
90.573016
89.712371
90.014127
90.807502
89.894885
89.562867
90.506953
89.973271
89.791617
89.028933
89.709871
88.837117
89.698813
88.851902
88.848905
93.098595
90.985170
90.198437
90.610101
89.387016
89.172974
88.498222
88.789440
88.893369
89.092684
89.331193
89.962617
90.976784
90.633368
90.437393
91.235883
90.408946
90.694832
91.158932
90.010680
89.782076
90.686067
90.373013
90.758136
91.274632
90.678601
89.961588
91.473994
90.054591
90.355544
91.361024
90.801877
90.574508
91.540979
90.616438
90.278370
91.305643
90.419001
90.721070
91.506031
90.560399
90.801949
91.280856
90.331343
90.147019
91.506429
90.596382
90.660731
91.040280
90.594335
90.352748
91.329875
90.175675
89.974778
89.993827
90.112120
90.037720
90.026649
89.929645
89.582117
93.179574
91.098538
90.175022
90.720129
89.366687
89.010691
89.036957
89.239321
89.310341
89.406752
89.675418
90.390725
91.401434
91.495131
91.412784
92.300272
91.625961
91.170188
92.015780
90.759155
91.028139
91.821096
91.136732
91.261205
91.932285
91.305601
91.240452
91.958694
91.360854
91.485552
92.419689
91.554335
91.405965
92.164810
91.987763
91.728685
92.567449
91.746851
91.061410
92.164956
91.306171
92.132689
92.504356
91.701733
91.130442
92.846472
91.255104
91.899060
92.709954
91.843948
91.987779
92.752830
92.020867
91.465275
91.519694
91.239626
91.049592
91.081237
91.526457
91.303046
94.029969
92.178396
91.424247
91.723549
90.732137
90.386256
90.147687
90.290019
90.364668
90.375894
90.755648
91.116205
92.237787
91.721614
91.757123
92.388664
91.743460
92.078181
92.788612
92.343896
92.318670
93.093487
91.959569
92.239373
93.079053
92.612174
92.338699
92.369708
91.706893
92.416340
92.774095
92.007062
91.902135
92.512893
91.928875
92.513938
92.925179
92.432021
91.986687
93.121808
92.078234
92.155212
92.810288
92.534716
92.353143
93.046090
91.908141
92.050923
92.684082
92.328939
92.158571
92.319896
91.941507
91.853179
91.325274
91.948920
91.665853
91.788709
92.100424
91.587823
93.763248
91.922548
91.353123
91.614468
90.589272
90.532247
90.233310
90.361205
90.433974
90.505183
90.841271
91.503614
92.334503
92.297321
92.263501
92.905536
92.319213
92.373162
92.810752
92.517197
92.341712
93.061299
92.579572
92.682314
93.221153
92.178155
91.932102
92.593943
92.420775
92.702930
93.075898
92.196839
92.028158
93.022715
92.302412
92.759956
93.366139
92.375414
92.568469
93.135924
92.524695
92.282119
92.905514
92.172273
92.066777
92.562225
92.329407
92.427691
92.482135
92.439963
91.957279
93.082110
92.553230
92.550841
91.480600
92.548472
92.566128
92.857835
93.262134
91.958335
93.968995
92.346313
91.870807
91.888481
91.004349
90.905742
90.656240
90.955280
90.987993
91.020282
91.332775
91.622116
92.600123
92.025582
91.818221
92.429627
92.040912
92.291393
92.936388
93.094215
93.537278
93.745327
92.671099
92.667126
93.362573
93.188017
93.107955
93.418034
92.821553
92.825197
93.046378
92.653081
92.550825
92.808077
92.989407
93.176390
93.072446
92.397295
92.195626
93.349446
92.551277
93.081155
93.796534
93.248995
92.724733
93.274076
92.627727
93.288129
93.534712
92.828875
92.735778
93.224137
92.430429
92.502591
92.260731
92.816907
92.912758
92.392958
93.431008
92.652774
94.483125
92.889218
92.219807
92.082137
91.370652
91.147950
90.761269
90.953491
91.118986
91.005805
91.815160
92.272957
92.629186
91.997137
91.903745
92.436729
92.156641
92.690465
93.229062
92.744055
92.693682
93.319328
92.946037
92.971476
93.612978
93.321586
93.182442
93.969110
93.443437
93.180246
93.759467
93.179219
92.993080
93.505807
92.990138
93.187612
93.824160
93.080836
92.913891
93.438899
92.782870
93.007342
93.354090
92.897539
92.728097
93.406715
92.842069
93.087457
93.566642
92.937897
93.252768
93.927409
93.354850
93.619599
92.800287
93.342920
93.345697
93.468469
93.365753
93.008604
93.809707
92.421670
92.107536
92.223133
91.379991
91.401659
91.083635
91.373410
91.362891
91.499377
91.770876
92.316312
92.581663
92.717093
92.820047
93.355910
93.108554
93.176111
93.320974
93.060829
93.068743
93.603731
93.154823
93.841899
93.864760
93.512786
93.043245
94.494937
93.025472
93.452848
94.378237
93.739825
93.647319
94.081466
93.641897
93.825092
94.346264
93.746300
93.630627
94.188239
93.832883
93.758112
94.188512
93.654323
93.630281
94.467847
93.696901
93.832707
94.255545
93.736715
93.706672
94.504512
93.649088
93.918367
93.741890
93.652661
93.818216
93.869524
94.037886
93.962588
94.575583
93.456399
93.188374
93.670206
92.988308
92.957526
92.497414
93.166182
93.237920
93.165726
93.283498
93.526973
94.014128
93.751448
93.609764
94.031418
93.629685
93.707986
93.972826
93.650874
93.710758
94.044617
93.794426
93.827578
94.121225
94.021975
93.909916
94.415646
93.943693
93.997625
94.598449
94.047639
93.849795
94.232941
93.806686
93.883873
94.114707
93.828929
93.647987
94.249422
93.883577
94.180164
94.486265
94.237907
94.211063
94.758898
93.958873
93.974854
94.402771
94.342260
94.231005
94.426969
93.854473
93.941244
93.765750
94.799698
94.644249
94.196771
93.847600
93.993353
94.936174
94.001853
93.628744
93.699633
93.086864
93.033692
93.016357
93.151137
93.153727
93.086925
93.324662
93.620349
94.212930
94.447781
94.433675
95.000689
94.437934
94.394608
94.646202
94.868768
94.969829
95.605203
94.797471
94.567847
95.095915
94.635112
94.463803
94.626663
94.599255
94.680231
94.569429
94.662147
94.214066
95.123061
94.401943
94.745468
95.082385
94.588196
94.426405
94.952106
94.417420
94.713499
94.965142
94.373082
94.306964
95.127324
94.656161
94.643825
94.808077
94.510705
94.396420
94.853120
94.259699
93.804388
93.601356
93.517078
93.610807
94.388729
94.684062
93.639517
95.424928
94.516419
94.046083
94.553913
93.167902
93.335471
93.104249
93.791325
93.855129
93.819565
94.020729
93.806940
94.347686
94.220115
94.216012
94.671991
94.317385
94.523026
94.683949
94.378568
94.305888
94.764838
94.484144
94.875076
94.817394
94.670070
94.306015
94.744135
94.272009
94.570595
94.882305
94.565854
94.506041
94.849248
94.469830
94.588679
94.489349
94.276726
94.473696
94.896258
94.467318
94.547927
94.659938
94.370919
94.334463
94.716600
94.180793
94.254656
94.348295
94.200597
94.279907
94.601619
94.097331
94.082345
93.905840
94.523554
94.609797
94.623186
94.210613
94.127698
94.775571
94.061077
93.711343
94.027365
93.475975
93.263578
92.802679
93.471974
93.544989
93.572961
93.850520
93.985781
94.323197
94.363471
94.190645
94.692302
94.191350
94.437987
94.609307
94.505090
94.443904
94.866516
94.326547
94.591387
94.634150
94.546761
94.393879
94.767764
94.408240
94.411661
94.320611
94.242123
94.204872
94.559872
94.161599
94.329472
94.179696
93.835030
94.058143
94.535203
93.898886
94.011491
93.808507
93.819400
94.051952
94.454357
93.859983
94.032212
93.706155
93.840483
93.915447
94.387186
93.932477
93.477077
92.950551
93.359532
93.370171
93.284507
93.254098
92.726461
94.789339
94.229412
94.014083
94.240706
93.761963
93.821670
93.002804
93.075964
93.651987
93.973776
93.864345
94.301052
93.994923
93.843753
94.173349
94.745646
94.223252
93.651057
94.147794
93.557818
93.503147
93.779775
93.308135
93.524606
93.517550
93.478088
93.230650
93.817442
93.385207
93.563235
93.748091
93.745016
93.671877
94.229879
93.910713
94.079246
94.204266
94.435513
94.431174
94.989345
94.499076
94.652870
94.332425
94.401231
94.324624
94.876949
94.513437
94.580282
94.133987
94.296344
94.200920
94.788268
94.256706
94.250320
93.366151
94.139739
93.925414
93.980552
93.883177
93.115451
94.344963
93.662337
93.261398
93.594087
93.067114
93.048927
92.348502
93.184002
93.133779
93.271543
93.087710
93.401019
93.586700
93.831942
94.159836
94.702518
94.001967
94.032794
94.140448
94.463862
94.524618
95.016501
94.494116
94.697176
94.476443
94.129468
94.245804
94.679931
94.197427
94.291282
94.511671
94.109715
94.100271
94.337482
93.922058
93.960976
94.057241
94.179542
93.966761
94.720398
93.765995
93.781705
93.935029
94.245009
94.396017
94.677140
94.163291
94.267499
93.819436
94.204606
94.095361
94.674352
94.176732
94.264580
93.383767
94.160804
94.236899
94.188519
94.081581
93.465502
94.847818
94.662151
94.572173
94.850051
94.267276
94.290660
93.568363
94.266671
94.483300
94.298106
94.440266
94.388872
94.379098
94.455425
94.403468
94.688758
94.301356
94.406175
94.418087
94.273253
94.149574
94.642066
94.095637
94.465311
94.191587
93.828418
93.891388
94.387416
93.860895
94.108898
93.991440
93.566560
93.910355
94.533362
94.354789
94.485527
94.469323
94.150681
94.326185
95.274330
94.413026
94.708163
94.960825
94.871342
94.906467
95.050012
94.556426
94.686707
94.770252
94.480277
94.549570
94.859221
94.141652
94.325352
93.956483
94.615007
94.532478
94.581516
94.361186
93.681297
94.776720
93.993475
94.234728
94.554809
93.945147
94.077345
93.198120
93.849770
93.975700
94.191006
94.385789
94.584124
94.446576
94.882574
94.957319
95.351781
94.823134
94.852060
94.887346
94.461555
94.497666
94.984601
94.748353
95.050598
95.049691
94.601403
94.659359
94.986565
94.789161
95.030611
95.620088
94.897696
94.798085
95.257253
94.725450
94.892414
95.031343
94.744139
94.803119
95.108616
94.761520
95.015416
95.111768
95.179593
95.145323
95.522352
95.116671
95.202151
95.084888
95.188316
94.992191
95.460768
94.898010
95.185954
94.866837
95.010711
94.970644
94.869166
94.524143
94.190775
95.538413
95.146612
95.031784
95.570499
95.157827
95.314488
95.464527
95.439697
95.246586
95.391094
95.517459
95.569132
96.211619
94.972072
94.923755
95.277529
95.112367
95.431545
96.350616
94.966660
94.879284
95.163039
95.002392
95.145145
96.576963
94.808074
94.525139
94.480991
94.192494
94.557721
95.229154
93.838707
94.048697
94.299614
93.964189
94.378480
95.237115
94.375548
94.232364
94.614878
94.383907
94.560645
95.109306
94.670859
94.463000
95.019120
94.444694
94.688518
94.987072
95.172123
94.910675
95.296785
95.841137
95.738101
94.349910
95.072399
95.148734
95.343770
95.352216
94.664623
96.114033
95.810372
95.090283
95.422469
94.915552
94.926190
94.452654
94.674758
95.422837
94.780883
94.465028
94.577548
94.555518
95.002681
95.191537
96.058932
95.463823
93.906610
94.530829
92.893959
92.990699
92.924732
93.331802
94.216713
94.734373
93.898686
93.811667
93.996760
93.815469
94.055660
94.774583
93.839223
93.632810
93.993854
93.963301
94.104336
94.166413
93.860840
93.786807
94.274792
93.980839
93.816556
92.935840
92.066405
91.913875
91.857718
92.502419
92.637303
93.345196
92.927806
92.528267
92.203007
92.079505
91.939803
91.994922
92.065244
92.681460
92.051553
91.969484
91.939685
95.225168
94.595802
94.535233
94.105388
94.038393
93.987630
93.684533
93.812022
93.719892
93.765165
93.800258
93.843046
93.983643
93.591557
93.707688
93.894521
93.985323
94.064597
94.710730
94.130082
94.013478
93.910914
94.077278
94.324296
94.600904
94.327073
94.336461
94.247009
94.372289
94.221619
94.618807
94.468019
94.562485
94.413963
94.576189
94.529923
94.813700
94.637659
94.676844
94.504208
94.652027
94.582377
94.910594
94.674749
94.706883
95.015161
95.060652
94.941606
94.858280
94.711658
94.718394
95.098228
94.668604
94.924435
94.423030
94.599120
94.633460
94.585804
94.611878
94.604935
95.485448
94.971973
94.768291
94.193356
94.148897
94.183554
94.040766
94.047768
94.080326
94.122250
94.200627
94.125852
94.356654
94.223305
94.244307
94.279163
94.307086
94.296330
94.573231
94.418277
94.284271
94.331988
94.496283
94.454773
94.792252
94.657119
94.595268
94.442725
94.617489
94.607418
94.929458
94.759088
94.662685
94.684364
94.792712
94.768236
95.158531
94.831280
94.875968
94.701762
94.907966
94.899019
95.181712
95.003046
94.928539
94.959631
94.853682
94.927302
95.074356
94.842115
94.942833
95.247511
94.701141
94.690100
94.656869
94.629550
94.588324
94.634972
94.621744
94.674266
95.472070
94.829732
94.750864
94.208325
94.254218
94.143792
94.119122
94.238539
94.244108
94.181436
94.221648
94.287595
94.387530
94.349899
94.363127
94.337166
94.479511
94.476538
94.644857
94.536539
94.731086
94.617188
94.637864
95.799634
94.580081
94.519464
94.508683
94.386868
94.747681
95.054466
95.295425
95.141784
95.260274
94.891808
94.816580
94.929849
95.367929
95.105726
95.219454
95.029118
95.133716
95.130841
95.387669
94.979691
94.902061
94.872164
95.615654
95.572224
95.049133
94.941463
94.852634
95.289615
94.836532
94.727990
94.703900
94.833122
94.826712
94.723970
94.694678
94.745780
95.529095
95.054556
94.755347
94.138615
94.168153
94.706758
94.283795
94.458844
94.141868
94.072841
94.072389
94.193028
94.255519
94.274599
94.225448
94.116680
94.251156
94.269187
94.452211
94.332140
94.440279
94.353185
94.835827
94.485655
94.730822
94.828802
94.762665
95.266034
95.081237
95.120606
94.980127
94.600486
94.746168
94.556111
94.757084
95.021392
95.240173
95.056337
95.028746
94.877443
95.013507
94.972559
95.115016
94.970672
94.988257
94.930458
94.952151
94.934147
95.090610
94.949829
95.018719
95.326692
95.088666
94.762005
94.796958
94.735204
95.262116
95.649909
94.942219
94.766701
95.509749
94.967603
94.744135
94.111939
94.125846
94.083318
93.946408
94.162699
94.165226
94.125918
94.204744
94.214858
94.286617
94.272551
94.191318
94.199395
94.247386
94.223430
94.545740
94.861058
94.443254
94.306107
94.344137
94.467747
94.748340
94.508301
94.680961
94.480870
94.589809
94.596266
94.943136
94.626502
94.699127
94.608145
94.797978
94.823739
95.108465
94.846733
94.901863
94.707871
94.869183
94.922995
95.124668
94.856615
94.820070
95.075891
94.870535
94.804943
95.120162
94.878998
94.824246
95.194369
94.716519
94.689101
94.699160
94.734614
94.746369
94.701928
94.659272
94.698174
95.536052
94.878178
94.775571
94.139071
94.100150
94.151219
94.243305
94.202798
94.215363
94.204705
94.113255
94.092211
94.165381
94.157913
94.109333
94.197462
94.140781
94.120031
94.119865
94.192140
94.354740
91.592088
92.283983
92.834988
92.179146
94.218084
94.144769
93.683468
94.443200
94.495263
95.025342
95.492002
95.660188
95.725537
95.785364
95.843478
95.431851
95.427208
95.050011
96.093020
95.836781
95.963538
95.931781
95.791847
95.726899
96.583125
95.756681
96.050870
96.006595
95.613240
95.905904
96.831752
95.767456
96.007977
95.919705
95.809284
96.051585
96.484691
96.075211
96.071297
96.316446
96.185204
95.984344
96.575895
95.842116
95.888840
95.534537
96.260711
96.140877
96.143427
96.273871
95.650533
96.006823
95.422466
94.942950
94.966088
94.708468
94.708765
95.301966
94.593139
94.702596
94.933036
94.823211
95.414822
95.272564
95.874760
95.852701
95.484500
97.126180
95.767649
95.612808
95.304242
95.765705
95.920164
96.196737
96.449522
96.215519
96.248801
95.729676
96.179504
95.877433
96.010586
95.963469
96.719679
96.731184
96.900384
96.666143
96.145277
96.291919
95.345109
95.181036
95.812468
95.653655
95.025467
95.014734
95.797515
95.820648
95.829166
95.747554
95.074899
96.350763
96.201203
96.047506
96.194266
95.897970
95.848659
95.387754
95.923601
95.796016
95.820237
96.635186
96.096204
95.937456
95.919209
95.836672
96.110833
96.062538
95.914672
95.861918
95.993906
95.980560
96.157606
96.040233
96.094164
96.154030
95.896253
95.943062
96.262660
96.009051
95.961676
95.967032
95.755027
95.656636
96.013263
95.844345
95.810049
96.140003
95.736189
95.818187
96.303071
96.019985
96.034217
95.966713
95.728160
95.714844
96.292383
95.723626
95.883018
96.098792
96.109948
95.974128
96.539636
96.128739
96.147069
95.759256
96.168052
96.090198
96.189501
96.259188
95.979658
96.275675
96.047682
95.951421
96.128937
95.687114
95.825233
95.453138
95.851992
95.878452
95.927322
95.953674
95.984148
96.108843
95.927137
96.363269
96.241598
96.113609
96.391600
96.168069
96.083137
96.065025
96.356336
95.815472
96.154438
96.412351
96.101932
96.029632
96.326056
96.103144
96.085593
96.056644
95.813145
95.799001
95.929952
95.882512
96.228107
96.301451
96.122871
95.987096
96.322641
95.994693
96.058962
96.033165
96.084415
96.011040
96.291395
95.987219
96.168089
96.075682
96.339845
96.320495
96.677758
96.414714
95.868937
95.873534
96.136096
96.487858
95.787360
96.300320
95.970512
96.503947
95.687228
95.735647
96.210051
95.611678
95.759954
96.168094
95.753723
95.662212
95.774900
96.290432
96.266519
96.738180
95.848237
95.700364
95.931786
96.029237
96.017459
96.838760
95.858447
95.691760
95.688528
95.768853
95.966880
96.821061
95.686315
95.484498
95.428252
95.584600
95.796349
96.748600
95.468876
95.292131
95.074656
94.897086
94.986345
95.390542
94.643181
94.782793
94.893062
94.781024
95.050809
95.241235
94.841991
94.713937
94.721565
94.718224
94.815607
95.261217
95.042540
95.074697
95.188342
94.948191
94.875885
94.993733
94.883183
95.167767
95.186189
95.076491
95.138994
96.372210
96.231727
96.182917
96.267799
95.776922
95.793457
95.423924
95.931441
96.220736
96.447166
96.091827
95.775537
96.051967
95.922297
95.881949
96.200836
95.978231
96.301325
96.010571
95.976542
95.977166
96.175207
96.414517
96.319238
96.229669
95.980667
96.044381
96.180827
95.607432
96.072480
96.241235
96.027301
95.770505
96.230833
95.748772
96.021252
96.037426
95.750948
95.933963
95.845439
95.580889
95.676503
96.022650
95.752173
95.805663
95.940777
95.724362
95.764836
96.088619
95.813151
95.738713
96.334255
96.081042
96.087236
95.893250
96.144207
96.227411
96.354795
96.328289
96.107557
96.355865
95.710325
95.558745
95.700587
95.403524
95.372885
95.287544
95.482759
95.466744
95.536950
95.588545
95.634402
96.025352
95.924949
95.962733
96.602534
96.449136
96.399153
96.217138
95.962991
95.977124
96.220374
95.895488
96.159282
96.367738
96.134652
96.008061
96.359370
96.104664
96.193279
96.477397
95.920642
95.733110
95.993382
95.877118
95.774315
96.166167
95.862920
95.723799
95.937114
95.727271
95.763967
96.048843
95.848749
95.838581
96.149409
95.889638
96.088155
96.030465
95.956529
95.950841
96.619231
96.344453
95.965553
95.780897
96.345412
96.285259
96.337260
96.338046
96.032766
96.147283
95.457230
95.297062
95.279373
95.155899
95.060809
95.056840
95.030600
95.402713
95.099778
95.835986
95.857122
95.836180
95.922507
95.933401
96.139230
95.997285
96.033702
96.035809
96.241670
96.309914
96.631277
96.377665
95.767874
96.236525
95.788755
95.978765
95.745462
96.159513
96.059151
96.546336
95.924913
96.119799
96.375993
96.050121
96.048650
96.122498
95.842954
95.859725
96.455920
95.793917
96.017749
96.280747
95.968684
95.749892
96.228345
95.774042
95.853464
96.188655
96.041499
96.138052
96.434852
96.239216
96.235851
96.025105
96.118680
96.271437
96.434651
96.365486
96.208275
96.459058
96.039000
95.900680
96.151667
95.815639
95.870360
95.465083
95.791434
95.958992
95.822792
95.981980
95.992364
96.054724
96.122251
96.005973
96.267205
96.160410
96.086239
96.085347
96.108669
96.088531
96.374603
96.205187
96.244966
96.340581
96.566497
96.465706
96.733766
96.601633
96.543015
96.193590
95.539218
95.316105
95.061668
90.245038
90.491993
91.351614
90.686173
90.471282
90.160852
90.017003
90.005171
90.106233
89.929563
89.925241
90.093244
89.958062
90.015209
90.285467
90.039470
90.190764
90.254119
90.162945
90.384952
89.991323
90.543073
90.596868
90.480396
90.541853
90.229851
93.470177
92.483561
91.898351
91.436449
91.096539
90.946638
90.920989
90.939989
90.868195
90.978706
90.984807
91.161690
91.465360
91.300150
91.207413
91.507726
91.300940
91.410095
91.802511
91.716943
91.717520
91.882169
91.643664
91.640294
91.748723
91.942818
91.913846
91.954457
91.848740
91.846823
91.928227
92.173674
92.178857
92.225722
92.272670
92.212961
92.282706
92.472319
92.477444
92.531843
92.477156
92.538600
92.476727
92.612405
92.654623
92.814421
92.561712
92.584636
92.369424
92.729272
92.745925
93.055475
92.721128
92.755613
92.238354
92.695910
92.686133
92.601990
92.659426
92.183353
93.703885
92.353570
91.819581
91.486711
91.122341
91.152265
91.050246
91.173875
91.193295
91.178526
91.269598
91.483438
91.725186
91.712704
91.714906
91.952150
91.742255
91.765677
91.862644
92.042323
92.021322
92.211491
92.012956
92.021564
92.050845
92.227948
92.179316
92.349354
92.266161
92.273560
92.291184
92.535674
92.474911
92.646005
92.582073
92.633498
92.609821
92.700691
92.862081
92.700365
92.850698
92.922657
92.867150
92.931751
92.917889
93.085367
92.785680
92.801034
92.726752
92.885271
92.864205
93.075933
92.867097
92.837878
92.336607
92.877337
92.898824
92.826322
92.779784
92.474707
93.653140
92.452755
91.923772
91.418847
91.178335
91.091589
90.917690
90.998546
90.937224
91.031846
91.173496
91.328774
91.539462
91.600781
91.558318
91.691351
91.589870
91.536416
91.609804
91.801188
91.770562
91.858112
91.841882
91.816219
91.827448
92.025547
92.024348
92.195774
92.187437
92.213418
92.192892
92.407845
92.388280
92.452593
92.479707
92.488522
92.490121
92.598953
92.733578
92.571898
92.754969
92.841605
92.717656
92.798358
92.817689
92.945163
92.643428
92.684852
92.607864
92.782874
92.830917
93.032749
92.736823
92.725787
92.290654
92.723461
92.727677
92.737755
92.651347
92.363058
93.736442
92.480131
92.109491
91.668490
91.375077
91.295255
91.081592
91.188554
91.186316
91.129694
91.172241
91.369603
91.702747
91.611972
91.612756
91.852434
91.610740
91.577560
91.754256
91.876859
91.784164
91.902928
91.855456
91.864123
92.001451
92.059244
92.014569
92.257712
92.142067
92.137248
92.269067
92.383453
92.459861
92.497003
92.522193
92.521374
92.544052
92.580326
92.787807
92.623499
92.804108
92.835681
92.782610
92.805012
92.775010
92.951406
92.697223
92.753008
92.684873
92.764294
92.792759
93.098822
92.771433
92.741479
92.320385
92.735367
92.723016
92.745982
92.748124
92.448704
93.830348
92.729081
92.186520
91.836349
91.510891
91.461719
91.419559
91.360090
91.420713
91.458446
91.401452
91.574531
91.863768
91.885436
91.861540
91.975103
91.873145
91.984882
92.027460
92.158605
92.045669
92.114094
92.055492
92.056781
92.213763
92.364845
92.344114
92.339237
92.384399
92.416736
92.564823
92.649067
92.667109
92.697486
92.854276
92.794970
92.929775
93.005401
93.012016
92.883257
93.099567
93.097177
93.204893
93.113555
93.118217
93.241530
93.049680
93.122164
93.097489
93.159728
93.183247
93.369303
93.115857
93.061317
92.799910
93.130631
93.117551
93.110574
93.123332
92.878996
93.864751
93.086623
92.860076
92.198922
92.196211
92.024359
91.989114
92.053732
91.967509
91.989084
92.069986
92.071084
92.142508
92.132105
92.233306
91.799800
92.132459
92.141101
92.372631
93.307022
93.340967
93.320563
93.437340
93.450731
93.601555
94.034373
94.002628
93.914415
94.193527
94.136632
94.319402
94.532099
94.555808
94.472028
94.668437
94.724142
94.884169
94.925753
94.921109
94.831902
95.001149
94.971098
95.048657
95.172035
95.189121
95.374731
95.129094
95.070159
95.099707
95.233550
95.238545
95.401169
95.158442
95.188519
94.958237
95.288387
95.243656
95.215583
95.262719
95.049990
96.094901
95.736717
95.565731
95.148573
95.099214
95.069257
95.065783
95.043522
95.007114
95.062854
95.167612
95.119322
95.167751
95.127683
95.156065
95.111235
95.145961
95.175019
95.272542
95.264095
95.247954
95.205113
95.296905
95.326392
95.419149
95.420753
95.359461
95.356778
95.441107
95.431411
95.571719
95.541981
95.573975
95.494682
95.701131
95.644333
95.877125
95.701596
95.710947
95.630626
95.771088
95.752848
95.890602
95.863563
95.841535
95.739968
95.775688
95.845608
95.843652
95.819211
95.781269
95.974819
95.699343
95.684348
95.606139
95.622388
95.580026
95.654923
95.584799
95.548197
96.281477
95.848537
95.713428
95.325536
95.229534
95.236875
95.210450
95.259651
95.195989
95.204675
95.244393
95.348016
95.455716
95.366905
95.349546
95.376500
95.356560
95.367007
95.595347
95.446208
95.473244
95.408661
95.513845
95.569682
95.753643
95.542977
95.543329
95.602720
95.672139
95.687346
95.778701
95.701819
95.753994
95.711515
95.794078
95.834793
95.960842
95.722970
95.843916
95.738114
95.831491
95.864168
95.991589
95.896610
95.963497
95.754758
95.863656
95.875723
95.975745
95.904066
95.834729
96.035314
95.802148
95.735092
95.716209
95.769675
95.754721
95.796390
95.781209
95.644172
96.253468
95.820948
95.710880
95.314812
95.161322
95.161998
95.263203
95.299188
95.214408
95.255795
95.292517
95.306922
95.451412
95.389789
95.270463
95.380707
95.329929
95.362515
95.539270
95.449785
95.438116
95.449220
95.504058
95.553250
95.738897
95.585681
95.567200
95.585661
95.620079
95.654634
95.884380
95.633016
95.812906
95.669029
95.861791
95.806125
95.914922
95.739696
95.889006
95.787757
95.912387
95.907563
95.992930
95.995223
95.934020
95.812210
95.924421
95.921123
95.998220
95.952206
95.908125
96.058506
95.820091
95.820344
95.651695
95.820343
95.811538
95.768390
95.723005
95.570982
96.101550
95.809370
95.593713
95.229927
95.134992
95.142392
95.163286
95.156572
95.211548
95.181487
95.268550
95.317551
95.384677
95.380382
95.362141
95.329849
95.428638
95.463920
95.593960
95.522313
95.570209
95.668585
95.485863
95.558765
95.737845
95.604544
95.588414
95.501438
95.696318
95.722065
95.791275
95.784141
95.803047
95.652865
95.776595
95.772016
95.901526
95.802508
95.900556
95.747894
95.930377
95.871805
95.956864
95.940976
95.960349
95.799996
95.978135
95.941634
96.000773
95.954060
96.010213
96.075774
95.876288
95.838788
95.779569
95.866917
95.835091
95.893474
95.839614
95.750821
96.304319
95.830506
95.686902
95.305555
95.231706
95.225787
95.213058
95.250510
95.233949
95.105128
95.356286
95.287796
95.351419
95.481216
95.384150
95.344923
95.424401
95.416720
95.526358
95.463017
95.484278
95.367932
95.484679
95.537383
95.697029
95.580599
95.596662
95.526580
95.725745
95.655245
95.892918
95.755305
95.714941
95.642522
95.845143
95.834515
95.987426
95.795271
95.850906
95.725420
95.909384
95.870345
96.005101
95.937476
95.915742
95.802278
95.809644
95.884121
95.949999
95.831628
95.897974
95.998644
95.734272
95.773229
95.639212
95.726504
95.768244
95.689360
95.690806
95.614662
96.248245
95.774472
95.718688
95.153873
95.106019
95.147381
95.196229
95.117059
95.174510
95.158713
95.248680
95.243833
95.293521
95.269954
95.289242
95.233078
95.266983
95.346031
95.479842
95.409726
95.435519
95.392003
95.465889
95.511914
95.664840
95.523105
95.561761
95.509442
95.542447
95.562257
95.766039
95.604336
95.696201
95.573372
95.792513
95.679272
95.934573
95.758909
95.802230
95.690454
95.842965
95.824357
95.897311
95.937012
95.916380
95.802927
95.775666
95.929607
95.925165
95.919167
95.879325
95.990146
95.772751
95.765887
95.695125
95.716547
95.759308
95.777858
95.728628
95.637439
96.255881
95.842051
95.701173
95.271033
95.185310
95.173942
95.179577
95.226541
95.147602
95.183649
95.246476
95.256863
95.369530
95.298019
95.318472
95.367964
95.325652
95.341106
95.488162
95.468385
95.463226
95.432714
95.539669
95.453281
95.640340
95.543064
95.522698
95.549572
95.587282
95.602024
95.678290
95.654284
95.667752
95.600682
95.795858
95.746131
95.801097
95.725466
95.806814
95.715153
95.862767
95.883601
95.877632
95.885427
95.883664
95.787202
95.909138
95.821909
95.869119
95.797227
95.791692
95.969293
95.676700
95.770581
95.618829
95.710233
95.699741
95.672602
95.666861
95.569446
96.198809
95.792124
95.635404
95.283186
95.204820
95.102997
95.154559
95.168633
95.223221
95.179882
95.201091
95.284633
95.420984
95.295336
95.354062
95.286114
95.358730
95.328667
95.484904
95.425590
95.451680
95.414400
95.462669
95.485774
95.598012
95.588379
95.521782
95.556389
95.694118
95.590866
95.730865
95.582929
95.690255
95.665888
95.820336
95.826137
95.888128
95.774026
95.801919
95.705572
95.816570
95.876285
95.953391
95.924641
95.922627
95.764945
95.888206
95.892509
95.893979
95.854301
95.855899
95.910466
95.668246
95.620675
95.391510
95.495822
95.498790
95.516434
95.500768
95.314381
96.189489
95.826205
95.582076
95.163029
94.946016
94.925433
94.808589
95.016177
94.967239
94.908903
95.024970
95.003582
95.187329
95.146983
95.216479
95.149152
95.202541
95.263910
95.390802
95.341836
95.436045
95.322433
95.417362
95.434567
95.581404
95.575426
95.493828
95.492940
95.579277
95.558679
95.695733
95.591669
95.482294
95.541904
95.704500
95.663041
95.789531
95.715838
95.788813
95.591507
95.802156
95.739088
95.875512
95.812320
95.773036
95.725325
95.734579
95.709061
95.748165
95.744268
95.687809
95.909597
95.607023
95.639230
95.417433
95.501621
95.550183
95.496728
95.458449
95.248656
96.181400
95.754922
95.650957
95.142564
95.036275
94.891844
94.908695
95.047329
95.003128
94.953326
95.002990
94.980531
95.155128
95.124189
95.218642
95.106655
95.189366
95.178115
95.343103
95.358350
95.343761
95.354201
95.437863
95.392582
95.631429
95.586846
95.550990
95.537300
95.536930
95.527466
95.656271
95.546404
95.531172
95.579184
95.656238
95.645626
95.777512
95.589720
95.744832
95.576895
95.691091
95.654532
95.761785
95.797846
95.777066
95.587109
95.651689
95.723635
95.768979
95.706458
95.754832
95.746845
95.630801
95.539668
95.307155
95.575026
95.519932
95.428992
95.463862
95.220497
96.146490
95.576754
95.517991
94.989637
94.872660
95.280890
94.864397
95.049377
95.044511
94.969550
95.211908
95.190459
95.105176
95.066797
95.057706
94.999236
95.124183
95.176968
95.247869
95.286892
95.274039
95.309240
95.364211
95.488787
95.517168
95.514403
95.494458
95.513329
95.765293
95.738347
95.534069
95.436986
95.504102
95.440746
95.706686
95.670535
95.738351
95.568676
95.628592
95.493918
95.689869
95.650473
95.800191
95.791883
95.796695
95.630078
95.670396
95.677139
95.724799
95.719691
95.741325
95.907252
95.697837
95.750024
95.403496
95.585245
95.558484
95.504259
95.495521
95.417154
96.039787
95.651041
95.524470
95.063975
94.965728
94.867324
94.829159
94.872772
94.798966
94.868149
94.935605
94.922162
95.133409
94.961953
95.052672
95.059575
95.149049
95.105479
95.335342
95.281890
95.285098
95.338141
95.453219
95.357797
95.441617
95.361518
95.414329
95.300398
95.454338
95.454453
95.557289
95.413285
95.467301
95.502129
95.612770
95.719618
96.005795
95.650523
95.810096
95.536100
95.707934
95.804782
95.900319
95.826189
95.855568
95.562020
95.753712
95.773671
95.738428
95.713677
95.770244
95.873083
95.653045
95.755439
95.394126
95.653438
95.631806
95.537046
95.597805
95.411028
96.019132
95.550061
95.459290
95.014385
94.866705
94.826421
94.785370
94.787677
94.804509
94.766347
94.812657
94.914730
95.051374
95.001944
94.993436
95.028937
95.086981
95.021190
95.208292
95.354655
95.202234
95.262547
95.322947
95.322759
95.481694
95.449815
95.371021
95.365289
95.479989
95.524124
95.558102
95.424088
95.498716
95.456721
95.692456
95.731045
95.814220
95.639031
95.753927
95.610089
95.732535
95.792813
95.838496
95.722778
95.813189
95.547952
95.688901
95.760463
95.777873
95.675560
95.713024
95.811268
95.670246
95.580164
95.398187
95.604004
95.536195
95.509819
95.578843
95.349461
96.012890
95.516866
95.265398
94.931654
94.677137
94.674271
94.674934
94.636484
94.635369
94.634877
94.653107
94.691571
94.928534
94.750857
94.700514
94.691558
94.685894
94.802901
94.928070
94.849181
94.875956
94.836452
94.996148
95.051802
95.172042
95.092190
95.163679
95.186336
95.218779
95.171881
95.315586
95.300329
95.276123
95.315432
95.483402
95.480992
95.521140
95.364145
95.514594
95.396511
95.565018
95.608268
95.673740
95.597760
95.713943
95.489474
95.657510
95.695398
95.669180
95.689006
95.593843
95.710463
95.533934
95.590384
95.330215
95.601560
95.522237
95.420800
95.421489
95.290056
96.155981
95.586307
95.311631
94.936155
94.787616
94.642749
94.652958
94.774588
94.744099
94.667454
94.808102
94.875930
95.139108
95.015092
95.006500
95.004980
94.942083
95.017972
95.325612
95.212470
95.193289
95.225386
95.251980
95.285145
95.481191
95.343560
95.374436
95.422126
95.336679
95.282839
95.425673
95.420210
95.547784
95.504666
95.587795
95.559135
95.619599
95.478170
95.725323
95.526116
95.678725
95.670718
95.669839
95.755520
95.804390
95.515874
95.771822
95.775168
95.670789
95.737168
95.864908
95.892220
95.704367
95.758541
95.352704
95.690463
95.758480
95.740853
95.781959
95.537062
96.079135
95.484939
95.283393
94.926384
94.819924
94.742198
94.720676
94.801308
94.931012
94.849937
94.971987
95.088113
95.411602
95.243947
95.276783
95.290442
95.188325
95.323202
95.470546
95.355576
95.293432
95.317938
95.403765
95.455251
95.557503
95.440348
95.523772
95.452408
95.604330
95.607814
95.743680
95.536502
95.471135
95.422065
95.783764
95.776615
95.723326
95.567105
95.817987
95.492146
95.878736
95.825543
95.772932
95.840302
95.903959
95.592239
95.998677
95.904124
95.700758
95.831242
95.768636
95.824236
95.718175
95.680411
95.391057
95.772382
95.719555
95.639951
95.752754
95.302271
96.021988
95.213274
94.808624
94.595038
94.374714
94.193219
94.154982
94.306695
94.304936
94.287833
94.300575
94.505313
94.789202
94.564734
94.620385
94.672538
94.657710
94.706005
94.821619
94.842327
94.803253
94.889345
94.832547
95.060567
95.003697
95.037530
95.056313
95.203159
95.185861
95.152508
95.110432
95.145097
95.042962
95.141351
95.220910
95.269630
95.263518
95.148003
95.204426
95.225136
95.274251
95.291585
95.290530
95.363414
95.250672
95.114287
95.264108
95.250918
95.032602
95.133693
95.025146
95.081729
94.916483
94.859475
94.482919
94.810542
94.722707
94.739895
94.750826
94.304872
95.370212
94.588117
94.315465
94.055084
93.838907
93.771669
93.480786
93.737962
93.753079
93.687353
93.742211
93.849909
94.103494
94.050715
94.046089
94.144285
94.031599
94.037059
94.252924
94.206071
94.188472
94.322326
94.361419
94.369849
94.509613
94.576587
94.470903
94.672116
94.551161
94.504172
94.586184
94.631810
94.580586
94.588760
94.702595
94.755089
94.673307
94.519140
94.787616
94.660000
94.937708
94.951520
94.751583
94.936207
95.047241
94.834449
94.975670
95.008935
94.878457
94.944159
94.948358
95.036255
94.899564
94.887888
94.574675
94.885179
94.820486
94.908505
94.950683
94.605350
95.376719
94.378954
94.030528
93.896658
93.542430
93.416611
93.463775
93.380096
93.347943
93.286792
93.474136
93.685240
94.082776
93.766154
93.747071
93.996588
93.791211
93.889670
94.088905
94.011740
93.957556
94.192533
94.031875
94.204729
94.307253
94.320759
94.420626
94.403465
94.506318
94.550156
94.606530
94.575468
94.532614
94.700276
94.641975
94.875205
94.762710
94.645780
94.711092
94.722569
94.760270
94.761248
94.665315
94.848780
94.797882
94.568554
94.795384
94.866515
94.730104
94.821738
94.699028
94.866802
94.661438
94.697129
94.324462
94.746517
94.631431
94.615324
94.656815
94.331294
95.312456
94.450549
94.157185
93.918242
93.646093
93.581961
93.391161
93.523653
93.518322
93.500509
93.602738
93.727874
94.021641
93.986439
93.939239
94.156410
93.935859
93.956096
94.302134
94.197157
94.187028
94.341784
94.284365
94.239170
94.510853
94.501379
94.419499
94.565337
94.469471
94.455156
94.556167
94.574006
94.452028
94.417153
94.600305
94.703125
94.530896
94.544451
94.672699
94.506206
94.819886
94.777140
94.716738
94.803108
94.787212
94.614476
94.772782
94.812366
94.775116
94.824314
94.773981
94.874400
94.699177
94.709448
94.340636
94.798237
94.610686
94.570177
94.643644
94.347833
95.206460
94.004251
93.729576
93.360852
93.145400
93.065615
92.908979
92.947826
93.026412
92.994312
93.136679
93.228126
93.670374
93.476340
93.418980
93.669875
93.357838
93.471565
93.813210
93.733187
93.583501
93.881804
93.670613
93.847817
94.051399
94.166480
94.101441
94.317009
94.137770
94.382054
94.286611
94.466914
94.364875
94.481520
94.421618
94.510703
94.250229
94.121177
94.395685
94.211584
94.426511
94.509629
94.232543
94.387969
94.496220
94.274648
94.488052
94.399470
94.318869
94.563045
94.276951
94.329280
94.232088
94.391237
93.862379
94.328132
94.329847
94.197397
94.299123
93.857384
94.922181
93.664734
93.606515
93.413380
92.965790
93.119057
92.731439
93.088964
93.063490
92.890248
93.107045
93.226544
93.584924
93.515203
93.495800
93.577129
93.415968
93.381139
93.538685
93.484273
93.459194
93.693435
93.424342
93.448442
93.768556
93.775967
93.786109
93.953745
93.868596
94.099388
93.991261
94.122957
94.074583
94.023697
94.097133
94.251865
94.092636
94.276456
94.368087
94.458647
94.486189
94.430242
94.089642
94.331529
94.324204
94.399782
94.318060
94.381234
94.134224
94.755871
85.527673
85.460070
85.782138
86.013047
84.456994
85.989389
86.252615
86.124048
86.130059
86.347073
