94.357026
95.828594
95.544678
96.636058
94.616808
94.765845
92.911114
94.243179
94.161508
93.912220
94.262966
94.399105
93.710546
94.413126
94.303884
95.092035
94.293973
94.543120
93.914861
94.836414
94.799709
95.728049
94.823377
94.934813
94.225767
94.577362
94.388905
95.196654
94.366300
94.549880
93.884731
94.465796
94.339825
95.231424
94.245221
94.399457
93.677464
93.904443
93.748808
95.091813
93.769587
94.423104
93.496323
94.355196
94.171387
95.093864
93.705798
93.794472
93.323851
94.298510
94.125124
95.043621
94.148637
93.548805
92.217611
93.438714
93.286699
93.212111
93.329554
91.666387
94.278610
94.511434
94.234642
95.438263
93.920263
94.042104
92.332485
93.374412
93.904661
93.880847
94.082095
94.286915
93.755423
94.392172
94.213792
95.562976
94.249424
94.426877
93.790375
93.835916
94.252068
95.138846
94.333329
94.508161
93.888178
93.985483
93.774670
95.115133
94.361110
94.502770
93.922824
94.021732
93.832607
95.175643
93.978648
94.064191
94.101677
94.109881
93.890439
95.177550
94.325243
94.478739
94.136870
94.054570
93.966826
95.209384
93.903854
94.121091
94.017454
93.992692
93.797425
95.582464
93.771326
94.278438
93.113360
94.304728
94.225666
94.605999
93.709607
93.247394
94.218807
94.478956
93.660979
95.027052
94.066419
94.098955
92.938430
94.239100
93.596094
94.538462
93.906445
94.558172
94.324802
95.044832
94.530447
95.711076
94.592555
94.665521
94.402279
94.154557
94.166186
95.246708
94.567212
94.819309
94.541773
94.386333
94.236423
95.792006
94.249170
94.833943
94.603138
94.346466
94.254930
95.428009
94.333079
94.471595
94.602900
94.463275
94.297206
95.866778
94.248822
94.389878
94.642466
94.438122
94.262019
95.470275
94.297412
94.477448
94.541055
94.407393
94.230862
95.851454
94.611853
94.203364
93.677819
94.650517
94.508750
94.897505
94.120292
93.922964
94.568300
94.689705
94.538883
95.748659
94.434701
94.492445
93.345271
94.478842
94.422681
94.741215
94.664434
94.818502
94.654795
95.252128
95.236861
95.934679
94.868886
95.039709
94.725169
94.960577
95.135706
95.515226
95.157929
94.868826
94.503916
94.585482
94.416338
95.451889
94.700917
94.848911
94.531872
94.883728
94.403589
95.984287
94.860975
94.958243
94.803694
94.927563
94.856393
95.971226
94.936142
94.990182
94.692180
94.570371
94.382152
95.951955
94.801488
94.926012
94.652119
94.582366
94.422922
95.966351
94.236692
94.651848
93.888379
94.666671
94.598655
95.003650
94.634672
93.957804
94.841938
94.753032
94.509702
95.813766
94.448086
94.567251
93.560769
94.521187
94.515749
94.881037
94.677084
95.337278
94.732849
95.241558
94.808504
95.915806
94.826689
94.883094
94.773685
95.308116
95.180941
96.004248
94.914875
95.050827
94.850612
94.859951
94.795840
95.586480
94.848867
94.966578
94.689378
94.918707
94.820851
95.993801
94.991699
95.014000
94.852687
94.630539
94.496157
95.945891
94.493521
94.583555
94.773272
94.670093
94.853681
96.013573
94.880390
94.956639
94.711216
94.588832
94.483893
96.014313
94.351529
94.783825
93.901293
94.708414
94.723752
95.199671
94.905475
94.184486
94.992871
95.278503
95.180147
96.384864
94.619821
94.652163
93.774974
95.163094
95.124167
95.199255
95.015239
95.029200
95.057200
95.426133
95.233563
95.552042
95.272469
95.049370
94.701582
95.007097
95.421886
95.620126
94.875306
95.510508
94.726257
95.386563
95.003230
96.302239
95.274594
95.269128
94.951350
95.012749
95.000388
96.093146
94.948315
95.466855
94.924322
95.050659
94.969934
96.123076
94.848920
95.373537
95.227092
95.495429
94.945122
96.071884
94.911715
95.483139
94.996080
95.006260
94.861677
96.033534
94.753918
94.747842
93.816592
94.661730
94.647948
95.065850
94.737911
93.961423
95.177720
95.385727
95.286515
96.423129
95.142190
94.754131
93.719589
94.652924
94.661505
95.053579
95.653545
95.845284
94.973052
95.773862
95.263673
96.391485
94.950163
95.458205
95.040091
95.101994
95.328292
95.670316
95.425240
95.352947
95.022523
95.047926
94.929550
95.702168
95.058180
95.438715
95.125163
95.188911
95.014509
96.118890
95.102890
95.145314
95.159617
95.124719
95.005356
96.126251
95.073324
95.267759
95.263009
95.091349
94.990959
96.168665
95.053289
95.136844
95.050818
95.051161
94.938656
96.060064
94.919072
94.941985
94.479176
94.994779
94.807565
95.788448
94.875679
94.339072
95.080795
94.917850
94.771243
96.188117
95.183973
95.181126
94.199266
95.137306
95.183859
95.976402
95.061351
95.211258
95.312467
95.914269
95.880288
96.402472
95.977584
95.619799
95.340764
95.215434
95.085753
95.886110
95.075925
95.258333
95.491742
95.661616
95.524797
96.428320
95.532667
95.699593
95.521163
95.397764
95.329509
96.571386
95.777448
95.791787
95.719896
95.425780
95.358023
96.605943
95.507871
95.503523
95.641584
95.351952
95.291408
96.521451
95.665650
95.744696
95.638741
95.390731
95.310418
96.537902
95.215481
95.240275
95.175115
95.729447
95.491349
95.989913
95.175881
95.065501
95.631367
95.307692
95.223140
96.440616
95.496827
95.560429
94.706665
96.068821
96.066536
96.346035
95.684189
95.795911
95.729244
95.931116
95.804567
96.272978
96.149186
96.259433
95.569630
95.764977
95.448539
96.618145
95.502153
95.851201
95.570206
95.729059
95.597528
96.562864
96.151044
96.244378
95.743707
95.671584
95.498652
96.792757
95.523361
95.630165
95.731700
95.860229
95.801823
96.310410
95.885951
96.065011
95.776561
95.605742
95.864422
96.762546
95.869403
95.872332
95.741463
96.006541
95.954967
96.882291
95.897912
95.940078
95.152141
96.013832
95.924025
96.317475
95.799306
95.053345
96.093684
96.431755
96.404871
96.848615
95.808656
95.819564
95.254116
95.867344
96.334908
95.789118
96.428688
96.066092
95.856613
96.109258
95.730607
96.627139
96.016391
96.083912
95.853197
96.550419
96.479083
97.004585
96.642723
96.271452
95.865173
96.108789
95.633302
96.516458
96.041821
96.136727
95.666854
96.144482
96.451499
96.955576
96.477209
96.484152
95.914113
95.642709
95.452954
96.390289
95.534623
96.017227
95.710098
95.895806
96.422408
96.928558
96.515253
96.589883
95.797036
96.089898
95.605287
96.873726
95.881843
95.947347
95.057649
96.240198
96.222165
96.489540
96.038450
94.862900
95.873918
95.762356
95.356121
96.169778
95.600911
95.700670
94.538456
96.175244
96.126810
96.067703
96.228588
95.811279
95.701938
95.897138
95.843271
96.693390
96.342647
96.422898
95.581759
95.891590
95.834476
96.731095
96.040469
95.984872
95.784574
95.966313
96.364060
96.275098
96.319837
96.377805
95.771707
95.929843
95.913652
96.735218
95.898103
96.071505
95.725274
96.185868
96.243829
96.755442
96.297172
96.044688
95.864934
95.581211
95.442552
96.237340
95.676638
95.718622
95.413747
96.060366
96.143908
96.548861
96.123713
95.710196
95.058581
95.648988
95.607384
96.106115
95.500653
94.902722
95.639610
95.834844
96.140509
96.174427
95.683828
95.215069
94.490737
95.160090
95.204672
95.689571
95.331957
95.495342
95.440883
96.292685
96.196851
96.561759
95.794836
95.891777
95.387130
95.571377
95.457634
96.267456
95.270801
95.921721
95.191101
95.882230
95.789961
96.237395
95.818128
95.402076
95.183763
95.306795
95.104797
95.567159
95.586835
95.645452
94.868829
95.610246
95.464214
95.900190
94.989368
95.083168
94.751868
95.124342
95.478869
95.861703
95.412733
95.500373
94.663969
94.902543
94.933876
95.873225
94.986028
95.472485
94.161980
95.855672
95.425295
95.848931
95.001348
94.198075
94.972591
95.040980
94.872287
95.831408
95.423249
95.507302
94.142481
95.574717
95.631329
95.990913
95.843452
95.840821
95.202820
95.734441
95.648058
96.172278
96.145555
96.192502
95.150516
95.326839
95.411413
96.651024
95.359862
95.884675
95.163939
95.867361
95.708563
96.151794
95.743412
95.885713
95.106251
95.264602
95.118423
96.131463
95.735849
95.868340
95.212897
95.456152
95.363803
96.672111
95.446554
95.984577
95.165574
95.807182
95.748458
96.563119
95.330377
95.597347
95.011435
95.630793
95.492660
96.193372
95.630024
95.202589
94.570243
95.082271
95.004911
95.367854
94.865092
94.201727
95.004940
95.859318
95.658564
96.153514
95.132815
94.838711
94.243022
95.331877
95.300120
95.305016
95.228126
95.359559
94.598588
95.779747
95.988037
96.582320
95.462325
95.153354
95.049324
95.081574
95.427280
95.877960
95.860501
95.919187
94.935130
95.862954
95.462848
96.338981
95.541740
95.259066
95.235589
95.519413
95.398537
95.792634
95.631985
95.700595
94.665144
95.432134
94.773254
96.061807
94.715256
95.201567
94.788313
95.339751
95.340599
96.078246
95.226564
95.345731
94.974898
95.239881
95.109665
95.973277
95.074793
95.287739
94.384634
95.273168
95.156582
95.688648
95.297095
94.492311
95.033823
95.526472
95.523968
96.263016
95.304988
95.559381
94.817806
95.544590
95.897686
96.056704
95.463582
95.984142
95.365235
95.865956
95.430121
96.448141
95.254771
95.029327
95.118635
95.147002
95.559720
95.575005
95.410064
95.506225
94.623247
94.261864
93.930987
95.768989
94.000520
94.676377
94.623587
95.014153
95.435654
96.046817
95.353187
95.612489
95.484189
95.729629
95.755371
96.882222
95.885231
96.118341
96.050156
95.934100
95.791797
96.381963
95.628675
96.195848
95.606565
95.629030
95.439627
96.435766
94.595970
95.373503
94.977020
95.641851
95.536455
95.986924
95.075776
94.812090
94.606950
94.887933
94.197972
95.552945
94.647152
94.646000
93.926426
95.656160
95.619252
95.775346
95.077924
95.040036
95.380676
95.129614
95.502193
95.873231
95.774804
95.872855
95.026229
95.839844
95.861676
96.201327
95.328756
95.163854
95.229416
95.074402
95.441759
95.893618
96.138066
96.278208
95.629683
95.864677
95.673890
96.773469
95.843900
95.936912
95.924411
96.323735
96.618268
96.701755
96.218031
96.054468
95.957790
95.114506
94.863328
96.365616
95.202629
95.727464
95.618065
96.129553
96.007218
96.559837
95.986568
95.853963
95.480998
95.671687
95.126114
96.231975
95.346612
95.107898
95.697556
95.833451
96.086713
96.720523
96.541284
96.331077
95.446965
96.311980
95.811834
96.621825
95.606566
95.797237
96.269919
96.783183
96.746450
96.710429
96.489806
95.827267
96.071573
95.825457
95.707838
96.457731
96.591693
96.626759
96.110676
96.661193
96.152321
96.774582
96.327488
95.958140
96.212172
96.289721
96.574918
96.792184
96.526904
96.672099
96.430320
95.843893
95.665654
96.685431
95.676757
96.506730
96.214780
96.577796
96.014100
96.977549
96.013289
96.177183
96.100821
96.322333
96.428493
96.896153
97.611898
97.139864
95.379134
95.715858
95.218220
96.585427
95.634658
95.684278
96.009433
96.572235
96.075655
96.204360
95.910859
95.585729
94.995993
94.898876
96.081271
96.178364
95.226531
95.715350
95.159249
96.007902
96.262380
97.224308
95.667767
95.117331
95.016175
94.790569
94.742248
94.983828
94.676351
95.286535
94.531972
95.172052
95.232567
95.421980
95.166913
94.883422
94.593227
94.799392
94.677318
95.590690
95.589238
96.154871
95.073102
95.534248
95.077856
96.479222
94.913465
94.778547
94.193848
93.732095
94.281543
94.787641
94.531877
94.959490
94.852647
95.768599
95.912542
97.046508
95.748434
95.225755
94.406491
95.144954
95.934715
95.216047
95.175341
94.196821
96.095688
95.486016
95.496210
96.302774
95.086443
95.025705
94.694099
95.086358
95.046818
95.024225
95.362350
95.320452
95.866340
95.693991
95.569992
96.699242
95.662480
95.813898
96.465299
96.062369
95.901053
97.010888
96.005879
95.910515
96.237122
95.701057
95.606344
96.775825
95.536361
95.604486
95.859734
95.644519
95.665118
96.359236
95.684914
95.660631
95.883592
95.637267
95.591861
96.620720
95.632255
95.640534
95.903757
95.579468
95.582476
96.726158
95.909212
95.801252
95.662277
95.554981
95.502633
96.664822
95.471313
95.676069
94.920293
95.834886
95.869787
95.867444
95.846417
95.016338
96.038447
95.543992
95.319177
96.079567
94.771052
94.772325
94.548088
94.830884
94.855197
94.871958
95.279320
95.233340
95.783272
95.510842
95.531320
96.614585
95.601868
95.579255
95.888449
95.906555
95.896657
96.958214
95.961426
95.943086
96.054935
95.727235
95.934822
96.957726
96.033247
95.959557
96.051028
95.686169
95.620409
96.682183
95.679791
95.677315
95.988006
95.595010
95.628719
96.715867
95.613159
95.658232
95.960694
95.685741
95.592095
96.691011
95.552914
95.592991
95.720655
95.537586
95.561240
96.677090
95.428779
95.831575
95.026469
95.815808
95.822198
95.838775
95.864933
95.025821
96.053807
95.489652
95.404308
96.088888
94.865134
94.792990
94.631090
94.986421
94.960843
94.916996
95.261000
95.385525
95.718060
95.543456
95.542133
96.629364
95.737639
95.723866
95.982525
96.044888
96.228174
97.204789
96.190316
97.317119
95.959390
95.656287
95.664857
96.704580
95.847699
96.400242
96.299507
96.098520
96.128277
97.281538
95.806874
96.121025
96.263072
95.950312
96.006575
96.957484
95.930274
96.204169
96.177862
95.816863
95.724272
96.739391
96.379503
96.367391
95.718365
95.627358
95.584743
97.061220
95.496025
95.904476
95.072659
95.905574
95.908256
95.842248
95.882868
95.019959
96.025552
95.560280
95.269053
96.032387
94.772950
95.293825
94.783645
95.209611
94.981928
95.002332
95.307014
95.427008
95.701056
95.575095
95.523916
96.541155
95.616783
95.640961
95.878368
95.928949
95.995464
97.102525
96.383207
96.091880
96.120106
96.033053
95.945799
97.504466
96.248346
96.220787
96.034790
95.646309
95.992391
96.653176
96.039302
95.989428
96.161568
95.948625
95.722792
96.893536
95.770150
95.686969
95.822560
95.633060
95.644839
96.710755
95.664458
95.650351
95.751291
95.669141
96.107309
97.118900
96.194794
95.880417
95.048474
95.852952
95.867211
96.717808
95.578635
95.010960
95.990214
95.488515
95.302028
96.000521
94.752791
94.698633
94.477627
94.921471
94.934159
94.876018
95.322144
95.379048
95.754923
95.519916
95.459991
96.574672
95.558997
95.559938
95.919504
96.839255
96.471589
97.318825
96.456352
96.106788
96.110228
95.591418
95.791266
96.338537
95.514843
95.495578
95.930765
95.484670
95.647838
96.692296
95.652463
95.695804
95.922595
95.613874
95.659166
96.670911
95.619591
95.658164
95.880246
95.902228
95.846638
96.999551
95.959594
95.934146
95.757191
95.584890
95.490576
96.968227
95.415626
95.372931
95.090297
95.892869
95.879337
95.889073
95.969052
95.226377
96.015715
95.392144
95.336061
96.061463
94.758351
94.787299
94.643209
94.865770
94.857191
94.868815
95.164536
95.143745
95.558843
95.380655
95.514135
96.632547
95.937780
96.109862
95.331966
96.278329
96.469554
96.858224
96.616017
97.214420
95.753745
96.285220
95.801492
97.103016
96.048391
96.064915
96.384587
97.095350
96.936090
97.266151
96.922410
96.615783
96.552676
96.157592
96.193001
96.932926
96.583310
96.937887
96.559936
96.895805
97.118517
97.529362
96.882336
96.555688
96.514658
96.118512
96.390797
97.126425
96.104322
96.872406
96.167212
96.811333
96.856353
97.262011
96.826681
96.224665
96.445164
96.577065
96.489133
97.154530
96.383097
96.400867
96.134504
97.012300
96.940859
97.102160
96.798757
96.506766
96.535028
97.187248
96.735719
96.894691
96.766309
96.803880
96.498638
96.427781
96.520582
96.931566
96.612508
96.863520
96.334760
96.904198
96.877517
97.140344
97.838338
96.164248
96.519619
96.455134
96.405028
96.851718
97.104313
97.268110
96.841726
97.128363
96.829684
97.191806
96.552460
96.278527
96.548997
96.565488
96.885516
96.946880
97.048732
97.112148
96.506775
96.865226
96.750239
97.700576
97.038484
96.122325
96.222187
96.468713
96.785372
96.787164
96.816915
95.983416
96.479008
96.703811
96.564604
97.172990
96.538423
96.884475
96.215568
97.124864
96.737197
96.917690
97.129887
96.698282
96.465496
96.798497
96.764777
96.872803
96.873308
96.436649
96.206065
96.467770
96.504574
96.871998
96.506982
96.806379
96.473543
97.071486
96.842544
97.170448
96.587630
96.627214
96.558945
96.649808
96.803881
96.744298
97.092318
96.879078
96.501404
96.525131
96.244385
96.980444
96.217722
96.544100
96.515113
96.851034
97.057661
97.211842
96.851102
96.599278
96.600529
96.247548
96.072354
96.875740
96.474819
96.782894
96.025370
96.985966
96.965754
97.044316
96.874738
96.273521
96.458520
96.458373
96.468763
96.829296
96.292180
96.668947
96.020223
97.033317
96.753783
96.951692
96.574923
96.615809
96.591461
96.878002
96.752487
96.879140
96.835215
96.830421
96.370063
96.553381
96.495240
96.963524
96.888708
96.879641
96.541049
96.609634
96.808254
97.161358
96.897936
96.910965
96.587938
96.587415
96.980873
96.966040
96.953506
97.027347
96.572753
96.542135
96.510300
97.012425
96.530397
96.898298
96.469576
96.888733
96.827098
97.167318
96.793861
96.534026
96.550234
96.461612
96.432917
96.934457
96.807940
96.883560
96.148096
97.051823
96.771559
97.088155
96.455337
96.437357
96.503947
96.432939
96.827287
96.842965
96.625486
96.764656
96.044992
96.707548
96.721148
96.655556
96.944870
96.838100
96.530258
97.153011
97.051898
97.170782
96.879524
96.948278
96.653223
96.599656
96.562880
96.715888
96.533910
96.583706
96.351029
96.557264
96.424908
96.706780
96.556312
96.561813
96.391612
96.912739
96.829433
97.060512
96.896845
96.934210
96.557559
97.223888
97.197359
97.489059
96.641490
97.063137
96.690754
96.492082
96.206083
96.681600
96.511433
96.902616
96.361856
97.026623
96.939300
97.090214
96.877757
96.896117
96.137921
96.342275
96.513281
96.854411
96.514118
96.273593
96.669508
97.261777
97.261009
97.263671
96.747701
96.433313
96.269243
96.562644
97.105790
96.902081
96.913128
96.669323
96.302764
96.753667
96.744177
96.880428
96.827102
96.885279
96.294924
96.775882
96.753377
97.106163
96.819467
96.828171
96.437512
96.763580
96.827610
96.898762
96.763724
96.796962
96.428326
96.801347
96.458333
96.946020
96.843935
96.914599
96.460360
96.578741
96.652582
97.155556
96.129164
96.571651
96.584529
96.870342
96.879756
97.241842
96.873457
96.657855
96.637113
96.302323
96.215983
97.092318
96.518412
96.828483
96.221303
97.084845
96.843411
97.041331
96.844759
96.460749
96.383400
96.438895
96.434895
96.894365
96.405005
96.689658
96.011609
96.981081
96.976699
97.000493
96.490800
96.596155
96.624453
96.925109
97.062445
96.975079
96.896736
96.605244
96.552064
96.498705
96.448195
96.937990
96.857477
97.107792
96.572886
96.843003
96.084961
97.191300
96.231614
96.560666
96.615516
96.562868
96.819010
97.163244
97.073334
96.846401
96.718294
96.550742
96.069588
97.021888
96.202213
96.304896
96.590270
96.435936
96.807480
96.941081
96.792847
96.904107
96.608394
96.468058
96.456118
97.168299
96.180423
96.439241
96.472829
96.764065
96.991204
97.006820
96.878079
96.370918
96.491558
96.481470
96.087068
97.130950
96.422589
96.497569
96.202550
96.723187
96.977050
96.848245
96.827364
96.456401
96.744476
96.561669
96.568085
96.997844
96.867013
97.084073
96.517535
96.736305
96.103747
97.212366
96.267983
96.523220
96.623464
96.618845
96.880074
97.212397
97.155113
96.850724
96.758917
96.157970
96.268862
96.789975
96.129027
96.568370
96.713243
96.924805
96.909727
97.050756
96.912185
96.509609
96.684230
96.297967
96.213914
97.022851
96.216759
96.470954
96.520022
96.841512
96.863943
97.226661
96.885710
96.887897
96.363573
96.457041
96.481640
97.138915
96.281763
96.422862
96.601729
96.584166
96.813676
97.174278
97.012426
96.805101
96.224846
96.810707
96.476534
96.962548
96.605957
96.528784
96.672826
96.968325
96.885062
97.258923
96.979566
96.986880
96.693208
96.311058
96.559310
97.085138
96.666614
96.705945
96.744956
96.644156
96.873246
97.244946
97.177280
96.921619
96.623056
96.068530
96.073003
96.148946
93.231812
93.248647
93.676808
93.528030
93.498022
93.234354
93.289691
93.258032
93.313107
93.324474
93.394807
93.383530
93.319228
93.356095
93.296494
93.446541
93.482778
93.888695
93.415705
93.401617
93.024977
93.940767
94.259828
93.449617
94.269239
93.115671
94.797627
94.501194
94.239772
94.426885
93.511409
93.514458
93.060365
93.739721
93.799149
93.787412
94.124219
94.122204
94.244810
94.435371
94.452118
95.533206
94.494683
94.561752
94.478878
94.478375
94.527351
95.606178
94.541681
94.595507
94.397950
94.460287
94.432160
95.075404
94.347292
94.364336
94.375985
94.422970
94.394518
95.050233
94.366413
94.373541
94.349886
94.395062
94.378656
95.065664
94.223131
94.297368
94.170279
94.284049
94.253539
95.055146
94.122369
94.122773
93.904809
94.137089
94.187656
95.026677
93.957915
94.033073
93.493507
94.632849
94.653479
94.493927
94.699257
93.378329
94.680854
94.421740
94.239346
94.319509
93.402382
93.400174
92.915710
93.666920
93.650345
93.667318
93.959255
94.040721
94.060191
94.222022
94.219590
95.026919
94.296475
94.292919
94.260832
94.482276
94.528447
95.540642
94.425559
94.488149
94.315824
94.339904
94.298264
94.995427
94.429599
94.506623
94.247188
94.389241
94.290906
95.075719
94.244026
94.298954
94.208492
94.357034
94.298717
95.014199
94.249001
94.263270
94.217807
94.291914
94.293316
95.043255
94.081120
94.094040
93.887352
94.069778
94.018237
94.967558
93.866066
93.901487
93.274422
94.503713
94.479966
94.440903
94.448996
93.318294
94.600382
94.364077
94.132460
94.291673
93.402591
93.413978
92.847272
93.570585
93.572577
93.489485
93.864052
93.878354
93.919019
94.104565
94.057802
94.857961
94.163319
94.157931
94.152846
94.378037
94.295725
95.367065
94.317963
94.341508
94.141470
94.246972
94.182860
94.934416
94.378016
94.361306
94.186621
94.272476
94.273668
94.951101
94.158263
94.207291
94.179872
94.218696
94.200779
94.892920
94.129959
94.170565
94.026742
94.206247
94.180827
94.993711
94.046747
94.045785
93.951531
94.191603
94.179038
95.392384
93.947623
93.985974
93.349561
94.423023
94.541656
94.194624
94.472775
93.464216
94.601397
94.129904
93.932908
93.742103
93.196709
93.141879
92.722026
93.388522
93.427520
93.365931
93.717216
93.733334
93.817370
93.930002
93.941068
94.373906
93.954231
93.945445
94.060915
94.168313
94.102035
94.851166
94.175286
94.209003
94.218365
94.317749
94.261492
95.404275
94.353942
94.325433
94.363631
94.327657
94.280632
95.410647
94.324913
94.332893
94.232180
94.251043
94.238407
94.968431
94.329909
94.378736
94.169881
94.226207
94.154197
95.006904
94.199476
94.212555
93.985370
94.208046
94.166738
95.437848
94.232722
94.526882
93.454786
94.646761
94.610959
94.585570
94.505571
93.589380
94.598211
94.140336
93.929258
93.741665
93.168894
93.212253
92.851022
93.401928
93.378051
93.394212
93.717529
93.722667
93.862559
93.954474
93.956000
94.456763
94.042266
94.052328
94.147315
94.244654
94.228361
94.926941
94.244578
94.255044
94.328821
94.421472
94.422642
95.442857
94.431321
94.464178
94.496686
94.468491
94.464052
95.499987
94.449056
94.423840
94.459415
94.323787
94.443630
94.983914
94.395093
94.451943
94.447412
94.341785
94.394827
95.093906
94.349807
94.662640
94.328856
94.368937
94.780842
95.564088
94.584240
94.620656
93.764517
94.583240
94.574125
94.543097
94.627425
93.779154
94.663093
94.178796
94.042192
93.779070
93.251351
93.218523
93.010346
93.279856
93.321178
93.332877
93.358409
93.337294
93.218455
93.375510
93.333138
96.242662
95.596799
95.625468
95.723151
96.012287
96.054404
97.153102
96.305566
96.184798
96.369109
96.248882
96.220601
96.701940
96.299581
96.246412
96.496950
96.250956
96.252196
97.079594
96.315263
96.354023
96.554857
96.355740
96.337721
96.832129
96.344414
96.340153
96.506433
96.377147
96.386085
97.063518
96.263263
96.244767
96.428637
96.244131
96.224592
97.041450
96.017948
96.024311
96.013870
96.232659
96.388695
96.573922
96.430581
96.116125
96.520778
96.259770
96.177785
96.867192
95.650173
95.797175
95.597736
96.092160
96.078047
95.836308
96.303302
96.296773
96.412159
96.324078
96.363488
97.024260
96.370543
96.442704
96.476172
96.377150
96.314342
96.801685
96.424629
96.473015
96.513404
96.484373
96.324852
97.062573
96.400815
96.403431
96.555544
96.521504
96.472255
96.829599
96.499865
96.373663
96.583861
96.354741
96.312757
96.869033
96.340939
96.279693
96.418646
96.380020
96.323059
96.881412
96.294048
96.301568
96.405879
96.415444
96.336068
97.071756
96.292651
96.262677
96.024529
96.264735
96.130498
96.268450
96.429058
96.025726
96.607981
96.328730
96.220890
96.637845
95.793349
95.844754
95.648105
95.919408
95.883697
95.886676
96.089938
96.115125
96.309245
96.192658
96.213353
96.718776
96.237648
96.257299
96.485203
96.586860
96.603601
97.306895
96.724678
96.529691
96.610717
96.364157
96.323260
96.818988
96.340215
96.427289
96.517022
96.438534
96.419037
97.103361
96.321542
96.377843
96.520920
96.340621
96.318026
96.843311
96.262321
96.274416
96.430965
96.289350
96.324686
96.759534
96.227739
96.244655
96.420037
96.337162
96.373981
97.046704
96.321762
96.276534
96.011545
96.293655
96.254834
96.309480
96.318841
96.057618
96.584881
96.285157
96.191316
96.571604
95.768682
95.741352
95.661942
95.997025
95.928047
95.955795
96.202796
96.221267
96.388965
96.379933
96.356765
97.053775
96.438504
96.454027
96.530263
96.440499
96.483616
97.083348
96.497249
96.513235
96.615546
96.381713
96.390752
96.808455
96.327218
96.464273
96.588152
96.429032
96.478725
97.076470
96.554246
96.428807
96.593102
96.357028
96.460574
96.880252
96.350408
96.350395
96.429962
96.405875
96.309941
96.855231
96.310040
96.293683
96.445714
96.430230
96.397982
97.083177
96.318084
96.300279
95.928882
96.331570
96.061559
96.290109
96.026824
95.835324
96.370136
96.304845
96.201030
96.577984
95.743147
95.770866
95.624152
95.862001
95.966416
95.894207
96.160033
96.198890
96.285903
96.312910
96.285707
96.989596
96.455473
96.485958
96.544024
96.372234
96.457653
97.198900
96.467552
96.512032
96.565236
96.378750
96.379295
97.019728
96.376925
96.373261
96.520619
96.521551
96.488287
96.785009
96.407831
96.341406
96.488976
96.308299
96.359176
96.805106
96.296610
96.272308
96.350802
96.314746
96.275030
96.799934
96.270190
96.259197
96.368895
96.365031
96.414281
97.041908
96.312912
96.302906
96.004173
96.316593
96.079245
96.311215
96.099553
96.052846
96.559103
96.253183
96.158246
96.596274
95.758885
95.761332
95.581044
95.938995
95.954792
95.861427
96.269304
96.156688
96.338742
96.468418
96.412219
97.002973
96.444273
96.432562
96.487621
96.367078
96.427982
96.990871
96.389050
96.432785
96.529218
96.293285
96.361682
96.748578
96.349549
96.343973
96.518231
96.444853
96.391264
97.037109
96.465262
96.383070
96.598659
96.344986
96.275574
96.807330
96.266204
96.233960
96.354797
96.281298
96.242183
96.780546
96.139964
96.246676
96.374367
96.339426
96.362019
97.055222
96.214005
96.251446
95.922440
96.223743
96.044451
96.228812
95.985485
95.877938
96.561957
96.300729
96.204478
96.490696
95.714711
95.739637
95.575312
95.841573
95.909177
95.853508
96.170094
96.147206
96.327200
96.300231
96.304339
96.939149
96.380607
96.367330
96.503359
96.376483
96.452869
97.030170
96.422828
96.443020
96.541578
96.330686
96.384453
96.750621
96.208868
96.341589
96.491575
96.366026
96.419013
97.056359
96.371220
96.331063
96.591247
96.378015
96.346468
96.788446
96.258501
96.251790
96.342768
96.315592
96.305729
96.744535
96.177325
96.318285
96.377021
96.425102
96.380562
97.029482
96.291015
96.279545
95.978791
96.203104
96.025045
96.271650
96.004021
95.918333
96.533047
96.276496
96.186180
96.526830
95.747509
95.789388
95.557744
95.878115
95.881387
95.872311
96.153657
96.164694
96.390131
96.395840
96.341768
97.026616
96.402587
96.392768
96.514389
96.441545
96.481441
97.038079
96.490493
96.412817
96.529288
96.390404
96.346958
96.773194
96.322927
96.432235
96.445148
96.466770
96.441151
97.121348
96.432065
96.379104
96.518053
96.382446
96.376757
96.799236
96.302978
96.353006
96.341553
96.292058
96.299554
96.796593
96.302312
96.189091
96.368788
96.337320
96.309479
97.030871
96.223362
96.293423
95.955707
96.231457
96.033273
96.221987
95.996915
95.871438
96.420609
96.246143
96.100272
96.557015
95.701465
95.652127
95.521927
95.857641
95.908141
95.841888
96.109981
96.123612
96.358994
96.310102
96.345958
96.945302
96.412713
96.393740
96.461787
96.420260
96.460042
97.037270
96.446725
96.452891
96.504020
96.371322
96.336725
96.775577
96.406620
96.433219
96.501399
96.380731
96.387175
97.050349
96.440116
96.374462
96.545598
96.358383
96.302521
96.806845
96.222469
96.261992
96.377161
96.305068
96.288241
96.747215
96.248265
96.259544
96.318899
96.373173
96.349543
97.012283
96.259379
96.211908
95.763943
96.168253
95.885313
96.177427
95.829968
95.688487
96.465464
96.233663
96.086113
96.563983
95.659869
95.678992
95.265141
95.870544
95.834968
95.767980
96.114471
96.109705
96.298937
96.310813
96.324354
97.001696
96.418626
96.489413
96.498245
96.406108
96.495696
97.076934
96.465743
96.492254
96.549814
96.406278
96.361701
96.801949
96.363317
96.463176
96.470820
96.397088
96.354679
97.079339
96.360350
96.303331
96.481696
96.361212
96.344175
96.480443
96.245689
96.219177
96.350033
96.221837
96.212135
96.784653
96.207083
96.190780
96.294033
96.338496
96.277989
97.024999
96.211692
96.221820
95.786617
95.933989
95.912254
95.882382
95.815496
95.604722
96.526483
96.262941
96.188475
96.529906
95.672555
95.679108
95.422383
95.887800
95.801753
95.823766
96.105060
96.134787
96.303569
96.307754
96.378209
96.988594
96.441807
96.372794
96.491680
96.480336
96.449734
97.069113
96.489011
96.471045
96.585017
96.395771
96.349942
96.821328
96.336185
96.461034
96.493090
96.402104
96.363131
97.069255
96.315778
96.317406
96.544063
96.305831
96.331778
96.514604
96.245262
96.243159
96.312182
96.290044
96.243472
96.772880
96.163557
96.223081
96.307564
96.344150
96.345729
96.958802
96.223354
95.900729
95.693870
95.942772
95.913491
95.849074
95.773303
95.530724
96.545999
96.393270
96.369073
96.873724
96.116759
96.182929
95.625107
95.978300
95.998283
95.959687
96.309373
96.275078
96.150832
96.159024
96.109028
96.613849
96.187068
96.207530
96.262057
96.373629
96.371082
97.030613
96.510678
96.603373
96.418522
96.374970
96.362394
96.780454
96.536306
96.543426
96.242655
96.294722
96.318589
96.694746
96.426172
96.282400
96.410838
96.256485
96.174806
96.677642
96.192790
96.132285
96.296928
96.217592
96.252836
96.730935
96.147774
96.208643
96.223715
96.349346
96.354753
97.052650
96.295116
96.278682
95.746661
96.165191
95.902227
96.142025
95.894780
95.742864
96.416843
96.244875
96.150054
96.273538
95.600751
95.539713
95.385513
95.783064
95.716430
95.719519
96.032836
96.007761
96.308037
96.245512
96.312810
96.996812
96.426321
96.391341
96.444498
96.384787
96.419827
97.297849
96.547316
96.480504
96.508313
96.337786
96.319925
96.714867
96.207281
96.364432
96.387967
96.401912
96.380196
97.119645
96.328362
96.381750
96.725751
96.458280
96.452064
96.784118
96.221051
96.299457
96.357168
96.323656
96.320206
96.750776
96.223796
96.216954
96.288192
96.339214
96.318350
97.073898
96.238123
96.114984
95.781530
96.278002
95.975214
96.154282
95.978109
95.773251
96.411739
96.231070
96.161300
96.482276
95.701076
95.665115
95.406333
95.815080
95.804662
95.809862
96.137021
96.123895
96.182902
96.269661
96.339221
96.991880
96.478897
96.372912
96.328512
96.421838
96.333359
97.046615
96.265611
96.428165
96.397170
96.472934
96.409918
97.048503
96.268434
96.314497
96.395476
96.286010
96.307950
96.782379
96.251092
96.310123
96.371398
96.268861
96.283770
96.851073
96.260151
96.297017
96.438860
96.446531
96.416879
97.001747
96.160213
96.215637
96.324443
96.191883
96.172982
96.722172
96.006288
95.922974
95.730451
95.978377
95.886823
95.933601
96.123744
95.725936
96.616439
96.494598
96.381840
96.924352
95.802806
95.767046
95.587308
95.898755
95.854882
95.890825
96.059025
96.080100
96.232119
96.129442
96.134373
96.632088
96.220842
96.250398
96.344331
96.429204
96.366015
96.986225
96.455751
96.454664
96.483465
96.315432
96.288213
96.674627
96.260657
96.380000
96.362653
96.428134
96.352215
97.038057
96.405516
96.315517
96.394265
96.228663
96.279407
96.719991
96.179714
96.229218
96.235458
96.140149
96.179612
96.699977
96.164896
96.169348
96.249564
96.305995
96.232104
96.952955
96.186609
96.248507
95.730977
95.975006
95.927633
95.864252
95.829327
95.589783
96.503398
96.328551
96.201302
96.508716
95.762640
95.701324
95.396414
95.892181
95.853615
95.829100
96.118225
96.185083
96.311515
96.400956
96.362847
96.984357
96.503649
96.503748
96.515700
96.371989
96.317410
97.063946
96.317173
96.491714
96.391249
96.462973
96.478740
97.093465
96.360670
96.361204
96.360649
96.371702
96.290477
96.811494
96.355026
96.318512
96.313115
96.317614
96.339957
96.781993
96.311572
96.320448
96.342659
96.462438
96.504396
97.158045
96.369700
96.330978
96.325735
96.303704
96.334958
96.808622
96.127415
96.175649
95.729249
96.073145
96.166423
96.129129
96.171408
95.990805
96.668042
96.527804
96.433925
96.943267
96.174054
95.944659
95.717281
96.027301
96.070237
96.069379
96.282095
96.256275
96.421144
96.356193
96.353818
96.901567
96.349821
96.391380
96.510975
96.501694
96.411053
97.088533
96.572923
96.551446
96.496131
96.368811
96.312426
96.783684
96.332501
96.339210
96.563052
96.495852
96.477130
96.796514
96.323858
96.331889
96.379382
96.376338
96.305315
96.813792
96.263704
96.276754
96.258181
96.353835
96.332080
96.802998
96.391972
96.347322
96.253579
96.449466
96.415107
97.057055
96.369079
96.166767
95.762381
96.157836
96.109828
96.002013
96.014169
95.539833
96.609319
96.451834
96.220669
96.544350
95.786483
95.760029
95.399297
95.895300
95.883664
95.811103
96.040742
96.075690
96.194216
96.318960
96.345898
96.932169
96.412811
96.364256
96.225785
96.267798
96.094129
96.695859
96.191687
96.262730
96.102697
96.094509
96.072844
96.686055
96.087067
96.189475
96.076664
96.315652
96.185766
96.822462
96.110397
96.124548
96.035422
95.952295
96.057502
96.257130
95.978954
96.021404
95.870637
96.001481
95.911972
96.480497
95.949405
95.909169
95.741750
95.886782
95.819690
96.727278
95.550798
95.837545
95.034297
95.763824
95.439625
95.700702
95.679136
94.864107
95.844474
95.660091
95.521032
95.685113
95.055583
94.999740
94.492867
95.161721
95.115607
95.112386
95.357450
95.476716
95.459923
95.701782
95.637494
96.247235
95.702641
95.744691
95.594134
95.945572
95.945161
96.596158
96.053725
95.898367
95.779215
95.778604
95.706445
96.026676
95.748382
95.752821
95.562139
95.815677
95.707660
96.343096
95.772461
95.861362
95.686251
95.827454
95.849650
96.341607
95.871577
96.031953
95.647284
95.921676
95.779427
96.676327
95.817643
95.826948
95.650993
95.820775
95.828504
96.374251
95.627376
95.613243
95.169882
95.931385
95.877594
95.863851
95.574311
95.209183
95.939375
95.748997
95.564471
95.757064
95.102447
95.066398
94.731032
95.251796
95.136093
95.131872
95.463972
95.473991
95.494331
95.702221
95.583879
96.192044
95.687077
95.768274
95.616698
95.889279
95.891426
96.608497
95.996477
95.818110
95.795462
95.758011
95.811082
96.270297
95.774474
95.803032
95.615767
95.755422
95.732323
96.328813
95.711474
95.744682
95.660466
95.764437
95.659942
96.663386
95.715475
95.891062
95.599000
95.776429
95.563207
96.573716
95.651432
95.680084
95.541112
95.672847
95.622982
96.285766
95.502944
95.501290
94.845826
95.459680
95.438567
95.340225
95.396620
94.908206
95.896842
95.770831
95.633030
96.060108
95.222140
95.222335
94.539494
95.339875
95.296695
95.282892
95.533820
95.576510
95.460040
95.835634
95.815548
96.570312
95.841359
95.699754
95.591460
95.568304
95.539485
95.904581
95.620786
95.640982
95.541318
95.718950
95.650821
96.239040
95.691715
95.675200
95.618837
95.793066
95.667608
96.597086
95.741400
95.765198
95.600897
95.952480
95.762733
96.282181
95.723879
95.682567
95.565177
95.751915
95.693646
96.322067
95.544293
95.609138
95.371876
95.589375
95.547776
96.224764
95.490338
95.513650
94.871342
95.425131
95.416453
95.409885
95.409216
94.846325
95.819186
95.721401
95.607365
95.960588
95.151393
95.142554
94.450349
95.242516
95.244135
95.214256
95.509332
95.574069
95.468095
95.846704
95.793547
96.526861
95.880208
95.691883
95.507515
95.611796
95.604558
95.915868
95.676384
95.808657
95.487545
95.841729
95.866571
96.324093
95.870705
95.844567
95.560287
95.764817
95.730924
96.213509
95.623783
95.645654
95.197943
95.493942
95.446740
95.764419
95.575054
95.565836
95.163688
95.606157
95.402394
96.163017
95.364375
95.518542
95.171871
95.832653
95.479244
96.451676
95.336031
95.341085
94.593382
95.306822
95.317941
95.231214
95.324916
94.413778
95.593881
95.354437
95.276668
95.529199
94.787486
94.870858
94.178787
95.016304
94.975270
94.850347
95.192873
95.230693
95.040382
95.491793
95.484423
95.935397
95.509256
95.479939
95.224200
95.515406
95.740469
96.398463
95.738058
95.529106
95.289196
95.346612
95.404655
95.711366
95.370309
95.568007
95.139349
95.527866
95.455408
96.060988
95.479118
95.540575
95.125268
95.507741
95.502539
96.134026
95.515595
95.563760
95.173103
95.567547
95.587067
96.154048
95.452099
95.472124
95.009598
95.763094
85.953682
85.856686
85.808462
87.083153
84.735781
87.428693
87.683176
87.446667
87.700955
88.114625
