93.403215
92.957477
92.147782
93.085544
91.292577
91.826157
90.261312
91.821314
91.934219
91.691254
92.117951
92.374015
92.443917
92.404448
92.293758
93.125347
92.345493
92.592239
92.892455
92.524376
92.325212
93.211668
92.403875
92.589302
92.963389
92.081383
91.735859
92.577514
91.795369
91.959292
92.385709
91.861066
91.666853
92.542475
91.473741
91.693055
92.013621
91.737429
91.550270
92.371218
91.564977
91.712145
91.835091
91.560391
91.431314
92.371453
91.446424
91.678327
91.897474
92.110125
92.048429
92.936341
91.347167
91.181512
90.481691
90.961523
90.909023
90.764184
90.703985
89.888714
93.479534
92.620755
91.724654
92.153998
91.720312
91.674009
90.325592
91.586260
91.020850
91.589730
91.363728
91.797783
92.511558
92.411872
92.123003
92.936523
92.183140
92.310407
92.215680
92.172591
92.118763
93.047137
92.211781
92.355767
92.401194
91.814034
91.591439
92.447070
92.216121
92.450694
92.454226
92.311059
91.788417
93.157804
92.395473
92.603642
92.804381
92.129677
91.876937
93.174166
91.689633
92.394229
92.431906
91.961367
91.860043
93.216643
91.798619
92.380079
92.191622
92.210554
92.067174
92.969186
91.338400
91.250189
90.854021
91.846222
91.816610
91.780380
91.716953
90.793319
93.629981
92.232722
91.661559
92.370481
91.743583
91.632063
90.709746
91.902721
91.920070
91.839396
92.187093
92.498513
92.852949
92.972285
92.886551
93.160404
92.497110
92.667101
93.070402
93.108568
93.150214
93.416690
92.693678
92.891976
93.308200
92.932900
92.794466
93.521524
92.777849
93.080987
93.368973
92.573532
92.387695
93.579739
92.938205
93.134944
93.463402
92.741891
92.560852
93.692155
92.419854
93.129755
93.734429
93.137694
92.607408
93.711314
92.481612
92.702842
93.317047
93.024711
92.786891
93.611554
92.257323
92.304579
92.162975
92.611548
92.542572
92.479725
92.486567
92.090527
94.065374
93.139335
92.812235
93.482713
92.556264
92.373979
91.463661
92.380842
92.438737
92.394825
92.701464
92.990460
93.496853
93.642785
93.584839
94.287721
93.567736
93.748131
93.645584
93.153954
93.076012
93.791254
93.094794
93.222697
93.570355
93.325823
93.125927
93.707275
93.033980
93.247028
93.554419
93.247786
93.192853
93.768986
93.212745
93.286744
93.692103
92.963207
93.136483
93.781022
93.183767
93.207965
93.282142
93.248905
93.055150
93.743280
93.056756
93.183649
93.485924
93.179033
93.041761
93.768640
92.797128
92.651303
92.108807
93.122947
93.114708
93.150815
93.213259
92.443024
94.139170
93.212704
92.858451
93.464537
92.524303
92.541201
91.567804
92.354039
92.545081
92.491205
92.818529
93.228597
93.574197
93.644923
93.550469
94.333459
93.606708
93.667239
93.633114
93.689260
93.554191
94.345732
93.635055
93.766721
93.695300
93.159213
93.149976
93.841649
93.245648
93.411982
93.866509
93.297014
93.204749
93.769875
93.730744
93.421681
93.758330
93.361670
93.228803
93.832611
93.237418
93.320456
93.633081
93.710402
93.647074
94.407942
93.322687
93.473357
93.846805
93.782666
93.609183
94.395178
93.110908
93.029938
92.470787
93.351866
93.466787
93.497320
93.539282
92.874045
94.559553
93.676007
93.420747
93.807179
92.839579
92.749455
91.994498
92.919038
93.019916
92.997600
93.225043
93.379722
93.937459
93.840816
93.634281
94.261160
93.704645
93.916140
93.762751
93.844932
94.231451
94.430628
93.804376
93.995092
93.872268
93.861804
93.776067
94.652207
93.973756
94.038629
93.820768
93.437020
93.369467
94.067457
93.381667
93.946952
93.854289
93.857975
93.373136
94.555404
93.651621
93.770466
94.139807
94.312471
93.795378
94.489794
93.305089
93.835398
93.840052
93.753825
93.654215
93.808253
92.885497
92.865086
92.417273
93.342169
93.536371
93.326979
93.458596
92.910927
94.731985
93.938028
93.247326
93.840113
93.029449
92.921703
92.069096
92.941043
92.972080
92.867652
93.613677
93.918295
93.900580
94.184022
94.144908
94.927205
93.952952
94.352042
94.348328
94.067782
93.932942
94.562798
93.959390
94.001094
94.278217
93.996850
93.924442
94.623868
93.999571
94.072481
94.382544
93.831512
93.699163
94.690320
93.913870
94.064924
94.183562
93.656283
93.525700
94.678664
93.578275
94.102910
94.341069
93.988777
93.530290
94.643907
93.553100
93.696631
94.215577
93.965539
93.836321
95.060608
93.682209
93.700785
93.408407
93.766915
93.679486
93.796281
94.099749
93.489659
94.575000
93.586639
93.271397
94.127226
93.272103
93.297970
92.855066
93.805519
93.347832
93.873432
93.688328
93.505547
94.224550
93.930938
94.221217
94.870971
94.377678
94.430037
94.302333
94.030282
93.996281
94.866909
93.914354
94.053983
94.467523
94.546140
94.456255
95.018223
94.142100
94.316774
94.818267
94.294388
94.547282
94.670050
94.622133
94.243504
94.610867
94.237734
94.153066
95.210088
94.536595
94.744660
94.738992
94.647894
94.192467
95.580921
94.390544
94.436174
94.793731
94.623326
94.565248
95.598704
94.117937
94.620048
94.418147
94.643304
94.443854
94.545766
94.505902
94.545381
95.203204
94.695512
94.578695
94.962569
94.256748
94.258966
93.455595
94.349511
94.385319
94.283466
94.500893
94.563212
94.810959
94.832378
95.114754
95.262901
95.134757
95.325038
94.952291
94.173899
94.395008
94.803226
94.365458
94.728043
94.570232
94.600522
94.504784
95.082623
94.737911
94.750654
95.034248
94.936166
94.880046
95.364507
94.903740
94.937003
94.975276
94.519238
94.380002
95.326670
94.493254
95.035512
94.879620
94.794487
94.475482
95.358368
94.446324
94.520375
94.962159
94.965154
94.910049
95.949759
94.917505
94.900738
94.355509
94.995166
94.897109
95.291068
94.690573
94.291478
95.501258
95.134657
94.882081
95.349240
94.647586
94.629131
94.086141
94.768316
94.768957
94.718392
94.980129
95.083486
95.247531
95.549976
95.483052
96.135111
95.477211
95.525310
95.298964
95.266840
95.125543
95.781693
95.228416
95.735040
95.441637
95.574488
95.132566
96.046298
95.232398
95.348656
95.425091
95.354560
95.129079
95.592347
95.106250
95.115301
95.250961
95.029761
94.833513
95.477311
94.991173
95.186426
95.318373
95.047007
95.174998
96.089092
95.163282
95.212667
95.299853
95.188064
95.020075
95.989242
94.908027
94.903078
94.231802
94.573716
94.548326
95.523896
94.865386
94.058001
95.436238
94.847801
94.704701
95.082754
94.315655
94.366720
93.475141
94.447797
94.457665
94.424080
94.609150
94.725099
94.966292
95.290297
95.209863
95.748492
95.359698
95.406670
95.046342
94.876034
94.750877
95.264309
94.962282
95.095199
95.129247
95.454972
95.398920
95.763474
95.105576
95.129397
95.448399
95.153217
95.049971
95.389643
95.043192
95.073151
94.833123
94.711779
94.874374
95.392431
95.001170
95.061130
95.229850
95.778279
95.658768
96.125211
94.864066
94.927346
95.179778
94.857882
94.813494
95.204860
94.682871
94.623545
94.031696
94.488699
94.654985
94.729422
94.490800
94.198533
95.498554
95.054117
94.890309
95.256553
94.533004
94.582444
93.714386
94.605384
94.709361
94.637184
94.891407
94.975642
94.972173
95.388373
95.236709
95.739375
95.284640
94.699440
94.946151
94.430628
94.111313
94.448807
93.924891
94.133377
94.284131
94.191998
94.058472
94.455710
94.093901
94.184665
94.387917
94.746813
94.705410
95.078876
94.632355
94.759648
94.436871
94.677492
94.550338
95.012455
94.500600
94.502102
94.091445
94.526298
94.491667
94.935276
94.438960
94.501875
93.990111
94.450396
94.393132
94.929072
94.442166
94.455583
93.336723
94.405855
94.453325
94.501708
94.368285
93.484734
94.939527
94.687068
94.488236
94.819145
94.331857
94.343153
93.367576
94.444402
94.548517
94.503875
94.725291
94.759131
94.311348
94.764978
94.658480
95.294490
94.747425
94.811972
94.413725
94.814842
94.888582
95.431808
94.974304
95.024168
94.680594
95.028975
94.751534
95.366568
94.955217
95.024342
94.431431
94.770111
94.636026
95.264004
94.815118
94.985474
94.571731
94.940837
94.863148
95.464641
94.982012
95.070192
94.574275
95.250549
95.285200
95.736780
94.573434
95.133466
94.438369
94.761107
94.691415
95.312024
94.632964
94.691786
93.716268
94.616614
94.598527
94.453672
94.432409
93.726592
94.587682
94.474599
94.202939
94.641766
94.502431
94.615091
93.312961
94.335000
94.302190
94.683482
93.949604
94.794475
94.364557
94.866377
95.045805
95.688535
94.967995
94.945881
94.439545
94.584573
94.511803
95.445538
94.512047
95.033449
94.500817
95.000477
95.024154
95.505031
94.676758
95.095067
94.884831
94.712700
94.958966
95.347708
94.670326
94.856796
94.493644
94.663171
94.309217
95.187956
94.302620
94.655264
94.392819
94.414961
94.034682
95.206982
93.856665
94.832988
94.605997
94.793158
94.635675
95.123321
94.203220
94.329526
93.929763
94.674896
94.609179
94.682740
94.605816
93.768919
94.847818
95.051673
95.020733
95.824363
94.717203
94.927086
94.039291
94.813401
94.824707
94.738427
94.927745
94.939933
94.846164
94.890356
94.830928
95.662272
94.714650
95.289973
94.641869
94.631168
94.193275
95.071546
93.959729
94.180100
94.179506
94.756064
94.803015
94.828616
94.760568
94.506782
94.228763
93.655547
93.115067
94.547234
93.844200
94.113997
94.759809
95.107176
95.249627
95.675767
95.393834
95.547834
95.444096
95.802240
95.774023
96.057542
94.788170
94.675550
95.375525
94.622230
95.058636
94.867348
94.652689
94.777499
94.082949
94.652609
94.705509
94.748799
94.349493
94.058663
95.101939
95.429420
94.873277
95.558880
93.634705
93.758228
93.675680
92.904375
92.998212
93.246698
93.315985
93.677608
93.959352
93.777875
93.827587
94.419764
93.770657
93.952654
94.466033
94.717051
94.617844
95.324257
94.746910
94.901494
94.554579
95.430381
95.446701
95.917279
95.627097
95.782767
95.354391
95.230177
95.063791
95.609078
95.179064
95.308713
95.194350
95.213214
95.264682
95.572597
95.121067
95.445382
95.297264
96.148052
96.058194
96.408846
95.728315
95.360444
95.598593
95.206155
95.080843
95.480101
94.923627
95.165526
94.599008
95.024739
95.028767
94.954521
94.614116
94.398888
95.838442
96.213443
96.135482
96.681203
95.226178
95.010863
95.116246
94.469373
94.255817
94.338725
94.147795
94.412618
94.882092
94.435258
94.522329
94.954126
94.531310
94.606070
95.175436
95.183370
95.138958
95.659519
95.129408
95.239850
95.621870
96.165828
96.107890
96.339722
96.218582
96.288361
95.820620
96.626970
96.128860
96.711827
95.729083
95.582011
96.167307
95.657916
95.564683
95.897127
95.515479
95.604002
95.634390
95.615637
95.379108
95.923049
95.375219
95.614708
95.491887
96.176636
95.896384
96.219239
96.841095
96.718343
94.926454
95.721892
95.167003
95.771264
95.406893
95.019340
96.195680
96.205649
95.614853
95.831939
95.449941
95.440408
94.581543
95.229428
95.981906
95.267062
94.997372
95.149955
94.538353
94.987763
95.256128
96.092149
95.501220
94.881335
94.589970
94.190009
94.107018
94.496189
94.086690
95.183249
94.774220
95.624497
94.753535
95.801083
94.075292
93.837931
94.718238
93.499333
93.315706
93.567340
93.400538
93.382072
93.617393
93.228583
93.395704
93.716199
93.263420
93.156633
92.551553
92.459593
92.284975
93.008571
93.115746
93.092360
93.593290
93.758831
93.363715
94.401994
93.052868
93.074504
92.609861
93.224226
93.967028
93.128071
93.073177
93.081739
95.867110
95.180089
95.162905
94.606022
94.582803
94.499537
94.295359
94.469654
94.427842
94.470949
94.660210
94.684115
95.049185
94.818761
94.597973
94.765782
94.864429
94.961250
95.798769
95.042168
94.955055
95.303858
95.069680
95.248351
95.607617
95.148804
95.146314
95.157567
95.094955
94.992238
95.388660
95.104820
95.141684
95.158834
95.154439
95.104536
95.441224
95.143062
95.113374
95.420611
95.105119
95.112499
95.413078
95.259329
95.250382
95.416729
95.615615
95.498364
95.334195
95.438236
95.414527
95.693623
95.442818
95.658458
94.799398
95.352796
95.387844
95.352898
95.351439
94.955882
95.777408
95.198786
95.014479
94.366186
94.300126
94.342900
94.217010
94.323526
94.319506
94.429274
94.618694
94.561675
94.984961
94.702857
94.738041
94.678522
94.823145
94.807181
95.202798
94.899202
94.837667
94.947258
95.000914
94.979893
95.370614
95.171124
95.126656
95.309161
95.148214
95.123641
95.553246
95.181691
95.084367
95.464458
95.282560
95.240379
95.585595
95.180772
95.186051
95.487915
95.283632
95.365532
95.616039
95.383780
95.447800
95.174066
95.421904
95.459186
95.431552
95.166296
95.259389
95.640857
95.049853
95.076301
94.914655
95.368525
95.330046
95.360557
95.356954
94.905913
95.784365
95.036387
94.994674
94.389419
94.387438
94.319563
94.310670
94.511616
94.523711
94.487684
94.651843
94.734845
94.984509
94.856734
94.856585
94.771601
94.971321
94.990699
95.293684
95.044003
95.253308
95.202394
95.170319
96.305535
95.260167
95.039026
94.981322
95.304707
95.197470
95.571639
95.763310
95.575763
95.659095
95.398200
95.387696
95.421998
95.852602
95.493862
95.743226
95.495868
95.616246
95.624023
95.772635
95.396080
95.346192
95.243911
95.998668
95.994421
95.420625
95.311054
95.264668
95.678469
95.145011
95.093228
94.989070
95.441925
95.434757
95.411145
95.346609
95.001948
95.835559
95.313043
94.999568
94.355863
94.307821
94.890717
94.536906
94.737895
94.490873
94.455288
94.579102
94.665892
94.883696
94.784945
94.722388
94.584096
94.758552
94.820178
95.126807
94.893454
94.934639
95.035958
95.389373
95.045891
95.420318
95.346136
95.279161
96.173584
95.569384
95.531498
95.492573
95.029505
95.105719
95.093147
95.211502
95.490241
95.682031
95.449751
95.534291
95.298677
95.489856
95.406867
95.519783
95.344302
95.363005
95.201337
95.316147
95.342463
95.480884
95.314859
95.404216
95.688416
95.425302
95.107978
95.050914
95.068492
95.556802
95.934978
95.256559
94.975193
95.674949
95.096593
94.863693
94.151299
94.158356
94.116883
94.073905
94.385538
94.359106
94.354997
94.632229
94.642611
94.900390
94.762003
94.672920
94.583378
94.705842
94.722863
95.217919
95.400206
94.997710
94.964239
94.942302
95.033116
95.384375
95.004939
95.231058
95.345990
95.111740
95.136179
95.511182
95.109537
95.209329
95.139514
95.288338
95.321615
95.568344
95.171852
95.320773
95.207934
95.343544
95.387797
95.547301
95.266034
95.210720
95.233843
95.265193
95.184415
95.490417
95.236294
95.196707
95.608918
95.087322
95.044405
94.965870
95.120802
95.100667
95.083274
95.063082
94.955802
95.703813
95.006123
94.921613
94.241855
94.188187
94.218455
94.329672
94.306960
94.315574
94.363760
94.406907
94.381916
94.579983
94.461920
94.369444
94.512910
94.431953
94.380084
94.396855
94.545313
94.765194
94.841781
94.910901
95.653715
94.058121
95.411192
95.496723
95.633632
95.831936
95.874565
95.710952
95.772207
95.658288
96.646319
95.777376
96.282962
96.081645
96.381236
95.995049
96.552720
95.859434
95.847544
96.413443
96.526819
96.762444
97.031261
96.623061
95.893112
96.405113
95.687741
95.977570
96.519139
95.906901
96.360845
95.818363
96.470864
96.412489
97.086345
96.041226
96.026212
96.129088
95.785723
95.540597
96.170132
95.775507
96.218586
95.503829
96.178446
96.216179
96.103859
96.269467
96.315458
96.126371
96.688237
96.287488
96.825091
96.329644
96.364519
96.167807
95.956172
95.961060
96.287417
96.122217
96.464499
96.188084
96.589588
96.465212
97.001984
97.388938
95.912695
96.370449
95.702693
96.375185
96.496416
96.704486
96.906814
96.497251
95.734202
95.207904
96.284557
95.503998
95.642776
96.230943
96.388525
96.353589
96.613475
96.357612
96.378515
96.393011
96.091150
96.003379
97.488908
96.614002
96.043932
95.980168
96.449912
96.419360
96.956150
96.449701
95.897835
96.216587
95.982387
95.859129
96.918769
96.065792
96.414075
95.735606
96.815959
96.683995
96.649722
96.465232
96.018911
96.302116
95.797253
95.711100
95.839900
95.860659
95.575143
95.780881
95.633453
95.714981
95.890019
95.797437
95.696056
96.011852
96.278088
96.313269
96.605143
96.406590
96.413582
96.125542
96.144909
95.784487
96.937258
95.944265
96.503402
96.344847
96.138036
96.228137
96.685868
95.935846
96.494048
96.375508
96.150527
96.121803
96.799945
96.089267
96.216863
96.411473
95.915138
95.700539
96.514072
96.047849
96.037438
96.040667
96.138035
96.358077
96.775343
96.451611
96.048094
96.458520
96.458674
96.080821
96.514441
95.446700
95.550305
95.643017
96.297988
96.341626
96.314693
96.395508
96.325384
96.151181
95.968560
95.975862
96.216981
95.987725
95.983865
95.953116
96.045794
96.049797
96.354269
96.194280
96.101001
96.201126
96.468417
96.376190
96.633910
96.463456
96.488800
96.366261
96.485794
96.531887
96.661128
96.611293
96.642934
96.412056
96.161571
96.123804
96.702205
96.114841
96.478766
96.273589
96.490918
96.435914
96.629547
96.476249
96.147675
96.338216
96.460058
96.483225
96.696151
96.441156
96.460758
95.859105
96.050643
96.006425
96.482278
95.914609
95.886289
96.623817
96.486961
96.477210
96.535327
96.199683
96.408684
95.741897
95.946515
95.892453
95.932703
96.154225
95.983752
96.170168
96.101712
96.013770
96.355351
96.121894
96.157370
96.304878
96.484203
96.506380
96.717777
96.584523
96.593626
96.421835
96.623122
96.502116
96.944820
96.596879
96.535134
96.340642
96.518419
96.434377
96.718562
96.106715
96.159379
96.240508
96.509576
96.516740
96.769098
96.603415
96.962243
96.213326
95.994435
95.702910
95.849699
96.025692
95.998205
96.049717
96.134445
96.104854
96.267909
96.004790
96.075096
95.674629
96.384609
96.361008
96.435991
96.427979
95.930671
96.761965
96.442934
96.770764
97.035899
95.753918
95.733704
95.889132
96.492681
96.718959
96.806573
96.472296
96.264255
96.213980
95.688720
95.589995
95.801415
95.657653
95.567279
95.744571
95.565503
95.648134
95.751968
95.681555
95.618798
95.943775
95.838436
95.969294
96.166132
95.969522
96.031957
96.185376
96.636064
96.452887
96.592172
96.405016
96.485575
96.224029
96.066137
96.223810
96.248504
95.902743
96.785156
96.300229
96.767342
96.461727
96.968257
96.188870
96.282256
96.528660
96.194538
96.125661
96.439248
96.034083
96.054081
95.712545
96.299137
96.334675
96.026449
96.379900
95.874522
96.622962
96.809675
96.164883
96.890549
95.755001
95.668315
95.856462
95.637184
95.597597
95.640322
95.674396
95.709124
96.033844
95.736877
95.684735
95.878463
95.780886
95.916523
96.111544
95.978682
96.225921
96.268452
96.366488
96.386180
96.183473
96.413091
96.023732
96.640923
96.452586
96.494087
96.412774
96.463941
96.392323
96.658257
96.415772
96.433701
96.391917
96.530645
96.436684
96.685529
96.416338
96.426812
96.203408
96.000125
96.350100
96.545346
96.271113
96.442719
96.122044
96.396691
96.324812
96.644504
96.316967
96.338004
95.961339
96.340890
96.333214
96.654199
96.334898
96.142102
96.605782
96.465297
96.416403
96.563725
96.389335
96.308466
95.742767
96.285124
96.236663
96.284689
96.326850
96.271242
96.303817
96.416854
96.407394
96.643996
96.472463
96.364730
96.230887
96.325172
96.367153
96.651748
96.452019
96.361674
96.388384
96.134771
96.136495
96.398922
96.483295
96.430091
96.453348
96.360758
96.169533
96.746815
96.174152
96.164333
96.458966
96.531376
96.467293
96.755620
96.440053
96.491159
96.413545
95.970175
95.828788
96.319618
96.076405
96.012135
96.087065
96.024375
95.978173
96.314955
95.996152
95.992935
95.780368
96.231279
96.346689
96.434737
96.383902
95.840300
96.716004
96.536274
96.477178
96.925348
95.762521
95.715677
95.913177
95.885408
96.015484
95.921770
96.025146
95.978996
96.019725
96.081223
96.065407
96.309345
96.144863
96.175697
96.267239
96.543976
96.494317
96.742704
96.560573
96.577837
96.460257
96.549934
96.537876
97.013400
96.567142
96.588050
96.369424
95.756477
95.592630
95.376804
91.816228
91.842140
92.454310
91.974681
91.921309
91.500923
91.427075
91.384565
91.423088
91.357723
91.364078
91.467516
91.415279
91.468623
91.578668
91.528058
91.563240
91.724801
91.835685
91.775638
91.367579
91.938065
91.935933
91.944163
91.960404
91.520068
94.238675
93.469078
93.125211
92.657714
92.411553
92.399775
92.167560
92.385869
92.433848
92.437937
92.394044
92.504665
92.593498
92.650008
92.619632
92.793099
92.664993
92.778297
92.968901
92.900540
92.985869
93.020762
92.895047
92.998472
93.093297
93.135925
93.090366
93.128973
93.106463
93.377819
93.243661
93.362443
93.507170
93.388480
93.628254
93.603517
93.523295
93.682280
93.792186
93.415660
93.735049
93.753212
93.539097
93.806842
93.778431
93.803328
93.718895
93.706016
93.387019
93.732458
93.754943
93.844596
93.700927
93.727094
93.194303
93.630965
93.621134
93.623518
93.683169
93.085833
94.135863
93.364928
93.005305
92.560093
92.328871
92.347422
91.989722
92.348440
92.411766
92.463465
92.551027
92.620086
92.696175
92.779972
92.783859
92.961262
92.846118
92.790269
92.999802
93.113866
93.095568
93.220161
93.095980
93.109361
93.285016
93.341163
93.193469
93.340653
93.278519
93.314645
93.225234
93.362754
93.308868
93.414914
93.350694
93.347736
93.432563
93.549373
93.725093
93.421256
93.712351
93.702255
93.505706
93.789774
93.774196
93.740426
93.699357
93.701846
93.472736
93.711181
93.668967
93.778738
93.614140
93.619797
93.063132
93.654614
93.614639
93.570693
93.552330
93.083763
94.089677
93.291570
93.045332
92.528977
92.416132
92.343662
91.922807
92.271025
92.341904
92.204509
92.413997
92.520981
92.544808
92.688703
92.622143
92.695376
92.699433
92.698497
92.815116
93.006318
92.893173
92.901484
92.980609
93.022224
93.075706
93.150572
93.090849
93.161839
93.145017
93.177237
93.118752
93.276621
93.266306
93.221952
93.278607
93.421456
93.372780
93.523803
93.615157
93.238308
93.576931
93.611330
93.413382
93.677909
93.702963
93.665600
93.522361
93.560334
93.373463
93.573930
93.574684
93.719849
93.507464
93.488626
93.070565
93.533255
93.518470
93.479165
93.445660
93.043741
94.173622
93.335643
93.065721
92.573325
92.388441
92.272471
91.996628
92.356995
92.346805
92.346087
92.484963
92.513627
92.646397
92.708828
92.704902
92.770401
92.702693
92.719665
92.909276
92.958549
92.943165
92.933371
92.970943
93.009310
93.175379
93.188967
93.150546
93.216873
93.231396
93.220914
93.459388
93.335326
93.360153
93.276617
93.325880
93.298808
93.412748
93.387422
93.624021
93.302731
93.619615
93.646694
93.431063
93.706330
93.615491
93.712858
93.607366
93.573629
93.408999
93.576243
93.617069
93.830545
93.519522
93.533161
93.088592
93.498655
93.549668
93.519694
93.521705
93.112237
94.286790
93.472714
93.204901
92.739294
92.489915
92.497824
92.254751
92.488875
92.468163
92.468764
92.500486
92.628154
92.770257
92.845961
92.836187
92.865413
92.906731
92.933456
93.069449
93.096002
93.077002
93.069739
93.153471
93.144744
93.336904
93.373329
93.307003
93.259573
93.303628
93.323482
93.423717
93.420511
93.461610
93.396417
93.687781
93.616732
93.696362
93.664763
93.795662
93.509492
93.781723
93.817599
93.816583
93.981582
93.930953
93.918178
93.872574
93.911415
93.801555
93.831925
93.809621
94.072888
93.752833
93.742179
93.514819
93.815504
93.844310
93.777944
93.837839
93.485584
94.348215
93.666055
93.475490
92.844753
92.806389
92.664921
92.592852
92.705677
92.658663
92.681469
92.701345
92.683818
92.671594
92.756595
92.710866
93.371439
93.597190
93.624501
93.803260
94.503179
94.517594
94.720644
94.851085
94.886454
95.068315
95.253658
95.261756
95.397422
95.444287
95.376153
95.607261
95.551542
95.527585
95.586939
95.588717
95.674005
95.850163
95.760854
95.765718
95.729843
95.776350
95.864457
95.950776
95.998653
95.998657
95.829484
95.939621
95.948941
95.967220
95.852948
95.878031
96.140986
95.797804
95.802606
95.626946
96.000174
95.957795
95.913515
95.797312
95.692489
95.950222
95.574442
95.466181
95.031949
94.986139
94.926692
94.907296
95.198557
95.157711
95.207754
95.488050
95.473117
95.736148
95.671327
95.701693
95.707734
95.727635
95.831615
95.950105
95.916412
95.886539
96.063822
95.935380
96.026932
96.161608
96.022597
96.017750
96.100347
95.964424
95.999655
96.097921
96.028881
95.991985
96.151858
96.063561
96.081285
96.248792
96.029676
95.999785
96.014617
96.173169
96.149597
96.241034
96.237756
96.259031
96.056247
96.232790
96.249000
96.229291
96.117349
96.076221
96.210400
95.938272
96.004594
95.900897
96.153457
96.105055
96.145011
95.950259
95.828943
96.281477
95.850538
95.740164
95.309299
95.214091
95.218719
95.206023
95.325733
95.269898
95.285822
95.412822
95.511152
95.684928
95.577531
95.555793
95.595083
95.595839
95.656874
95.867280
95.787460
95.790496
96.037635
95.960005
95.948828
96.105001
95.938510
95.892192
96.149934
96.061801
96.054866
96.211332
96.083941
96.052969
96.242763
96.057606
96.110241
96.298543
96.076841
96.101975
96.288407
96.036467
96.176132
96.290222
96.059490
96.258677
96.224486
96.117263
96.132008
96.166091
96.110768
96.073951
96.333992
96.029543
96.083442
95.871688
96.106444
96.002853
96.142201
96.006537
95.875453
96.135609
95.683834
95.596806
95.174751
95.044468
95.063021
95.129561
95.280802
95.218708
95.278680
95.391835
95.441633
95.609446
95.561086
95.504258
95.543477
95.643235
95.614703
95.795015
95.744592
95.775642
95.986425
95.877053
95.906619
96.023711
95.908823
95.871837
96.108518
95.993215
96.013107
96.267927
95.995780
96.060315
96.173328
96.098345
96.065498
96.236345
96.033681
96.078923
96.261956
96.054378
96.125376
96.168230
96.126165
96.179058
96.256674
96.134076
96.145682
96.205057
96.155526
96.095307
96.232958
96.142425
96.115811
95.777506
96.024772
95.988195
96.110329
95.830952
95.779237
96.101550
95.843141
95.664553
95.233854
95.152244
95.143253
95.152000
95.232666
95.264517
95.266823
95.388425
95.440220
95.530439
95.498962
95.501486
95.499416
95.619787
95.724796
95.854462
95.834037
95.880968
96.240239
95.934317
95.967989
96.027845
95.941318
95.939882
96.049514
96.013911
96.109568
96.205205
96.100442
96.071553
96.158918
96.050880
96.043552
96.253556
96.091084
96.141117
96.236820
96.065882
96.114148
96.208321
96.116471
96.185009
96.243232
96.159326
96.163817
96.223254
96.148727
96.180058
96.321298
96.072233
96.150329
95.905441
96.175061
96.037552
96.222185
96.020627
95.897779
96.150398
95.688889
95.539655
95.185526
95.125031
95.084059
95.088524
95.280813
95.249740
95.147023
95.513840
95.454742
95.653610
95.765689
95.701236
95.724808
95.757167
95.742181
95.919449
95.818313
95.865239
95.992993
95.857972
95.947474
96.104156
95.925511
95.992062
96.083259
96.055469
95.966858
96.234270
96.083865
96.031455
96.141806
96.067358
96.053077
96.287980
96.072068
96.049316
96.202600
96.059696
96.126397
96.247541
96.074690
96.177579
96.241105
96.088574
96.167938
96.216294
96.121095
96.148362
96.302226
95.941157
96.085898
95.845499
96.058475
95.987725
96.071687
95.975690
95.820637
96.067649
95.641828
95.568573
95.026521
94.982447
95.023687
95.047352
95.130188
95.187464
95.177985
95.360224
95.372287
95.507625
95.433071
95.531588
95.434483
95.549605
95.587359
95.770922
95.697555
95.755685
95.972047
95.835832
95.877761
95.967394
95.879327
95.908529
96.071428
95.916568
95.919609
96.181851
95.976713
96.009658
96.133666
96.047486
95.970174
96.253511
96.064085
96.016614
96.189831
96.007845
96.088270
96.174788
96.092092
96.146517
96.205841
96.104719
96.180421
96.156696
96.140440
96.078140
96.247718
95.981428
96.123148
95.842259
96.049268
95.979402
96.114646
95.954545
95.811490
96.110818
95.717030
95.613214
95.137043
95.112890
95.129862
95.067969
95.205431
95.170785
95.164607
95.341425
95.331931
95.557087
95.491682
95.552758
95.498467
95.591053
95.590408
95.778098
95.726125
95.800563
95.991415
95.906043
95.808257
95.924064
95.886721
95.849425
96.057636
95.985576
95.975948
96.083699
95.996203
95.980500
96.167366
96.062208
96.002514
96.147138
96.028287
96.019144
96.172203
95.967727
96.112728
96.130468
95.972769
96.060221
96.198266
96.115687
96.032741
96.069693
96.004481
96.012969
96.220679
95.874216
96.089410
95.733268
96.041061
95.911597
96.011397
95.898526
95.725330
96.003273
95.687604
95.535485
95.134201
95.060184
94.991835
95.036449
95.155567
95.157208
95.161521
95.326147
95.336675
95.556879
95.479751
95.515196
95.461281
95.672652
95.650006
95.754826
95.750104
95.779521
95.973603
95.876346
95.885822
95.941144
95.925731
95.901318
96.092660
96.047996
95.978534
96.158343
95.930304
95.973804
96.116250
96.078556
96.010536
96.214292
96.066307
95.984614
96.181283
95.957517
96.079503
96.165010
96.089249
96.129258
96.141434
96.083939
96.090772
96.048971
96.040157
96.052748
96.229537
95.885157
96.042824
95.562021
95.962280
95.778801
95.936909
95.794949
95.573523
96.044627
95.705147
95.512862
95.064906
94.870424
94.829575
94.712110
95.091568
95.087179
94.997319
95.225565
95.210700
95.452360
95.420511
95.453630
95.420967
95.600712
95.602845
95.742439
95.704402
95.793506
95.946334
95.867929
95.871098
95.914522
95.940294
95.891562
96.075355
96.011248
96.025312
96.126690
95.977702
95.919593
96.124714
95.968081
95.943465
96.143767
96.036383
95.991763
96.100342
95.913334
96.036912
96.088765
95.953784
96.058461
96.146309
95.997270
96.000727
96.044437
96.013470
95.964592
96.245798
95.827738
96.037974
95.621452
95.981952
95.829728
95.936908
95.753731
95.537307
96.038040
95.631722
95.527849
95.043300
94.923667
94.836736
94.840325
95.110355
95.096125
95.038836
95.216420
95.246037
95.438130
95.414036
95.497955
95.414478
95.576871
95.595517
95.726333
95.778654
95.764957
95.965933
95.882997
95.852274
96.004864
95.922804
95.900621
96.037660
95.980033
95.962466
96.164813
95.948105
95.920004
96.126218
95.914696
95.949616
96.166805
95.936465
95.961965
96.084041
95.882060
95.952744
95.974968
95.959514
96.047056
96.071512
95.971402
96.033744
96.073873
96.022629
96.027954
96.118097
96.014268
95.991687
95.562854
95.848069
95.798319
95.985274
95.648807
95.529363
96.127603
95.645609
95.595962
95.093364
94.977603
95.371482
94.986984
95.180641
95.201615
95.194900
95.453520
95.460749
95.413682
95.403354
95.351639
95.278921
95.446783
95.571649
95.596413
95.678454
95.657099
95.972310
95.871209
96.045362
95.841303
95.895712
95.895272
96.052089
96.113576
96.173603
95.919198
95.836820
95.866186
95.985858
95.944949
95.939070
96.110495
95.899554
95.843631
96.007321
95.861650
95.910497
96.030426
95.974910
96.030637
96.118921
95.955239
95.998695
95.975079
95.970508
95.966390
96.215890
95.943772
96.065797
95.621330
95.845824
95.822357
95.955716
95.754288
95.633683
96.197269
95.859804
95.705519
95.255743
95.124470
95.050161
95.024052
95.186937
95.074300
95.175392
95.291365
95.248121
95.514574
95.328622
95.469353
95.444454
95.564398
95.567285
95.730511
95.697691
95.704356
95.941855
95.846890
95.885887
95.896326
95.803607
95.825034
95.982487
95.931692
95.941026
96.042942
95.905336
95.941534
96.177746
95.959352
96.003378
96.376683
96.092752
96.079951
96.178172
95.934403
96.056065
96.133983
96.095800
96.138750
95.876873
96.098932
96.069969
96.051134
96.028724
96.037625
96.207317
95.999753
96.097219
95.614627
95.891790
95.881762
95.991192
95.899266
95.693082
96.148530
95.716499
95.655778
95.162413
95.029751
94.999186
94.895910
95.063138
95.025492
95.002803
95.172537
95.259143
95.382771
95.353642
95.382349
95.404130
95.528215
95.421071
95.581002
95.700912
95.639564
95.666867
95.795467
95.811498
95.878494
95.907050
95.819360
96.060922
95.969525
96.019703
96.099519
95.896926
95.913661
96.092351
95.937353
96.000271
96.187935
96.043599
96.008116
96.219678
95.869518
95.969805
96.131860
96.037017
96.200560
95.876035
96.032036
96.081735
96.082047
96.049031
96.010932
96.095042
95.967994
95.937015
95.639093
95.894934
95.854862
96.009193
95.780280
95.630330
96.182022
95.765139
95.564393
95.171635
94.996376
94.967312
94.951917
95.074197
95.143277
95.128165
95.151487
95.231438
95.463620
95.327071
95.288365
95.300587
95.393399
95.442905
95.598588
95.519812
95.566976
95.596845
95.776154
95.768032
95.832168
95.741908
95.736470
95.879695
95.842657
95.879099
96.000867
95.912387
95.852626
96.033360
95.850808
95.882612
95.985740
95.858265
95.825448
96.052706
95.792136
95.930743
95.943239
95.924324
96.007022
95.823418
96.005604
96.005712
95.939877
95.982646
95.889655
96.009253
95.994989
95.955156
95.561896
95.904132
95.825508
95.906127
95.813128
95.549789
96.155981
95.677906
95.488164
95.055499
94.903380
94.807085
94.713454
95.021760
94.952860
94.953652
95.159277
95.173252
95.433620
95.349947
95.310545
95.351829
95.356847
95.415360
95.644755
95.703517
95.695548
95.973273
95.746288
95.869643
95.910069
95.872208
95.898618
96.094793
95.901695
95.975185
96.051393
95.980267
95.935049
96.189877
95.924242
95.965085
96.094486
95.956050
95.966466
96.172899
95.912293
95.998364
95.966228
96.101529
96.138495
95.998781
96.151042
96.145118
96.007076
96.159677
96.155262
96.196897
96.069609
96.182338
95.632017
96.026734
96.094161
96.134287
96.105306
95.845662
96.228447
95.769719
95.575078
95.141595
95.078899
95.040534
95.004933
95.209546
95.265576
95.256120
95.407426
95.450983
95.765675
95.633770
95.621475
95.668710
95.582649
95.714995
95.884443
95.780749
95.735139
95.835803
96.025928
95.960935
95.952167
95.873338
95.885960
96.118129
95.960638
96.039896
96.260200
96.011423
95.968519
96.151486
95.932115
95.956990
96.124860
96.039285
95.986515
96.228053
95.951054
95.966212
96.014210
95.913328
96.182358
95.931582
96.255378
96.236811
95.995887
96.106713
96.077571
96.209495
96.077637
96.071062
95.609533
96.069266
96.065141
95.960467
96.070107
95.599003
96.197901
95.665953
95.303405
95.030471
94.865735
94.778381
94.647423
94.979217
94.967523
94.918566
95.112689
95.090399
95.373241
95.266319
95.358516
95.326857
95.414043
95.426592
95.429804
95.525531
95.431191
95.614012
95.519570
95.854846
95.682714
95.646598
95.636342
95.890981
95.639333
95.847651
95.716254
95.784873
95.635777
95.853950
95.554331
95.699432
95.691563
95.642750
95.651607
95.840699
95.565849
95.564499
95.535901
95.477185
95.521608
95.485113
95.646790
95.606205
95.379357
95.477180
95.481847
95.768492
95.272204
95.223341
94.802236
95.242449
95.085545
95.116037
95.089233
94.624085
95.536125
94.991698
94.759937
94.399304
94.286197
94.172984
93.859111
94.238922
94.214727
94.225932
94.314184
94.440779
94.564977
94.663413
94.595348
94.733500
94.635690
94.684215
94.769828
94.905243
94.887427
95.055790
95.046429
95.042839
95.055225
95.279701
95.207792
95.550034
95.255055
95.250634
95.248837
95.354984
95.260363
95.545727
95.232344
95.290017
95.181756
95.273836
95.336665
95.596733
95.400888
95.278024
95.185838
95.210706
95.282214
95.370993
95.432092
95.510554
95.259528
95.312871
95.380372
95.706353
95.245729
95.295778
94.888164
95.396650
95.278571
95.289997
95.299910
95.005810
95.586484
94.958086
94.719607
94.463896
94.220913
94.192077
94.006402
94.291173
94.210400
94.201289
94.464688
94.546234
94.773866
94.700745
94.613937
94.793778
94.706035
94.819632
94.928026
94.928647
94.902699
95.108588
94.971445
94.982605
95.139973
95.215968
95.194962
95.453873
95.243217
95.328995
95.379888
95.306951
95.295425
95.549993
95.216655
95.302760
95.208670
95.248567
95.128682
95.534888
95.211836
95.223439
95.149128
95.095063
95.242187
95.198541
95.266539
95.283292
95.154834
95.245516
95.208019
95.392480
95.213370
95.185798
94.677362
95.164661
95.062015
95.048827
95.160589
94.709908
95.480998
94.832172
94.570270
94.301498
94.119150
94.056150
93.760509
94.089121
94.124222
94.057292
94.237700
94.291508
94.479726
94.537840
94.535626
94.710420
94.546771
94.592065
94.798318
94.771641
94.787405
95.000104
94.833958
94.838840
94.973164
95.170948
95.081146
95.360580
95.147226
95.147188
95.189570
95.286285
95.113957
95.422915
95.110426
95.168667
94.985067
95.297112
95.124032
95.478611
95.163547
95.127664
95.044915
95.027200
94.969261
95.199599
95.137490
95.229317
95.076451
95.070065
95.169398
95.498567
95.069956
95.121416
94.612039
95.123417
95.075311
95.001965
95.133193
94.701371
95.397781
94.648580
94.490125
94.077341
93.893323
93.864268
93.551721
93.926727
93.949699
93.916383
94.086372
94.170535
94.396930
94.480009
94.381257
94.585932
94.453326
94.445969
94.643623
94.798876
94.775817
94.991118
94.756443
94.954043
94.930406
95.228674
95.137350
95.512436
95.273910
95.078483
95.104911
94.969517
94.895359
95.051737
95.043726
95.025015
94.580450
94.794528
94.741788
94.908520
94.736798
95.015095
94.689745
94.814401
95.054011
94.996729
94.905747
94.889656
94.735861
94.974974
94.857294
94.994740
94.783035
94.833553
94.237943
94.856087
94.783450
94.722037
94.853041
94.248136
95.124050
94.297655
94.162928
93.962925
93.616275
93.646546
93.187426
93.747420
93.723440
93.617957
93.836962
93.978679
94.076007
94.235136
94.235987
94.277344
94.205639
94.229321
94.295201
94.536408
94.493042
94.713797
94.484757
94.540601
94.610771
94.813802
94.843455
95.178297
94.904148
94.770439
94.798690
94.766501
94.664767
94.857177
94.646740
94.660804
94.520351
94.659314
94.766143
94.912079
94.912017
94.942981
94.501745
94.920759
94.921103
95.068842
94.856908
94.947886
94.495667
95.141805
86.238658
86.143556
85.985848
86.299442
84.935988
86.957359
87.235905
87.014822
87.303351
87.438769
