94.635781
94.667220
97.272531
95.147512
97.206198
95.740488
95.308489
94.261866
97.396568
94.546107
97.209217
95.017002
95.242474
94.103216
97.330166
94.347259
97.143803
94.711593
95.114067
94.038905
97.389093
94.450684
97.176414
94.802526
95.120918
94.006106
97.340064
94.315629
97.161520
94.928151
95.040734
93.971297
97.365952
94.264458
97.112738
94.756566
95.068006
94.065889
97.237937
94.282786
96.961145
94.851937
94.946445
93.927412
97.205151
94.171572
96.912837
94.852739
94.823393
93.950658
97.271808
94.349778
96.970526
94.749683
94.695412
94.141452
96.971591
96.910281
94.705408
94.789237
95.113342
94.043867
97.347578
94.625187
96.968418
94.824700
94.970594
93.973375
97.088019
94.276982
96.971404
94.661879
94.876667
93.867591
97.151002
94.191774
96.903247
94.727378
94.883082
93.765462
97.235877
94.309202
96.901009
94.676949
94.990571
93.744942
97.303825
94.063765
96.973937
94.685414
95.011052
93.921233
97.204512
94.310345
96.857622
94.733849
94.876699
93.988009
97.178941
94.367399
96.727685
94.703137
94.956449
93.899616
97.189994
94.460638
96.829395
94.851434
94.961798
93.913161
97.141602
94.441245
96.747354
94.924975
94.841110
94.228683
96.906361
96.910675
94.713728
94.947133
95.237788
94.156511
97.246830
94.448438
96.964407
94.631453
95.154593
94.002623
97.172014
94.355162
96.771617
94.799567
95.147438
94.044133
97.176905
94.169278
96.792088
94.655846
95.152969
94.116601
97.203651
94.244223
96.866849
94.605586
95.243472
94.131019
97.286990
94.375246
96.888518
94.783157
95.243198
94.182306
97.282421
94.449119
96.924210
94.928426
95.228722
94.272619
97.259059
94.457091
96.915609
94.912505
95.327921
94.265032
97.236991
94.652123
96.976098
95.067258
95.275187
94.311400
97.292612
94.809241
96.963035
95.044418
95.099237
94.507571
96.916704
96.974916
95.186369
95.110609
95.369128
94.331232
97.335705
94.654238
97.083416
95.125795
95.369702
94.381641
97.290552
94.624959
97.192605
94.945821
95.446566
94.489346
97.270762
94.686535
97.131595
95.101689
95.432088
94.303272
97.283539
94.536875
96.831582
94.967894
95.382599
94.488599
97.337873
94.483748
96.919910
95.029479
95.375938
94.322263
97.386903
94.746716
96.979876
95.075509
95.473919
94.447773
97.341720
94.751815
97.084266
95.135099
95.436588
94.498648
97.318826
94.727339
97.006211
95.134110
95.465283
94.600675
97.386416
94.920479
96.957254
94.985755
95.161007
94.648653
97.042859
96.963559
95.123404
95.183894
95.372471
94.248217
97.361657
94.556608
97.187473
95.246621
95.512811
94.462598
97.399817
94.614523
96.831600
95.155829
95.491612
94.480780
97.380793
94.620373
97.029263
95.031231
95.456849
94.333382
97.355465
94.606304
97.052841
95.071745
95.531382
94.371498
97.308920
94.659048
96.979068
95.204871
95.547040
94.446931
97.309912
94.651986
97.060852
95.202419
95.485547
94.498540
97.336118
94.819520
97.013119
95.202444
95.417169
94.544860
97.345750
94.717559
96.885595
95.238119
95.447605
94.623742
97.386899
94.894305
97.095388
95.201287
95.401371
94.911634
97.175184
97.020169
95.561972
95.378210
95.504746
94.664915
97.391383
94.968990
97.218684
95.473846
95.664560
94.830365
97.355952
95.074807
97.257409
95.275443
95.815057
94.745844
97.330103
94.587025
97.210363
95.256314
95.591537
94.773869
97.897094
94.740129
96.951297
95.339990
95.662530
94.683504
97.503444
95.010411
97.218238
95.409250
95.694354
94.528006
97.419260
94.811869
96.993912
95.380595
95.603492
94.703562
97.402455
94.827116
97.134944
95.557590
95.964236
95.196364
97.248745
94.885623
96.955292
95.660857
95.843500
94.761674
97.282662
94.819366
97.073035
95.150191
95.385369
94.771903
97.154795
97.124326
95.329437
95.514651
95.597398
94.818800
97.389254
94.779653
97.183239
95.396221
95.657114
94.627762
97.421284
94.763470
97.469303
95.912850
95.706841
94.763679
97.281619
94.753955
97.004925
95.653120
95.723817
94.782342
97.359060
94.764202
97.119144
95.263917
95.872490
94.772165
97.370528
94.774319
97.079263
95.318354
95.722975
94.785770
97.427456
94.847860
97.050710
95.311648
95.736999
94.760997
97.485737
94.815936
97.141114
95.401530
95.685164
94.697937
97.352861
95.064129
97.096265
95.468612
95.739119
94.814673
97.426356
94.920144
97.266297
95.299883
95.535723
94.988927
97.139885
97.254072
95.347741
95.497651
95.809633
94.682124
97.415235
94.990110
97.226109
95.591078
95.806471
94.916820
97.341850
95.057196
97.209964
95.475158
95.844752
94.726163
97.413068
95.099583
97.353324
95.612282
95.974594
94.965809
97.420548
94.971239
97.259725
95.471860
95.959834
94.770300
97.566311
95.199167
97.310863
95.548940
96.048635
94.863983
97.644606
95.163115
97.407554
95.738679
96.110200
94.974526
97.657249
95.260380
97.548197
95.880637
96.072090
95.141299
97.595818
95.305196
97.348211
95.737456
96.042181
94.887030
97.570827
95.211174
97.355562
95.825768
96.045752
95.387145
97.404148
97.298506
95.602206
95.955053
96.083647
95.164282
97.614115
95.189257
97.513535
95.790029
96.152694
95.201818
97.641521
95.193519
97.454179
95.763830
96.139915
95.349343
97.649704
95.343559
97.555728
95.894948
96.174232
95.302077
97.547838
95.453648
97.396390
95.794527
95.952566
95.109963
97.549048
95.103721
97.520003
95.875002
96.192216
95.272994
97.726832
95.367982
97.598186
95.961521
96.177099
95.290566
97.691235
95.365734
97.644238
96.062262
96.266551
95.234386
97.817527
95.421588
97.670938
95.995380
96.269045
95.417412
97.805235
95.763078
97.637401
96.068571
96.157293
95.678604
97.779300
97.552504
96.103350
96.103869
96.468654
95.663962
97.866053
95.425214
97.726885
95.962895
96.619535
95.517343
97.854719
95.446077
97.738523
95.972896
96.542553
95.661070
97.902674
95.676605
97.710590
95.991695
96.419562
95.486862
97.948752
95.644485
97.853082
96.223388
96.500464
95.488672
98.019642
95.451368
97.747354
96.119219
96.362277
95.681895
97.862128
95.548071
97.759535
95.998963
96.564502
95.446132
97.758853
95.345897
97.593488
95.912991
96.343696
95.366000
97.918341
95.470022
97.786039
96.026712
96.572748
95.299417
97.938245
95.275575
97.729652
95.893534
96.216581
95.303642
97.537226
97.778471
96.117971
96.122171
96.388120
95.232195
97.747187
95.279794
97.622324
95.698031
96.356362
95.275721
97.717038
95.397891
97.581945
95.725123
96.250467
95.233704
97.689822
95.286053
97.696163
95.883017
96.294417
95.079917
97.765016
95.167689
97.645539
95.954804
96.372582
95.458567
97.805162
95.258578
97.562081
95.856818
96.409173
95.425217
97.810924
95.256093
97.598974
95.920127
96.196375
95.034403
97.724801
95.315910
97.544849
95.933635
96.325074
95.268801
97.714651
95.349911
97.482134
95.784157
96.162510
95.179274
97.687897
95.323618
97.367190
95.759045
96.015117
95.158989
97.466795
97.476487
95.506329
95.887127
95.976452
94.777107
97.465566
94.761106
97.151636
95.451091
95.832249
94.753600
97.497087
94.764572
97.175703
95.425765
95.904204
94.837856
97.413005
94.648020
96.973947
95.294645
95.923663
94.912528
97.402026
94.815785
96.921329
95.414035
95.781390
94.876523
97.378555
94.678129
96.974333
95.212901
95.627373
94.576115
97.181429
94.431422
96.903270
95.025230
95.536803
94.527093
97.163847
94.442412
96.735138
95.027067
95.312824
94.504238
97.087216
94.333366
96.745431
94.975084
95.295315
94.203700
97.111827
94.369488
96.885961
95.082622
95.163760
94.456593
97.001540
96.938964
94.975268
95.240708
95.575318
94.574380
97.162502
94.387063
96.889852
95.178926
95.553277
94.463691
97.379484
94.720736
97.057181
95.436647
95.675831
94.763687
97.274218
94.632072
97.093891
95.345857
95.629575
94.635365
97.402559
94.982138
97.200339
95.436878
95.777332
94.749649
97.345783
94.774572
97.165719
95.512976
95.726352
94.698933
97.274256
94.709235
97.059500
95.436485
95.637644
94.745164
97.393568
94.857704
97.335574
95.399235
95.564881
94.563117
97.371254
94.634668
97.204919
95.457569
95.400031
94.614086
97.221152
94.598836
97.093996
95.212752
95.293980
94.497239
97.165835
97.001650
94.764336
95.157077
95.285510
94.414765
96.854781
94.279527
96.822469
94.939864
95.099489
94.195585
97.094172
94.286390
96.846070
94.899991
95.074929
94.104103
97.245681
94.483476
96.953050
94.952315
95.211905
94.058785
97.145362
94.327476
96.911708
94.912157
95.285046
93.878986
97.224736
94.196627
97.041506
94.885337
95.528860
93.869206
97.168673
93.949126
96.720879
94.432785
95.042050
93.767730
97.021826
93.501282
96.765511
94.399222
95.192574
93.703634
97.164480
93.703298
96.941167
94.598454
95.362646
93.896023
97.005536
93.781519
96.827924
94.823119
95.162210
93.825224
96.921764
96.706902
94.331861
95.164371
95.397781
94.185787
97.209896
94.082053
97.017999
94.733594
95.389185
93.850636
97.294955
93.973568
96.998776
94.784793
95.413943
93.701476
97.091001
93.461750
96.923323
94.261541
95.130047
93.373338
97.053367
93.078967
96.727437
94.314898
94.917827
92.581900
96.845870
92.742472
96.643587
93.945918
95.096528
93.011028
97.074114
93.322266
96.969390
94.568750
95.733318
93.769370
97.502709
93.634246
97.432959
94.893132
96.083287
94.028181
97.514373
93.547759
97.148804
94.297714
95.705150
93.791997
97.160127
93.403804
96.895972
94.021272
95.192956
93.241754
96.913471
96.737854
93.595766
94.875345
95.346823
92.897989
96.913064
92.238887
96.570425
93.629928
94.826449
92.893932
96.839169
93.048428
96.923781
94.347108
95.575392
93.717411
97.374653
93.534784
96.880084
94.042165
95.590326
93.539767
97.209024
93.310925
96.992293
94.251462
95.599606
93.594792
97.252187
93.600129
97.283384
94.796169
96.075063
94.106937
97.335586
93.816058
97.236226
94.593419
95.994578
94.317680
97.357715
93.820791
97.201731
95.061180
96.059389
94.097213
97.331531
93.845895
97.185596
94.609807
96.070530
94.177002
97.155837
93.796305
97.119343
94.626576
95.935324
94.106158
97.167533
96.931177
94.135049
95.621631
95.989964
94.234224
97.246303
94.015636
97.230313
94.874225
96.195250
94.473536
97.449055
94.178470
97.361411
95.336651
96.300167
94.533783
97.404856
94.386558
97.412380
95.298301
96.391560
94.683787
97.621476
94.630150
97.564699
95.399927
96.561383
94.914547
97.575936
94.729739
97.533871
95.403379
96.497970
94.914115
97.536803
94.776348
97.425126
95.208975
96.458273
94.745982
97.413831
94.300225
97.350945
95.018901
96.350576
94.805434
97.552695
94.281498
97.300057
95.122058
96.131746
94.733556
97.511281
94.020512
98.279562
95.681976
95.897516
94.167274
97.267620
97.329573
95.130564
96.193784
96.490012
95.010272
97.120751
93.726943
97.065060
94.754948
95.458187
94.047341
97.803650
93.501673
96.832989
94.097316
95.263098
93.473889
97.141319
94.104643
97.204552
94.095854
95.040430
93.239285
96.623453
92.764882
96.418764
93.778012
94.897628
93.149378
96.653429
92.646333
96.683754
93.848037
94.967500
93.260186
96.749074
92.873964
96.760590
94.519694
95.503186
93.572707
96.844848
93.425079
96.953288
94.177204
94.710571
93.126436
97.204600
94.472470
96.927826
94.948100
95.965177
95.182951
97.371108
94.773879
97.285622
95.193776
95.745620
95.269508
97.985380
97.251039
95.454668
95.884972
96.139924
95.243215
97.416649
95.131075
97.336787
95.763282
96.368854
95.800329
97.661343
95.034367
96.868652
95.651894
96.254080
95.432734
97.543408
95.069448
97.207893
95.675248
96.749376
95.652867
97.233892
95.014810
96.838116
95.842167
96.399119
95.705958
97.706464
95.167188
97.036927
95.647236
96.227292
95.421255
97.745578
95.204113
96.989420
95.721023
96.167464
95.682185
97.725896
94.995979
97.294004
95.645744
96.166673
95.433731
97.904098
95.133328
97.613364
95.830732
96.082208
95.669707
97.713236
95.120574
97.512368
95.654864
95.702666
95.275149
97.566955
97.584529
95.446883
95.822708
96.331663
95.772138
97.681979
95.003799
97.492992
95.483176
96.236598
95.358712
97.697828
95.012792
97.487986
95.570809
96.237060
95.463691
97.524610
95.147322
97.092577
95.678136
96.216561
95.505334
97.631947
95.128299
96.783297
95.703178
96.214646
95.738897
97.816880
95.173232
96.768245
95.668694
96.175390
95.601652
97.777583
95.129169
97.073007
95.649286
96.177069
95.494387
97.869251
95.195666
97.120133
95.643519
96.152895
95.689728
97.860296
95.116042
97.219872
95.647796
96.045888
95.611527
97.821083
95.107140
97.201768
95.336321
95.724565
95.386499
97.354437
97.477866
95.426770
95.778810
96.358045
95.398083
97.905331
94.853170
97.486273
95.714158
96.143047
95.563730
97.893821
95.054111
97.018737
95.793211
96.188789
95.733512
97.504046
95.263083
96.687110
95.867196
96.306250
95.815396
97.720883
95.479619
96.857899
97.011743
96.102267
95.544132
97.521698
95.076026
96.963812
96.092877
96.513379
96.093558
98.123798
95.413647
96.793814
95.818070
96.480889
95.985717
97.775110
95.494582
97.213611
95.920611
96.491300
95.838471
97.315803
95.218092
97.688489
96.395850
96.038811
95.584025
97.765583
95.170235
97.591624
95.534663
95.793867
95.456065
97.604771
97.391346
95.360822
95.797460
96.297886
95.753167
97.615284
94.950400
97.162467
96.045825
96.406688
95.920305
97.105217
95.154907
96.739457
95.754758
96.120706
95.724851
97.521306
95.078635
96.885862
95.699811
96.122535
95.589273
97.778643
95.225397
97.206054
95.736773
96.279724
95.979832
97.685661
96.005442
97.344466
96.038491
96.301337
95.551793
97.528612
95.107303
96.742057
95.934055
96.373275
95.637144
97.815646
95.372433
97.289076
95.758668
96.176475
95.736091
97.854316
95.199872
97.178331
95.731221
96.159292
95.770479
97.941541
95.293238
97.616417
95.537959
95.883855
95.481780
97.647141
98.198711
95.705034
95.811198
96.326847
95.750136
97.435465
94.944158
97.289834
95.665421
96.180636
95.666491
97.849059
95.168999
96.888221
95.754176
96.156567
95.708029
97.777575
95.110641
96.951295
95.569525
96.254362
96.153443
97.547797
95.162108
96.853352
95.726323
96.269944
95.482055
97.835410
95.110429
97.038830
95.517641
96.190818
95.292810
97.862527
95.124849
97.005385
95.717063
96.147314
95.348571
97.864654
95.085867
97.156128
95.757876
96.121031
95.538630
97.853093
95.182734
97.193415
95.560853
96.111719
95.599296
97.883034
95.043444
97.608086
95.350967
95.835861
95.523718
97.571503
97.572804
95.465387
95.859766
96.353649
95.576469
97.893270
95.029136
96.967506
95.620908
96.191562
95.550653
97.874727
95.093161
97.391469
95.654895
96.125753
95.584359
97.947276
95.152971
97.092930
95.700509
96.055327
95.640478
97.573235
94.704312
97.126294
96.107919
96.680927
95.187556
97.335566
95.076777
97.385441
95.596899
96.795918
95.540801
97.541087
95.202405
97.509157
95.667616
96.737601
95.338307
97.589079
95.130147
97.493513
95.803229
96.822914
95.443101
97.764288
95.311188
97.467640
95.686195
96.728948
95.325702
97.641018
95.444263
97.524286
95.743517
96.677642
95.411379
97.558792
97.555922
95.685249
96.710086
96.781060
95.561984
97.582273
94.913679
97.532077
95.712845
96.750124
95.423606
97.533623
94.997413
97.440918
95.703349
96.675326
95.619290
97.488246
94.918243
97.457512
95.604544
96.719203
95.327377
97.575535
94.942094
97.472239
95.698679
96.706143
95.507389
97.653520
95.085563
98.718640
95.746101
96.816082
95.271138
97.440449
95.191252
97.783969
96.135753
97.146604
95.682721
97.444509
95.021209
97.459806
95.777820
96.724070
95.799972
97.829288
95.291808
97.689124
95.918688
96.789457
95.401885
97.434398
95.723519
97.963415
95.681879
96.589351
95.410350
97.475099
97.499362
95.718830
96.584112
96.807688
95.635665
97.541987
94.989194
97.608521
95.983276
96.729622
95.574618
97.540629
95.033373
98.092294
96.009529
96.670516
95.246328
97.510002
94.980661
97.485026
95.732972
96.635995
95.402815
97.632836
95.051492
97.466439
95.789120
96.813334
95.333111
97.605681
95.240755
97.431571
95.665942
96.711912
95.492230
97.601633
95.207298
97.445654
95.879639
96.739842
95.477261
97.592886
95.099023
97.522820
95.905349
96.776018
95.448733
97.579774
95.183692
97.568140
95.888082
96.774484
95.558592
97.569297
94.994108
97.426831
95.757612
96.559888
95.464574
97.492241
97.509581
95.787757
96.766641
96.905790
95.552921
97.610146
94.998790
97.461091
95.881833
96.801471
95.471071
97.636843
95.199265
97.515508
95.895736
96.825200
95.447864
97.635542
95.100877
97.540091
95.782489
96.898103
95.441708
97.635012
95.166546
97.475383
95.819147
96.805999
95.496718
97.618969
95.224091
97.549931
95.856162
96.788652
95.568483
97.559916
95.183132
97.572315
95.987532
96.836154
95.637391
97.573528
95.263730
97.439647
95.873582
96.779004
95.641332
97.487779
95.223072
97.436885
95.882257
96.697414
95.430862
97.434917
95.325001
97.380097
95.949233
96.593261
95.528939
97.505349
97.445871
95.947914
96.730110
96.934593
95.717401
97.609093
95.274748
97.479965
96.003640
96.871467
95.587946
97.622499
95.169513
97.559295
95.889970
96.914346
95.660968
97.578826
95.294079
97.560035
95.880975
96.905868
95.637333
97.598054
95.290800
97.488409
95.993631
96.852861
95.737925
97.532824
95.354070
97.552985
96.024815
96.824018
95.668809
97.613947
95.316214
97.561601
95.917632
96.841043
95.527543
97.699587
95.343039
97.690867
96.418177
96.874351
95.634415
97.587631
95.193036
97.440068
95.914107
96.908936
95.701300
97.660595
95.313909
97.612406
95.972783
96.736046
95.447345
97.616336
97.538290
95.928318
96.883509
96.952743
95.697919
97.713164
95.407337
97.492268
95.824030
96.661560
95.642500
97.946300
95.690846
97.534628
95.862795
96.830464
95.499288
97.534657
95.181473
97.527350
95.981338
96.677131
95.455872
97.545934
95.130815
97.494386
95.734351
96.779491
95.456740
97.534232
95.171435
97.504769
95.772204
96.722461
95.666562
97.602235
95.098920
97.510670
95.923414
96.737716
95.707630
97.707204
95.216075
97.504610
95.980496
96.741699
95.714628
97.578399
95.349029
97.532625
96.079822
96.866364
95.746035
97.497049
95.496409
97.436234
96.029795
96.589666
95.747795
97.476694
97.450197
95.974710
96.755168
96.931324
95.778756
97.612260
95.295113
97.610086
96.055744
96.861520
95.698410
97.579328
95.183098
97.552052
95.946912
96.876849
95.848825
97.537458
95.328880
97.538079
95.962290
96.886581
95.694730
97.612175
95.380854
97.458043
95.924638
96.836466
95.693359
97.561406
95.305975
97.431473
95.810917
96.779287
95.612205
97.539418
95.293497
97.526159
95.879215
96.823292
95.577384
97.543816
95.218553
97.499731
95.849112
96.750636
95.391480
97.540766
95.185745
97.431802
95.982325
96.753378
95.636380
97.473764
95.384095
97.431301
95.870136
96.693964
95.674658
97.531035
97.328799
95.786336
96.764530
96.888995
95.803421
97.560624
95.124132
97.449581
95.842245
96.736165
95.595431
97.542650
95.073214
97.488441
95.884458
96.866241
95.605660
97.550958
95.212109
97.540725
95.876007
96.742506
95.681466
97.545225
95.290568
97.442952
95.923313
96.845117
95.836080
97.614339
95.363772
97.401699
95.977474
96.966564
95.659770
97.647201
95.387541
97.541143
95.963543
96.895025
95.859347
97.569891
95.448939
97.398944
95.926984
96.801922
95.728097
97.518996
95.410711
97.476047
95.942802
96.850401
95.695658
97.504509
95.384392
97.412212
96.086397
96.731763
95.707758
97.471729
97.504891
96.014870
96.788207
96.969731
95.850794
97.578130
95.315461
97.519637
96.097388
96.825794
95.565482
97.660014
95.254966
97.543606
96.022765
96.890698
95.755128
97.698722
95.375676
97.608287
96.034975
96.887380
95.742995
97.674526
95.513930
97.545835
96.099608
96.950683
95.771644
97.691149
95.390029
97.643591
96.036052
96.827121
95.945650
97.713346
95.348731
95.173958
93.506712
93.652756
93.455507
95.921547
93.459928
95.745783
94.091597
94.368289
93.918158
95.863538
93.783994
95.759674
94.223473
94.467240
94.096113
95.865674
93.988562
95.128906
94.266072
94.247215
94.167070
95.741033
95.619276
94.287091
94.193078
95.014940
94.529598
96.515658
93.874104
96.246154
94.584942
94.767272
94.324287
96.167051
94.039872
95.975447
94.516153
94.695277
94.239556
95.983993
94.061298
95.780161
94.543975
94.814054
94.343764
96.352209
94.214206
95.688871
94.574671
94.727752
94.275483
96.253038
94.127998
95.793780
94.525908
94.742615
94.293108
96.204843
94.125068
95.738766
94.497754
94.705300
94.304394
96.248919
94.120201
95.898776
94.501942
94.652832
94.284338
96.142902
94.107605
95.768948
94.522585
94.573070
94.367657
96.196379
94.176860
95.647714
94.428047
94.313650
94.239742
96.202928
95.628252
94.480569
94.287256
94.885845
94.384969
96.488738
93.976373
96.024882
94.447886
94.612458
94.153828
96.363245
93.928753
95.982572
94.437550
94.543475
94.166339
96.225213
93.997255
95.842781
94.408944
94.633122
94.223115
95.937994
94.083961
95.677337
94.486923
94.683167
94.208381
96.069821
94.079739
95.675940
94.466545
94.597121
94.330896
96.150099
94.185932
95.729394
94.508413
94.541322
94.142600
96.227788
93.989083
95.693945
94.456946
94.556337
94.243432
96.153739
94.179140
95.723005
94.465354
94.584503
94.263930
96.092239
94.006277
95.523691
94.288979
94.124946
94.099344
96.003655
95.636999
94.319220
94.216792
94.929804
94.435923
96.432804
93.853110
96.031790
94.388555
94.608604
94.092420
96.292864
93.843999
95.752039
94.382197
94.466708
94.020536
96.138582
93.867396
95.617351
94.242805
94.481026
94.090467
95.727523
93.826585
95.579874
94.308168
94.399339
94.055915
96.014268
93.920962
95.567291
94.322788
94.465098
94.097227
96.106598
93.962689
95.646005
94.339679
94.464982
94.057083
96.071336
93.937676
95.585483
94.377212
94.450299
94.150702
96.119952
94.018824
95.698459
94.338225
94.437360
94.153790
96.040098
94.006073
95.565012
94.253560
94.177224
93.971058
96.146084
95.698186
94.188177
94.173768
95.040186
94.290545
96.430669
93.806186
95.848059
94.459044
94.628301
94.140958
96.137037
93.926740
95.623082
94.477840
94.643753
94.082289
96.093085
93.874463
95.554595
94.314991
94.627602
94.158031
95.589025
93.917291
95.223286
94.331322
94.600586
94.147854
95.816257
93.992074
95.332955
94.309898
94.606096
94.114410
95.988919
93.964839
95.558908
94.414531
94.546297
94.093082
96.312644
93.984385
95.616994
94.407898
94.542323
94.170126
96.115060
94.034390
95.554664
94.432077
94.566042
94.173798
96.055696
94.004779
95.487355
94.259588
94.221759
94.026872
96.071841
95.686821
94.316493
94.276571
94.987576
94.370016
96.341499
93.909790
95.845019
94.527114
94.726802
94.202170
96.222698
93.962566
95.677908
94.478810
94.610112
94.206103
96.123398
93.923818
95.620270
94.407300
94.611542
94.296090
95.755767
94.029332
95.444422
94.384809
94.648614
94.298579
96.025771
94.015645
95.419815
94.515903
94.736496
94.295168
96.346338
94.040350
95.510887
94.496594
94.794308
94.306574
96.092635
94.001391
95.509692
94.493738
94.771847
94.409215
96.085335
94.084355
95.666200
94.560092
94.795206
94.470628
96.133151
94.170687
95.580196
94.366142
94.397509
94.228153
96.051700
96.055409
94.388766
94.440946
95.232200
94.656399
96.503007
93.855261
96.092106
94.502834
94.819805
94.420541
96.417597
94.055569
96.001054
94.503313
94.628261
94.388683
95.002771
95.362446
96.627175
96.147081
96.481326
96.075928
97.079009
95.977511
96.708297
96.388107
96.683593
96.356224
97.200858
96.071825
96.754858
96.417535
96.719615
96.351849
97.194786
96.065999
96.651757
96.505922
96.759256
96.437183
97.293155
96.147344
96.777888
96.527053
96.743136
96.467978
97.417357
96.227183
96.867328
96.487615
96.762221
96.431290
97.549580
96.215674
96.990455
96.357991
96.587375
96.387903
96.980176
97.114129
96.438309
96.616798
96.835661
96.454641
97.320104
96.006178
97.195446
96.483651
96.753484
96.331155
97.573231
96.106054
96.992820
96.490526
96.728978
96.396402
97.507901
96.140816
97.062706
96.567386
96.790592
96.489081
97.438869
96.219962
96.874113
96.515727
96.822570
96.456111
97.459225
96.175626
96.874054
96.519695
96.765959
96.466707
97.473913
96.195148
96.935637
96.504685
96.847359
96.444351
97.404631
96.224651
96.948430
96.516344
96.778557
96.499210
97.570777
96.234045
97.001956
96.535699
96.761868
96.511872
97.766690
96.214978
97.163371
96.413169
96.618529
96.323026
97.443702
97.254407
96.351793
96.591540
96.811190
96.403925
97.494110
95.960908
97.110297
96.448449
96.725970
96.329716
97.556742
96.103164
96.903135
96.486346
96.758730
96.371146
97.508202
96.224264
96.906042
96.461508
96.788534
96.423553
97.457005
96.219528
96.945752
96.544240
96.826796
96.429252
97.456323
96.247491
96.982274
96.543493
96.788787
96.465481
97.465650
96.236547
97.009951
96.541276
96.798821
96.416336
97.561427
96.227481
96.946241
96.507985
96.808956
96.443888
97.580812
96.164357
97.099822
96.495784
96.796990
96.412650
97.636332
96.161211
97.172137
96.305359
96.572896
96.315825
97.446234
97.294163
96.369996
96.553256
96.824993
96.406378
97.339287
96.000306
97.109621
96.394531
96.766656
96.426155
97.476744
96.116202
97.099140
96.467920
96.741451
96.433019
97.356941
96.199606
97.107965
96.498297
96.757143
96.406196
97.418390
96.213376
96.973950
96.515938
96.827482
96.427492
97.385417
96.221384
96.929281
96.502846
96.851444
96.386535
97.482574
96.166616
96.999292
96.533223
96.773549
96.410913
97.541705
96.267988
96.965032
96.549777
96.767466
96.503614
97.505654
96.190990
96.920638
96.521365
96.816201
96.463127
97.800631
96.160297
97.149012
96.381542
96.516090
96.361364
97.248000
97.271061
96.358102
96.505289
96.669277
96.466569
97.437170
95.969226
97.084422
96.398750
96.723966
96.273691
97.589765
96.088061
96.894954
96.492070
96.645076
96.334144
97.348268
96.136821
96.978440
96.502627
96.788963
96.389216
97.391747
96.415052
96.872648
96.520897
96.789598
96.438528
97.363799
96.124254
96.955339
96.522655
96.785185
96.478152
97.534117
96.168265
96.928443
96.510823
96.769482
96.428670
97.519991
96.187647
97.061313
96.458030
96.738473
96.444808
97.547085
96.229481
97.065955
96.524849
96.780272
96.449342
97.802409
96.186290
97.160311
96.390644
96.543487
96.361940
97.233246
97.251514
96.380690
96.551033
96.866400
96.402490
97.452875
95.943818
97.094296
96.410041
96.737226
96.355495
97.574722
96.059149
96.932564
96.390075
96.655201
96.456785
97.580514
96.158594
96.985502
96.460750
96.737752
96.349112
97.282588
96.101534
96.813877
96.482274
96.784423
96.360584
97.442021
96.106841
96.939629
96.430110
96.777514
96.436509
97.469543
96.140357
96.933542
96.532160
96.812176
96.427619
97.529236
96.193370
96.993051
96.473038
96.784565
96.451061
97.541848
96.220980
96.893269
96.502874
96.798897
96.386044
97.727130
96.150957
97.149156
96.352035
96.514010
96.265824
97.453729
97.178416
96.343121
96.540123
96.813044
96.387617
97.360504
95.884961
97.107367
96.381903
96.701539
96.321430
97.467362
96.078632
97.084323
96.444303
96.689055
96.345974
97.328948
96.103490
97.004109
96.441020
96.745259
96.356243
97.401035
96.187718
96.909387
96.488943
96.757441
96.374972
97.446824
96.175601
96.895765
96.450269
96.788965
96.386681
97.432666
96.140251
96.925865
96.430441
96.815989
96.425473
97.520868
96.173606
96.953569
96.450860
96.700545
96.461106
97.596820
96.180617
96.941873
96.553552
96.722641
96.491875
97.628315
96.117878
97.179755
96.393058
96.536254
96.253291
97.370191
97.192888
96.382171
96.554363
96.831415
96.415488
97.372537
95.920853
97.133492
96.400438
96.672000
96.309424
97.547808
96.077440
96.926956
96.405471
96.728697
96.366579
97.517879
96.194925
96.976441
96.465461
96.760126
96.417738
97.443953
96.191639
97.032404
96.485616
96.756891
96.412212
97.494262
96.217943
97.016037
96.485570
96.720569
96.388236
97.527482
96.174872
97.019948
96.514584
96.726977
96.424395
97.547936
96.205732
97.028171
96.533232
96.709003
96.401071
97.546211
96.204841
97.013451
96.436214
96.698394
96.364282
97.761198
96.132637
97.228807
96.333899
96.397426
96.209262
97.219983
97.219179
96.376350
96.581694
96.762822
96.402479
97.588659
95.992646
97.140750
96.360082
96.699394
96.336090
97.587217
96.031586
97.142500
96.440243
96.708862
96.363262
97.456244
96.065285
97.104194
96.454388
96.693530
96.367257
97.386421
96.176596
96.911671
96.503393
96.746338
96.434592
97.433275
96.208655
96.964798
96.476608
96.768547
96.364025
97.447791
96.193112
96.946127
96.504480
96.741095
96.405894
97.464241
96.211359
96.952795
96.488070
96.790910
96.443929
97.485134
96.147109
96.954663
96.519682
96.735143
96.383277
97.721672
96.123343
97.119479
96.362245
96.499910
96.210144
97.332545
97.191392
96.339679
96.579601
96.767841
96.370260
97.517265
95.922592
97.099950
96.410729
96.639824
96.292909
97.436731
95.988807
97.008900
96.347017
96.651245
96.316476
97.380022
96.048311
97.062492
96.517570
96.706711
96.318090
97.424236
96.111497
96.963974
96.467642
96.742110
96.426096
97.484869
96.174975
96.952579
96.519960
96.769547
96.301748
97.502304
96.067670
97.025695
96.432482
96.729130
96.397167
97.528425
96.099332
96.956868
96.451926
96.752543
96.376431
97.435176
96.137484
96.925954
96.435937
96.724959
96.372002
97.730065
96.189974
97.132355
96.317765
96.467912
96.255053
97.056262
97.145773
96.280344
96.501921
96.763814
96.353837
97.523781
95.909941
97.063810
96.322072
96.720484
96.292480
97.499863
95.997230
97.029560
96.399707
96.678859
96.246407
97.573866
96.093274
96.995921
96.437197
96.719497
96.350502
97.356523
96.200042
96.890070
96.466499
96.783645
96.402010
97.449262
96.201012
96.973137
96.543754
96.840456
96.360776
97.451103
96.167650
96.970802
96.471566
96.755395
96.283816
97.542249
96.136128
96.887553
96.447635
96.682847
96.390979
97.461028
96.074411
96.917888
96.484411
96.765742
96.361750
97.738209
96.078399
97.184835
96.308625
96.443103
96.234494
97.241032
97.275454
96.327528
96.550376
96.692689
96.264851
97.483625
95.867550
97.051687
96.714778
96.635280
96.256913
97.578584
96.104675
97.043890
96.621636
96.604907
96.296064
97.343098
96.056857
96.905818
96.415091
96.641274
96.352966
97.446812
96.176626
96.981926
96.627646
96.683499
96.386557
97.390070
96.203251
97.121806
96.728068
96.645521
96.231241
97.380058
96.086012
96.910402
96.458505
96.716078
96.296518
97.473217
96.095982
96.961463
96.435033
96.739835
96.439325
97.571033
96.173352
96.941805
96.514685
96.707614
96.358778
97.524781
96.131193
97.064871
96.327733
96.358733
96.212405
97.335916
97.197103
96.352350
96.564889
96.736639
96.392323
97.381726
95.996077
97.204501
96.440621
96.711601
96.280342
97.396043
96.034061
97.030263
96.367523
96.668623
96.212755
97.365587
96.063809
97.095579
96.451019
96.725619
96.350302
97.423502
96.102003
97.004839
96.397694
96.674843
96.278321
97.474344
96.082439
96.924656
96.371580
96.680771
96.319250
97.388736
96.251904
96.978150
96.518519
96.922868
96.391913
97.440527
96.170306
96.943951
96.438506
96.765947
96.327633
97.522485
96.118574
97.094275
96.483364
96.698532
96.254133
97.698841
96.186019
97.335419
96.355849
96.365794
96.246846
97.411099
97.329876
96.351048
96.527994
96.760058
96.390219
97.363660
95.862943
97.191701
96.355980
96.719474
96.277157
97.404597
96.008223
97.080027
96.382013
96.587266
96.223937
97.386036
96.076729
97.052662
96.334324
96.534703
96.376271
97.404941
96.055664
97.051073
96.412542
96.731068
96.396099
97.478628
96.160910
97.071120
96.504163
96.716858
96.317014
97.422197
96.220824
97.052638
96.514526
96.762271
96.418880
97.420457
96.248897
96.982029
96.474440
96.766089
96.361084
97.563169
96.139252
97.086932
96.491321
96.729051
96.331057
97.697737
96.172636
97.276141
96.279320
96.485264
96.271154
97.363180
97.422882
96.362755
96.535092
96.779411
96.381759
97.452791
95.980071
97.139973
96.348700
96.697898
96.249336
97.394079
96.047877
97.103226
96.436978
96.714867
96.226801
97.405454
95.987353
97.089626
96.468061
96.749741
96.335809
97.458533
96.082241
96.964729
96.469330
96.699691
96.334029
97.540673
96.085393
97.040604
96.367151
96.708002
96.262566
97.534092
96.124028
96.847415
96.460902
96.626441
96.247566
97.566267
96.126982
97.043482
96.469018
96.682311
96.213398
97.590182
96.139427
97.024935
96.451502
96.696604
96.260052
97.844961
96.008772
97.300306
96.299107
96.461775
96.239824
97.309491
97.316366
96.350248
96.536867
96.784451
96.430481
97.488158
95.947804
97.236514
96.388915
96.683052
96.270583
97.638550
96.039090
97.020004
96.436598
96.744670
96.272248
97.659459
96.100260
97.100079
96.497529
96.821828
96.336367
97.498195
96.126446
97.064010
96.474773
96.819076
96.307608
97.588317
96.204582
97.094090
96.508082
96.838647
96.401961
97.542114
96.212788
97.106929
96.549466
96.762629
96.342929
97.654087
96.199583
97.123450
96.525886
96.730094
96.383653
97.621350
96.258040
97.105060
96.576537
96.791451
96.448820
97.758634
96.201201
97.282490
96.411279
96.541142
96.333306
97.415102
97.433214
96.462840
96.686844
96.870084
96.381443
97.599384
95.975359
97.132596
96.440597
96.742626
96.328292
97.627423
96.167053
96.973009
96.463736
96.832495
96.465496
97.567199
96.247205
96.970362
96.570848
96.856842
96.430531
97.489909
96.168315
96.927086
96.495883
96.726447
96.327156
97.381352
96.229509
96.964262
96.473875
96.911729
96.327349
97.403663
96.107541
96.860601
96.456313
96.763432
96.316222
97.509793
96.179727
96.942358
96.429727
96.740797
96.355743
97.495610
96.207490
97.106014
96.487545
96.757008
96.251128
97.676521
96.123791
97.291695
96.347634
96.451211
96.247014
97.263544
97.241855
96.474453
96.530412
96.787823
96.346849
97.537426
95.924000
97.078577
96.260768
96.600955
96.141610
97.474653
95.969589
97.008092
96.317203
96.572526
96.179166
97.479015
96.057408
96.890666
96.438595
96.527831
96.201821
97.223329
96.080828
96.905961
96.415539
96.633826
96.058153
97.329218
96.151509
96.832404
96.395898
96.498425
96.130056
97.264421
96.085758
96.760512
96.362107
96.447045
96.028020
97.298069
96.083075
96.798052
96.309492
96.437904
96.099620
97.214450
95.980946
96.790012
96.277904
96.277081
95.864472
97.491569
95.873432
97.004971
96.010252
95.903727
95.796832
96.823007
96.886104
95.917678
95.880306
96.211779
95.922251
96.951601
95.573116
96.818987
96.009967
96.056047
95.639220
97.185261
95.685663
96.730411
96.043908
96.096952
95.760128
97.037645
95.709138
96.866354
96.034152
96.091786
95.733917
97.031548
95.711944
96.706988
96.087887
96.108144
95.766994
97.043456
95.772094
96.692470
96.050217
96.142951
95.807118
97.165789
95.816655
96.650975
96.111774
96.141343
95.745791
97.064158
95.884729
96.784634
96.145466
96.081432
95.794714
97.244436
95.889043
96.781298
96.195490
96.191884
95.768427
97.491864
95.857209
96.996940
96.028195
95.918289
95.796972
96.956293
97.038092
96.037237
96.029555
96.238627
95.822876
97.103642
95.578789
96.802227
95.932007
96.189117
95.604201
97.244203
95.555126
96.848525
95.976598
96.137426
95.621656
97.138475
95.636500
96.651056
96.021435
96.100552
95.684419
96.956960
95.619006
96.618564
95.926217
96.122615
95.671087
97.032036
95.579484
96.674320
96.078512
96.140765
95.646958
97.038276
95.718074
96.668913
96.043584
96.104634
95.685520
97.046058
95.755587
96.654051
95.990622
96.053233
95.653040
97.124846
95.622000
96.634633
96.013408
96.096363
95.631687
97.315875
95.705596
96.819128
95.900369
95.793663
95.581973
97.022313
96.824940
95.786163
95.895718
96.174088
95.687776
96.961903
95.385258
96.842482
95.833463
96.006471
95.525282
96.998361
95.497943
96.744538
95.847768
95.952345
95.590021
97.007135
95.564274
96.498470
95.928217
96.091622
95.523956
96.906788
95.678757
96.469841
95.915302
96.088377
95.647250
97.073231
95.641412
96.594084
95.917609
96.057852
95.638485
97.021614
95.560720
96.579579
95.898731
95.922359
95.717384
97.040229
95.761134
96.489798
95.980344
96.037063
95.655384
97.128186
95.716257
96.533411
95.936605
96.022752
95.571466
97.220281
95.642003
96.690298
95.913327
95.790483
95.659532
96.686810
96.688749
95.852840
95.828090
96.107248
95.625301
97.108461
95.413714
96.854145
95.831509
95.930698
95.579071
97.050569
95.591683
96.775744
95.926240
96.008190
95.569243
97.041160
95.615986
96.730667
96.039534
96.120631
95.647484
97.190982
95.797419
96.674161
96.145093
96.102284
95.781308
97.316975
95.972899
96.836575
96.142936
96.123071
95.688475
97.218819
95.887975
96.695128
96.165685
96.020037
95.703428
97.024040
95.781627
96.612557
96.008868
95.867682
95.637969
97.001040
95.845217
96.687455
95.983089
95.881929
95.654404
97.267113
95.738265
96.763905
95.967440
95.558443
95.689486
96.826013
96.860934
95.960478
95.580954
95.951323
95.648877
96.997782
95.546362
96.747793
95.957438
95.811855
95.599269
96.980413
95.623099
96.755382
96.013514
95.858313
95.512222
96.929319
95.624036
96.501177
95.929193
95.820558
95.486761
96.962207
95.665952
96.423530
95.903939
95.872405
95.472209
97.015454
95.670489
96.513261
95.953364
95.804444
95.603702
96.982190
95.672075
96.491570
95.994760
95.838749
95.548018
97.012437
95.708079
96.529953
95.933233
95.750572
95.629010
97.146937
95.779145
96.866793
96.151026
96.061078
96.437521
95.031009
93.007450
93.526636
91.987331
85.620756
94.073120
95.514794
95.678354
94.175741
95.727176
