94.506510
94.344093
97.092032
94.588077
97.058034
95.026100
95.186675
94.037520
97.073954
94.346118
96.990515
94.833402
95.157664
93.951653
97.006610
94.104953
96.850795
94.554426
94.980039
93.739473
97.170987
94.296438
96.832010
94.502024
95.043892
93.845807
97.131512
94.103168
96.907967
94.490649
94.940098
93.665457
97.090088
94.138964
96.717639
94.458880
94.939296
93.808516
97.010969
93.967208
96.752022
94.530662
94.826985
93.623045
96.969824
93.852738
96.649395
94.335744
94.749323
93.788650
96.872568
94.154240
96.773871
94.406194
94.542267
93.767688
96.741796
96.443855
94.367982
94.527264
95.107751
93.796072
97.128050
93.926014
96.710148
94.635506
94.924303
93.595424
96.865019
94.050796
96.470645
94.304344
94.819542
93.373771
96.814150
93.713173
96.514843
94.182366
94.815037
93.459684
96.857087
93.866558
96.393306
94.241481
94.870709
93.688086
96.904137
93.806283
96.433929
94.269341
94.825987
93.650885
96.861190
93.922762
96.468108
94.202484
94.770452
93.646733
96.860000
94.001884
96.513622
94.315237
94.880236
93.826257
96.873084
94.233515
96.480199
94.329345
94.851266
93.561732
96.939437
93.999190
96.593974
94.280555
94.681501
93.794107
96.749525
96.561963
94.589662
94.813369
95.254992
93.818537
96.951662
94.117022
96.677651
94.486170
95.041523
93.495941
96.913087
93.882518
96.553207
94.253432
95.040155
93.802131
96.767386
93.941793
96.569880
94.265154
94.990989
93.816818
96.790593
93.943198
96.524797
94.443237
95.054020
93.943716
96.898146
93.898187
96.613381
94.509295
95.105291
93.921922
96.870415
94.042461
96.708495
94.585328
95.159704
93.982766
96.912974
94.098075
96.786867
94.574426
95.195469
94.088063
96.916364
94.265884
96.624225
94.788986
95.219806
93.834682
97.083421
94.394273
96.651083
94.745511
94.927653
94.282280
96.697894
96.732753
94.679621
95.078606
95.353659
93.937854
97.172415
94.306139
96.708298
94.703988
95.324780
93.895275
97.070073
94.204634
96.674783
94.841350
95.380197
94.218694
97.002664
94.206350
96.782187
94.814384
95.338929
94.182495
96.815566
94.383727
96.414707
94.559548
95.202679
94.114086
97.064323
94.193556
96.613755
94.616905
95.273274
94.150391
97.095594
94.404336
96.819210
94.698525
95.399715
94.164255
97.111079
94.382649
96.808659
94.781262
95.364762
94.285019
97.102511
94.441692
96.756031
94.879262
95.396004
94.372420
97.201736
94.540084
96.568038
94.682914
95.054609
94.485673
96.638268
96.700605
94.935583
95.081483
95.416798
94.143401
97.166149
94.337951
96.876600
95.074560
95.439547
94.258013
97.070841
94.214172
96.897939
94.995286
95.408522
94.292593
97.011799
94.411818
96.749182
94.766508
95.326626
94.268298
96.756346
94.438771
96.581125
94.812894
95.350989
94.180925
97.067124
94.461730
96.638689
94.870352
95.369200
94.171538
97.060014
94.383647
96.811769
94.932364
95.338544
94.262581
97.085551
94.495325
96.797731
94.933872
95.265494
94.233998
97.141284
94.555792
96.616632
95.027197
95.339457
94.263842
97.196135
94.733317
96.759981
95.151922
95.128117
94.587781
96.905398
96.849402
95.172361
95.241811
95.518890
94.488136
97.165077
94.661549
96.924499
95.104184
95.620527
94.614826
97.145503
94.775639
97.020718
95.037756
95.748124
94.508783
96.942086
94.457900
96.947759
94.969239
95.532904
94.473353
97.479633
94.620240
96.557301
95.259338
95.581084
94.348617
97.241841
94.782723
96.784533
95.288827
95.622663
94.381458
97.162434
94.688487
96.633949
95.131690
95.552282
94.435400
97.204738
94.818358
96.822882
95.173839
95.925153
95.081241
96.897776
94.672970
96.647199
95.382881
95.721755
94.449319
97.126501
94.609418
96.895365
94.855431
95.206690
94.451005
96.921197
96.891733
94.944857
95.349232
95.651147
94.681900
97.172349
94.564963
96.968012
95.295644
95.569993
94.374966
97.233015
94.702961
97.165224
95.588173
95.631921
94.530218
96.961793
94.653949
96.626086
95.340172
95.623305
94.506820
97.023390
94.592717
96.673753
95.016978
95.789073
94.584948
97.167713
94.545720
96.680689
95.092262
95.708980
94.582571
97.227294
94.733288
96.721089
95.136570
95.715122
94.616738
97.255452
94.660282
96.746534
95.135109
95.678989
94.530021
97.146356
94.724281
96.842560
94.973866
95.676849
94.428391
97.184725
94.656129
96.868696
95.174025
95.653002
94.801189
97.004780
97.025523
95.113312
95.449111
95.750962
94.580671
97.138271
94.654287
96.872919
95.275367
95.713255
94.576872
97.146137
94.680036
96.909719
95.145327
95.605811
94.489322
97.191259
94.810983
97.123299
95.098961
95.849493
94.789879
97.192473
94.758541
96.973734
95.218368
95.873187
94.687154
97.319518
94.836963
97.026660
95.253660
95.922167
94.693900
97.338214
95.075104
97.078177
95.500905
95.949954
94.809352
97.325994
95.227155
97.119934
95.637376
95.910597
94.913877
97.306449
95.136494
97.159276
95.486575
95.977132
94.850072
97.338706
95.013725
97.210906
95.599225
95.854603
94.962296
97.304527
97.146468
95.385380
95.871575
96.143787
95.054562
97.402931
94.887638
97.304305
95.508528
96.068902
95.199027
97.317311
94.961379
97.173675
95.481636
96.017097
95.198314
97.395294
95.012463
97.096933
95.549274
96.127668
95.069956
97.371791
95.246439
97.026428
95.600755
95.996728
94.990983
97.302506
94.913652
97.171592
95.511906
96.221113
95.181358
97.543944
95.178407
97.279055
95.592114
96.172162
95.131813
97.475868
95.097790
97.296630
95.679047
96.252200
95.022385
97.547269
95.219327
97.397942
95.597443
96.269785
95.292131
97.613642
95.343732
97.509579
96.002500
96.221043
95.513304
97.584268
97.470415
95.745547
96.050765
96.422343
95.409399
97.623130
95.265654
97.375975
95.746859
96.452408
95.399901
97.599490
95.251550
97.421554
95.827740
96.415481
95.562815
97.664273
95.377280
97.607159
95.732289
96.466218
95.354746
97.716884
95.366264
97.502089
95.994830
96.464098
95.379630
97.683686
95.271417
97.451404
95.878847
96.305037
95.522575
97.574433
95.482359
97.306230
95.838156
96.536155
95.385235
97.479725
95.170485
97.234820
95.795753
96.351247
95.285270
97.669678
95.402538
97.529362
95.903624
96.530705
95.223907
97.567740
95.332461
97.445462
95.672505
96.145065
95.106282
97.254695
97.533445
95.960447
96.025531
96.370647
95.301740
97.366230
95.035867
97.459669
95.519731
96.272375
95.192760
97.469981
95.145009
97.212130
95.480108
96.223725
95.171457
97.406154
95.069201
97.399982
95.737685
96.275322
95.131783
97.475848
95.090101
97.297787
95.764313
96.330193
95.407476
97.577364
95.068706
97.314854
95.698296
96.398675
95.329032
97.514800
95.079724
97.285481
95.682028
96.161233
94.935785
97.463353
95.204119
97.291996
95.768278
96.300188
95.180967
97.447043
95.156945
97.263395
95.600689
96.154761
95.120633
97.454861
95.109607
97.260160
95.452891
96.055974
95.170489
97.181763
97.189378
95.390593
95.826114
95.909512
94.716844
97.145213
94.591266
97.029748
95.352661
95.894555
94.664310
97.215458
94.666392
96.847792
95.205107
95.811009
94.769252
97.157070
94.578056
96.815791
95.152445
95.788359
94.850656
97.181279
94.755238
96.827825
95.319512
95.693239
94.730632
97.162125
94.620872
96.762512
94.996768
95.539963
94.460009
96.942436
94.364173
96.665320
95.057083
95.415600
94.404817
96.891114
94.288313
96.508290
94.751537
95.225722
94.339572
96.986034
94.212860
96.488262
94.743496
95.311272
94.102934
96.876343
94.135708
96.639559
94.874567
95.161856
94.439517
96.609475
96.591937
94.929716
95.183131
95.414786
94.528965
96.787423
94.354725
96.615031
95.014246
95.423148
94.407136
97.064654
94.676322
96.920210
95.365381
95.504287
94.627438
97.035086
94.659162
96.888946
95.181503
95.480610
94.679052
97.059140
94.931195
97.005765
95.402988
95.619447
94.699903
97.134189
94.757578
96.986579
95.302754
95.544759
94.599343
97.066976
94.794299
96.895932
95.399391
95.486267
94.604848
97.178771
95.039130
97.121605
95.263128
95.437084
94.558292
97.121890
94.601012
96.967841
95.319154
95.233951
94.491743
97.012775
94.593839
96.992423
95.072258
95.177993
94.491692
96.804401
96.644993
94.805227
95.063649
95.303511
94.371677
96.640538
94.144731
96.537950
94.622105
95.030975
94.089273
96.847134
94.165445
96.530293
94.576564
94.979829
93.991415
97.025485
94.405676
96.749487
94.642831
95.259635
94.075931
96.904155
94.057994
96.643936
94.650284
95.249056
93.982027
96.929403
94.338985
96.745059
94.979733
95.424686
93.965186
96.888370
93.824157
96.666022
94.517678
94.994499
93.759171
96.776936
93.582962
96.603303
94.290291
95.184029
93.695460
96.973068
93.667531
96.671557
94.539997
95.284261
93.801746
96.810265
93.793603
96.568108
94.421865
95.071823
93.848643
96.639626
96.567333
94.456265
95.112738
95.268899
94.070819
97.061065
94.035263
96.797014
94.707579
95.340606
93.782251
97.089868
93.769244
96.875532
94.540041
95.453462
93.662893
96.947253
93.240826
96.595748
94.014327
95.202355
93.306780
96.799839
92.993490
96.497618
93.549716
94.917128
92.507872
96.610228
92.657289
96.433164
93.687590
95.020334
92.904842
96.805467
93.308483
96.727006
94.131541
95.692243
93.774606
97.340655
93.742911
97.150687
94.442379
96.085222
93.974345
97.219050
93.736481
96.940225
94.154454
95.738803
93.692525
96.921616
93.229554
96.715659
93.850898
95.170950
93.347319
96.566615
96.534007
93.464650
94.905054
95.122922
92.938541
96.520747
92.397018
96.415864
93.414967
94.653037
92.872034
96.603106
92.959728
96.726137
94.294445
95.443345
93.616707
97.136550
93.432074
96.753785
94.009862
95.519950
93.439212
97.048514
93.235975
96.834295
93.971929
95.606405
93.560752
97.089415
93.579094
97.078876
94.442646
96.138897
94.115567
97.150372
93.823704
97.037154
94.466693
96.029004
94.226099
97.063304
93.856441
97.070899
94.894959
96.035960
94.105525
97.148757
93.875298
97.089844
94.436346
96.091685
94.216171
97.000771
93.720052
96.942141
94.549407
95.987759
94.088305
96.894172
96.810419
93.955541
95.531341
95.837374
94.024538
97.109425
93.964623
97.048927
94.767865
96.138022
94.437597
97.217553
94.175445
97.291941
94.981430
96.267975
94.593799
97.216348
94.283196
97.331209
95.072766
96.355572
94.721370
97.497585
94.517158
97.411109
95.171322
96.678276
94.844397
97.393362
94.578487
97.315488
95.188187
96.472931
94.893418
97.405581
94.680749
97.235095
95.097488
96.448560
94.703574
97.313918
94.318287
97.247442
95.020198
96.393193
94.775953
97.298605
94.282664
97.204759
94.824486
96.166811
94.670618
97.313557
93.973109
98.054789
95.493288
95.857035
94.212065
97.097409
97.039983
95.048675
96.125171
96.408117
94.949188
96.930984
93.607547
96.747020
94.483996
95.496068
94.107645
97.562066
93.538815
96.580714
93.936288
95.196475
93.473682
96.903598
94.061868
96.845840
93.872022
94.957339
93.215720
96.327152
92.682866
96.275659
93.865889
94.967285
93.045423
96.354699
92.532990
96.236641
93.666390
94.996605
93.255155
96.373287
92.781118
96.565273
94.173636
95.473107
93.602016
96.670710
93.339219
96.719984
93.841776
94.684123
93.099191
96.631929
94.398610
96.595263
94.846096
95.824598
95.110572
96.999758
94.691097
96.769237
95.145798
95.637605
95.161220
97.766562
97.101033
95.433696
95.910560
96.111954
95.228446
96.999350
95.138057
96.902301
95.681252
96.239435
95.698120
97.227118
95.100999
96.705233
95.573179
96.203505
95.418793
96.863691
95.079018
96.688810
95.712725
96.739210
95.653653
96.761428
95.040909
96.594557
95.814758
96.334730
95.645167
97.496644
95.223760
96.413068
95.608417
96.191973
95.471693
97.327525
95.249671
96.746091
95.725792
96.217401
95.658888
97.606189
95.048286
96.787239
95.618839
96.095394
95.423918
97.561386
95.225462
97.132049
95.836513
96.104972
95.658437
97.311629
95.137998
97.185384
95.639284
95.657764
95.250440
97.221861
97.154590
95.423976
95.707078
96.334813
95.767891
97.553603
95.087365
96.924682
95.453412
96.171836
95.301631
97.525569
95.067108
96.699760
95.529779
96.172094
95.417466
97.327040
95.145755
96.689969
95.649147
96.166558
95.490847
97.146468
95.137373
96.473035
95.691244
96.204791
95.754883
97.543994
95.188632
96.702453
95.616388
96.127484
95.593080
97.370819
95.173190
96.642022
95.613470
96.121078
95.470657
97.409229
95.229379
96.788235
95.612582
96.137493
95.641832
97.632153
95.118493
96.830711
95.601078
96.020194
95.592768
97.514656
95.116340
96.879462
95.323749
95.676698
95.357816
97.079859
97.052847
95.396782
95.744063
96.326276
95.364633
97.508942
94.920741
96.881619
95.670511
96.066116
95.538686
97.523654
95.083273
96.760936
95.759799
96.179478
95.717053
96.885657
95.269766
96.520634
95.784947
96.231317
95.763321
97.314681
95.474824
96.736892
97.012374
96.111294
95.551791
97.185542
95.082481
96.516220
96.046580
96.457003
96.078561
97.844772
95.472519
96.378425
95.781451
96.475750
95.975368
97.500424
95.563267
96.815091
95.891553
96.436316
95.791257
96.890141
95.288254
97.177842
96.386375
96.105045
95.617479
97.466454
95.222914
97.338045
95.621765
95.898025
95.517152
97.239160
97.092520
95.391020
95.877040
96.262822
95.757910
97.263745
94.938727
96.560460
96.025944
96.347311
95.868974
96.571033
95.140111
96.655569
95.668379
96.009668
95.649924
97.145170
95.093817
96.337316
95.656825
96.064586
95.571241
97.498426
95.300846
96.500481
95.746248
96.256907
95.960032
97.295848
95.972583
97.181404
96.022973
96.285867
95.568182
97.192061
95.141498
96.564435
95.860036
96.282451
95.604542
97.484857
95.371170
96.832289
95.705585
96.161997
95.725197
97.683700
95.289249
96.827767
95.701542
96.076239
95.729563
97.678608
95.379623
97.382769
95.438214
95.794735
95.420692
97.371768
97.956401
95.630198
95.717890
96.379670
95.812057
96.653764
94.981930
96.825275
95.680494
96.222446
95.690390
97.664414
95.176822
96.381086
95.711837
96.116812
95.703395
97.083224
95.084771
96.711493
95.536731
96.199096
96.123928
96.812301
95.190622
96.391611
95.689290
96.257739
95.488947
97.355231
95.177815
96.644944
95.504014
96.162337
95.331643
97.495156
95.122461
96.809134
95.697707
96.143757
95.328528
97.486967
95.183361
96.348480
95.702708
96.084886
95.522403
97.541670
95.193840
96.571464
95.566612
96.142665
95.604922
97.608367
95.137186
96.767075
95.367311
95.871076
95.553371
97.230434
97.264602
95.495544
95.880183
96.365995
95.595690
97.668233
95.064271
96.357247
95.554510
96.190296
95.550798
97.261662
95.133179
97.025403
95.629613
96.131286
95.569886
97.320254
95.206106
96.570780
95.642464
95.940447
95.598438
97.198175
94.499649
96.930985
95.952038
96.645629
95.113294
97.160623
95.103120
97.141765
95.544671
96.769898
95.419428
97.233369
95.208680
97.353361
95.725027
96.760863
95.322230
97.365072
95.109145
97.382100
95.690268
96.798494
95.408954
97.595176
95.453284
97.246903
95.779290
96.685151
95.248769
97.450948
95.365537
97.401548
95.926917
96.570034
95.499374
97.361154
97.349364
95.595475
96.583961
96.700393
95.530585
97.348697
94.980186
97.362832
95.818475
96.547279
95.394701
97.395541
94.857128
97.356961
95.798098
96.499333
95.594760
97.393484
94.889218
97.286152
95.578801
96.684863
95.381417
97.483211
95.014147
97.331232
95.736312
96.661246
95.471597
97.517749
95.095696
98.592029
95.668512
96.719110
95.236628
97.344429
95.232661
97.715301
96.190032
97.200859
95.724925
97.310217
94.933973
97.323075
95.760849
96.730953
95.785075
97.697311
95.318449
97.563052
95.860107
96.827741
95.369005
97.219091
95.806492
97.792887
95.704895
96.638404
95.529208
97.335527
97.379614
95.807437
96.598718
96.700443
95.616271
97.437001
94.985804
97.513941
95.609866
96.705905
95.514241
97.375960
94.968731
97.971785
95.884534
96.628414
95.296605
97.406962
94.985126
97.406304
95.632935
96.547692
95.408611
97.460801
95.111682
97.409761
95.724519
96.751442
95.418384
97.438547
95.161780
97.423751
95.631309
96.700242
95.511284
97.416737
95.157706
97.470809
95.766032
96.698567
95.434385
97.428602
95.158930
97.398842
95.786460
96.664504
95.461460
97.432086
95.158313
97.427996
95.844805
96.701788
95.527276
97.389888
95.035076
97.351485
95.699794
96.498854
95.387375
97.394509
97.419993
95.820778
96.657476
96.836382
95.513807
97.505271
94.982935
97.409451
95.597348
96.693520
95.525921
97.515762
95.112878
97.390050
95.772707
96.729537
95.348104
97.537338
95.119176
97.406910
95.807870
96.782331
95.423005
97.496397
95.212378
97.412252
95.767206
96.826723
95.565335
97.424348
95.268620
97.347148
95.760146
96.720023
95.539674
97.431008
95.085566
97.384077
95.883598
96.794438
95.548716
97.454450
95.348941
97.329073
95.793196
96.729765
95.586249
97.430252
95.250636
97.399566
95.834878
96.696375
95.473165
97.303924
95.241463
97.333100
95.828181
96.632531
95.485961
97.454895
97.469494
95.847207
96.781004
96.894254
95.646394
97.486252
95.178535
97.304548
95.725115
96.771521
95.526582
97.418887
95.167649
97.335046
95.833567
96.841379
95.708818
97.445997
95.425790
97.408379
95.851790
96.903113
95.701915
97.499595
95.308107
97.372548
95.876668
96.864569
95.663855
97.396502
95.254426
97.392149
95.833002
96.865109
95.624730
97.481257
95.316467
97.318126
95.943846
96.859009
95.507573
97.569413
95.417959
97.504946
96.439571
96.869219
95.648705
97.395051
95.188908
97.352340
95.753979
96.918034
95.596962
97.466160
95.374071
97.407012
95.806324
96.739051
95.406835
97.425921
97.363759
95.855732
96.856185
96.854904
95.629548
97.534465
95.323055
97.368718
95.707919
96.656495
95.642877
97.725366
95.769545
97.395188
95.742424
96.713166
95.426985
97.399278
95.111932
97.442482
95.799935
96.621745
95.413941
97.455777
95.137049
97.416141
95.758206
96.817560
95.445555
97.381992
95.278362
97.371079
95.799235
96.779516
95.642384
97.417868
95.134935
97.338596
95.724307
96.816268
95.656850
97.515712
95.236783
97.286702
95.883066
96.785682
95.710309
97.441664
95.434597
97.405670
96.043401
96.831245
95.781840
97.383950
95.473416
97.422985
95.957565
96.692206
95.756231
97.315627
97.292281
95.982303
96.725612
96.877196
95.709422
97.432532
95.241432
97.431482
95.959258
96.782775
95.656072
97.463907
95.210491
97.447422
95.898719
96.820371
95.758419
97.401444
95.340249
97.308119
95.901490
96.744396
95.744873
97.478824
95.361226
97.403306
95.900449
96.717794
95.675900
97.468872
95.338000
97.314801
95.864914
96.744822
95.642689
97.333322
95.246612
97.279415
95.851982
96.795059
95.553367
97.324271
95.293870
97.349045
95.777469
96.779124
95.380085
97.413829
95.162000
97.325788
95.971730
96.719655
95.610746
97.297087
95.259139
97.306299
95.828727
96.632107
95.591465
97.359271
97.237608
95.800385
96.804698
96.764881
95.747535
97.377695
95.181383
97.424289
95.804135
96.747871
95.617384
97.398858
95.172267
97.377825
95.877909
96.866645
95.615013
97.476091
95.204003
97.399174
95.752184
96.757818
95.634463
97.388769
95.295147
97.299088
95.861806
96.762326
95.845655
97.486830
95.351138
97.342360
95.909080
96.968120
95.662291
97.437503
95.403432
97.373606
95.929337
96.799902
95.791083
97.491306
95.468490
97.219697
95.854945
96.809080
95.698172
97.411858
95.408200
97.318843
95.917886
96.791682
95.651842
97.369094
95.400015
97.349032
95.903360
96.743849
95.779995
97.329427
97.349840
96.061335
96.811050
96.988214
95.860438
97.511714
95.261455
97.445748
95.934462
96.808841
95.570011
97.528132
95.125716
97.584605
95.897097
96.750821
95.729533
97.527711
95.314106
97.459529
95.878614
96.755661
95.817155
97.498146
95.376060
97.473522
96.078910
96.945405
95.757485
97.561543
95.514708
97.583708
96.033181
96.779644
95.891300
97.363727
95.369519
94.797425
93.216261
93.229527
93.255561
95.094770
93.297619
94.746123
93.855624
94.094413
93.701250
95.411855
93.656371
95.366713
94.087641
94.238889
93.937113
95.162395
93.918502
94.996171
94.081484
94.058185
94.103573
95.274840
95.222269
94.223291
94.084508
94.964906
94.441401
96.142780
93.828939
95.776457
94.533759
94.656409
94.129054
95.976306
94.021761
95.352549
94.341542
94.600744
94.160566
95.437240
94.133750
95.047548
94.430874
94.735853
94.273018
95.767386
94.101344
95.700247
94.531375
94.640269
94.183837
95.727238
94.051443
95.627067
94.402822
94.630223
94.187617
95.711719
94.068693
95.692452
94.409931
94.568433
94.166720
95.804188
94.062268
95.378707
94.388358
94.525035
94.143193
95.813504
94.011758
95.791497
94.384770
94.490850
94.309125
95.546596
94.188290
95.325242
94.350194
94.203804
94.071701
95.610902
95.372442
94.404067
94.204419
94.872182
94.338265
96.144622
93.899223
95.609000
94.421767
94.499701
94.083981
95.850994
93.919609
95.293330
94.379814
94.427463
94.071484
95.717781
93.958964
95.729092
94.351084
94.465050
94.073659
95.624545
94.049387
95.042911
94.340165
94.458311
94.149953
95.605993
94.030456
95.613094
94.423627
94.482213
94.193047
95.821448
94.080578
95.165119
94.415076
94.442483
94.207309
95.664374
93.988890
95.548281
94.398515
94.514283
94.213640
95.636189
94.128344
95.518871
94.328789
94.426473
94.150914
95.547747
94.031855
95.174224
94.179151
93.992052
94.077352
95.488053
95.227280
94.197120
94.057581
94.807428
94.309180
96.061506
93.679760
96.119238
94.445696
94.519023
93.885154
95.885598
93.793744
95.093804
94.250194
94.357128
93.950000
95.598398
93.846773
94.956777
94.190735
94.377838
94.034508
95.398096
93.883346
95.078773
94.243809
94.410226
93.938333
95.739278
93.832975
95.118387
94.233931
94.493306
94.031830
95.763938
93.850371
95.109875
94.225266
94.481754
94.021527
95.694339
93.826094
95.207824
94.292040
94.497413
94.081855
95.713680
94.018183
95.166798
94.253702
94.482105
94.105628
95.446601
93.987858
94.733725
94.143542
94.069376
93.973607
95.318577
95.304255
94.017027
93.991303
94.953043
94.166831
96.116582
93.731303
95.106592
94.283046
94.565572
94.120348
95.599557
93.896235
95.417407
94.318047
94.589511
94.090423
95.477826
93.947054
95.039393
94.230537
94.493358
94.031398
95.281992
93.875786
94.970245
94.178675
94.473381
94.015696
95.514152
93.964127
94.960095
94.269972
94.528711
94.061005
95.571333
93.933744
95.107436
94.319930
94.498960
94.056707
95.693006
93.959798
95.266799
94.290064
94.488109
94.168767
95.619042
94.032658
95.268154
94.284156
94.539425
94.133131
95.460774
94.019780
95.198100
94.185427
94.142676
94.009937
95.348025
95.268905
94.172797
94.095853
95.038790
94.321566
96.173889
93.854599
95.211815
94.411128
94.686045
94.207742
95.661028
94.007342
95.397624
94.401126
94.626371
94.228117
95.501678
94.070494
95.085263
94.372951
94.552182
94.231314
95.374025
94.016155
95.044412
94.326933
94.573165
94.267653
95.598412
94.022574
95.060412
94.364591
94.580528
94.249372
95.693921
94.046303
95.208197
94.323711
94.635286
94.226001
95.766720
93.967723
95.400125
94.362167
94.661081
94.307639
95.766386
94.117955
95.429209
94.472682
94.715063
94.472379
95.663649
94.193545
95.077413
94.357363
94.385443
94.243798
95.502765
95.481252
94.351954
94.393350
95.156877
94.496072
96.261239
93.877631
95.279698
94.434402
94.819459
94.340628
96.096507
94.039831
95.650501
94.420403
94.619318
94.360311
94.565690
95.368765
96.122317
96.015085
96.355788
96.116506
96.493160
95.949373
96.428584
96.339241
96.633054
96.323702
96.642851
96.059151
96.500886
96.370829
96.650037
96.319983
96.662799
96.083882
96.522616
96.483482
96.725886
96.390071
96.831294
96.126654
96.595780
96.482008
96.678135
96.412898
96.936126
96.208833
96.689822
96.467447
96.737163
96.396261
97.072484
96.228548
96.610386
96.331364
96.553360
96.397319
96.702850
96.743303
96.349412
96.497509
96.848211
96.472246
97.033197
95.999284
96.611870
96.447621
96.713508
96.330902
97.065479
96.130525
96.628477
96.441101
96.689896
96.377183
97.050676
96.175017
96.543684
96.506117
96.698649
96.417578
96.997029
96.228646
96.585644
96.473512
96.707383
96.386684
97.016788
96.196867
96.612204
96.491900
96.696700
96.434086
97.158675
96.250647
96.720706
96.523421
96.838896
96.457409
97.053046
96.257127
96.681459
96.496125
96.756728
96.492243
97.120285
96.248702
96.714449
96.509409
96.721424
96.494744
97.329826
96.253454
96.936262
96.362392
96.539043
96.317070
96.719493
96.810401
96.346841
96.514071
96.855129
96.440563
97.061147
96.046318
96.661139
96.422999
96.713497
96.344552
97.163516
96.154224
96.714507
96.480322
96.716970
96.348744
97.169817
96.229882
96.576393
96.425165
96.760717
96.399926
96.977770
96.205671
96.655995
96.488625
96.798285
96.390485
96.998764
96.251261
96.675504
96.496535
96.745715
96.429558
97.051445
96.296902
96.647648
96.519868
96.774278
96.437946
97.169023
96.303698
96.661278
96.475855
96.772294
96.415401
97.131282
96.236734
96.678140
96.490754
96.766065
96.427764
97.254811
96.206572
96.991283
96.303920
96.568152
96.350264
96.824486
96.844149
96.408340
96.575743
96.880254
96.430272
97.033623
96.053934
96.769983
96.370399
96.751266
96.427030
97.145050
96.163016
96.802950
96.442376
96.717869
96.396951
96.954168
96.239974
96.751800
96.496766
96.733733
96.395932
97.010739
96.233602
96.651223
96.498027
96.777768
96.397293
96.970947
96.246503
96.668392
96.482063
96.857541
96.405075
97.110507
96.244740
96.746236
96.516162
96.774263
96.381266
97.147272
96.296118
96.775717
96.482822
96.726550
96.494516
97.076738
96.254744
96.749099
96.498620
96.783736
96.446167
97.397891
96.172949
96.981294
96.367565
96.487993
96.325246
96.805275
96.862629
96.324759
96.454877
96.684769
96.486980
97.011179
95.990778
96.756448
96.340512
96.713034
96.256932
97.260937
96.095547
96.710467
96.421097
96.583271
96.297169
97.118291
96.073527
96.682691
96.429405
96.698331
96.331378
97.138453
96.357368
96.661699
96.459356
96.678867
96.369311
97.028743
96.106923
96.717580
96.467373
96.728049
96.471745
97.123108
96.198891
96.678907
96.442245
96.650093
96.379182
97.112375
96.236852
96.788419
96.450276
96.654594
96.416397
97.157781
96.206717
96.817222
96.492008
96.715469
96.408672
97.355526
96.213166
96.862665
96.360673
96.439875
96.303762
96.866810
96.924707
96.396641
96.563579
96.901492
96.457688
97.057716
96.055918
96.831730
96.381454
96.707007
96.355890
97.188734
96.106443
96.724948
96.388734
96.646200
96.473515
97.032057
96.202914
96.643920
96.439817
96.721542
96.347604
96.917349
96.151297
96.549406
96.458332
96.754017
96.356972
97.009015
96.120866
96.657573
96.424162
96.772864
96.459405
97.069061
96.183575
96.673335
96.492788
96.762719
96.373111
97.082778
96.183395
96.721339
96.434562
96.738394
96.440675
97.136664
96.217971
96.679236
96.475088
96.759262
96.339309
97.341981
96.142413
96.936082
96.346007
96.522820
96.277400
96.844397
96.806522
96.341806
96.528424
96.838853
96.421723
96.941748
95.986374
96.634105
96.350411
96.661891
96.294492
97.122073
96.095293
96.784661
96.399744
96.644437
96.298900
97.138891
96.136723
96.509589
96.442154
96.725162
96.347381
97.097806
96.187066
96.556479
96.466360
96.725978
96.343355
96.984860
96.197062
96.527444
96.397337
96.753999
96.364072
97.066985
96.200202
96.607805
96.430261
96.764038
96.395568
97.098083
96.208419
96.670877
96.400331
96.682718
96.445071
97.143511
96.266400
96.702603
96.547811
96.698929
96.479437
97.214504
96.149708
96.973482
96.343767
96.470044
96.220389
96.779102
96.814425
96.336309
96.515515
96.834087
96.425407
96.966466
95.989734
96.674386
96.390255
96.694602
96.308005
97.148325
96.094275
96.760677
96.397004
96.711898
96.356411
96.965785
96.260852
96.653308
96.456962
96.754824
96.430247
97.008553
96.194875
96.640124
96.392925
96.722690
96.406247
97.072488
96.255368
96.619406
96.463484
96.716369
96.398780
97.019474
96.244894
96.676370
96.485277
96.695826
96.403257
97.174332
96.252527
96.713124
96.508078
96.702560
96.409931
97.116099
96.253226
96.827631
96.449387
96.736007
96.371281
97.241588
96.135744
96.862621
96.364459
96.449418
96.241260
96.763681
96.780787
96.363174
96.559330
96.781596
96.445155
96.948437
96.051834
96.694767
96.365160
96.670145
96.290754
97.201207
96.110461
96.663162
96.400818
96.672075
96.340303
97.137410
96.187632
96.575379
96.437232
96.684133
96.380575
96.885482
96.197536
96.597353
96.483768
96.690313
96.412306
96.971071
96.239997
96.697190
96.463747
96.750682
96.365416
96.994778
96.260747
96.682262
96.506457
96.731976
96.382249
97.089899
96.223911
96.663879
96.458102
96.738312
96.407409
97.089863
96.188914
96.708711
96.482367
96.695304
96.388849
97.240587
96.147501
96.870565
96.363871
96.478932
96.292000
96.679179
96.759876
96.309366
96.575723
96.805520
96.436275
97.090815
95.964877
96.698089
96.374608
96.619445
96.267471
97.192157
96.016417
96.648877
96.354749
96.668488
96.288355
97.099107
96.121711
96.552908
96.471958
96.696846
96.340409
96.921294
96.150742
96.596768
96.476066
96.726318
96.451378
96.951733
96.235745
96.626352
96.480961
96.706833
96.272254
96.939588
96.137446
96.620517
96.405300
96.674437
96.394068
96.995875
96.141451
96.635351
96.451051
96.707232
96.344296
97.067379
96.187003
96.634548
96.395572
96.665391
96.382310
97.234931
96.160952
96.879227
96.285042
96.448690
96.228494
96.774680
96.768470
96.277069
96.468197
96.771616
96.366124
97.173530
95.965719
96.731532
96.288951
96.666907
96.270733
97.179834
96.062812
96.664235
96.410404
96.665628
96.251300
96.998894
96.123555
96.623300
96.429416
96.703273
96.399904
97.023533
96.208546
96.644959
96.443019
96.765074
96.355409
97.019543
96.229390
96.680120
96.461800
96.741048
96.313212
96.977447
96.214484
96.585159
96.406921
96.685984
96.239436
97.006182
96.145923
96.668148
96.391773
96.621399
96.343433
97.043405
96.065267
96.605696
96.445017
96.670529
96.331331
97.140807
96.070157
96.884873
96.271419
96.437324
96.251407
96.767323
96.750577
96.297734
96.505857
96.729951
96.282348
97.116380
95.991747
96.687075
96.669459
96.611708
96.275044
97.176390
96.161098
96.860981
96.583994
96.582592
96.275053
96.928599
96.021650
96.605453
96.377113
96.612969
96.318103
96.895038
96.199174
96.680194
96.584548
96.657755
96.398236
96.932192
96.205725
96.888830
96.686622
96.591559
96.228365
96.970426
96.081445
96.620833
96.455155
96.708321
96.316663
96.950326
96.112642
96.665537
96.411364
96.695050
96.381707
97.088040
96.177248
96.724332
96.434205
96.687910
96.280812
97.174258
96.096300
96.864904
96.383185
96.384308
96.246041
96.732645
96.781270
96.274616
96.513103
96.770433
96.425904
97.065139
96.041052
96.849872
96.402129
96.658704
96.255583
97.093053
96.033269
96.581269
96.314322
96.673396
96.185820
97.072591
96.112041
96.636358
96.392578
96.698112
96.316095
96.884106
96.194117
96.641549
96.400718
96.690243
96.278214
96.955417
96.071278
96.592741
96.368160
96.681647
96.344990
97.020655
96.288051
96.622286
96.496314
96.922123
96.359172
97.125475
96.155909
96.713930
96.424027
96.757863
96.339110
97.123572
96.089538
96.781970
96.458801
96.746376
96.316789
97.318829
96.190741
96.868342
96.348817
96.421445
96.258925
96.858501
96.775748
96.271408
96.452828
96.763336
96.363230
97.105652
95.954087
96.737790
96.323471
96.665240
96.189859
97.131045
96.013860
96.646737
96.360176
96.523223
96.186288
97.123600
96.113500
96.589953
96.302831
96.541852
96.374554
96.884852
96.070531
96.613923
96.376678
96.716344
96.415076
97.026042
96.204376
96.669293
96.461652
96.679910
96.281171
97.015168
96.192129
96.629159
96.467632
96.746593
96.409281
97.150064
96.244148
96.667558
96.423133
96.724994
96.342958
97.132280
96.193386
96.677776
96.457035
96.676060
96.308567
97.255287
96.099085
96.993328
96.223248
96.439498
96.260594
96.829131
96.856088
96.308751
96.495882
96.765784
96.376991
96.978916
96.028748
96.673346
96.330433
96.643474
96.271440
97.111450
96.052196
96.629873
96.406642
96.650580
96.219290
97.034997
96.066560
96.657903
96.410975
96.708956
96.320419
96.996905
96.143569
96.593054
96.398121
96.715190
96.292804
97.007258
96.127760
96.652227
96.340263
96.642184
96.261863
96.960451
96.166158
96.632263
96.427066
96.618542
96.213968
97.096099
96.137750
96.692886
96.392832
96.641562
96.249880
97.106699
96.161460
96.760414
96.432194
96.685670
96.237639
97.339681
96.040597
96.962746
96.293853
96.490204
96.247630
96.829326
96.838053
96.287194
96.452895
96.786407
96.425660
97.007841
96.014453
96.733871
96.351944
96.654801
96.216398
97.161942
96.068339
96.744165
96.396095
96.721776
96.271333
97.076771
96.156266
96.707171
96.428973
96.793984
96.333160
96.987817
96.172525
96.691996
96.429678
96.779144
96.319858
97.144977
96.252074
96.785775
96.485246
96.752109
96.352577
97.062815
96.284134
96.804784
96.518143
96.760702
96.356472
97.224624
96.210417
96.867058
96.541125
96.723869
96.387798
97.254165
96.304157
96.876408
96.557685
96.758569
96.404891
97.347632
96.158829
97.124442
96.414711
96.550734
96.342974
97.015261
96.977271
96.445287
96.645758
96.884619
96.404047
97.017430
96.032701
96.681369
96.408434
96.697073
96.309597
97.173499
96.209854
96.824668
96.421939
96.806251
96.428230
97.154737
96.224966
96.756754
96.509055
96.805772
96.430420
96.996313
96.191678
96.717770
96.430327
96.688161
96.334337
96.963368
96.219419
96.714790
96.476797
96.829995
96.307862
96.930941
96.131066
96.686049
96.427745
96.743531
96.380903
97.054375
96.232113
96.686482
96.396671
96.713752
96.401456
97.039178
96.246657
96.838740
96.456084
96.707251
96.307071
97.144889
96.147853
96.914959
96.350576
96.498300
96.308487
96.874523
96.850193
96.444961
96.503145
96.788279
96.257918
97.033246
95.995390
96.671101
96.298970
96.540422
96.116749
97.064136
95.966868
96.656999
96.324443
96.538071
96.202599
96.930683
96.024837
96.663875
96.346921
96.519937
96.271354
96.748711
96.095057
96.669019
96.411167
96.574781
96.148740
96.908647
96.127812
96.616209
96.311134
96.444725
96.082468
96.836540
96.050232
96.598330
96.382617
96.447729
96.046587
96.904751
96.111084
96.611714
96.290020
96.447018
96.115695
96.857374
95.957059
96.635141
96.257908
96.280568
95.898800
97.059219
95.856170
96.522272
95.989548
95.907669
95.803861
96.494559
96.529817
95.927979
95.877162
96.210534
95.883248
96.567800
95.623792
96.445727
96.037176
95.998983
95.664866
96.751042
95.762641
96.325686
96.053188
96.104197
95.783122
96.588246
95.744924
96.354730
95.989132
96.096731
95.718713
96.514471
95.701016
96.381134
95.954594
96.084856
95.741778
96.563460
95.812910
96.415476
96.035384
96.153554
95.821418
96.648936
95.869482
96.351846
96.066610
96.135412
95.660819
96.716799
95.854871
96.482398
96.088012
96.084032
95.807862
96.796725
95.856078
96.523966
96.122568
96.216105
95.793647
96.971729
95.760137
96.655156
95.948146
95.931335
95.786365
96.629898
96.665022
95.940983
96.023874
96.243396
95.789498
96.635836
95.607746
96.391958
95.966871
96.124741
95.485175
96.769328
95.586479
96.403504
95.873165
96.111436
95.608531
96.596640
95.585516
96.380477
95.924129
96.064225
95.626843
96.505379
95.528066
96.315502
95.843786
96.043737
95.559523
96.676452
95.648333
96.407534
95.895872
96.078850
95.623556
96.648881
95.724780
96.366036
95.921795
96.051906
95.669733
96.637213
95.749413
96.388698
95.913603
96.003896
95.579262
96.628719
95.565450
96.346268
95.938723
96.037131
95.604028
96.911092
95.638389
96.559654
95.736779
95.664344
95.560282
96.460776
96.491942
95.754207
95.823084
96.187924
95.700303
96.581856
95.413196
96.397416
95.779970
95.956646
95.405864
96.792095
95.418996
96.339878
95.755747
95.912462
95.473737
96.578646
95.488100
96.285778
95.799698
96.039846
95.514571
96.499738
95.535752
96.261487
95.747692
95.958795
95.574868
96.597144
95.572312
96.307190
95.817140
95.956565
95.603243
96.478082
95.612206
96.275825
95.824120
95.821525
95.655578
96.628829
95.741049
96.372734
95.830634
95.941297
95.619077
96.684390
95.668669
96.374699
95.844946
95.980827
95.527635
96.856409
95.607573
96.565736
95.784227
95.673354
95.559462
96.550476
96.517800
95.782745
95.792248
96.100466
95.587084
96.679001
95.293957
96.424350
95.730301
95.805393
95.332808
96.724955
95.481066
96.501033
95.844439
95.879075
95.479808
96.787627
95.610516
96.420229
95.892622
95.989695
95.670706
96.771806
95.842342
96.442731
96.091068
96.071088
95.793028
96.905930
95.939993
96.711927
96.135400
96.047390
95.713797
96.784307
95.883022
96.539659
96.095537
95.893142
95.723531
96.621921
95.764565
96.421971
96.004361
95.780788
95.585085
96.655088
95.729058
96.507668
95.950029
95.805654
95.535486
96.907641
95.624906
96.443489
95.867771
95.504025
95.601249
96.639227
96.481872
95.813407
95.545441
95.933159
95.574948
96.614858
95.476038
96.403986
95.836312
95.687605
95.514163
96.615931
95.502636
96.418260
95.898159
95.728907
95.417933
96.591275
95.436242
96.394482
95.860028
95.750300
95.487927
96.556582
95.527195
96.215636
95.764863
95.794293
95.430683
96.669705
95.519501
96.331546
95.859082
95.801912
95.533820
96.592328
95.526160
96.323707
95.851367
95.837189
95.511786
96.651910
95.576087
96.331997
95.932566
95.791012
95.584078
96.750422
95.698597
96.487883
96.071359
96.035120
96.300776
95.068826
91.755620
93.366507
91.154540
85.516214
91.680642
95.160531
95.568675
92.823517
95.848745
