93.806750
93.982309
93.417145
94.522662
92.742283
93.257927
91.202023
93.358750
93.402511
93.158611
93.569120
93.269625
93.361850
93.281662
93.113664
94.495333
93.660287
93.784460
93.294252
93.206451
93.119828
94.572122
93.253255
93.396013
93.688201
93.397423
93.165073
94.011018
93.199847
93.361081
93.252472
93.233415
92.504664
93.984670
92.408612
92.583886
92.949171
93.161068
92.927627
93.195833
92.333651
92.601793
92.734897
92.448160
92.295885
93.123660
92.243164
92.406102
92.162373
92.279977
92.191501
93.097839
92.094273
91.986950
91.038291
92.498169
92.457817
92.425265
92.493841
91.059113
93.782219
92.745468
92.398353
93.524350
91.938647
92.462194
90.957515
92.449952
92.398233
92.415681
92.677143
92.982105
93.004646
93.067564
92.843258
93.719011
92.851056
93.066656
92.729588
92.961762
92.905714
93.830925
92.988316
93.212482
93.187057
92.643925
92.432587
93.790439
92.958617
93.163258
92.873849
93.145510
92.498073
93.889969
92.613973
92.758351
93.154195
93.262641
93.110463
93.911509
93.033642
92.761423
93.227164
92.794208
93.160346
93.944996
93.051166
93.208331
93.024841
92.638839
92.372166
93.821311
92.871794
92.794183
91.942800
92.768749
92.162161
93.276267
92.716585
91.977003
93.937125
93.309950
93.037193
93.771051
92.598604
92.529790
91.736251
92.803875
92.849516
93.270109
93.087438
93.374628
93.635231
93.832568
93.712899
94.520894
93.371622
93.831268
93.464403
93.416527
93.330936
94.129460
93.376761
93.994476
93.718239
93.591596
92.979282
94.215029
93.073441
93.749616
94.026472
93.689982
93.561908
94.801233
93.696215
93.446732
94.091620
93.438792
93.215314
94.325095
93.104436
93.335876
94.084782
93.395380
93.197484
94.382253
93.205520
93.400620
93.962903
93.358561
93.084836
94.306152
93.005559
93.030870
92.932376
93.415041
93.257791
93.793571
93.368752
93.048601
94.361463
93.739816
93.451100
94.123666
93.647023
93.607061
92.333290
93.728195
93.217220
93.715082
93.538561
93.799208
94.121862
94.316304
94.238753
94.887760
94.199111
94.309954
94.003287
93.803767
93.649872
94.413819
94.114221
94.203989
93.971158
93.995978
93.410894
94.866545
93.673315
94.304592
94.166725
93.912636
93.884953
94.915596
93.856450
94.396026
94.323585
93.952935
93.393711
94.491650
93.528888
93.947127
94.209217
94.003771
93.772344
94.977111
93.702172
93.859206
93.864760
93.864235
93.737344
94.953989
93.542462
93.435552
92.922938
93.460388
93.900292
93.852878
93.848166
93.042092
94.443743
93.818434
93.457881
94.672880
93.294528
93.719222
92.460082
93.652061
93.222936
93.664446
93.569705
93.904699
94.230623
94.295169
94.213712
94.931880
94.231039
94.283491
94.023593
93.904664
93.702094
94.442452
93.830984
94.276509
94.075546
93.801118
93.767236
94.974902
93.907129
94.498752
94.425859
93.981032
93.812467
94.957098
94.042955
94.126894
94.395946
94.028297
93.913509
94.991971
93.855751
93.932132
94.298703
93.983483
93.844725
94.550671
93.881437
93.985364
94.171956
93.977524
93.858277
95.046035
93.762971
93.716379
93.286250
94.073741
94.102049
94.099842
94.161596
93.377189
94.539351
93.988921
93.758086
94.855034
93.443089
93.847307
92.725108
94.021127
94.041499
93.951725
94.297926
94.027885
94.557673
94.426300
94.231404
94.970386
94.263908
94.482393
94.133884
94.411228
94.821195
95.041860
94.354618
94.680690
94.450228
94.137509
94.018830
95.235471
94.155074
94.572327
94.194738
93.987082
94.005156
95.112781
94.048953
94.536753
94.421713
94.100699
94.017173
95.218230
94.220727
94.376357
94.811012
94.521753
94.018988
95.147917
93.967984
94.517615
94.535386
94.132427
94.018680
95.027978
93.690902
93.611705
93.254404
94.089115
94.081723
94.042470
94.139993
93.495243
94.734131
94.222440
94.005296
94.944739
94.002643
94.024157
92.724317
94.040088
94.073527
93.939259
94.698629
94.909455
94.488263
94.787154
94.674234
95.012803
94.397496
94.858392
94.618994
94.490640
94.401841
94.678919
94.463680
94.519200
94.509777
94.405270
94.331523
95.133449
94.451599
94.552509
94.659299
94.358598
94.166487
95.194305
94.523151
94.541192
94.732473
94.214491
94.115826
95.236475
94.133486
94.736630
94.844801
94.609317
94.109683
95.644703
94.147735
94.374416
94.813668
94.607048
94.386187
95.174045
93.919027
93.856816
93.946888
94.350111
94.208359
94.400881
94.423092
94.008950
94.869499
94.066715
93.887623
95.240270
93.645600
93.606980
93.300742
94.590671
94.583488
94.581581
94.785494
94.833935
94.638789
94.120405
94.359595
95.363301
94.534534
95.050275
94.864006
94.609112
94.966616
95.466389
94.556779
94.765922
95.221219
94.789873
94.683366
95.680957
94.766144
94.886502
95.302967
94.834692
94.820661
95.695272
94.782575
94.821162
95.109348
94.814814
94.718116
95.717358
94.972657
94.879094
95.062094
94.812589
94.718396
95.625860
94.705311
94.797869
95.039108
95.160227
95.169839
96.047892
95.051009
94.705834
94.684465
94.810718
94.607074
95.091318
94.922176
94.815325
95.430464
94.848274
94.718289
95.530280
94.391403
94.889175
93.992102
95.021091
95.050322
95.419466
95.191994
94.919285
95.337308
95.422053
95.278675
95.794386
95.212055
95.312544
95.056799
95.261469
95.213356
95.738706
95.228179
95.388268
95.118245
95.222669
95.084286
95.644654
95.294174
95.324901
95.334467
95.086932
95.048919
95.914197
94.998838
95.450660
95.305843
95.397533
95.329046
96.325669
95.073506
95.338754
95.400148
95.443102
95.470517
95.895341
95.413937
95.022086
95.332656
95.108984
95.090086
95.987058
95.441548
95.407176
94.637563
95.901895
95.379334
95.789908
94.775037
94.557233
95.538864
95.151520
95.330376
95.870620
95.113035
95.281501
94.404267
95.328495
95.309051
95.296765
95.489908
95.566981
95.569213
95.964793
95.994175
96.566362
96.002551
95.606291
95.625232
95.640544
95.688246
96.236018
95.835107
96.210283
95.656039
96.095370
95.506705
96.524488
95.705962
95.820763
95.680067
95.775527
95.543637
95.641035
95.625101
95.660356
95.508716
95.476506
95.343309
95.925304
95.431450
95.600509
95.523027
95.540544
95.580914
96.613673
95.758620
95.762574
95.815095
95.691384
95.589106
96.422557
95.423194
95.355305
94.510705
95.213786
95.249831
96.042543
95.524829
94.348051
95.696731
95.357734
95.308457
95.703795
95.524380
95.536559
94.216093
95.586673
95.099283
95.494552
94.786845
94.920995
95.263108
95.363666
95.380490
95.835396
95.370778
95.499103
95.110524
95.345422
95.343466
95.780646
95.526563
95.551884
95.377851
95.888840
95.836094
96.274215
95.582961
95.255194
95.703902
95.632261
95.519121
95.474685
95.445519
95.485502
95.111586
95.282444
95.352908
95.909890
95.472066
95.528766
95.503179
95.772442
95.704961
96.188878
95.654508
95.452071
95.407643
94.945673
95.288387
95.648413
95.135053
95.149950
94.334863
95.056945
95.090066
95.268259
95.033977
94.420195
95.639610
95.822475
95.716358
96.176878
95.628661
95.192789
94.276448
94.701986
94.729600
94.183364
94.752242
94.898416
94.778822
94.961128
94.857027
95.343090
94.847607
94.987058
94.925059
95.431346
95.362874
95.842067
95.222201
95.452020
95.143890
95.401952
95.319139
95.800504
95.315397
95.268260
94.854638
95.153518
95.112108
95.557957
95.085425
95.207298
94.634496
94.771496
94.551907
95.508587
94.979959
94.945079
94.364157
94.963778
94.684857
95.446219
94.522461
94.697887
94.476740
94.905825
94.923025
95.893861
94.963262
94.975233
93.842489
94.522830
94.410607
94.867717
94.477261
93.703471
94.939527
94.968773
94.849583
95.327551
94.828582
94.886991
93.643170
94.560517
94.674708
95.043002
94.828326
95.308020
94.578387
95.143849
95.136587
95.718276
95.201609
95.298862
94.929172
95.280882
95.311821
95.843817
95.291040
95.439384
94.706973
95.426201
95.199163
95.713373
95.208673
95.379172
94.640882
94.838303
94.804802
95.763729
94.858798
95.358425
94.803506
95.327564
95.316390
95.924142
95.414301
95.521696
94.830632
95.297826
95.254120
95.725742
95.268514
95.519410
94.654037
95.228712
95.142297
96.221276
95.091959
95.202061
94.132226
94.745528
94.902661
95.397556
94.911468
93.962718
94.806246
94.943623
94.331755
95.241252
94.460709
94.630876
93.397059
94.777369
94.604919
94.732240
94.646415
94.808747
94.396709
95.358377
95.594804
96.192318
95.467114
95.039086
94.705202
94.598206
94.536338
94.921183
94.410210
94.634051
94.285376
94.561101
94.575609
95.068950
94.583285
94.730443
94.694694
94.894171
94.883809
95.365905
94.699522
94.869658
94.491818
95.458227
95.224183
96.112165
94.743255
94.717228
94.648755
94.809698
94.906074
95.211985
95.142774
95.312522
94.370582
94.766755
94.625462
95.617491
94.189507
94.832802
94.160476
95.627897
95.252072
95.235765
94.628813
94.263222
94.847818
95.015964
94.665137
95.782409
94.730543
95.435822
94.296066
95.834267
95.398891
95.678380
94.939395
94.747790
95.031643
94.982734
94.827901
95.198000
94.720258
94.683767
94.466969
94.653123
94.614887
95.117223
94.394200
94.466701
94.213084
95.265061
95.306762
95.755848
94.367258
94.311975
94.500737
94.096356
94.427251
94.615060
94.778287
94.880195
94.724557
95.049253
95.198304
95.647445
95.335520
95.582946
95.462322
96.272628
96.190663
96.429130
95.637922
95.720320
95.374569
95.521931
95.408096
95.667857
95.114273
95.328900
94.271572
94.667158
94.655429
95.201438
94.949164
94.053510
94.946742
95.444672
94.841403
95.549309
94.045512
93.804484
93.724544
94.526589
94.591558
94.830387
94.961079
95.249873
94.670542
95.416061
95.457416
95.833070
95.299601
95.490974
95.080160
95.840972
95.860307
96.253254
94.911914
95.249640
95.073298
94.574929
95.031565
95.337816
95.033914
95.253045
95.009194
95.124563
95.054217
95.567517
95.170691
95.340571
95.336159
96.186794
96.170141
96.378924
96.170164
96.329430
95.525914
95.420309
94.860356
96.420738
94.857931
95.413417
95.510738
95.699872
95.565612
95.921524
95.531139
95.808308
94.897311
95.568621
95.523225
95.350858
95.192431
94.512675
95.778770
96.164411
96.053399
96.395248
95.069194
95.326918
94.902264
95.185116
95.109195
95.196149
95.335151
95.405818
95.325161
95.461827
95.370536
95.914988
95.448784
95.685599
95.660656
96.530348
96.518811
96.806175
96.605962
96.632082
96.124908
96.284354
95.769789
96.772713
95.889120
95.976384
96.221470
96.192054
96.113583
96.375452
96.041314
96.166634
95.985357
96.158676
95.988075
96.339875
96.023168
96.139844
95.998803
96.167281
95.904934
96.702584
95.968235
96.105598
95.709741
96.268713
95.979585
96.543915
96.831625
96.735132
94.900421
95.754131
95.651432
96.264461
96.001666
95.263895
96.195680
96.694578
96.126583
96.212412
95.450975
95.011076
94.975637
94.798862
95.572105
94.769707
94.435762
94.528683
94.364791
94.406258
94.767747
95.559918
94.867672
94.497870
94.582973
95.220566
95.225322
95.545340
95.213395
95.238934
94.743514
94.285615
94.251235
95.380087
94.288989
94.452848
94.601596
95.258761
94.681985
94.998385
95.523911
94.824521
94.640281
94.452939
94.376224
94.845947
95.106057
94.986311
93.300392
93.136828
93.017648
94.031243
93.936765
93.914253
94.527934
94.485723
94.044049
95.211956
93.892030
93.858569
93.319205
93.845061
94.639614
93.873146
93.878481
93.637226
96.028772
95.329392
95.339071
95.048245
94.770283
94.690190
94.487050
94.714310
94.651138
94.692908
94.943439
95.001584
95.427581
95.182564
94.956998
95.462165
95.135803
95.253584
96.117624
95.323807
95.229191
95.838160
95.340506
95.520764
95.931479
95.438745
95.392545
95.997274
95.366354
95.357707
95.699639
95.396279
95.384878
95.924762
95.375342
95.398069
95.760083
95.391138
95.320516
95.485770
95.236951
95.197683
95.533830
95.200567
95.174724
95.941359
95.510580
95.383956
95.325673
95.140982
95.278074
95.873565
95.718502
96.056347
94.777095
95.715694
95.721169
95.587463
95.699301
94.976614
95.886287
95.338719
95.139931
94.801877
94.410750
94.471656
94.385628
94.507594
94.536267
94.614162
94.888103
94.832172
95.360954
94.986297
95.040420
95.323205
95.129783
95.099291
95.557814
95.209927
95.186472
95.796909
95.331440
95.295741
95.683083
95.440798
95.413876
96.210340
95.395701
95.376138
95.746824
95.373772
95.337238
96.302578
95.431894
95.409914
95.792291
95.325757
95.346837
95.925499
95.266748
95.331030
95.724502
95.427457
95.304051
95.940714
95.525695
95.934964
95.591471
95.613136
95.889870
96.103175
95.822882
95.829268
95.014458
95.397104
94.978316
95.776932
95.038120
94.915686
95.784173
95.036144
94.974397
94.432644
94.404958
94.291557
94.347621
94.638266
94.594686
94.571378
94.852824
94.941167
95.283758
95.086918
95.044767
95.317940
95.210908
95.237272
95.581983
95.352544
95.570241
96.423059
95.568372
96.662272
95.570728
95.290430
95.301056
95.867597
95.446536
95.773077
96.074374
95.775559
95.865988
96.195020
95.429527
95.505012
96.062077
95.667391
95.731222
96.192320
95.530409
95.667243
95.919639
95.429189
95.605284
95.944470
96.394773
96.358304
95.518554
95.646865
95.917804
96.071666
95.770664
95.804061
95.013494
95.130360
95.093189
95.432531
95.359287
94.938804
95.828418
95.303993
94.971885
94.648311
94.337236
94.904167
94.565264
94.875590
94.651313
94.597835
94.829362
94.943497
95.238039
95.038301
94.997612
95.210635
95.020738
95.124655
95.453981
95.192717
95.210187
95.917754
95.718886
95.352486
95.730128
95.641047
95.603177
96.718121
95.834175
95.867054
95.822169
95.370747
95.414565
95.890819
95.393148
95.708496
95.947806
95.623354
95.570232
96.100399
95.478385
95.645745
95.710335
95.434336
95.513336
95.972136
96.002471
95.972443
95.624135
95.676578
96.043014
96.130138
96.068974
95.427688
95.030489
95.390952
95.540090
96.498028
95.574654
94.942392
95.821671
95.268103
95.010724
94.666508
94.345472
94.299689
94.247088
94.635101
94.626715
94.610973
95.034670
95.084951
95.471548
95.146275
95.064631
95.695142
95.056928
95.070740
95.565035
95.709305
95.377166
95.828898
95.338007
95.424900
95.777987
95.396206
95.549383
95.933944
95.328598
95.317727
95.760642
95.310053
95.384375
95.923768
95.311815
95.350824
95.683118
95.329417
95.354772
95.944620
95.458408
95.558338
95.657887
95.286959
95.644896
95.951020
95.753101
95.681009
95.603118
95.660020
95.819416
96.030404
95.827095
95.790367
95.037475
95.418717
95.060825
95.825964
95.017373
94.943334
95.824533
95.111364
95.056368
94.422241
94.268302
94.336144
94.442421
94.503793
94.493084
94.562063
94.690027
94.683752
95.011620
94.904545
94.873593
95.315450
94.881748
94.893057
94.682932
95.194957
95.433189
95.747683
95.801779
96.706800
94.930378
96.062767
96.138785
96.576331
95.913867
96.157231
95.862078
96.173945
96.079098
96.998729
95.981390
96.489208
96.134141
96.723428
96.417570
96.892647
96.564301
96.150544
96.452931
96.207288
96.715354
97.278076
96.583248
96.580564
96.365439
96.064260
96.762425
97.139591
96.486008
96.493063
96.113102
96.459123
96.443470
96.799722
96.415418
96.201412
96.443550
96.885563
96.779829
96.938325
96.431431
96.350418
95.968897
96.620562
96.658053
96.218632
96.718579
96.726850
96.221307
96.402687
95.935318
96.513482
95.579660
95.962683
96.219574
96.295976
96.433797
96.217732
96.435388
96.337085
95.993767
96.510435
96.447211
96.620429
97.680626
96.470060
96.208906
96.333734
96.263729
97.058361
96.840877
96.949899
96.749790
96.447917
95.971909
96.678166
96.050704
96.519486
96.396888
97.236737
96.408080
97.234841
96.391355
96.277064
96.698023
96.167337
96.423228
97.276180
97.333110
96.422520
95.978875
96.086786
96.047379
96.381292
96.010914
96.007158
96.350763
97.119413
96.838044
97.174177
96.203930
95.900527
96.220536
96.097151
95.943502
95.968285
96.685977
96.202511
95.929390
95.877025
95.909840
96.191357
96.118958
95.940057
96.040034
96.370333
96.442621
96.605260
96.461134
96.374146
96.353652
96.734194
96.745543
96.984486
96.859484
96.827917
96.445797
96.007447
95.896302
96.746558
95.767548
96.034559
96.369305
96.491322
96.582558
96.660138
96.765547
96.863531
96.312755
96.102965
96.149309
96.998817
95.926589
96.238645
96.460953
96.428035
96.734618
96.597362
96.504087
96.057217
96.009756
96.784778
96.373927
97.054053
96.473466
96.057741
96.458520
96.498651
96.748904
96.800507
96.249541
96.283378
95.856609
96.385127
96.745445
96.659408
96.464132
96.774183
96.356381
96.395632
96.124570
96.899305
95.893731
96.461429
96.322212
96.541645
96.486247
96.732618
96.552517
96.826844
96.383857
96.832318
96.039393
96.974652
96.217412
96.279307
96.490665
96.253673
96.546967
96.627948
96.548617
96.624028
96.335157
96.522232
96.450508
96.781955
96.516065
96.486213
96.348140
96.556545
96.394850
96.909210
96.440057
96.475073
96.311271
96.473221
96.372905
96.913681
96.372659
96.476040
95.915019
96.477967
96.442207
96.787146
96.375933
96.070241
96.623817
96.783832
96.798256
96.892169
96.243092
96.370097
95.896356
95.951862
95.800717
95.891240
96.115359
95.927212
96.140132
96.026853
95.989826
96.308170
96.089928
96.153542
96.341379
96.480975
96.523391
96.734551
96.541628
96.609500
96.452014
96.936741
96.833125
96.981519
96.921864
96.918362
96.558478
95.978186
96.136637
96.441345
96.086153
96.120877
96.070242
96.054911
96.067118
96.338320
96.193171
96.489840
96.193845
96.670911
96.373360
96.667004
96.477303
96.495837
96.295551
97.061492
96.917646
97.072686
96.842158
96.541091
95.896504
95.918618
95.959453
96.018849
95.929367
95.653892
96.706328
96.958144
97.022745
97.057477
96.708146
96.354756
95.833939
95.953098
96.233543
96.433267
96.049181
95.744650
95.936243
95.911869
95.838668
96.141753
95.952127
95.980803
96.068053
96.389943
96.339882
96.560890
96.385775
96.391366
96.253388
96.711966
96.756178
96.906693
96.782800
96.727494
96.439545
96.339485
96.164287
96.634816
95.839592
96.145906
96.231732
96.152309
96.301613
96.257176
95.849728
96.017642
96.040317
96.041197
96.036688
96.338106
96.084957
96.099413
96.324435
96.728324
96.752756
96.998619
96.751886
96.756840
96.064501
97.038200
96.422265
96.988466
96.175942
96.174372
96.243274
95.651616
95.590764
95.760413
95.408192
95.342027
95.288597
95.422708
95.913453
95.518710
96.365614
96.271365
96.109042
96.429638
96.318528
96.669594
96.593395
96.471868
96.497898
97.037964
97.010517
97.111493
96.848379
96.611461
96.622847
95.976833
95.897651
96.041224
95.675787
95.745695
95.969379
95.687393
95.651630
95.951535
95.680974
95.714914
96.131288
95.972003
96.347868
96.260475
96.480491
96.479273
96.481752
96.969250
97.023778
97.099133
96.482377
96.291185
96.525952
95.927908
95.875862
96.004191
95.644536
95.660488
95.656961
96.361098
96.309357
96.173828
96.352949
95.747987
96.658551
96.552379
96.509847
96.866693
96.392137
96.740444
95.915507
96.656341
96.711813
96.610412
96.385782
96.369529
96.467058
96.072093
96.109803
96.349869
96.009561
95.998659
96.208538
95.892867
96.045203
96.339478
96.060777
96.043930
96.296653
96.469784
96.415674
96.717163
96.509583
96.461529
96.575281
96.722209
96.871169
97.046954
96.882737
96.856480
96.562378
96.259333
96.272152
96.771750
95.794461
96.089792
96.306620
96.543029
96.419182
96.710485
96.452357
96.417841
96.380881
96.798387
96.790597
96.988248
96.791254
96.815712
96.118407
96.255212
96.405224
96.458784
96.496810
95.957749
96.716004
96.506108
96.453672
96.648057
96.315835
96.339257
95.738390
96.332033
96.350380
96.245201
96.409527
96.386516
96.339769
96.835075
96.772556
96.964703
96.885400
96.950977
96.566867
96.343962
96.191955
96.734382
96.115040
96.409066
96.779683
96.676615
96.541544
96.742851
96.557391
96.552687
96.311137
95.725499
95.630231
95.601683
92.626205
92.691122
93.171744
92.928735
92.899020
92.496536
92.563896
92.559856
92.597452
92.589100
92.604291
92.608604
92.553579
92.598628
92.613410
92.686681
92.735541
92.849388
92.708315
92.961256
92.435401
93.194868
93.198334
93.134762
93.186287
92.536411
94.417667
93.873791
93.600160
92.967476
92.855421
92.829280
92.500213
92.993957
92.957359
93.002872
93.168931
93.198233
93.301676
93.420942
93.433969
93.473026
93.448697
93.525273
93.700693
93.734677
93.796759
93.777544
93.726191
93.804468
93.823391
93.912557
93.862975
94.071540
93.822984
93.863524
93.819074
93.909184
93.878993
94.061224
93.839379
93.910561
93.824886
93.909110
94.077940
94.057445
94.064507
94.085528
93.898049
94.169578
94.209432
94.157342
94.138583
94.152238
93.737585
94.203186
94.232074
94.368502
94.150501
94.222663
93.511380
94.134285
94.147413
94.086935
94.168437
93.357214
94.308710
93.714208
93.410309
92.855258
92.725488
92.698746
92.256933
92.864052
92.837982
92.854686
93.052558
93.107636
93.176695
93.297406
93.309242
93.361428
93.334887
93.356337
93.487087
93.657039
93.641566
93.725242
93.635328
93.668772
93.767375
93.846369
93.718220
93.976459
93.794921
93.813050
93.675273
93.860018
93.821914
94.119414
93.784007
93.810059
93.680916
93.848002
93.881123
94.035144
93.984149
94.039296
93.815225
94.070656
94.202797
94.128164
94.110709
94.098107
93.732982
94.121829
94.115627
94.245825
94.029509
94.056871
93.318713
94.061624
94.025319
93.996684
93.963059
93.277073
94.238619
93.650393
93.447411
92.781722
92.704664
92.659611
92.239983
92.708073
92.777367
92.640812
92.921260
92.949878
93.064405
93.163512
93.155403
93.191144
93.229705
93.227025
93.343381
93.502272
93.440227
93.438559
93.548582
93.552143
93.567547
93.727982
93.683359
93.909536
93.680142
93.698339
93.652370
93.777872
93.783628
93.936460
93.677133
93.767965
93.608015
93.704131
93.885170
93.916678
93.919892
93.978792
93.714667
94.025762
94.113989
94.071035
93.965800
93.988042
93.631356
94.060565
94.020146
94.212876
93.915144
93.911520
93.299286
93.917627
93.938004
93.916489
93.865329
93.277181
94.340119
93.667338
93.435834
92.840664
92.692913
92.634198
92.301795
92.750334
92.809573
92.736070
92.971810
92.972622
93.122592
93.209681
93.181660
93.232494
93.270572
93.254168
93.443450
93.531220
93.501850
93.444815
93.543750
93.540484
93.688943
93.694754
93.692660
93.915965
93.657726
93.638833
93.732928
93.756737
93.773737
93.912054
93.709204
93.788516
93.685341
93.773421
93.863405
93.980029
93.946717
93.967475
93.768069
94.029305
94.091519
94.062944
94.059137
94.027866
93.718549
94.045210
94.074429
94.284853
93.971543
94.008669
93.339903
93.986827
94.021669
93.986559
93.988151
93.350592
94.442245
93.766896
93.542752
92.951680
92.759008
92.753133
92.524152
92.900097
92.873893
92.872983
93.025055
93.092936
93.213609
93.307331
93.306271
93.302070
93.388854
93.439864
93.591827
93.616358
93.583688
93.550704
93.592599
93.602096
93.783639
93.840420
93.791591
93.971248
93.780144
93.813795
93.881237
93.860576
93.876453
94.032153
93.936413
94.069727
94.136079
93.987289
94.028103
94.058433
94.139604
94.190305
94.164607
94.207888
94.269454
94.172222
94.201989
94.256982
94.138459
94.233389
94.207875
94.496312
94.132928
94.130887
93.664327
94.094672
94.132238
94.055126
94.120871
93.667358
94.534480
93.941417
93.787138
93.061611
93.063181
92.950146
92.733118
92.994684
92.985817
93.011803
93.029657
93.023545
92.886317
93.009188
92.959708
94.811722
94.810664
94.850103
95.028444
95.346577
95.365011
96.102393
95.715456
95.712897
95.836550
95.858311
95.818293
95.958840
95.972758
95.936581
96.182967
95.934332
95.921276
96.021829
95.905526
95.957829
96.132086
95.976739
95.988502
96.119433
96.004766
96.019630
96.127083
96.050111
96.081595
96.402696
96.014570
96.228538
96.133111
96.043496
96.148965
96.478789
96.091207
96.127059
95.807854
96.197921
96.158700
96.064644
96.179571
95.843620
96.152292
95.788579
95.682702
95.293128
95.221951
95.186314
95.139285
95.395279
95.349651
95.382895
95.699529
95.734385
95.940474
95.860046
95.859531
96.047681
95.963869
96.074882
96.134872
96.150189
96.097831
96.669257
96.126878
96.158545
96.330041
96.164570
96.220179
96.414047
96.144095
96.091395
96.261041
96.152467
96.137385
96.439408
96.175650
96.168383
96.313606
96.204056
96.114387
96.536737
96.171613
96.204649
96.342560
96.287103
96.221583
96.775596
96.219663
96.245932
96.333933
96.225804
96.129029
96.781730
96.058971
96.166212
95.948181
96.154155
96.146424
96.300853
96.193714
95.942522
96.281477
95.893793
95.799617
95.616916
95.339612
95.336042
95.289688
95.527434
95.466188
95.483036
95.699590
95.780756
95.972850
95.868906
95.848579
96.071856
95.900367
96.017783
96.183500
96.112433
96.133076
96.740886
96.245510
96.199209
96.414238
96.160838
96.154191
96.470678
96.135060
96.204408
96.295347
96.214590
96.174063
96.803066
96.191288
96.232046
96.414233
96.227717
96.214270
96.564586
96.178824
96.220135
96.403272
96.200497
96.267037
96.711279
96.150681
96.167950
96.303225
96.136204
96.047045
96.758724
96.012563
95.987721
95.955509
96.204496
96.206344
96.253662
96.252095
95.988948
96.387930
95.993733
95.884438
95.677907
95.354980
95.376014
95.428703
95.633966
95.557633
95.600241
95.771451
95.776759
96.002735
95.899675
95.829034
96.125873
95.949756
95.942489
96.175608
96.140223
96.137537
96.700435
96.213921
96.234333
96.372149
96.153498
96.146779
96.480928
96.096993
96.112388
96.368524
96.136269
96.180922
96.514843
96.311823
96.281694
96.379604
96.135900
96.270816
96.553422
96.257197
96.224993
96.347698
96.279359
96.188474
96.533445
96.206447
96.214950
96.304378
96.189871
96.085041
96.775616
96.113677
96.217936
95.858838
96.293102
96.223519
96.240354
96.185114
95.891827
96.101550
95.906455
95.744050
95.520578
95.287468
95.280410
95.262222
95.408032
95.463264
95.458460
95.669917
95.701125
95.833481
95.797458
95.786306
95.958467
95.932792
96.116210
96.157172
96.160147
96.211033
96.846752
96.213405
96.226190
96.301712
96.177293
96.139177
96.418311
96.199458
96.209657
96.360810
96.273845
96.226708
96.462824
96.179181
96.204734
96.328501
96.171308
96.219133
96.501247
96.157817
96.138500
96.272900
96.221305
96.229282
96.502150
96.173822
96.138466
96.279062
96.175113
96.222281
96.716940
96.047051
96.141935
95.938984
96.224258
96.188374
96.210216
96.192154
95.930961
96.277441
95.854410
95.724079
95.382341
95.262805
95.204848
95.256154
95.440283
95.427952
95.366826
95.760197
95.668742
95.869587
95.969377
95.911319
96.066290
96.055064
96.000973
96.078238
96.096605
96.109968
96.607096
96.065483
96.078084
96.288981
96.102624
96.219302
96.428408
96.243535
96.111474
96.365356
96.217079
96.147620
96.436729
96.144488
96.187279
96.304226
96.171038
96.106860
96.513759
96.155868
96.142339
96.339321
96.196301
96.193306
96.496668
96.088248
96.167471
96.292201
96.082455
96.124328
96.737198
96.081092
96.175509
95.874512
96.184810
96.219806
96.177815
96.240202
95.939615
96.248245
95.808647
95.747134
95.190438
95.143194
95.179781
95.199842
95.318246
95.388671
95.377145
95.628328
95.650182
95.830418
95.771109
95.766041
95.944615
95.900531
95.934589
96.099932
95.982790
96.046910
96.369361
96.069936
96.103043
96.247049
96.186053
96.214793
96.661770
96.100737
96.165106
96.448225
96.199218
96.259989
96.442677
96.211850
96.070268
96.308434
96.082800
96.090644
96.243900
96.075354
96.140341
96.208800
96.230630
96.130534
96.714979
96.021112
96.233727
96.221127
96.201198
96.252373
96.483291
96.181700
96.212531
95.869558
96.117979
96.172197
96.158370
96.136667
95.875349
96.439906
96.022528
95.890167
95.428365
95.392662
95.386068
95.344332
95.513843
95.498714
95.523513
95.722566
95.741582
95.973003
95.894407
95.892596
96.128052
95.932688
96.029243
96.182123
96.167643
96.196975
96.679113
96.218960
96.160824
96.268348
96.189816
96.145428
96.477596
96.141134
96.167938
96.314429
96.253172
96.244894
96.783402
96.238632
96.180074
96.285185
96.170944
96.182694
96.487992
96.099439
96.173607
96.188303
96.115411
96.125140
96.459433
96.107878
96.030105
96.179234
96.106619
96.083212
96.729471
95.921822
96.173756
95.808049
96.114701
96.152827
96.173150
96.145496
95.817342
96.334948
96.007153
95.850815
95.398663
95.329980
95.221771
95.320725
95.437905
95.474348
95.448626
95.636341
95.678898
95.923204
95.838218
95.875097
95.999558
95.958252
95.978244
96.085132
96.020982
96.098103
96.360110
96.091635
96.103144
96.258143
96.210089
96.162377
96.751611
96.258582
96.193797
96.405164
96.147727
96.226334
96.491917
96.238211
96.129891
96.245646
96.134455
96.050434
96.464792
96.025767
96.128833
96.216511
96.152909
96.159879
96.729146
96.063986
96.094151
96.172569
96.150119
96.137470
96.731074
95.917912
96.106948
95.679862
96.082348
96.093001
96.116139
96.174741
95.763764
96.349224
96.000120
95.806578
95.390323
95.151267
95.137414
94.970196
95.393951
95.383088
95.353569
95.626072
95.606727
95.878890
95.809698
95.875320
95.997677
95.876903
95.942549
96.109447
96.104042
96.215365
96.661782
96.163286
96.187354
96.277812
96.192229
96.117317
96.418825
96.179049
96.161356
96.328439
96.133179
96.091999
96.426214
96.143393
96.162632
96.272329
96.186640
96.154027
96.428729
96.146807
96.130144
96.311459
96.137807
96.192062
96.471620
96.090272
96.018112
96.179606
96.021877
96.167390
96.206480
96.118299
96.172653
95.737917
96.114725
95.899750
96.147312
95.833056
95.592456
96.213700
95.820793
95.726607
95.294644
95.148222
95.010130
95.018724
95.380226
95.358881
95.348512
95.578696
95.625666
95.858355
95.782870
95.861613
96.036348
95.969007
96.024837
96.089566
96.126807
96.081849
96.424852
96.153657
96.125474
96.335472
96.231114
96.242078
96.763522
96.227323
96.246396
96.455808
96.197855
96.224303
96.465684
96.195418
96.067989
96.232647
96.041266
96.047165
96.207200
96.069542
96.116874
96.154501
96.217078
96.100461
96.758124
95.998052
96.054339
96.210439
96.115431
96.259802
96.452127
96.144955
96.068854
95.682918
96.146482
96.102714
96.015252
96.043752
95.644212
96.301424
95.925786
95.828393
95.536251
95.271798
95.652495
95.200947
95.570521
95.529044
95.503540
95.848707
95.839712
95.779232
95.778276
95.770779
95.918591
95.838574
95.845408
95.967400
96.098513
96.066861
96.692540
96.240710
96.369826
96.186985
96.181063
96.091400
96.446717
96.356850
96.337801
96.080614
95.996625
96.035005
96.619307
96.160055
96.177482
96.287102
96.102363
95.976168
96.329698
96.032921
96.031379
96.232650
96.119531
96.142717
96.425449
95.932047
95.946472
95.963684
95.995834
95.927357
96.432530
95.856821
95.995166
95.598962
96.083278
96.082687
96.124611
96.122969
95.694704
96.173384
95.879688
95.802347
95.333180
95.167157
95.152645
95.069654
95.338015
95.248542
95.313208
95.548341
95.512781
95.842779
95.675892
95.755811
96.007178
95.984099
95.980697
96.049948
95.992944
95.997748
96.338796
96.121707
96.092614
96.196403
96.141793
96.131873
96.647854
96.098090
96.111450
96.322629
96.126355
96.242582
96.482214
96.125227
96.147553
96.406226
96.111798
96.085600
96.216201
96.055358
96.159494
96.197885
96.142886
96.168122
96.696633
95.979318
96.067141
96.118729
96.112714
96.102844
96.474556
96.003441
96.157093
95.683216
96.098329
96.063180
96.017248
96.102425
95.731422
96.327009
95.868419
95.795077
95.321379
95.189644
95.157181
95.081790
95.289155
95.263668
95.240025
95.500349
95.553043
95.702487
95.731461
95.776317
95.957848
95.848110
95.756737
95.873032
96.091646
95.958878
96.356329
96.062373
96.042440
96.187576
96.246002
96.161784
96.719962
96.174169
96.219031
96.329970
96.120628
96.167967
96.399144
96.083782
96.104796
96.217588
96.102565
96.142822
96.489206
96.090631
96.108401
96.285817
96.158429
96.163336
96.403819
95.964344
96.130525
96.163871
96.119401
96.040569
96.703396
95.858674
95.800497
95.756751
96.177355
96.080041
96.082965
96.136687
95.772903
96.433787
96.057151
95.929507
95.663100
95.353925
95.345484
95.259811
95.471142
95.467388
95.489100
95.610570
95.670706
95.886675
95.771747
95.709292
95.949672
95.851597
95.886717
96.065229
96.012002
96.007502
96.299655
95.993859
96.058716
96.190749
96.138819
96.164665
96.617852
96.087249
96.053118
96.204833
96.052442
96.075932
96.120451
95.986364
96.025374
96.041022
95.989131
95.950896
96.362674
95.952621
95.998016
96.019233
95.934372
96.006862
96.350774
95.912811
95.925642
95.976070
95.995346
95.927747
96.652874
95.728482
95.907854
95.599663
96.111445
96.087883
95.970940
96.042554
95.596633
96.285533
95.947240
95.745084
95.511202
95.280903
95.167703
95.025482
95.409211
95.380750
95.310248
95.584334
95.603037
95.822499
95.817866
95.782213
95.995098
95.827506
95.877966
96.075640
96.172923
96.132036
96.701989
96.208970
96.256992
96.266794
96.152432
96.156836
96.463933
96.071429
96.066607
96.105916
96.184197
96.051546
96.527990
96.214242
96.169395
96.252456
96.177542
96.160066
96.524737
96.120190
96.102322
96.099396
96.076156
96.152752
96.523108
96.074957
96.078265
96.025191
96.086146
96.080492
96.453179
96.017166
96.191933
95.674753
96.151590
96.267752
96.281666
96.248862
95.902759
96.240214
95.827447
95.682221
95.511937
95.270826
95.291735
95.162800
95.433673
95.524123
95.506699
95.753951
95.731959
96.034958
95.973856
95.985464
96.199115
95.974711
96.014684
96.208207
96.245127
96.137505
96.746884
96.303388
96.269348
96.206417
96.024397
96.109548
96.459354
96.106548
96.161266
96.399326
96.218828
96.147167
96.493254
96.142504
96.123236
96.157693
96.113306
96.104860
96.226864
96.160576
96.096473
96.086421
96.207720
96.195017
96.501420
96.137940
96.148812
96.056334
96.064022
96.197529
96.533722
96.220840
96.285532
95.694015
96.239775
96.238148
96.155681
96.094818
95.723791
96.338599
95.880246
95.530702
95.241464
95.069431
94.999496
94.851988
95.205149
95.200943
95.122083
95.333208
95.384886
95.699688
95.698754
95.733169
95.886023
95.820734
95.736391
95.761866
95.959977
95.883851
96.280777
95.982466
96.052071
96.006781
95.933711
95.920280
96.324638
95.900652
95.955689
95.891592
95.832599
95.772310
95.898333
95.784883
95.827934
95.684889
95.640189
95.728155
96.217849
95.816308
95.910111
95.707824
95.863523
95.715503
96.412792
95.604441
95.698588
95.573856
95.651151
95.461544
96.001630
95.225387
95.374282
94.940120
95.568160
95.396938
95.372523
95.501034
94.835265
95.722127
95.378852
95.168408
94.960881
94.683629
94.652053
94.188991
94.681923
94.698876
94.687278
94.907616
95.024300
95.074196
95.213292
95.175071
95.470851
95.209461
95.284549
95.290375
95.470193
95.468461
95.846203
95.560159
95.590735
95.527564
95.509339
95.565239
95.963665
95.506688
95.495503
95.358200
95.435974
95.369280
95.665821
95.330994
95.515920
95.379510
95.511607
95.423233
95.956675
95.462428
95.441592
95.371794
95.603285
95.596970
96.030560
95.549078
95.413643
95.314580
95.524582
95.540121
95.992165
95.405273
95.584184
94.962817
95.651266
95.564279
95.609774
95.515622
95.042931
95.586484
95.065558
94.865086
94.666272
94.394877
94.366803
94.135543
94.503235
94.450954
94.456931
94.681081
94.818312
95.013434
95.145739
95.066379
95.433695
95.170640
95.251053
95.152388
95.384845
95.371077
95.803653
95.414470
95.455928
95.368508
95.517914
95.468532
95.893670
95.539041
95.603807
95.516671
95.391684
95.564085
95.629237
95.429044
95.511153
95.378229
95.344635
95.416235
95.584331
95.431138
95.457543
95.280193
95.353674
95.250507
95.537849
95.282929
95.589468
95.259193
95.542509
95.352884
96.205075
95.308114
95.474327
94.799592
95.465253
95.394950
95.333907
95.423120
94.924809
95.480998
94.924261
94.723514
94.483391
94.261589
94.230016
93.835695
94.337926
94.363556
94.326373
94.514772
94.568920
94.749190
95.028275
95.011533
95.381400
95.008128
95.083730
95.071828
95.292103
95.291177
95.765300
95.326516
95.312879
95.295780
95.459888
95.415759
95.794974
95.473380
95.444148
95.387721
95.378055
95.234395
95.517178
95.363489
95.437010
95.202997
95.444415
95.286919
95.866049
95.349633
95.448519
95.353947
95.494339
95.289776
95.925806
95.157278
95.191222
95.167531
95.485672
95.423380
95.808515
95.248923
95.228958
94.748423
95.288355
95.304216
95.209774
95.383544
94.767455
95.397781
94.761905
94.643420
94.278152
94.085515
94.039713
93.701789
94.169735
94.217216
94.194991
94.439703
94.541728
94.689113
94.934398
94.912545
95.308070
95.049911
95.029013
94.948456
95.306796
95.341144
95.819598
95.324591
95.479187
95.195539
95.398113
95.348763
95.553516
95.379500
95.494790
95.202454
95.265918
95.415158
95.402706
95.169116
95.137335
95.000966
95.404509
95.266464
95.333464
95.052309
95.061865
94.895843
95.135769
95.245827
95.383142
95.187957
94.950340
94.720964
95.149161
95.200699
95.373101
95.028986
95.195610
94.300527
94.994721
94.995468
94.879742
95.126027
94.409405
95.124050
94.457568
94.370817
94.197911
93.906688
93.926223
93.356630
94.014512
94.019163
93.899091
94.161808
94.311533
94.378787
94.801275
94.782733
95.037338
94.768122
94.752542
94.580056
95.096599
95.052884
95.552299
95.044226
94.873744
94.841314
94.909463
94.994894
95.222582
95.194996
95.203169
94.868559
95.033347
94.984790
95.626919
94.999129
95.245955
94.897532
95.065075
95.040451
95.350914
95.026264
95.003704
94.779270
95.382572
95.429582
95.730119
95.133571
95.066104
94.689557
95.394566
86.779750
86.624882
86.580917
86.973570
84.736160
87.493115
87.731922
87.402390
87.733985
88.052164
