94.177639
93.409847
94.380188
93.160041
94.605153
93.360350
94.921407
93.573919
94.931921
93.433771
94.934046
93.805991
95.483623
93.629605
95.421491
93.399713
95.492542
94.019587
95.625136
93.754553
96.106924
93.371203
95.012825
94.103030
96.162162
93.717350
95.331280
93.732309
95.546537
94.174663
96.026133
93.640952
95.793811
93.718143
95.235010
93.783470
96.291937
93.919602
95.652799
93.352077
95.361689
94.217188
95.983698
93.708874
95.960854
93.713860
95.509306
93.968524
96.035522
94.071974
95.754532
93.848856
95.590254
94.133482
95.816065
93.626755
95.847283
95.545077
93.987927
96.165910
96.734578
93.876252
96.094001
93.625810
95.611143
93.690941
96.461902
93.721215
95.522609
93.657134
95.185368
93.760982
96.175903
94.170662
95.679879
93.259694
95.865432
94.195919
96.162965
93.847513
95.979341
94.423346
95.837566
93.255185
95.822979
94.353619
95.012750
92.938354
95.777503
94.495756
95.825505
93.910085
96.157286
93.318985
95.886330
93.699650
96.978666
93.561690
96.230555
93.584728
96.230124
94.271798
95.393037
94.666572
96.714970
92.891213
95.055778
94.826070
96.577701
92.005893
95.828530
93.892993
96.827484
93.838458
93.250621
93.798681
96.349288
95.524798
92.894075
97.644363
96.598969
94.070090
96.559495
93.896682
94.323463
95.031673
96.245146
91.159379
95.992276
93.741661
95.288523
93.492985
94.990555
94.075802
95.092752
94.033928
95.659264
93.267169
95.142186
93.404260
95.343564
92.240319
95.458451
92.852148
95.238706
92.925376
94.865324
92.992224
94.489514
93.113161
95.926373
93.022642
94.262123
92.172018
94.082556
93.269228
95.220518
92.600977
94.116605
92.057189
93.871894
92.488296
94.768243
92.094665
94.661972
92.405729
94.505636
92.341971
94.682533
93.361684
94.742056
92.734086
94.483161
93.365067
95.550868
91.885326
94.569182
95.844747
92.794110
94.883694
97.745214
93.658500
96.284389
93.249006
96.106478
94.616964
95.120082
94.308152
95.991037
94.978745
96.098525
94.460912
97.898933
93.182740
97.987957
95.015682
96.377920
96.070883
96.083054
95.438898
97.360711
93.701740
97.187019
95.703630
99.153041
92.195151
92.921142
91.598270
95.692872
93.598937
94.629348
94.691128
95.769273
94.846491
95.851550
95.085029
96.648963
95.870480
96.558781
96.204178
96.753121
96.146064
96.416538
96.722837
97.745760
95.690524
96.729094
97.145036
97.320651
96.603318
97.431235
96.191432
97.992126
95.914145
96.446245
96.480727
97.271282
97.054582
96.812653
97.449683
99.025338
97.159813
98.132307
96.966397
97.839774
97.489368
98.853040
96.227271
98.451165
96.698624
97.718653
97.426157
99.889656
96.416923
97.881071
96.736361
97.374698
97.541198
98.902621
96.366934
98.451826
97.361931
97.612451
97.280403
99.326876
97.459912
98.667759
95.953302
97.973511
98.536266
99.471999
95.657811
98.892724
98.078378
98.578611
97.080067
99.882287
98.106592
98.663432
97.173880
99.386082
97.600139
99.124957
96.881282
99.238303
97.618488
97.304231
95.533929
99.863819
96.329813
97.971782
95.860653
98.950211
95.313986
94.209365
97.259461
98.882295
98.282244
97.683042
96.746869
99.549526
98.164052
99.922009
96.368398
99.055411
98.374571
96.281671
97.339479
99.254845
97.584384
98.461448
97.823323
99.682290
98.319381
98.607331
96.806189
99.363613
97.317176
97.857357
98.339602
98.983240
96.544608
99.488498
97.141710
98.608551
97.332459
98.484838
97.373165
99.015312
95.132956
92.125785
95.851187
98.625724
95.892316
97.633658
97.388246
97.153348
96.095829
98.247615
96.057966
98.912485
97.585073
95.379240
94.534480
98.986295
96.433303
97.894374
97.993342
98.448640
96.852774
98.449692
97.372777
98.562371
97.118823
97.376753
97.316233
98.138387
97.992162
96.773964
96.941280
94.476097
93.862843
99.057471
94.511617
96.683602
96.131843
98.462822
95.765667
97.859965
95.510260
97.633977
97.225490
97.286593
94.759636
98.065272
97.216650
97.759832
96.613280
98.920297
96.604081
98.005841
97.233392
98.508030
96.320076
96.186866
96.140334
98.860782
96.047079
97.945809
97.098720
99.225075
96.772825
98.085477
96.065454
98.659222
97.557367
97.059041
96.404398
98.345410
97.545932
98.142192
97.081989
97.878679
97.211410
98.093940
96.664349
98.117050
97.056769
98.563729
96.766508
98.782724
97.514542
98.330725
97.190547
97.144243
96.247400
98.290055
98.117912
96.392441
97.113088
93.048884
95.231621
97.984710
96.365509
96.972228
97.007133
94.588552
96.210690
97.942590
97.101153
97.766302
97.430916
97.077165
96.128410
98.097280
95.366238
97.836287
96.184685
95.835674
95.757338
98.869775
96.271363
96.910453
97.258467
95.454839
94.414710
98.173102
94.606302
97.790815
95.810762
96.249926
93.966011
97.980111
95.307854
97.708131
96.165166
97.007275
93.376794
98.228105
94.485664
98.331360
96.851725
92.311575
96.482990
98.500427
95.709988
96.669756
96.927182
97.330383
95.861799
97.908762
94.976260
97.843271
95.893594
99.284901
95.863704
97.908176
97.928596
96.397606
95.557376
99.476188
95.468448
97.954733
96.708524
98.140356
97.124240
94.475510
96.621913
98.316672
96.876042
96.700701
96.844311
93.493261
94.961394
97.580447
95.691229
97.227527
95.692265
96.460703
93.083876
98.216602
94.616015
98.663957
96.943202
95.297255
93.490909
98.398865
95.710782
97.870782
95.765556
97.807210
95.708970
97.751130
96.314201
98.241835
96.635810
97.693020
96.306301
98.191501
96.879479
98.058151
97.025472
98.037826
96.512751
97.936413
96.337519
97.581581
96.486311
97.108240
96.254784
98.929778
97.107780
98.180996
97.339346
96.650863
96.003182
97.863668
97.370596
96.864705
98.620904
98.960297
96.856170
98.408890
96.836684
97.901771
97.283379
98.272648
97.085095
98.439095
97.228007
98.015938
97.610428
98.254591
97.000294
97.773095
97.336119
98.091598
96.906601
98.757717
97.208405
98.152880
97.481239
97.911190
97.752571
97.261309
96.891604
98.086321
97.199919
97.927963
97.568310
97.804962
97.202313
98.106977
96.826089
98.108290
97.412750
97.645926
97.312097
98.246895
97.055651
98.074553
97.408469
97.892974
97.046358
98.320682
96.995759
97.921998
97.772381
97.754865
96.886317
98.405485
97.031074
98.217172
97.456639
97.489055
96.663549
98.150406
98.334344
96.998138
97.566153
98.072372
97.072583
98.891611
96.997331
98.316382
97.690506
97.889370
97.103324
98.149120
97.297344
97.932179
97.173716
97.907584
97.676571
98.257558
97.093148
98.233504
97.353984
98.056268
97.276416
98.104058
97.033149
97.998305
97.304466
98.096300
97.090090
98.388063
97.536650
98.231743
97.502849
98.376739
97.244655
98.166168
97.473525
97.953940
97.262469
98.383653
96.816993
98.591990
97.532373
98.032111
97.368160
98.359700
97.078159
98.292608
96.910213
98.355512
97.266007
98.191918
96.557638
98.412414
96.699860
98.121937
96.776811
97.366287
96.948071
98.028359
98.042330
97.028561
97.196371
98.284996
97.685224
98.858041
97.213865
98.291118
97.604861
98.338169
97.378992
98.322065
97.281500
98.363558
97.093289
97.913960
97.268805
98.511514
96.793618
98.271237
97.339777
98.393609
97.227307
97.977832
97.037254
98.032513
97.155939
97.877176
96.957280
98.751590
96.896292
98.404106
97.110467
98.088765
97.222655
98.154842
96.959641
98.217761
96.941297
97.368751
96.429657
98.603321
96.972896
97.671636
97.168218
96.545844
96.930296
98.792847
97.390589
98.391758
97.325222
96.758927
96.608248
98.501715
96.501929
97.953047
97.187889
96.592527
96.616354
98.058769
98.394130
96.775782
96.614733
98.854503
97.571418
98.347500
97.381025
98.701936
97.782179
98.235979
96.829714
98.155646
97.006831
97.834673
97.023132
98.720870
97.241844
98.440788
96.669823
98.442100
96.605694
97.276882
97.343452
98.123739
96.617003
98.165630
96.903809
97.183537
96.688890
97.944123
97.357056
98.001177
97.198627
95.814754
96.254422
98.412816
96.114765
98.088008
97.069575
97.033793
96.341619
98.313702
96.321452
97.928839
97.389289
97.392123
96.876282
97.907095
96.998430
98.030066
97.160911
98.060645
96.900667
98.435080
97.440295
98.349593
97.218101
97.152353
97.174448
98.304780
98.106984
97.387058
97.624854
98.207104
97.755982
98.584840
97.199844
98.428253
97.258885
98.606860
97.456617
98.271879
96.619277
98.304041
97.736916
99.460327
97.121895
98.265441
97.100788
98.440111
97.268596
97.539782
97.414946
97.745542
96.504597
98.324255
96.806100
97.331649
97.185494
98.280571
97.049532
97.906153
97.499339
97.995080
96.886235
98.083414
96.946439
98.077090
97.024620
98.246400
97.394850
98.261617
96.872191
98.201124
97.264279
97.848475
96.769203
98.393768
96.811401
97.971462
97.123455
97.732916
97.163879
98.492301
96.659148
98.230151
97.345811
97.415641
96.476691
98.303547
98.414608
97.247906
97.321815
98.498557
97.168548
98.715681
97.319368
98.477488
97.535890
98.079220
97.352626
98.287763
96.953574
98.083112
97.474930
97.992665
97.175007
98.375929
97.391115
98.118394
97.411780
97.895447
97.048834
98.021240
96.985230
97.952089
97.113300
98.060795
96.701533
98.696313
96.725089
97.820741
96.868779
97.662960
97.027735
98.189363
96.538004
98.283500
96.350115
96.413466
96.900479
98.200996
96.220791
98.228549
95.895215
96.573981
94.075469
98.227963
96.854325
98.035073
96.485868
98.244870
94.886976
98.139847
96.775887
97.549448
96.529980
95.862237
96.414190
97.495180
97.690306
95.680659
99.109537
96.953304
97.034406
98.329843
97.181555
98.106494
96.830300
97.211860
97.041330
98.010267
96.095248
98.210900
97.141143
97.286966
96.656788
98.008485
96.540386
97.998980
97.019977
97.701500
97.365813
98.086978
96.514948
97.737569
97.024368
98.101707
97.338729
98.482288
96.836804
98.464866
97.084996
96.988364
95.849843
98.708193
96.326195
98.272013
97.143852
97.915115
96.293427
98.517182
97.008971
98.076318
96.696419
97.371603
97.704359
98.389244
97.105055
98.291516
97.592423
96.687905
96.746948
98.529588
97.133806
98.351946
96.975913
96.679543
96.923190
98.017145
98.059962
97.044832
96.879849
98.354696
96.919795
98.298828
96.863358
98.171727
97.225202
97.051876
96.454327
98.167279
96.322928
97.990518
97.060254
97.513675
96.207967
98.180640
96.802825
97.734825
97.060402
97.062528
97.014710
98.210474
96.671976
98.268155
96.854790
96.519183
96.364264
98.227181
96.383689
98.412924
96.665444
96.996926
95.868683
96.885991
94.620758
97.084563
99.583153
94.018054
98.692606
99.740376
95.983880
99.268374
97.157802
97.397925
99.015396
99.568473
97.013866
98.394890
99.665664
99.844461
98.022773
99.378035
99.208824
98.680901
99.509824
100.000000
98.062588
99.645620
99.165586
99.335848
100.000000
100.000000
99.633451
100.000000
99.644933
100.000000
99.623309
100.000000
100.000000
100.000000
98.527375
100.000000
99.548241
98.046617
98.873045
100.000000
99.395848
99.840518
98.599340
100.000000
98.844215
99.509122
99.994478
99.492851
98.487953
100.000000
97.910287
99.796103
99.769434
100.000000
99.474826
97.982506
98.828882
100.000000
98.740626
99.686517
99.827321
100.000000
99.481663
100.000000
99.800983
100.000000
99.858500
100.000000
99.516143
100.000000
99.580181
100.000000
99.206184
98.919476
99.671056
100.000000
99.391824
100.000000
99.731512
100.000000
99.143030
99.971638
99.768584
99.234023
97.581376
98.860930
99.867359
99.664681
99.264499
100.000000
99.439434
96.221574
98.844576
100.000000
99.564044
100.000000
99.958975
99.777387
100.000000
100.000000
99.936128
100.000000
100.000000
99.202637
99.241873
100.000000
100.000000
100.000000
99.594058
99.850306
100.000000
100.000000
99.582168
100.000000
99.620626
99.363451
100.000000
100.000000
99.522649
100.000000
100.000000
99.917869
99.774982
100.000000
99.837309
100.000000
99.348776
98.974384
99.877650
99.929896
99.277372
99.892547
99.366643
97.868836
99.173371
99.834531
99.640713
99.591749
99.018942
97.123860
98.965951
99.481258
99.816627
99.226609
99.368043
98.640476
99.538885
99.930783
99.181497
99.776269
99.625118
99.421001
99.180159
99.813944
99.166026
99.810779
99.115999
99.574883
99.103045
99.578218
98.954519
99.581581
99.204488
98.004806
98.876276
99.793912
99.037682
99.581225
99.173399
98.929977
98.652441
99.562951
98.783275
99.408716
98.787069
97.840338
98.595621
99.397652
98.877588
99.552457
98.917576
98.869088
99.132700
99.699619
98.665868
99.523488
98.991360
98.856979
99.076498
99.654371
98.929174
99.765093
98.800054
98.753462
98.952334
99.529688
98.498925
99.452067
98.530700
98.381234
98.801648
99.481069
99.748473
98.789580
98.390238
98.883097
98.379196
99.310561
98.362886
99.209241
98.551113
98.964745
98.232052
99.227492
98.217113
99.028570
98.552248
98.731153
98.371974
99.036221
98.140559
99.089044
98.284780
98.736631
98.431340
99.057644
98.052137
99.097978
97.760938
97.966381
98.759051
99.362423
98.348841
99.517288
98.062533
97.012272
98.106136
99.530369
98.432491
99.290223
98.499244
100.000000
98.737256
98.844899
97.911723
100.000000
98.762009
98.039169
96.135890
98.776089
97.617555
97.735611
95.881243
97.444403
96.921266
97.729746
97.323151
97.514042
95.591500
97.055515
99.190537
98.333984
97.906894
98.621218
98.642008
99.779396
100.000000
99.205720
98.049358
100.000000
99.081889
97.558505
98.567359
100.000000
98.302916
98.973836
99.434455
100.000000
98.928949
99.775331
99.330946
99.033347
99.161731
99.646423
98.201622
99.853681
98.057132
98.887901
99.014093
98.568580
98.612482
99.165720
97.779243
99.116738
98.357350
97.399380
97.353031
99.085749
97.129398
97.632412
98.877526
98.907461
97.365054
97.616803
97.297633
98.041873
96.994533
97.670573
98.012900
97.773090
97.316954
97.396883
97.089774
98.228443
97.846282
97.836690
96.858729
97.246425
98.022231
97.920296
97.625276
98.237140
98.028866
97.981293
98.302487
99.868925
97.524090
98.773885
97.196330
97.882440
97.470117
98.365828
97.811982
98.166760
98.050393
98.027692
98.602565
99.270728
98.734802
98.487432
98.060412
97.953104
97.670110
98.597527
97.362970
98.426501
97.081100
98.302811
97.256798
98.850193
96.994545
98.034980
96.965218
98.212071
97.445684
98.929685
97.181857
98.680527
97.343368
97.962368
97.340713
98.643122
97.382124
98.257037
97.555904
98.172107
97.386066
98.760822
97.567010
98.691048
97.107568
98.555678
97.610747
98.724488
97.456307
97.679168
96.824915
97.558235
97.798311
98.042875
97.162989
97.507474
98.235284
97.087799
98.508741
99.284786
98.112824
99.087363
98.052441
98.344775
96.639454
100.000000
95.569686
99.719208
95.952461
99.060394
98.159933
99.780617
96.009275
97.665640
96.390478
99.266187
98.621238
95.749430
96.706995
100.000000
95.395981
97.784908
99.446219
100.000000
96.637380
98.529934
98.086040
100.000000
97.011918
95.381260
95.058416
99.877377
98.069772
98.572970
94.099769
95.204686
100.000000
99.644664
95.865738
98.087047
100.000000
99.851756
98.374495
99.373614
97.046984
100.000000
98.366155
99.016070
97.727280
98.986523
96.260605
99.825102
97.412872
94.949633
95.165827
99.611340
100.000000
96.068588
93.849118
100.000000
98.231441
99.198081
96.304420
99.774461
98.135742
94.867397
97.410814
99.367705
95.982596
97.928000
98.446079
93.665770
93.998370
98.588788
96.306175
98.158916
94.568441
95.898360
96.837618
98.885429
94.857299
97.875027
96.225352
95.325026
95.969325
97.683435
96.210091
98.074763
95.496040
94.604656
97.125521
97.747317
96.045004
97.406782
97.496361
98.920270
96.457400
98.826589
98.523361
99.048949
97.257666
98.085101
95.935711
98.146912
96.423876
98.412184
96.666479
96.250579
95.131602
98.350433
96.143112
97.798916
95.813833
95.876543
96.704032
97.436415
97.493113
95.536847
95.387087
93.895806
96.652111
98.589776
95.551137
98.410618
96.642237
94.421757
95.174831
98.691598
96.149482
99.070146
97.315598
97.461652
96.731711
98.467446
95.723058
98.548499
96.733556
95.446051
94.624917
99.221261
94.562486
98.318459
96.765927
98.319957
95.123066
98.093833
96.867920
98.625303
96.619881
96.165042
96.371980
98.754029
96.804439
98.631531
96.277625
96.402457
96.530317
98.915662
97.326403
97.789209
96.208776
98.861443
97.053579
98.752987
97.386779
98.795733
98.358630
98.739096
96.275669
98.403915
98.076883
97.726396
95.448335
94.555667
96.343637
97.855472
96.397607
96.568002
99.979228
95.435963
94.697902
97.224870
94.724967
97.244813
96.314944
96.427838
94.835756
97.133662
95.384265
96.700376
95.669917
95.883875
96.043567
97.175730
96.455717
97.450409
95.281163
96.388536
94.352125
98.118482
95.742975
97.679305
95.756867
98.030585
94.422575
97.946760
94.005679
96.919328
94.601447
93.983898
94.562329
97.893983
94.831898
97.898034
93.594477
94.168636
94.084045
97.330981
95.801099
96.813599
96.345685
95.348533
95.410866
98.164859
95.280986
97.431183
95.798266
97.558337
94.132546
98.428722
94.537741
96.462439
95.628636
96.446791
93.569571
96.374263
95.995563
93.974017
91.968302
95.756823
94.812228
96.887090
93.746443
97.072608
94.520688
94.785349
94.557013
97.266537
94.620058
96.647744
95.109401
97.001687
92.897504
97.840057
95.164816
97.926351
96.736168
96.225202
93.364219
97.968778
94.781677
97.706282
93.838898
98.326336
91.998309
97.004064
92.708815
95.338189
95.680425
94.790457
95.324361
98.005439
95.210154
96.993591
96.437117
97.371067
96.579449
98.345969
96.387570
98.894805
97.177664
97.315394
94.650597
99.245013
95.641680
99.006854
97.565424
98.339318
96.772898
99.637074
98.607266
99.221865
97.674460
97.541678
97.711235
99.823292
98.388499
96.659866
97.384350
98.031786
96.705495
98.439024
96.713714
98.662719
96.951608
97.401462
96.442104
98.265153
97.463238
98.348676
96.918556
98.795993
96.229526
98.712208
96.720708
97.659588
96.921207
97.236289
95.216738
99.065441
95.923658
98.019449
95.631960
97.208205
94.576050
98.211886
94.109933
98.054602
96.156189
96.353462
95.591676
97.885668
96.558059
97.681668
96.835867
95.367331
95.893240
98.404879
95.484696
98.340769
96.359299
96.100498
96.264399
97.771796
96.303635
97.419482
96.806786
98.617877
96.351664
98.366940
97.416624
98.960228
97.640561
98.028706
97.478177
98.890121
99.277654
98.118373
97.324682
98.771422
97.781720
99.327480
97.517818
98.807234
98.258751
97.996302
97.264938
98.745326
98.306687
98.881272
97.664629
99.025832
97.324905
98.736153
97.339889
98.524647
98.129897
97.222527
97.645386
99.045046
98.269172
99.313230
97.854044
97.828677
97.609837
98.337461
97.263277
98.083001
98.089729
100.000000
97.158812
99.386379
98.262181
98.957600
97.481961
99.642845
97.228530
99.110097
97.533999
99.299698
97.719066
98.313252
97.410904
98.569089
97.237366
98.693611
97.808463
98.155193
96.851537
98.774051
97.282316
98.552842
97.655056
98.696945
97.458533
99.169282
98.465018
97.429181
97.992832
98.134500
97.154963
99.273076
97.673719
99.196830
97.924727
96.721260
96.584042
98.852512
97.224608
98.492183
98.670498
98.797923
97.588726
98.558547
97.611806
99.404852
98.017358
97.679176
97.429190
98.537546
97.620535
98.077921
97.073857
97.663208
97.507724
98.654183
97.284844
98.398180
97.242305
99.035438
97.476469
98.974547
97.463954
98.086378
96.744041
98.088408
96.997873
98.461637
96.896417
98.298609
97.359730
97.593620
97.316023
98.757361
97.786125
99.082167
98.248926
97.077950
97.309642
99.714165
97.820931
99.328776
98.102399
97.740193
96.460083
99.561448
97.821019
97.676730
98.499336
96.312629
96.751098
98.688190
95.708476
97.451214
95.724086
96.661283
94.213691
98.420569
96.310699
97.342492
95.388018
96.411896
95.758874
97.917820
95.243668
97.146663
96.999314
97.927605
94.720424
97.642591
96.115895
98.459535
96.168284
97.916595
94.205779
97.774490
96.021449
97.296526
96.266002
97.008265
96.208122
97.906760
96.199795
98.297442
96.696241
96.903169
96.032720
98.489227
95.232890
98.260325
96.146646
96.179368
95.885675
97.986675
96.332371
97.967233
95.764743
99.190999
95.480286
98.191255
96.288382
97.486286
95.930003
95.032326
95.934539
98.253023
98.606498
97.656262
96.504675
98.846613
96.074286
98.678604
97.146663
98.996075
96.780176
97.882750
95.673188
98.497614
95.876895
98.136041
96.264357
99.559460
96.165719
98.805086
96.281460
99.378132
98.091320
97.478315
96.114851
98.935635
96.140916
99.833098
97.084758
96.941517
96.363273
99.369477
96.853402
98.329360
97.296746
99.045053
96.467108
99.004472
97.581780
99.025353
97.789532
99.623729
96.124044
98.921879
96.827934
98.772079
97.745413
99.140765
96.382061
99.694141
96.376444
97.508103
96.285172
97.544834
94.396424
98.426445
95.845489
97.754104
94.643856
95.368206
93.670374
96.084321
96.838087
94.644630
94.607165
95.074698
92.704442
96.373230
95.270082
96.434872
94.505039
95.555988
92.809529
95.977162
93.930605
96.922459
94.212833
95.236095
94.174152
96.609229
94.733869
96.440712
95.916524
96.168244
95.632314
97.603419
95.498875
97.054593
95.936013
96.902913
96.126212
98.663033
96.251692
98.605390
97.830445
96.448079
95.063964
98.817159
96.045720
98.892511
97.317941
97.624976
96.743338
98.972451
97.149962
98.593416
97.252131
98.838720
96.578642
98.958678
97.663285
98.861603
97.527621
96.385538
96.072989
99.295836
96.626629
99.360604
96.112498
97.695522
95.096524
99.302542
98.349986
96.574066
96.316097
96.275188
94.835444
98.722191
94.981311
97.700201
96.326230
95.499480
95.944409
97.961252
94.732859
98.535783
96.467298
96.817827
94.035804
98.371656
95.116113
96.866964
95.784202
95.432468
93.336501
96.172775
93.249191
95.481020
94.067795
95.050556
93.958710
96.712453
93.849005
96.060885
94.072522
96.155459
94.488844
97.325359
95.770211
96.960799
95.863197
96.010023
94.104233
98.187557
95.446168
97.437610
96.363790
95.536728
92.840457
97.279641
94.598585
96.750786
95.742601
96.021640
96.367437
97.507337
95.769287
97.152647
96.359487
97.087968
95.530907
97.991584
98.631242
95.951840
95.425230
98.815045
95.894501
98.944315
96.831025
98.470255
97.148958
97.356284
94.242249
99.202786
93.910583
96.639324
95.628208
97.185506
91.309562
96.694859
92.352890
95.276073
91.005377
95.553994
92.776677
96.098624
92.267144
96.084240
93.353320
94.678158
92.475266
96.128806
93.722226
95.912164
93.708730
96.469192
93.831320
97.354284
94.048933
96.811552
94.187154
97.239954
93.830305
97.916284
96.027550
97.408094
95.390434
96.530745
94.621513
97.852078
94.583003
97.639448
95.367563
97.550889
95.855413
97.398437
93.954418
97.554074
94.829763
96.560449
94.463104
97.248386
97.573995
94.205098
97.711724
98.365630
96.310637
98.362150
97.287281
98.972991
96.691570
98.262350
96.746869
98.727803
97.080719
98.743938
96.931843
97.706647
96.815300
99.458283
96.930215
99.441308
98.134015
99.238293
97.094646
100.000000
96.244049
98.947205
97.879646
99.130456
95.857961
99.477954
95.493924
98.901627
97.668333
96.566455
95.208610
99.141795
96.679510
98.752283
97.341680
97.562187
95.163650
97.950823
94.990752
97.800663
96.158532
96.999070
93.887831
97.921742
95.386827
98.074236
95.575908
96.654627
95.024348
99.710869
95.942157
98.844557
97.648125
97.693474
97.262126
98.837205
98.733122
97.262557
97.532372
98.631172
95.936639
99.033424
97.303715
98.421209
96.968180
97.315619
96.796196
97.924225
96.911295
97.863167
96.893362
97.396259
95.899677
99.504634
96.750612
99.136558
97.783377
98.796128
96.320512
100.000000
98.626409
100.000000
99.025091
99.855172
98.403732
100.000000
98.999681
100.000000
99.280650
100.000000
98.113421
100.000000
98.283174
100.000000
99.549925
100.000000
98.180902
100.000000
98.404108
100.000000
97.493498
98.397661
96.405217
99.697055
96.225762
98.792744
98.041169
98.431822
95.915864
100.000000
96.126264
100.000000
97.193839
98.706472
95.712469
99.290747
98.097024
95.988095
98.751556
96.913090
94.491564
97.748079
94.806315
96.611955
96.656067
96.646125
95.114667
98.373251
95.400884
97.977421
96.050173
97.834214
94.787676
97.893646
95.075194
97.719229
95.033669
98.166494
95.523346
97.762010
96.810023
97.752271
95.378049
96.711888
95.663266
96.917687
95.366065
97.515288
95.520229
97.670591
94.166759
97.265053
95.959118
97.000527
95.602190
98.603566
95.987775
98.131172
97.615647
98.657946
97.252512
98.417120
96.492229
98.760251
96.921086
98.291815
97.724115
95.483871
95.927832
99.331642
95.804555
99.111889
96.205675
94.549531
95.666375
98.094360
98.500006
97.711530
95.799469
96.151651
97.513472
98.907423
96.403377
97.456094
99.947960
96.391098
96.912077
100.000000
100.000000
100.000000
98.960390
99.655172
96.968941
100.000000
96.814185
99.165153
99.742200
97.621955
91.486751
95.709318
92.648874
97.098812
94.319986
89.109715
93.551031
96.780187
95.279267
96.592583
93.633425
94.072554
95.059431
97.555230
93.834469
95.352946
95.661175
91.781404
95.881596
97.609572
96.683775
96.856633
94.138031
95.101645
94.002219
97.087355
94.823630
97.435649
95.510120
92.616978
95.460119
97.677274
95.955777
97.295700
95.643560
97.259646
96.359600
98.122419
98.468227
95.273688
96.990920
96.229777
97.936192
97.792011
98.090727
97.737739
98.392000
97.353110
97.301764
98.711494
96.259370
98.814356
96.946585
97.957663
94.977196
99.290921
96.713655
97.288184
96.403120
97.866384
95.155950
98.643728
96.241968
97.165902
96.741117
99.023065
95.854753
98.448188
95.871102
98.821475
96.689241
94.493268
94.490008
98.636503
95.694129
97.985542
96.670415
93.773664
97.051423
99.799564
97.003327
99.376751
97.026620
95.344001
96.520536
99.188557
96.895149
97.040195
97.346928
100.000000
96.189003
98.733819
97.834849
99.428009
97.872588
100.000000
98.557027
99.584928
100.000000
99.440179
100.000000
98.968109
94.584605
100.000000
98.274126
99.925925
97.670334
97.586976
97.863275
100.000000
99.015170
99.139940
95.308867
98.704383
98.744819
100.000000
95.528633
97.477462
99.286227
100.000000
93.663299
99.665326
98.944916
98.464897
98.384660
97.566136
95.007570
100.000000
96.995303
96.897358
97.295525
100.000000
94.122558
99.028561
96.817565
97.496616
94.727947
96.882589
95.497981
96.423246
95.899870
96.720004
97.105869
96.158690
97.246393
98.310876
98.135266
99.514654
99.178483
97.176651
98.245186
99.359187
97.212798
99.250124
97.174660
99.299708
96.725546
99.579391
100.000000
98.571088
97.207029
97.448708
97.276993
99.553374
98.180707
98.861130
97.660464
98.395038
97.239639
98.999971
96.507795
99.185037
97.314762
99.254149
96.677100
98.623650
96.572324
98.451543
98.058761
98.697057
96.087205
99.237831
96.339096
98.938466
96.608928
98.668087
94.200335
99.541694
95.653917
99.596406
98.373619
97.680758
95.133489
99.014948
96.279439
96.466206
93.630637
97.918480
95.349637
97.409023
94.565952
97.274293
94.570406
96.854490
94.424589
97.027279
91.112125
96.812842
95.533413
96.682107
95.625497
98.945940
96.565425
98.163429
94.855545
96.769540
95.818654
97.705840
98.067526
95.095636
94.035617
94.699570
95.197780
97.096911
95.418800
97.247399
96.198393
97.942815
96.270643
97.729962
96.019715
97.866421
96.585800
97.616137
96.055086
97.685843
97.537468
97.460397
97.375167
95.708728
97.548141
99.122311
98.295658
98.994193
98.642266
98.196941
98.597524
99.905453
99.555789
99.801032
99.783944
99.944731
98.476173
100.000000
100.000000
100.000000
99.052108
99.291454
97.399712
100.000000
98.532496
99.775848
98.798028
96.062391
97.555357
100.000000
98.236172
100.000000
98.581993
97.773368
97.386757
99.580162
98.620529
99.032095
99.868650
96.584236
96.697810
100.000000
99.062391
97.210258
96.974499
99.318972
96.445905
100.000000
97.947990
99.037742
96.192058
96.343359
96.396956
98.377816
96.240314
97.499297
97.001517
97.679317
96.089808
98.359906
95.610220
97.576335
96.827190
97.496480
95.819510
98.399683
95.585099
97.282756
93.963819
94.613989
93.738228
97.550707
93.942673
95.992650
93.981328
96.200593
94.133907
97.801243
96.035219
97.442128
95.640862
95.918841
93.349793
98.909433
96.221956
96.297170
95.455454
96.788669
90.423019
96.487717
94.741787
96.909022
93.159636
96.907753
92.723018
97.095485
92.741885
95.232354
94.688423
95.708484
93.040392
96.406552
96.733167
93.754646
94.460489
93.833983
89.145249
94.866793
90.334280
96.542968
90.813783
91.857255
89.366774
94.807739
89.837619
92.894180
89.956878
95.193483
87.814215
93.015400
89.349053
93.091416
88.073344
94.187926
88.159995
94.416849
88.493920
92.977710
90.704986
94.417354
93.079880
93.680183
90.716526
94.940774
92.610019
94.569309
92.758359
95.076175
93.266203
94.493185
92.073446
94.710043
92.631332
96.332386
93.626911
95.824980
93.409318
96.335620
92.045747
96.327947
92.681982
96.945695
88.994887
94.341950
91.122848
96.699854
92.738414
95.460968
93.396613
94.263765
93.580686
93.986318
93.054592
91.742766
93.209596
93.060912
93.844549
94.303682
93.948042
93.909586
93.777697
93.952440
95.481433
96.597127
95.667072
97.142180
95.633362
96.282538
96.710511
98.706047
95.798292
98.393015
98.075828
96.185915
95.966049
99.230398
96.810473
98.884170
97.845657
97.430148
96.190918
99.048487
96.937316
98.351802
97.489145
93.019320
96.782533
99.261773
97.228230
97.765077
97.200682
96.114808
96.863154
98.294574
96.364877
98.314474
97.519490
94.519342
95.575846
98.809859
97.544928
98.455113
97.088422
96.552846
95.826649
98.077214
96.941997
98.507289
96.442636
96.745911
96.069933
97.766940
98.420532
97.031690
93.147471
91.767519
95.890117
98.031331
95.567636
98.269732
96.393053
97.598940
96.413011
97.992272
95.470688
97.963686
95.950562
97.198465
95.291723
98.272832
95.969025
97.458137
96.718092
98.132769
95.460536
98.061380
95.888633
96.979821
95.657379
98.368190
95.991068
97.513342
95.938073
98.006686
96.158511
97.657510
96.382617
97.758312
96.341636
98.142018
97.283013
98.107626
96.836956
98.271833
97.231672
97.759053
97.401049
98.067134
96.778654
98.911036
97.085482
98.435845
97.033923
98.074925
96.327550
98.965824
95.778878
98.213061
97.542830
96.395748
95.712712
98.574119
97.620670
96.153430
97.583763
97.457545
92.993574
97.544339
95.794818
96.947088
95.448367
98.209969
93.949249
96.726768
95.373987
97.664056
94.077647
94.698948
94.156511
97.571657
93.533283
96.712544
94.988337
96.170856
91.230882
95.400642
94.132985
95.635319
92.950368
96.341259
94.258549
96.917643
94.154102
97.075394
94.631168
95.834894
94.238442
96.810508
94.378001
97.073199
95.556124
96.645360
94.242196
97.518778
94.324535
96.604503
95.460053
96.549449
93.075936
98.032483
94.877152
96.524892
96.341688
96.852121
95.378727
97.929198
95.387215
96.977831
95.874922
95.791434
94.505459
98.097598
96.345892
95.387608
96.740100
97.349301
94.907194
97.263304
95.283022
96.997214
95.447020
97.335561
93.883084
97.437162
94.573672
96.742673
95.363996
95.708745
93.760770
97.416266
94.495406
96.900813
95.463714
97.078777
94.050955
96.797202
95.030960
96.866755
95.549075
95.415789
94.303522
97.356475
94.530371
97.419299
96.014077
95.891921
92.635491
97.589801
94.524824
96.714187
95.074376
96.234487
92.622436
98.444008
95.756066
96.455881
94.708068
96.228840
94.607607
97.171797
94.539192
96.389555
95.054212
96.794135
94.854100
98.039898
94.390713
97.789544
96.683598
95.251769
93.328287
98.555226
97.123249
95.578786
95.840203
97.111358
94.638935
98.033073
95.965373
97.273919
95.999135
97.765149
94.764309
97.650416
95.839467
97.121610
96.358768
96.781346
96.764433
97.897908
96.607096
97.917557
96.854283
97.953794
95.961916
98.358047
97.394517
98.138020
97.171133
96.986416
95.961470
98.827442
96.797558
98.475465
97.198944
97.437806
96.325093
98.627720
95.030979
97.934955
96.785772
97.086157
93.835921
98.667065
96.123945
97.442742
94.445541
96.669634
94.038885
98.137735
93.740293
98.117626
95.661879
97.103650
94.166079
98.114171
94.885519
97.451838
95.529808
95.998558
95.108661
97.945239
97.106475
95.597883
96.867024
95.087696
92.814433
97.843014
93.079994
98.129470
93.158343
96.416268
92.144214
95.940308
91.927966
95.443847
94.188921
94.347506
91.783448
96.324412
93.960495
95.760057
93.284715
95.025407
93.008911
96.105505
92.062229
95.920576
93.170226
96.382923
93.311823
97.236370
94.950815
96.589742
94.388408
95.280879
95.112695
97.018779
95.780607
96.646858
95.804185
97.330493
93.820159
97.204646
95.403738
97.745744
96.413558
97.002758
94.239676
97.608827
95.556340
97.392634
95.398066
96.744938
92.466558
96.756882
94.667411
96.430490
93.648646
92.551408
93.803072
96.188364
96.710103
95.603869
94.884992
95.085896
91.847667
97.515988
93.476542
95.669311
93.515915
94.747586
92.764800
96.176352
93.931269
96.894362
94.823272
97.115097
94.457000
97.460582
96.054479
97.978546
96.761822
97.284886
96.435762
98.352385
95.536577
99.146064
96.787434
96.274787
94.544393
99.470591
95.394835
97.652007
95.903124
99.349408
96.810450
99.154105
96.679925
98.751307
97.374925
97.739384
96.090427
99.892354
96.029721
98.586120
95.475523
99.700111
95.788929
98.233726
95.578106
99.135168
96.913205
97.529077
95.660607
98.627712
95.977844
98.192406
96.316595
97.624869
93.988333
97.632793
95.726534
95.791566
98.022789
95.408002
90.939641
96.980552
91.918128
95.382207
92.826254
96.263565
91.317605
95.417662
92.262130
95.928064
91.953959
95.475269
92.893838
96.550986
93.739873
96.218839
94.082522
96.379815
93.195354
97.318184
93.301940
96.938585
94.005598
95.822472
94.923858
97.593630
94.717783
97.321794
95.421615
98.416402
95.049774
98.195633
94.730411
97.597197
94.722610
96.759893
95.041716
97.256074
94.776317
96.675914
94.064098
96.738631
94.315904
97.379578
94.391432
97.332185
94.436983
96.146768
95.416776
97.104758
93.848809
96.998097
94.074784
95.385013
94.323145
96.783168
95.781069
93.036388
94.591743
95.774701
94.865494
96.626106
94.047309
96.810022
93.155625
95.916888
92.918290
97.160766
94.293160
96.721838
94.307419
95.698913
92.241461
96.730354
92.677860
96.112938
92.865343
95.047690
92.308116
95.133315
92.413054
95.103292
91.843714
93.185429
92.030411
95.158360
91.217672
95.472310
92.701385
95.224979
93.935981
96.375924
93.864796
95.711636
93.426225
95.112910
92.131525
96.381807
93.113810
96.462790
93.789428
93.675138
92.220432
96.906861
93.194736
96.399209
93.704734
96.513495
93.927999
96.789984
94.604330
97.683397
94.701370
95.980393
94.571538
97.612204
97.395307
95.310826
97.286514
96.201039
93.049795
98.108831
93.856568
95.361808
92.606752
96.554309
93.218188
96.585059
93.467849
96.446650
93.182689
94.878653
91.890992
96.896699
93.820720
96.182813
94.858688
94.469609
94.757394
97.500112
94.493702
97.728587
95.691327
97.336146
94.499653
98.453940
96.093830
97.934531
95.305204
97.319472
94.253496
97.620245
95.570821
96.923080
92.931231
95.477920
93.832589
97.020159
94.113303
96.819560
94.066424
96.559541
95.913399
97.760624
95.318609
97.433690
94.961251
96.866724
95.446446
98.693826
95.523992
97.102894
95.858532
95.980992
94.609059
97.594774
97.467505
96.244980
100.000000
96.808839
95.392333
98.756494
96.003416
98.231427
97.130147
98.346025
95.704194
98.721440
95.238287
97.386042
96.970224
98.470825
96.435735
98.761486
96.032221
99.354083
97.714585
98.362655
95.643737
98.216291
96.835561
98.596323
95.424683
95.686965
95.977246
98.582029
96.564284
97.585800
97.090562
97.610984
96.527513
98.031638
95.738212
97.810368
96.845261
97.253894
96.604724
98.496969
97.732197
98.549339
96.704439
96.594843
97.081409
100.000000
97.379690
99.085410
97.257606
99.391756
96.874472
99.594086
99.030826
100.000000
97.602558
97.559261
96.453881
99.404040
100.000000
98.460377
97.501161
95.661822
95.927243
96.683432
95.222224
95.877597
95.446929
99.958389
95.449057
96.659492
94.607427
96.630106
94.676319
95.992994
94.850223
97.359677
94.454454
96.796692
95.061502
97.196397
94.803144
98.124678
94.830578
97.223641
95.342551
98.155564
95.318220
97.797685
96.569699
98.514564
95.608990
97.095046
95.870457
99.262950
96.830494
98.634352
98.252081
99.218638
97.273909
99.921147
96.950465
99.070457
98.623942
100.000000
95.994302
98.855603
96.801900
98.488501
97.134163
98.176951
97.262443
98.761264
97.568303
99.288289
97.290360
97.215434
95.697627
99.544221
99.328002
97.947268
96.855980
97.613019
94.996260
97.785646
95.375744
97.097088
95.936211
98.010793
96.904494
98.382299
95.846665
98.878454
96.890351
99.230094
95.064176
98.039934
95.668603
97.132912
96.006925
96.688734
94.650904
97.248567
95.477790
97.488381
95.278143
96.563192
94.973612
97.355000
97.374215
97.261838
96.396293
96.542249
94.495552
98.650757
95.314357
97.275698
95.225157
96.349221
94.397569
97.641311
97.255919
97.824137
95.170811
94.857144
95.174679
97.116559
94.868673
97.015951
94.568523
96.628728
94.955803
97.215068
95.337607
97.444528
95.335599
96.486579
95.030128
98.567695
97.448688
96.522465
95.639788
96.330131
94.888345
97.959549
95.174825
97.815081
98.653426
98.735012
94.785990
99.131880
97.848697
100.000000
98.668405
100.000000
96.468695
99.772888
97.026157
98.031299
96.248176
99.768832
94.851414
98.237205
95.344060
96.213393
95.447944
94.988221
94.850840
95.510479
93.356091
95.172165
94.561005
94.202517
93.461289
95.197024
93.457126
94.221901
93.174823
92.874717
92.165856
95.150337
93.016606
94.351593
92.899469
93.034141
92.407079
95.403508
93.441135
94.188195
93.361481
93.999652
93.253084
95.600596
94.844085
95.824910
93.609059
93.561619
94.297696
96.473517
96.539868
95.353060
97.508157
