95.603544
93.930715
93.774816
94.000723
93.068901
93.466470
93.920045
94.156611
94.106058
94.066032
94.081652
94.480804
95.281925
94.386946
94.320543
94.891928
94.442730
94.650922
95.425147
94.211210
94.528783
94.854800
94.193581
94.805114
96.072808
94.184161
94.502480
95.712984
94.811517
95.007055
95.775956
94.050731
94.187336
94.678486
94.322248
94.441083
95.774916
94.551601
93.879432
94.891647
94.129633
94.945850
95.687364
94.555578
94.894135
95.862342
94.687978
94.559377
95.741674
94.546602
94.025605
94.379331
93.990370
94.362974
94.529034
93.709352
93.818918
94.120837
93.892915
94.947319
97.083662
95.568892
95.560509
95.946687
94.708884
94.204042
95.425281
93.874240
93.936596
94.274207
94.367370
94.354124
95.746561
94.629201
94.207091
94.545934
94.727248
94.861763
95.850778
94.799475
94.785508
96.293632
94.965600
94.530623
95.789952
95.510661
93.949142
94.336174
95.510137
95.471642
95.475979
94.912212
95.006752
95.538535
95.502005
94.851279
96.914432
94.965533
95.445217
95.624446
95.030010
95.085414
95.404340
95.572500
95.652921
94.495030
94.469047
96.164890
96.194395
93.062830
94.001188
96.512582
95.287457
94.910365
92.581445
96.007799
95.179298
95.057581
93.104062
96.977252
96.428222
95.326271
95.135967
95.678087
93.633090
96.026125
94.812130
93.225264
95.673852
95.575852
95.114143
94.826549
94.639020
94.914089
94.079472
96.237981
94.733859
94.528364
95.079018
94.276169
94.075201
93.989730
94.917036
94.478558
94.974030
94.559423
94.297251
95.456304
93.552390
93.874975
95.905997
93.862750
93.446290
93.381522
93.264394
93.969142
94.698329
93.118992
92.798379
93.912884
93.097508
93.374565
94.542909
92.963979
93.268634
94.790379
93.435828
93.427683
94.510934
94.342751
93.443425
94.885893
92.811499
94.347315
94.893512
93.846404
93.813556
95.448073
93.839724
94.491451
97.609782
95.395766
93.706470
95.850938
94.657221
95.539841
93.782671
95.441433
94.480298
97.004979
94.853998
95.146686
97.696486
95.801389
97.705954
97.866581
95.752458
97.297623
96.073661
96.881530
96.766666
95.455753
96.947991
96.777827
98.258038
90.827243
91.203135
92.368486
93.324052
92.025533
92.092802
93.507138
93.170867
94.391858
93.823940
94.101346
95.321493
94.230669
93.867770
95.891177
95.029642
95.417270
95.082129
95.812004
96.064832
94.952920
95.072232
96.366750
95.613287
95.198125
95.125862
95.706297
95.689891
94.235341
93.668475
94.829922
95.409900
95.430292
95.519941
95.094203
97.346078
95.823379
95.236179
96.062679
94.777901
95.641768
96.053201
95.004352
95.292889
96.593978
95.038128
96.477400
99.033309
96.319359
95.118832
97.734947
96.074158
97.300204
98.071040
96.301648
96.665155
97.626438
95.542512
97.511098
98.729880
97.629928
97.414060
97.365489
97.013625
99.318937
99.137396
96.529684
97.579198
98.867673
97.393926
98.200018
99.700228
98.302216
97.389059
98.102627
98.784667
99.099309
99.229481
97.693865
97.712104
98.338941
94.325319
95.362765
99.674381
96.922081
94.917732
97.079133
98.058897
96.318141
93.345338
98.530250
98.705721
97.248640
98.121003
95.912421
98.277165
97.841840
97.987832
97.305449
96.875886
97.442163
94.791155
97.476692
98.510066
97.441569
97.369392
97.963291
98.925783
98.548768
97.305739
98.211151
98.638478
98.084734
97.666610
99.366659
98.054249
97.945121
98.826844
97.812494
98.546263
97.896401
97.309390
98.725681
98.176089
96.240581
92.008103
97.916097
98.026823
96.680846
96.556468
98.306631
97.162209
97.176898
96.932364
96.463992
98.186831
98.576976
95.008922
96.750527
98.596142
97.864445
97.048425
98.595829
98.157451
97.670879
97.707046
98.266014
98.098669
97.876395
97.052966
98.318678
97.911003
97.809338
98.011837
96.949752
93.595007
95.387971
97.450788
96.844482
96.323518
96.240411
96.678059
97.155553
96.764660
96.994944
96.604905
97.943926
96.889690
96.943896
96.915386
98.578606
97.040849
97.135987
98.975390
97.456411
97.300281
98.041247
98.348807
97.160911
96.243889
97.353745
98.505674
97.507725
96.817441
97.276962
99.285871
97.292029
97.302885
97.728620
98.326671
98.412503
97.245904
97.071078
97.352347
98.185413
97.384862
97.566929
98.092435
97.888177
97.522913
97.783964
97.821971
97.798630
98.882520
97.964428
98.049477
98.677150
97.345198
97.770472
97.272971
97.774507
98.152329
97.762948
96.940873
97.349694
92.739737
96.474553
97.004892
97.728510
96.968534
97.339446
93.640722
98.546419
96.703716
98.049166
96.329489
97.618379
96.835843
97.933119
98.011944
96.607886
97.685543
97.118097
96.093708
97.991688
96.795143
98.220946
96.203501
97.594607
95.694892
97.511452
97.025721
96.779893
96.930762
96.305378
96.417643
96.765162
97.255834
97.795892
97.393541
97.417008
97.508195
96.082421
97.731632
96.916103
97.334757
98.208832
92.620370
97.124242
96.587506
97.207928
96.082835
97.318493
97.339074
96.874017
96.786525
97.269249
96.774784
95.780612
98.637656
96.953417
97.018227
97.360152
96.736067
94.800888
99.138933
95.708762
96.358897
97.798203
97.457198
98.109518
94.817267
97.808539
96.227044
97.813056
95.783063
97.162509
93.619015
96.767672
96.848202
96.344704
96.525780
96.640272
96.578910
97.078642
97.101518
97.892938
97.543732
97.054382
95.577894
97.253354
98.283844
96.822474
98.309486
96.220820
98.103931
96.866898
97.212826
97.357936
98.241971
97.675368
98.265408
96.855625
97.533598
98.081441
97.497434
97.858709
98.656871
97.294648
96.867289
97.318276
96.799865
96.660432
97.337716
97.564703
97.747702
97.842190
96.405508
97.606404
96.962594
97.565134
97.512505
96.627875
97.017005
98.256348
98.556839
97.241101
97.369000
97.315602
96.907236
97.160484
96.960322
97.476409
97.643195
97.506204
97.375876
97.895943
97.923858
97.588473
97.240397
98.647730
97.847464
97.718528
98.662754
97.808494
97.636814
98.295802
97.569649
98.425363
97.388793
97.568520
97.516668
97.941272
97.595761
98.233794
98.024352
97.788831
97.494891
97.737450
97.597735
97.939063
97.692860
97.766272
97.637336
97.833799
97.718353
97.893391
97.920147
97.559672
97.805536
97.982594
97.552121
98.282695
97.679442
97.642424
97.801329
97.854799
97.625304
98.077449
97.269533
97.702621
97.629263
98.156579
97.110086
97.270020
97.769588
97.495107
98.309590
97.146367
97.631347
98.185832
97.323588
97.569220
97.420292
97.593600
97.583595
97.766255
97.932811
98.291513
97.756830
97.868332
97.965028
97.970858
98.349422
97.952613
97.811028
98.061500
97.781235
97.935183
98.475947
97.871650
97.959199
98.555199
98.206041
98.391117
98.952118
97.955936
97.613792
98.317675
97.754646
98.158370
99.013309
98.012830
98.063101
98.771022
97.830829
98.136219
99.050118
97.824967
97.519336
97.754807
98.069207
98.152258
98.795950
97.398049
97.464918
97.512487
97.514600
97.409769
97.896645
97.956276
97.424620
97.350660
97.218189
96.775260
98.077257
98.152195
98.063420
97.764199
97.360768
97.752305
97.771651
97.731915
97.660883
97.904135
98.018168
97.868406
98.036010
97.986839
98.001210
97.708699
97.894317
98.135026
98.772733
97.949377
97.664910
98.089243
98.042207
97.980180
98.344712
98.041032
98.409581
98.037619
98.228570
98.150624
98.712842
98.049991
97.384637
98.198703
97.528326
97.524409
97.933633
97.973125
97.878516
97.712478
96.844988
97.813767
97.128092
97.708038
96.697556
97.802018
96.473415
97.272409
96.734552
97.688887
97.047309
96.691908
96.541259
97.015024
95.380556
97.185664
96.614011
97.484135
96.655509
95.657265
98.602954
98.114422
97.448249
98.187228
98.106913
98.103648
97.654573
97.411577
97.523136
97.413304
97.477131
97.749535
98.886719
98.039775
97.863111
97.741286
98.292828
97.532735
97.690890
98.261488
98.036525
97.899394
98.241911
98.528130
97.672453
97.809129
96.985484
98.381773
97.519110
98.325902
96.359972
97.607498
97.894254
97.362317
97.931448
97.985767
97.592624
97.009602
97.529589
97.138595
97.351576
98.149927
98.050667
97.589257
96.949444
97.412151
96.952602
97.141289
97.840183
97.016370
96.668987
97.810156
96.976059
97.303672
96.743914
97.812055
97.501398
97.198906
97.520155
97.097172
97.767806
98.094297
97.509022
97.683231
97.405062
97.178807
97.445276
97.599228
97.435248
96.950441
97.586921
98.083784
99.246218
97.890632
97.689585
98.134664
98.216983
98.029614
97.552368
98.007810
97.526539
97.795057
98.259935
97.711369
97.537670
98.237699
97.602179
98.318406
97.417956
98.312510
98.308675
97.450594
97.089705
97.735731
97.456165
97.617803
98.676149
98.071820
97.388943
97.644547
97.431092
97.485551
97.736958
97.320298
97.727059
97.697060
97.118747
97.328575
97.697082
97.801201
97.636139
97.733558
97.478136
97.746024
97.043304
97.487371
97.679447
98.072746
97.870577
97.120495
98.301136
97.991965
97.941537
98.016861
97.695594
97.512769
97.042851
97.694715
97.644198
97.525612
97.705902
97.957738
97.785598
97.768194
97.648978
98.294235
97.688777
97.958307
98.023188
97.837486
97.683979
97.975006
97.967835
97.920280
98.272721
97.885210
98.438985
97.970185
97.628149
97.703095
98.049346
97.767205
97.687469
97.656462
98.203145
97.277021
96.887166
97.790004
97.618494
97.844218
97.613162
96.785991
96.579855
96.810062
97.043514
97.892727
95.119342
96.073701
97.928619
96.204651
97.307986
96.726423
96.624688
97.106316
94.758759
96.496424
96.014874
96.961360
95.687510
98.554990
96.974498
98.063306
97.525055
98.146351
97.372393
97.472674
96.915905
97.794183
97.244838
96.990981
97.642712
97.846980
97.549337
97.507582
97.390495
97.867615
97.771347
97.819840
98.248753
98.081528
97.534452
97.782367
97.417840
98.068519
98.623896
98.330988
97.431318
97.828933
97.747430
97.801170
97.503667
96.828314
97.958689
97.384966
97.894676
97.931881
98.460385
96.636755
96.817432
97.540284
96.894445
96.849783
97.002387
98.017528
96.974411
97.786753
97.076713
97.890743
96.377054
97.535977
97.006527
98.141613
97.029424
97.096731
96.075264
97.919848
97.159447
97.287087
97.380569
96.355781
98.185851
97.562215
96.908885
97.550849
97.255186
97.370211
95.881622
97.368623
97.616302
96.992817
97.502917
97.869225
97.199650
97.439501
97.752373
97.923535
97.431029
97.639905
97.066518
97.827325
97.425518
97.715482
97.842307
97.698903
96.723988
97.427276
97.420066
97.377771
98.001780
97.494162
97.279363
96.170742
96.399792
95.979668
97.212579
100.000000
94.932651
100.000000
100.000000
98.624710
100.000000
98.419637
97.571363
100.000000
99.671495
98.547893
98.439297
100.000000
99.763657
98.301302
98.860194
100.000000
98.279221
99.270810
100.000000
98.781216
99.874770
99.595852
100.000000
100.000000
99.891774
99.626772
100.000000
100.000000
100.000000
99.460308
99.342517
100.000000
99.596191
98.236265
100.000000
100.000000
97.748538
98.572820
99.572291
100.000000
98.736964
98.289611
100.000000
98.317624
97.777811
100.000000
97.888666
98.457274
100.000000
97.991130
98.423821
100.000000
99.429974
99.929961
98.005806
98.508662
100.000000
99.517835
99.195582
100.000000
100.000000
99.100440
99.925543
99.823326
98.772480
99.607050
100.000000
99.254376
99.640798
99.769199
99.834276
99.524569
98.689318
99.501051
100.000000
99.687345
99.216291
99.699770
99.535596
99.142185
99.663836
99.538236
99.798476
97.326509
98.387405
99.450135
98.362678
98.664734
100.000000
99.631345
96.382770
98.394868
100.000000
99.341741
99.922795
100.000000
99.621807
100.000000
99.733270
99.876572
100.000000
100.000000
99.144464
98.935741
100.000000
100.000000
99.712192
99.811022
99.783281
99.892890
99.632196
99.470956
100.000000
100.000000
99.440969
100.000000
99.901828
99.626980
99.478485
100.000000
99.905375
99.294111
99.280419
99.848181
99.841576
99.679799
99.031371
99.720528
99.613243
99.295182
99.927290
99.946120
98.017794
99.542511
99.545672
99.585964
99.415915
99.516249
97.159888
99.336674
99.432984
99.299014
99.767911
99.362177
98.537357
99.245238
99.131822
99.379252
98.720116
99.030319
99.124862
99.015519
98.557349
98.700066
98.836626
98.600538
99.451780
99.138819
98.678242
98.819941
98.964825
99.182872
97.864463
98.622969
99.298379
98.960699
98.730588
99.283793
98.852965
98.497631
98.638059
99.170191
98.836592
99.017552
97.790637
98.642819
98.613074
99.482548
98.926189
99.117609
98.915507
99.104913
98.464953
99.227046
98.961617
99.235213
98.947654
98.816772
98.583922
99.542343
99.001282
98.872829
98.820258
98.864034
98.448950
99.061239
98.667426
98.627806
98.389198
98.715407
98.451005
99.475359
98.860033
98.441823
98.868316
98.485166
98.416994
99.022144
98.436662
98.432941
98.503015
97.921759
98.369785
98.220634
98.412007
98.737529
98.801047
98.446449
98.287377
98.821541
98.731810
98.786789
98.842738
98.581980
98.410547
99.014742
98.948837
98.285714
98.243595
99.261138
98.862937
99.200887
99.275554
98.932360
97.463062
98.847086
98.989685
99.275826
98.438272
98.667019
100.000000
99.320905
97.866573
97.999024
99.975148
99.092926
98.300553
96.303308
98.020476
98.397230
97.184701
95.128795
95.896060
95.216308
94.928704
96.848865
94.983582
94.277440
94.513212
97.666464
95.333989
94.497318
96.991374
95.770936
99.243205
100.000000
96.689600
97.476166
99.509860
98.241965
94.087185
97.636476
99.244884
97.369112
97.260666
98.859099
99.544188
98.198269
98.108602
99.189977
97.870711
98.731910
98.836984
97.945631
99.560970
98.623574
98.346440
99.009550
98.083434
98.210119
98.268838
97.984482
98.764691
98.546593
96.994271
97.376067
98.488498
97.328174
96.942727
99.085006
98.458435
97.056251
96.814306
97.452389
97.489052
97.190781
97.294876
97.956461
97.382365
97.352796
97.116528
97.166433
97.779283
97.760515
97.408788
97.387356
96.960471
98.182584
97.334417
98.018341
98.292879
97.954404
98.391642
97.735123
99.298561
96.946623
97.384027
96.402927
95.860908
95.690803
95.579297
95.943496
96.081042
96.831732
96.461636
98.183942
98.289093
98.158821
97.100118
98.045143
96.831457
97.409976
98.021562
97.287431
97.996371
97.886446
98.104009
97.489883
98.538826
96.943361
97.441369
97.395862
98.061743
97.915612
98.714227
97.267257
98.203885
98.017793
98.019855
97.871795
98.437561
97.326203
97.687856
97.953180
98.062454
97.872709
98.619786
97.682385
98.470639
97.888800
98.728152
98.295430
98.603009
97.820124
97.419736
97.394114
97.458542
98.042136
97.314314
97.204394
97.290061
97.833524
97.513872
97.933816
98.672257
97.953207
97.825935
99.382204
97.023641
97.171267
99.402749
97.935936
97.933033
98.282240
98.534122
98.578122
99.479493
95.761041
95.581545
97.085245
97.510773
98.638039
95.124918
97.617498
99.724381
96.383007
95.495503
98.976245
100.000000
97.502435
96.451520
99.349567
99.573153
98.530032
95.198269
96.886469
97.442002
100.000000
98.405209
94.112014
95.109677
98.878723
98.771324
97.066818
97.812938
100.000000
99.534455
98.474277
98.460625
98.234639
99.554447
97.348782
98.710354
98.368864
96.828163
97.190210
98.287287
98.135727
94.134286
95.070127
97.881564
98.119317
94.785489
91.781787
100.000000
98.009232
96.194676
97.227843
97.922132
97.910082
92.484238
97.742483
98.003763
95.280707
95.624925
98.503677
92.945616
94.885213
95.098931
98.867780
95.977151
94.747226
94.237184
97.517335
96.057175
96.920392
95.597471
96.684649
94.189714
94.973095
93.878625
97.408266
96.105454
94.315651
92.871365
97.051461
95.638246
96.987904
96.414806
95.169846
97.409950
96.583975
95.375522
97.670961
95.952226
94.306400
96.693823
96.789797
95.323749
96.283644
96.395102
95.596848
94.828061
96.409090
96.841498
96.905506
96.040498
95.891680
94.457831
97.300080
95.273621
96.708315
96.260216
93.612575
93.155392
97.191504
96.789474
96.888837
97.153267
97.409280
94.627007
96.579328
97.016344
97.818348
98.119165
97.290876
97.027832
97.372407
96.929264
98.281934
96.950980
97.623060
95.529115
97.222384
97.378543
98.229795
96.466788
97.482896
98.156509
97.280284
97.168380
99.153147
98.184871
96.887467
95.974514
97.117272
96.637560
98.179176
97.560881
96.910131
95.736255
95.752489
97.302520
98.892854
94.367597
94.604837
98.345076
97.609425
94.590046
97.203894
97.465725
98.685823
98.162001
95.979630
96.224713
99.902514
95.748413
94.373748
93.315470
97.130895
95.333382
95.670634
96.393034
99.310298
95.630100
94.690105
95.211102
93.894873
96.236982
95.534877
92.692585
94.418984
95.474828
95.536477
95.219772
94.535966
94.577131
96.727808
94.432961
96.939728
96.901642
95.612722
95.893421
95.924387
98.351733
98.315010
96.460376
96.022108
97.984944
96.869281
95.370265
96.860636
97.271047
97.391841
94.028103
96.061003
95.668144
98.112572
96.661718
95.599042
94.055412
95.426614
95.621263
96.067322
96.845809
96.714391
95.084603
95.883890
96.572015
97.519071
95.698272
95.832815
97.063211
95.974149
94.318062
96.392163
93.539259
96.247039
95.857929
93.735639
94.264463
94.713908
94.552885
89.803931
96.360250
96.207344
94.972120
94.992951
95.298163
95.368667
92.037672
95.950837
96.419393
95.643161
95.465309
95.243054
96.680924
95.891284
97.069468
96.962212
96.537634
96.866462
95.317117
96.211360
96.481453
97.668152
96.068621
96.236577
98.197146
94.343664
96.077068
96.882449
95.058515
97.141449
94.766408
96.686010
97.740662
97.649015
96.882061
97.216841
97.676078
96.789251
96.032037
97.271616
97.316297
97.248628
96.945030
95.897950
96.249412
97.226683
97.727541
97.508583
98.084842
96.095105
96.759646
98.938332
96.481548
96.427639
96.412480
97.732487
97.536642
95.789136
95.676274
94.860450
97.905385
96.648553
95.872386
96.428107
97.090328
96.064631
95.377853
95.528225
95.372004
96.536015
95.798510
95.431135
98.298246
96.169786
95.183461
97.695308
95.116660
95.169784
96.540170
96.906233
96.859605
97.970562
95.795505
93.869075
96.542875
95.645511
96.539285
96.267982
96.347006
96.373141
95.635510
95.841593
95.135737
97.252751
95.149859
97.007401
94.811241
97.002409
96.954750
97.490044
98.051036
96.699199
95.774900
96.873055
96.575622
97.633580
96.016789
95.773942
98.287319
96.286622
96.799952
97.770720
97.814162
96.986447
96.382997
96.558367
96.496837
97.995185
96.761685
95.822294
98.353165
97.963645
97.638690
97.890778
97.129493
97.340190
95.948231
96.430560
96.761646
98.335367
97.279905
97.105233
98.447936
97.679189
96.837664
98.247793
97.481321
98.118609
96.894569
97.746830
97.294343
99.027308
97.841827
97.452724
97.673048
97.032206
96.792301
97.656920
96.564344
97.788616
99.700657
96.773586
97.588699
98.216136
97.385606
95.812290
99.175680
96.893714
97.231378
97.812192
98.154253
97.275231
97.664833
97.558144
97.132423
97.876358
97.392247
97.345359
97.432153
96.936828
97.722596
97.277120
97.210571
96.703720
97.760979
97.532926
98.058398
97.367869
97.636753
97.531204
97.749088
97.724669
98.052216
98.596321
97.814918
96.328005
94.963012
97.358597
97.554682
97.120466
97.370812
98.868234
98.172623
98.041433
97.064591
98.565331
98.677504
98.355850
97.537164
98.101306
97.512357
98.451392
96.921903
96.994694
97.438182
97.971797
97.752843
98.406119
97.303960
97.297222
98.833970
97.093328
97.905283
98.179870
97.504803
96.451165
98.021658
96.268171
97.475693
97.691835
96.646358
97.518136
97.381415
97.487103
96.838136
97.600737
96.972955
97.961203
96.585317
97.141014
98.133198
98.105424
97.314605
97.450192
97.294075
96.973067
96.814363
96.942836
95.820311
97.764451
95.741124
98.426525
97.138068
97.514651
95.678187
95.779981
95.441721
94.645908
96.191383
97.301080
96.066818
95.887793
96.539528
98.370185
98.305508
98.287466
96.835167
97.510136
98.199728
95.849669
96.349700
97.770650
97.567524
97.140086
97.999640
95.988423
96.313810
98.292937
96.277256
96.891412
96.617211
97.066289
97.158076
98.153290
97.743345
97.893384
96.974988
97.198070
96.379215
98.533802
97.799177
96.712281
96.264057
96.303634
96.081986
95.931402
95.657953
95.602783
98.447245
95.682536
96.001186
97.275551
95.779269
93.409739
93.526591
95.571371
95.489804
96.868456
96.377184
94.898327
98.637455
96.970945
96.246905
97.957306
97.652242
96.176443
95.664561
96.650148
97.744417
96.732236
97.337894
96.056973
99.045726
97.010315
97.171734
98.294920
98.159100
98.161171
97.156143
96.870115
97.327787
97.843567
98.624119
96.889768
96.945414
97.341805
97.907253
97.734606
96.419198
96.714489
98.652280
96.262502
96.628765
98.013041
96.051430
96.811903
99.514864
96.196651
96.164074
97.424856
95.597569
96.925917
98.830825
97.198777
95.540334
98.479831
94.861848
94.679647
96.735331
95.342829
95.875918
96.730959
95.594286
93.666341
92.896125
93.491200
93.282185
94.239277
93.648121
92.804674
96.289578
93.752779
93.298074
96.282249
94.316662
94.630383
94.524212
94.951773
94.358575
95.412125
94.739731
95.025493
95.606517
96.631866
96.425039
97.072948
95.672895
96.305741
96.276298
96.303051
95.799244
97.341802
95.668529
95.659492
96.484150
96.410174
95.458568
96.882821
95.946966
97.125677
95.869209
96.110468
96.348463
97.359582
96.581869
96.816681
97.277675
96.851797
97.336263
97.219615
95.943372
96.557133
98.146870
96.421311
96.160387
98.365826
96.748148
96.895601
95.734249
97.054415
96.502987
98.095064
96.387622
96.408674
96.735862
96.721359
96.691168
97.581437
96.351676
95.239217
95.911873
96.473779
96.811280
96.442913
96.042760
96.076116
93.038498
95.904296
94.469622
95.779148
96.507197
96.343678
95.936206
96.390370
95.928595
97.861475
95.703662
95.612000
94.849123
95.232756
94.712435
96.918468
94.737142
95.001203
94.872529
95.217505
95.634977
95.676331
95.853110
96.051269
95.929579
95.130887
96.505407
96.784594
95.782563
95.947612
95.536222
95.681068
94.753785
96.789979
95.822350
95.596855
95.561184
94.979013
93.317968
97.394549
95.822710
96.104090
95.465893
96.566513
95.297404
96.402641
95.735046
96.660733
95.690697
94.960562
95.097273
97.121367
95.498150
93.831461
98.846272
97.720834
96.752178
97.713483
97.201989
96.748992
95.692604
97.207621
97.562468
97.562135
94.655309
94.561218
96.423310
93.922678
93.629083
97.281549
94.383691
93.866136
95.100126
94.787864
94.965472
96.005058
95.194008
96.005986
94.912814
95.296459
95.406459
97.195738
95.691080
96.269267
97.133112
96.203846
96.299315
97.227520
95.634089
95.056897
97.678139
94.702884
96.329607
97.630150
95.797122
95.859091
96.163850
94.596418
96.167281
96.981475
95.252697
95.593781
97.366764
95.599776
93.786844
97.320117
95.378873
95.491662
95.102005
94.278894
95.749313
95.968456
94.690763
96.696758
99.458642
96.734368
97.215864
98.315535
98.088738
98.103173
96.468584
97.174243
97.059514
97.692977
97.122456
97.404907
97.106739
97.586895
97.403383
98.482109
97.412332
98.118387
98.103594
98.389911
98.192246
99.060806
97.249006
98.168041
98.223459
96.513623
95.124258
97.303734
96.553558
96.235513
95.664708
96.209089
96.514038
96.728192
94.602476
95.645069
95.999326
94.927853
95.464058
96.462368
95.191889
95.773085
95.523619
94.042758
94.321772
95.835443
95.244497
94.723724
95.193923
95.147963
95.889500
96.936243
95.193531
96.347365
96.160049
95.780343
95.325593
96.526120
95.299239
95.807667
98.167505
95.286226
96.078347
98.268292
95.561060
96.365846
94.865684
95.583388
95.320137
96.716464
96.382950
96.084188
96.503743
97.839985
98.156580
98.419527
97.031060
97.421321
98.286170
96.931052
98.124335
99.650639
98.221427
98.722544
99.599969
98.728025
99.009848
99.365886
99.178219
98.805812
99.625889
98.368176
98.737361
100.000000
99.177084
98.832862
100.000000
98.180750
98.423396
99.770511
97.806920
97.320979
98.090291
98.603476
97.406972
99.230208
97.448758
98.245013
97.986713
96.650154
98.210539
98.718794
98.205693
97.451468
97.635106
95.637052
96.151145
97.366052
96.015448
97.422569
97.796073
95.805882
96.099816
96.569941
96.302321
96.428752
93.653038
95.038101
96.427351
95.749077
96.096993
95.170211
97.162616
96.625631
97.320821
97.779110
96.225706
96.415979
98.077362
94.731781
95.334677
98.468278
95.232431
94.564109
97.138695
96.053287
94.311553
96.652942
95.378983
94.203389
97.696186
93.885000
95.304590
97.501710
95.027193
94.987125
98.206208
95.582408
94.730997
97.288545
95.890333
95.951809
98.045350
95.614752
95.851335
97.650780
96.010506
97.007636
94.919398
95.469253
95.740305
97.605351
97.044798
96.351058
93.753136
94.109468
94.176041
95.718645
94.503147
94.235882
95.345653
96.622179
96.536255
96.575496
96.078614
98.317910
94.597755
96.219349
97.990316
99.296361
97.953630
97.112281
98.935939
98.376523
97.965642
99.064320
97.984675
97.920793
97.018621
91.744558
91.902664
95.345156
93.737493
93.499378
88.449482
93.131672
93.571851
96.075440
93.962106
92.707022
93.143781
94.334185
95.310063
94.798126
93.219451
94.646872
91.182410
95.356606
94.238688
97.153078
93.137615
93.504844
94.684544
93.540974
94.501976
96.612204
95.012459
95.442656
92.054258
96.443493
95.948632
97.464442
95.474187
96.278439
96.436295
96.281390
95.156520
97.088308
95.664279
96.358057
95.588982
98.612974
95.612469
98.778064
95.989686
97.218269
94.874338
97.156828
97.224382
96.738641
98.074291
96.702034
97.492760
97.355278
98.601200
97.502788
97.225390
95.771510
97.823368
97.382048
96.947803
97.731230
95.736230
96.456113
98.098685
96.616937
95.787364
98.710861
97.474345
98.100652
93.756031
97.044376
94.819304
99.391566
97.674456
96.692372
93.233640
98.280524
98.699734
98.010108
98.484010
97.410983
94.915748
98.470888
96.104599
97.851907
95.184511
96.921160
99.815873
97.496346
92.626778
98.859594
97.150111
96.295206
99.893268
98.252858
96.482176
97.942453
99.712577
98.718801
99.396819
98.062179
98.518704
100.000000
98.356965
97.825232
95.591449
97.705526
98.301251
98.959312
97.552290
95.901606
96.758929
99.685686
99.323919
97.508433
97.546011
100.000000
100.000000
94.796712
97.125212
100.000000
97.150525
98.840813
97.389677
96.920227
100.000000
99.142339
95.374011
97.902794
99.907131
94.120743
96.381779
100.000000
95.849752
93.976586
95.465176
93.926898
93.676495
94.620168
94.175798
95.935443
93.981157
95.400887
95.368313
96.815648
96.817963
96.989306
94.963870
97.362243
97.362554
97.229003
97.584448
96.045274
97.447715
97.802104
97.522575
98.623905
97.389509
95.987079
97.670403
97.867340
97.105351
99.104137
98.179907
97.332934
96.979435
97.373620
97.234833
97.942956
97.649817
96.707063
99.123380
98.301570
98.000651
98.602387
97.877226
98.556917
98.818129
98.364556
98.243813
100.000000
98.376509
97.357534
99.272125
96.732872
96.932323
98.902589
98.450044
97.700307
98.677416
95.734666
96.433713
97.809806
94.304823
94.154399
97.429494
96.871270
93.235480
97.386807
95.978034
94.855555
97.106036
92.313092
91.507877
94.582095
94.692052
94.964037
96.213901
95.092569
95.903694
96.936857
95.265466
94.000688
95.540236
96.156989
94.761104
96.184380
94.621806
93.111087
96.263022
95.002773
93.172476
96.723635
92.967271
95.052400
95.595840
94.738478
94.229258
93.644485
95.700806
95.430865
96.939651
94.470895
94.751412
97.500748
94.926958
96.051890
94.203310
96.225979
96.804313
97.235341
96.546876
96.808160
96.466376
97.572545
97.875021
98.067374
96.974025
97.468535
97.980528
97.745411
96.959693
98.845029
96.958039
96.092736
97.738127
96.067555
96.876509
97.304176
96.813854
97.282461
94.522176
97.495019
97.209289
98.848240
97.040078
96.605992
96.845030
97.487004
97.217185
98.612255
98.235942
98.329417
95.346119
97.318109
98.548734
98.542911
97.762309
95.196902
98.672875
96.600617
97.838963
99.408462
97.933965
96.163838
94.670184
97.961942
97.575636
98.109052
97.419489
97.874624
97.990752
97.557535
98.057018
98.615878
96.925056
97.765627
97.995719
98.710625
97.442502
99.543379
97.424949
95.942049
95.454633
96.885787
97.445589
98.537650
94.944128
96.320495
98.010362
96.268477
96.364385
99.531762
96.199137
96.496162
97.354406
94.795496
96.881256
98.468521
94.037929
94.505163
98.016405
91.628628
92.054564
98.291059
93.531517
91.561118
96.739245
94.374023
94.736896
94.619416
92.016310
95.004639
94.817560
94.041442
93.907450
96.296514
90.587251
94.030040
95.783415
91.969717
89.951759
93.495705
92.284904
92.088057
89.221746
89.039453
89.507965
92.431070
89.825666
90.176625
95.876769
88.801529
87.207381
92.082406
90.066217
88.880601
94.599775
90.097390
91.432718
93.013688
91.683475
91.858664
94.889185
92.449837
90.088553
93.861413
92.835268
93.898343
95.233752
93.091914
91.663256
95.288231
91.507729
91.464275
95.306576
91.330354
91.477552
94.875162
92.176327
93.455166
96.423574
92.115006
92.599464
96.323193
92.783763
88.116040
93.816343
89.092519
91.799978
91.869423
91.127460
90.198851
90.352739
92.090817
90.433000
88.895106
88.194413
89.087562
94.080201
94.508173
94.488692
94.965018
93.695191
94.202140
93.490133
96.331231
96.067083
95.434874
95.952253
96.069615
95.207502
97.338882
97.381045
96.675337
96.778585
97.634277
94.812226
96.687364
97.167452
97.990318
95.886996
96.063746
96.912945
97.166060
96.781487
97.786766
97.123580
96.372580
92.610245
97.673437
97.855462
98.137604
96.477282
96.516968
95.976411
97.899836
96.781545
97.354615
97.350906
97.013362
94.279913
96.116544
97.590342
97.945400
96.974081
96.774383
95.788212
97.203761
96.758274
98.179145
97.746702
96.869158
95.971238
96.624772
96.637130
97.584113
97.813963
92.728122
91.803587
97.568761
97.485176
97.223772
97.669219
96.881195
95.757913
97.623389
96.927965
96.469541
97.984672
96.918548
96.957046
96.974781
95.916898
97.192680
96.707691
97.721302
98.073813
96.757799
94.933304
97.486291
96.213149
96.343918
98.567780
97.406195
96.243506
97.790535
96.786309
95.587100
97.482602
96.869602
95.854508
97.913335
96.892241
97.627288
97.919390
96.785327
96.263571
98.204128
95.738608
97.067169
97.931303
97.498529
96.973884
97.941861
96.531590
96.454767
97.834550
96.951342
97.458702
96.772057
97.279124
97.400545
95.670859
95.639958
96.360958
96.796986
96.295926
96.953786
97.373063
95.289856
95.066432
97.883315
94.560642
92.515766
95.564344
95.492176
94.030791
96.096452
96.303102
93.545647
93.518782
96.202382
95.651489
96.404059
95.807194
95.521853
95.983111
93.352690
94.050944
96.401289
94.558095
93.145157
95.577980
94.527360
95.348963
95.281121
95.844023
94.577721
95.346809
95.426248
95.311005
96.132268
95.992249
95.999554
96.496909
95.047982
94.838851
96.689624
95.265998
94.358898
96.511369
94.096061
95.004743
95.993260
94.742204
95.651286
96.269333
95.487016
95.156124
96.055071
94.206324
94.318080
94.317461
94.737693
95.028017
94.942030
94.748064
94.943613
96.393097
95.068533
95.462229
96.033027
94.854960
94.162544
94.788750
94.082777
94.455856
94.946678
93.938793
94.874783
95.078618
95.612803
95.851017
96.494417
95.203831
95.455160
96.856315
95.099394
94.030022
96.222587
94.164615
95.506699
95.167241
95.193763
94.885856
95.882642
94.578469
95.238846
95.600056
95.006023
95.506503
96.157771
95.449394
94.740529
95.729026
94.612877
95.553213
97.435022
94.459698
94.383666
95.989804
96.036572
94.363768
95.861464
94.932297
95.110756
96.004214
96.217760
96.149451
96.931385
95.607244
96.271442
94.303121
95.514959
96.021773
97.128690
96.201729
94.829507
96.703844
96.746645
95.842301
96.964271
96.402609
95.392847
95.919673
96.074391
96.993767
97.215992
96.454467
97.421593
96.700228
97.473732
97.468874
98.321438
97.444243
97.879896
98.232362
96.863512
96.481653
98.176333
96.152714
97.059689
97.013817
97.302312
96.031959
98.269722
96.943211
97.474688
97.421934
97.071046
97.327026
97.390828
96.391924
96.338430
97.020159
94.127233
93.650579
98.373323
94.839472
94.093788
96.093538
95.861999
95.897900
95.711918
95.275326
94.657919
96.155579
94.414164
93.763635
96.281929
93.832074
93.849943
93.834604
92.958472
93.510862
96.390729
95.015692
95.189914
96.050475
95.405992
95.357887
96.110256
96.078535
93.661871
93.730194
93.385622
93.777902
93.882167
92.960381
94.340269
94.685249
93.629535
92.420106
95.898554
93.142053
94.248747
95.028917
94.006742
94.164067
95.840281
94.908157
94.433148
96.902739
93.869960
94.410950
96.010068
94.127587
95.486490
95.343168
95.689719
95.383008
96.970088
94.666631
94.922442
97.244916
94.011819
94.192041
95.893497
94.831207
96.243805
96.423154
94.856496
95.048184
96.568600
94.122740
95.273797
96.844240
93.640646
93.122150
96.747142
93.596827
93.257521
91.968507
94.450569
93.801327
94.667078
94.107931
93.655263
96.157758
94.024086
96.283837
96.555074
94.109306
94.389009
93.001560
93.899934
93.829748
95.474916
94.954015
95.966255
96.972519
95.736966
97.187107
97.559450
96.633561
97.580756
97.444903
97.001150
96.520595
98.277775
98.584846
97.918640
96.398712
96.131617
96.376557
98.908240
95.715096
96.598325
99.522639
96.812291
96.455020
98.989749
96.470073
98.099256
97.715470
96.911338
97.685607
98.961773
96.493278
94.368114
99.609908
95.534601
95.590141
96.844573
95.876671
97.131705
97.264172
96.801127
95.643676
97.043373
95.185599
95.079855
96.622378
94.797433
92.170586
96.487900
93.966173
96.758397
97.142345
92.197637
89.973892
94.937325
91.066726
91.758380
94.169759
89.915895
89.765071
93.807039
90.254110
92.459281
95.820035
93.745269
93.449951
97.435746
92.638666
95.755506
97.188568
94.655721
93.640392
96.623992
94.920267
95.132615
97.373197
94.223455
94.141081
97.669768
93.168470
93.874886
98.868951
92.993096
94.230655
96.881173
93.835248
92.991666
96.516377
93.732860
92.623910
95.355033
92.782858
94.501615
97.254283
94.429892
94.421518
96.235866
92.993068
93.048188
96.120256
93.477566
92.607648
95.485626
92.146560
91.711611
93.989123
90.961252
91.983625
92.748669
90.505198
91.863959
97.000843
91.944156
91.650003
93.434008
92.010253
91.510459
92.456598
92.089223
91.431817
93.276381
91.211805
91.425574
94.716768
91.206892
91.577668
96.265882
91.259721
90.697123
94.231982
91.442483
90.227259
93.612460
90.406106
90.010851
91.276628
92.547963
90.258026
92.629761
92.584853
92.453877
94.027753
92.959060
92.118478
95.508939
91.702003
93.053342
94.421220
91.968113
91.384521
94.332976
92.887372
92.839407
92.853348
92.630861
93.300650
93.640320
93.297187
92.747864
95.239124
93.694362
92.049996
95.401493
92.820679
93.061352
94.138754
93.767303
94.318309
94.702207
94.401226
96.208192
96.328900
93.681171
94.146936
96.226465
92.636454
91.827889
94.243051
93.204048
91.970341
93.333725
92.568176
92.588761
93.528834
93.074654
93.601495
95.883443
95.081802
95.738901
93.599948
95.504454
96.110046
96.163489
95.472366
95.631521
97.648917
94.953921
96.214581
97.073288
95.217068
95.320238
97.113722
94.891414
93.637624
97.021704
93.899007
94.268521
94.807736
95.238721
94.397663
96.359922
94.479895
94.092623
96.341626
95.824771
95.655226
96.423178
95.239801
94.652080
96.565208
95.669867
96.176982
97.451361
94.773196
94.966204
94.592812
94.754317
95.211788
95.883198
96.389158
99.747064
98.229847
96.491566
96.302418
99.004364
96.987942
97.193998
96.705167
96.427281
96.349020
96.046902
96.056548
96.572895
97.910455
95.976479
96.951323
97.630843
97.162368
97.410000
98.186241
95.604675
95.541494
97.902532
96.413835
95.054915
95.404056
96.136463
95.870456
97.513812
95.511100
96.609903
97.477637
96.438723
96.251872
96.888735
96.110097
96.977170
96.961296
96.128389
96.713747
99.120165
96.655243
96.605707
96.866311
96.992635
98.202432
98.758360
96.283244
96.351371
99.080228
97.213061
97.097283
99.487733
98.266421
96.182128
96.539440
96.980764
95.928274
97.958936
96.062347
96.132431
96.076327
95.838649
93.719338
97.235867
93.961568
94.492178
97.867393
94.478456
94.811341
94.691915
95.331961
94.223340
95.676981
95.645727
95.882878
97.146149
95.536631
95.437547
97.103609
95.587339
95.901338
97.476740
95.931607
95.696586
98.210602
95.290525
94.984852
98.235112
96.457484
95.366651
97.089388
96.869004
97.633046
99.189200
96.057616
97.051724
99.046374
97.779780
97.651820
98.832215
97.242973
97.892467
100.000000
96.104853
95.853920
97.746728
96.098341
96.835651
97.934515
97.159473
96.149281
97.914535
95.809519
95.391471
96.104680
93.617023
95.843606
97.972864
96.350637
95.713696
98.080023
96.313275
96.086676
96.639827
96.253703
95.254847
95.603631
96.728738
96.159947
96.720127
96.263396
95.110153
98.909343
95.391320
95.808477
97.840021
95.805904
95.801678
96.106673
95.595605
95.343228
96.792261
95.887164
95.080411
96.035404
95.493878
94.947532
99.409391
94.292634
95.223803
96.512108
92.859485
92.949230
95.105504
93.378127
93.132642
96.410311
94.019030
94.929729
97.895211
94.744314
94.875281
94.174007
95.301108
94.676565
95.146001
94.413638
93.881231
96.275418
94.399620
94.690822
96.092322
95.042938
94.515815
94.990836
94.682358
96.136658
95.255028
95.332347
94.111596
96.398388
94.410190
95.147732
96.505496
94.598532
95.767615
96.697701
94.566762
93.386302
97.310589
97.733377
97.329932
98.211413
95.411509
96.412857
97.729419
96.681900
93.926487
98.335133
93.507270
94.597460
96.012047
93.083178
94.616585
95.126349
94.950745
92.875669
96.248108
93.645898
94.311140
95.166223
93.566643
93.702535
95.498863
92.966422
93.047323
94.415236
93.944480
92.604064
95.508344
93.628744
93.420700
94.318430
93.434948
94.778823
95.265901
93.451588
93.725623
96.030793
94.217614
94.827656
96.786917
95.170783
93.856128
94.130556
94.790877
95.270063
96.394733
95.072125
97.019741
