96.245600
95.123945
97.453129
95.574875
97.171164
95.881539
96.873463
95.313875
97.341262
95.161332
97.115132
95.817558
96.876214
95.048651
97.276019
95.061356
97.144413
95.480738
96.612728
94.853656
97.762070
94.832787
97.017025
95.589094
97.041666
94.583008
97.386029
95.049681
97.335691
95.600992
96.767151
94.363439
97.542220
94.818002
97.158713
95.180136
97.025709
94.713575
97.458024
94.341732
97.453493
95.779378
96.695132
94.560107
97.764683
95.182362
97.408054
95.474084
96.818298
94.899055
97.619357
94.990795
97.628784
95.699117
96.814941
94.715199
97.440581
97.523374
95.473470
97.039580
97.412348
94.727116
97.863760
94.966189
97.574452
95.358527
97.300682
94.470675
97.587975
95.138533
97.669291
95.332235
97.083757
94.830842
97.614199
94.620431
97.783864
95.753693
96.893412
94.560144
98.017171
95.639683
97.794904
94.852009
96.654215
94.857222
97.660426
94.361437
98.238434
95.869207
96.485302
94.509068
98.372065
94.678386
98.412369
95.490977
97.669356
94.424539
98.434462
95.104345
98.248125
95.642776
96.126884
95.381382
98.698498
94.640162
97.834411
96.428715
97.340404
93.907556
98.177715
95.527143
99.099988
95.553646
93.947000
95.199730
98.629040
97.855564
94.646950
98.537391
97.080266
95.237993
98.509105
95.152989
97.616786
96.601316
96.960862
93.143938
98.889705
95.237487
98.110143
95.315000
95.830970
94.900989
97.789488
95.586237
98.097784
94.954137
96.378500
94.390529
98.061842
94.108171
97.707318
94.412109
96.313582
93.983932
97.554040
94.327464
97.048664
94.671929
96.931324
94.190049
96.803914
93.624728
96.686774
94.798518
96.267648
93.627382
96.773778
93.891607
96.516381
94.299375
95.917085
93.270392
97.172755
93.875558
96.881885
94.149480
95.619042
94.247810
97.294515
94.311064
97.009916
95.271457
96.552523
93.776191
97.236674
98.067299
94.965952
95.930292
97.990021
95.284622
98.516225
95.973405
99.024010
97.074836
95.844857
96.254697
99.277195
97.517896
99.218727
96.938125
98.528747
96.209189
100.000000
97.225559
99.768745
98.246320
96.905044
96.748151
99.821864
96.868486
99.748803
98.019246
100.000000
95.390033
98.314937
98.307408
100.000000
98.362494
98.208773
98.466011
100.000000
98.389318
100.000000
98.607551
99.500228
98.686236
100.000000
98.885706
100.000000
98.903340
98.711425
98.529061
100.000000
98.064914
100.000000
99.418962
99.073642
98.268510
100.000000
98.257114
100.000000
98.075512
98.312808
98.119735
99.918647
99.740026
98.834887
99.165208
99.411242
98.243575
99.835328
98.270980
99.701379
98.775774
99.555869
97.860739
100.000000
98.579339
99.881278
98.821160
100.000000
98.059201
100.000000
99.046438
100.000000
99.022337
99.940526
98.128679
100.000000
98.710185
99.989432
98.901624
100.000000
98.871596
100.000000
98.348165
100.000000
99.995233
100.000000
97.860006
100.000000
99.369470
100.000000
99.163437
100.000000
99.617421
100.000000
98.930392
100.000000
99.733709
100.000000
98.875009
100.000000
99.193186
100.000000
98.318011
100.000000
98.073117
100.000000
98.204949
100.000000
97.885592
95.697307
99.379891
100.000000
100.000000
99.716385
98.145942
100.000000
99.435285
100.000000
99.194805
100.000000
100.000000
97.531236
99.107311
100.000000
99.133399
100.000000
99.276298
100.000000
99.662517
100.000000
99.132994
100.000000
99.152016
98.840330
99.717572
100.000000
98.839650
100.000000
99.139627
99.561877
99.089063
100.000000
99.364516
100.000000
98.238420
92.952419
98.138037
100.000000
98.185417
99.685671
99.428365
97.971652
98.266311
99.672769
98.340572
100.000000
99.199058
96.371813
97.605119
100.000000
98.485066
99.911593
99.698082
99.354623
98.699441
99.992263
99.123177
99.927278
98.957316
98.279148
99.207164
99.730625
99.587977
99.860634
97.682127
94.684152
98.650006
99.816159
98.231858
99.043368
98.326498
98.479707
98.368426
99.195959
98.265996
98.870983
99.241873
97.449893
98.182391
98.871483
98.920053
98.722409
98.223082
99.206723
98.318555
98.803007
98.688860
99.163159
97.933867
96.420625
97.766795
99.404351
98.177849
98.628765
98.418447
99.454949
98.334359
98.946520
98.190326
99.314133
98.825687
97.427198
98.160595
99.076906
98.879526
98.837458
98.504962
98.321026
98.502022
98.898975
98.146329
98.968838
98.392827
98.875065
98.624057
99.363908
98.796775
98.936100
98.619749
97.586114
98.518035
99.247087
99.116327
98.620880
97.439454
93.119633
98.386962
99.047708
98.863912
99.263339
99.283365
94.863153
99.229503
99.228559
99.012396
99.150383
99.099832
97.451997
98.319894
99.201405
98.225070
99.026137
98.576706
96.052355
99.055282
99.750049
99.040835
99.623488
98.854960
95.741957
98.023854
99.129739
98.335701
98.823536
98.175642
96.570649
98.012113
98.856123
97.909191
98.588945
98.033359
97.278804
98.177249
99.254764
98.612603
99.369983
99.204528
92.452054
99.304693
99.444216
98.952654
99.185802
98.982777
97.567558
98.442859
99.081027
98.423693
98.820936
98.380207
99.502662
98.352897
98.883891
98.904444
98.350090
95.839488
99.757680
97.931746
98.926486
99.178874
99.453759
99.342086
94.712740
98.976563
99.623825
99.219449
99.563027
99.154284
93.775334
98.138343
99.002072
98.375807
98.686411
98.360840
96.737580
97.988471
98.983792
98.358721
99.259271
98.621761
95.691481
97.791001
99.496231
98.631777
98.933673
98.119147
98.039136
97.969450
98.722847
98.154904
99.007228
98.358813
98.037212
97.981782
98.819457
98.495530
98.677783
98.270529
98.371960
98.248184
98.942424
98.386631
98.527616
98.331042
97.353825
98.663335
99.867581
98.835242
99.127859
99.251415
96.839903
98.443815
99.014681
98.785309
98.715873
99.219648
99.066235
98.319171
99.242423
98.515888
98.994501
98.781905
98.618169
98.438912
99.293068
98.765187
98.986540
98.906815
98.619792
98.540132
98.764742
98.734307
98.915122
98.226891
99.033636
98.715838
99.219645
98.775980
99.199445
99.229725
97.740270
98.510432
99.202069
98.727667
99.056927
98.986272
98.260803
98.672799
99.228970
98.494672
99.175124
98.925966
98.195960
98.770305
99.215863
98.651371
99.154299
98.851102
98.469459
98.511333
99.254084
98.640010
98.987773
99.045186
98.276706
98.552629
99.196124
98.388178
98.979329
98.727372
98.073677
98.532731
99.063282
99.289810
98.587204
98.130609
98.277487
98.476750
99.596596
98.550320
99.251960
99.039686
98.228113
98.653886
99.390428
98.879515
99.155964
98.717886
98.294443
98.744629
99.147166
98.398197
99.111238
98.632719
98.593008
98.611105
99.241520
98.665050
99.098986
98.695819
98.503176
98.464529
99.326327
98.824111
99.192846
98.825546
98.898474
98.515814
99.062358
98.741371
98.936224
98.658833
98.925278
98.278206
99.475198
98.884715
99.049904
98.701797
98.933891
98.450595
99.095339
98.335513
99.130879
98.685824
98.740543
98.180468
99.374462
98.274959
99.168281
98.404210
97.973778
98.689673
99.121207
99.097736
98.649732
97.891571
98.416726
98.870440
99.565303
98.625351
99.166017
98.892740
98.684753
98.607930
99.250974
98.631966
99.232227
98.438399
98.234474
98.580941
99.404334
98.290954
99.264200
98.643035
98.839047
98.578731
99.245598
98.704307
99.149738
98.599602
98.290812
98.301694
99.530668
98.387979
99.343142
98.581813
98.632123
98.602167
99.168546
98.693548
99.134994
98.493177
97.781899
98.515358
99.499797
98.588993
98.839527
98.953266
96.962025
98.572028
99.890478
98.968929
99.224166
99.016781
97.215018
98.543581
99.446155
98.247301
99.149955
98.899454
97.234359
98.709081
99.237435
99.392385
98.385868
97.256554
98.985859
98.941359
99.254513
98.704534
99.560739
99.197255
98.547251
98.421348
99.202563
98.472575
98.906879
98.584808
99.096726
98.526956
99.382843
98.298375
99.299285
98.354432
97.682059
98.600504
99.268575
98.445027
99.381473
98.693241
97.433644
98.540211
99.110942
98.787332
99.196984
98.805496
96.220867
98.281845
99.382424
98.182520
99.114046
98.516423
97.609393
98.116342
99.290575
98.132990
98.957639
98.820069
98.035323
98.501445
99.044435
98.491798
99.000186
98.651755
98.682755
98.499074
99.376710
98.834999
99.302269
98.898422
97.849037
98.705265
99.290668
99.155786
98.960317
98.186674
98.273662
99.006619
99.419502
98.671667
99.209744
98.681410
98.863106
98.764897
99.428366
98.272784
99.455312
99.145538
99.736310
98.468712
99.203614
98.483654
99.276301
98.674342
98.052500
98.668152
99.077862
98.366046
99.331061
98.587666
97.711780
98.490128
99.141231
98.584685
98.903111
98.838668
98.456604
98.371641
99.043204
98.554963
99.014900
98.574705
98.737984
98.857025
99.144693
98.474900
99.153146
98.658812
98.381849
98.345292
99.299797
98.395161
98.987062
98.566536
98.325139
98.581577
99.412009
98.381407
99.189312
98.932947
98.037499
98.372996
99.174649
99.273165
98.926109
97.902962
98.611169
98.732965
99.288143
98.627389
99.150834
98.684473
98.430633
98.890268
99.273953
98.455958
99.036237
98.729939
98.272583
98.521122
99.258289
98.839078
99.065228
98.707042
98.336347
98.642744
99.161209
98.696952
99.160899
98.706202
98.449319
98.370450
99.534394
98.352332
98.900878
98.517131
98.236728
98.588374
99.237892
98.371338
99.319681
98.238180
96.761121
98.703722
99.352992
98.302391
99.436332
98.557831
96.803884
97.920772
99.399392
98.933395
99.061284
98.369608
98.673049
98.436159
99.284760
98.762742
98.927579
98.565823
96.491628
98.521334
98.883437
98.987511
98.251112
99.616516
97.088247
98.231842
99.102290
98.629062
98.874051
98.593726
97.405654
98.630781
99.044276
98.499281
99.160007
98.583383
97.608224
98.355257
99.032217
98.464129
99.099922
98.505842
98.103298
98.626523
99.061710
98.498434
98.945062
98.625041
98.465584
98.700981
99.329446
98.725326
99.248726
98.655557
97.360771
97.996863
99.413438
98.449883
99.294277
98.728835
98.258149
98.153762
99.283892
98.717774
99.045384
98.504731
97.718428
99.037332
99.427992
98.643601
99.278844
99.159176
97.002539
98.747315
99.293575
98.694249
99.178808
98.711356
97.090757
98.946385
99.043543
99.144758
98.803550
97.278479
98.558785
98.633059
99.160030
98.636053
99.061796
98.679886
97.410230
98.335619
99.257695
98.382821
99.103908
98.778379
97.762283
97.985336
99.176192
98.449851
98.899711
98.655197
97.561135
98.551058
99.122485
98.421721
99.148625
98.604448
97.030540
98.232911
99.364256
98.251177
99.458186
98.772151
97.549574
98.156125
99.132316
99.345284
99.986217
100.000000
94.956201
100.000000
100.000000
100.000000
100.000000
100.000000
98.575043
100.000000
100.000000
100.000000
100.000000
100.000000
100.000000
100.000000
100.000000
100.000000
100.000000
100.000000
100.000000
100.000000
100.000000
100.000000
100.000000
100.000000
100.000000
100.000000
100.000000
100.000000
100.000000
100.000000
100.000000
100.000000
100.000000
100.000000
100.000000
100.000000
98.660513
100.000000
100.000000
100.000000
100.000000
100.000000
100.000000
99.774266
100.000000
100.000000
100.000000
100.000000
100.000000
99.212494
100.000000
100.000000
100.000000
100.000000
98.712350
100.000000
100.000000
100.000000
100.000000
100.000000
100.000000
100.000000
100.000000
100.000000
100.000000
100.000000
100.000000
100.000000
100.000000
100.000000
100.000000
100.000000
99.473299
100.000000
100.000000
100.000000
100.000000
100.000000
100.000000
100.000000
100.000000
100.000000
100.000000
98.210069
99.134704
100.000000
100.000000
100.000000
100.000000
100.000000
96.439739
99.559564
100.000000
100.000000
100.000000
100.000000
100.000000
100.000000
100.000000
100.000000
100.000000
100.000000
99.477227
100.000000
100.000000
100.000000
100.000000
100.000000
100.000000
100.000000
100.000000
100.000000
100.000000
100.000000
99.656335
100.000000
100.000000
100.000000
100.000000
100.000000
100.000000
100.000000
100.000000
100.000000
100.000000
100.000000
99.229343
100.000000
100.000000
100.000000
100.000000
100.000000
98.096650
99.890553
100.000000
100.000000
100.000000
99.918709
97.479877
99.997661
100.000000
100.000000
100.000000
99.705678
99.015914
100.000000
100.000000
99.796582
100.000000
100.000000
99.834393
99.952499
100.000000
99.869740
100.000000
99.882161
99.824215
99.566407
100.000000
99.754669
100.000000
99.939688
98.234041
99.337427
100.000000
99.909232
100.000000
99.863872
99.232533
99.324147
100.000000
99.221732
100.000000
99.648232
98.138058
99.302578
100.000000
99.526508
100.000000
99.976617
99.132347
99.802744
100.000000
99.464791
100.000000
100.000000
99.180347
99.423111
100.000000
99.852797
100.000000
100.000000
99.170213
99.578977
100.000000
99.331260
100.000000
99.852833
98.875056
99.689413
100.000000
100.000000
99.638556
98.821830
99.312710
99.647534
100.000000
99.467820
100.000000
99.638820
99.339532
99.543822
100.000000
99.428744
100.000000
99.618116
99.157941
99.648538
99.972625
99.493643
99.975523
99.593248
99.134980
99.337725
100.000000
99.527228
100.000000
99.311285
98.435717
100.000000
100.000000
100.000000
100.000000
99.571693
97.289646
99.342198
100.000000
99.944844
100.000000
99.981353
100.000000
99.914478
99.851735
99.434634
100.000000
100.000000
98.427915
98.520019
100.000000
99.603846
100.000000
100.000000
100.000000
100.000000
100.000000
100.000000
100.000000
100.000000
99.949038
100.000000
100.000000
100.000000
100.000000
100.000000
100.000000
100.000000
100.000000
99.860418
100.000000
100.000000
98.619608
100.000000
100.000000
99.876376
100.000000
100.000000
100.000000
100.000000
100.000000
100.000000
100.000000
100.000000
100.000000
99.556619
100.000000
99.410166
100.000000
100.000000
99.781300
99.751785
100.000000
99.019730
100.000000
99.649522
98.456459
98.244182
100.000000
98.297349
99.456181
99.953338
99.951074
98.383073
99.789342
98.457454
99.986003
98.379502
98.930375
99.050892
99.894722
98.428346
99.401298
98.447611
99.420571
98.926840
99.893744
98.058530
99.025195
99.153747
99.013621
98.526009
100.000000
99.745287
98.982293
99.178733
100.000000
98.105871
100.000000
98.262954
99.373771
98.768068
99.290737
98.732001
99.845291
98.992569
99.713762
99.536196
100.000000
99.429827
100.000000
98.931934
99.657662
98.727393
99.502755
98.259817
100.000000
98.056862
99.851954
98.492121
99.796193
97.988845
99.894728
98.180290
99.840732
98.753725
99.987346
98.148803
100.000000
98.215893
99.486573
98.506744
99.699687
98.336827
100.000000
98.471825
99.720773
98.574794
99.709533
98.459068
100.000000
98.219937
99.984678
98.744569
99.782452
98.487107
99.703065
98.107364
99.625260
99.223069
99.175799
98.211459
99.413113
100.000000
98.238229
99.512022
99.735327
98.633458
100.000000
99.056540
99.993431
98.414465
100.000000
98.294258
100.000000
98.960361
100.000000
99.809879
100.000000
97.628751
99.424768
98.714881
100.000000
99.813185
96.596483
98.489611
100.000000
98.099029
100.000000
100.000000
100.000000
98.616999
100.000000
100.000000
100.000000
100.000000
96.436038
98.430153
100.000000
100.000000
100.000000
98.373541
96.463905
100.000000
100.000000
99.824206
100.000000
100.000000
100.000000
100.000000
100.000000
100.000000
100.000000
100.000000
100.000000
100.000000
100.000000
99.845593
100.000000
100.000000
96.624605
99.710809
100.000000
100.000000
100.000000
95.638301
100.000000
100.000000
100.000000
100.000000
100.000000
100.000000
96.265742
100.000000
100.000000
99.581201
100.000000
100.000000
94.892329
98.695858
100.000000
100.000000
100.000000
99.861752
97.255387
100.000000
100.000000
99.765548
100.000000
100.000000
96.663965
99.344748
100.000000
99.735179
100.000000
99.444954
95.820464
99.762706
100.000000
99.607328
100.000000
99.895057
100.000000
99.305915
100.000000
100.000000
100.000000
99.670177
98.702794
98.702139
100.000000
99.289780
100.000000
99.143339
96.755274
98.298305
99.848297
98.144034
99.771545
98.979385
96.283946
99.074377
99.668227
99.662730
98.948677
96.115871
94.060344
98.487858
99.035868
97.863838
98.802804
98.397761
94.346913
98.358033
99.202484
99.420560
99.751055
99.150607
97.528843
98.500848
99.313485
98.963796
99.479104
99.039825
95.476065
98.003200
99.973709
99.200309
99.484364
99.127138
98.549136
98.242049
99.947211
99.422662
100.000000
99.708626
96.331191
98.527304
100.000000
99.549683
100.000000
99.213989
96.979062
98.329631
100.000000
99.369068
100.000000
99.029130
99.293552
99.246444
100.000000
99.552230
100.000000
100.000000
99.588987
98.902551
100.000000
100.000000
100.000000
98.852112
95.524668
100.000000
99.932749
99.628773
99.315570
100.000000
96.238470
97.857823
99.906448
97.963563
100.000000
99.608915
97.411394
97.317807
99.774353
97.977628
99.545717
98.131096
97.099819
98.106247
99.919581
98.676134
99.944997
98.320029
97.503206
97.302779
100.000000
98.864908
100.000000
99.220203
99.087629
98.238715
100.000000
98.468628
100.000000
98.655078
95.174460
97.970499
100.000000
99.524344
100.000000
98.458616
95.282479
97.861981
100.000000
98.319980
100.000000
98.991586
96.576951
98.204430
100.000000
98.973592
100.000000
99.147794
98.841708
99.498636
100.000000
99.608128
100.000000
100.000000
98.026892
98.792577
100.000000
100.000000
99.192875
94.041949
97.276342
98.823386
100.000000
98.508461
100.000000
98.875759
96.562681
98.994031
100.000000
99.041057
100.000000
98.980199
98.562824
97.667460
100.000000
98.760207
100.000000
99.688506
97.594084
98.306741
100.000000
99.855209
100.000000
99.628708
99.538800
99.013346
100.000000
98.764067
100.000000
99.769602
96.762467
99.286237
100.000000
99.583212
100.000000
100.000000
99.179271
99.678890
100.000000
99.968104
100.000000
100.000000
98.806275
98.809376
100.000000
99.894513
100.000000
100.000000
99.973470
99.880794
100.000000
100.000000
100.000000
100.000000
99.397115
100.000000
100.000000
100.000000
99.456727
98.961273
98.921706
99.166901
100.000000
99.327090
100.000000
99.295973
98.177111
99.092431
100.000000
99.958857
100.000000
99.794789
99.634207
99.497793
100.000000
99.708440
100.000000
99.824465
98.248213
99.730414
100.000000
100.000000
100.000000
99.972022
98.221934
99.202227
100.000000
100.000000
100.000000
100.000000
97.737274
100.000000
100.000000
100.000000
100.000000
100.000000
96.872465
99.823631
100.000000
99.989240
100.000000
100.000000
97.472577
99.748398
100.000000
99.718725
100.000000
99.609920
100.000000
99.377127
100.000000
99.864248
100.000000
99.874030
99.194678
99.601628
100.000000
100.000000
99.943837
98.145068
99.307160
99.485789
100.000000
99.601725
100.000000
100.000000
98.590580
99.271263
100.000000
99.990540
100.000000
99.587784
99.615897
99.287212
100.000000
99.353150
100.000000
100.000000
97.937450
99.385163
100.000000
100.000000
100.000000
99.869202
98.606525
98.904255
100.000000
99.174778
100.000000
100.000000
100.000000
99.412967
100.000000
100.000000
100.000000
99.495099
100.000000
99.550210
100.000000
99.651120
100.000000
100.000000
99.022610
99.526266
100.000000
99.425048
100.000000
99.901099
98.951023
98.538509
100.000000
99.289051
100.000000
99.640276
99.686154
99.555760
100.000000
100.000000
99.284009
98.749664
98.513830
99.724205
100.000000
99.919118
100.000000
99.738016
97.072795
99.450514
100.000000
99.286977
100.000000
100.000000
99.273930
99.374617
100.000000
99.481635
100.000000
100.000000
98.255096
99.236996
100.000000
99.164019
99.966259
99.145558
98.240782
99.022850
100.000000
99.491150
100.000000
99.268839
99.676737
99.079330
100.000000
99.824859
99.878977
99.136143
98.702881
98.864726
100.000000
98.846675
100.000000
99.484177
98.265619
99.148107
100.000000
99.107084
100.000000
99.897347
97.708854
98.988627
100.000000
100.000000
100.000000
100.000000
98.347086
100.000000
100.000000
100.000000
99.825228
99.176342
96.521223
100.000000
100.000000
99.370952
100.000000
99.960728
96.971405
98.810928
100.000000
100.000000
100.000000
99.430707
97.513239
99.899924
100.000000
99.421415
100.000000
100.000000
99.062028
99.190851
100.000000
99.783149
100.000000
100.000000
99.283964
99.623073
100.000000
100.000000
100.000000
99.650203
98.292194
99.530042
100.000000
99.960444
100.000000
100.000000
98.168801
100.000000
100.000000
100.000000
100.000000
100.000000
97.417211
99.387771
100.000000
99.783294
100.000000
99.940488
100.000000
100.000000
100.000000
99.906491
100.000000
99.759189
96.416353
99.686862
100.000000
100.000000
100.000000
97.751726
99.731684
100.000000
100.000000
100.000000
100.000000
100.000000
98.962563
99.814799
100.000000
100.000000
100.000000
100.000000
100.000000
99.625603
100.000000
100.000000
100.000000
100.000000
98.381618
99.665977
100.000000
99.911071
100.000000
99.757349
97.967272
100.000000
100.000000
99.515012
100.000000
99.780287
100.000000
99.338973
100.000000
99.968088
100.000000
100.000000
100.000000
99.749643
100.000000
100.000000
100.000000
100.000000
100.000000
100.000000
100.000000
100.000000
100.000000
100.000000
98.580273
99.511184
100.000000
100.000000
100.000000
100.000000
97.221304
99.053064
100.000000
100.000000
99.335856
97.185127
97.211028
99.146074
100.000000
99.494704
100.000000
99.736265
97.570544
98.695889
100.000000
98.555844
100.000000
98.772837
97.407419
98.654653
100.000000
99.180843
100.000000
99.325267
97.655329
99.194950
100.000000
98.937243
99.986834
99.488783
97.666811
99.341585
100.000000
99.546807
100.000000
99.895526
97.122082
98.913877
100.000000
99.444554
100.000000
99.522995
98.276631
99.286958
100.000000
99.523590
100.000000
99.688529
99.461809
99.201394
100.000000
99.946166
100.000000
99.977075
97.082506
99.313222
100.000000
100.000000
100.000000
99.882625
98.297757
99.465458
100.000000
100.000000
99.810692
97.004609
96.971982
98.800135
100.000000
99.470627
100.000000
99.651061
96.263689
98.965175
100.000000
98.601609
100.000000
99.556565
97.711617
98.573571
100.000000
99.392976
100.000000
99.529065
96.201142
98.861572
100.000000
99.289080
100.000000
98.644175
96.572711
98.112412
100.000000
98.690604
100.000000
98.512174
97.773824
97.577218
100.000000
98.549171
100.000000
98.808422
97.043457
98.140490
100.000000
99.036309
100.000000
99.599937
96.383868
98.146582
100.000000
99.306215
100.000000
99.351474
96.961939
99.175575
100.000000
99.291426
100.000000
99.894010
98.910498
98.892599
100.000000
100.000000
99.570070
96.324849
99.437516
99.290491
100.000000
99.386316
100.000000
100.000000
98.088364
99.262780
100.000000
99.554067
100.000000
100.000000
97.879797
98.576299
100.000000
99.928906
100.000000
99.419722
97.610714
99.549399
100.000000
99.434211
100.000000
100.000000
97.532587
99.306059
100.000000
99.487642
100.000000
100.000000
99.282378
99.685822
100.000000
100.000000
100.000000
100.000000
99.275301
99.582082
100.000000
100.000000
100.000000
100.000000
98.723451
100.000000
100.000000
100.000000
100.000000
100.000000
99.923817
100.000000
100.000000
100.000000
100.000000
100.000000
99.109332
100.000000
100.000000
100.000000
100.000000
100.000000
100.000000
100.000000
100.000000
100.000000
100.000000
100.000000
100.000000
100.000000
100.000000
100.000000
100.000000
100.000000
99.956607
100.000000
100.000000
100.000000
100.000000
100.000000
100.000000
100.000000
100.000000
100.000000
100.000000
100.000000
100.000000
100.000000
100.000000
100.000000
100.000000
100.000000
98.874499
100.000000
100.000000
100.000000
100.000000
100.000000
99.312476
100.000000
100.000000
100.000000
100.000000
100.000000
98.565511
100.000000
100.000000
100.000000
100.000000
100.000000
99.054186
100.000000
100.000000
100.000000
100.000000
100.000000
100.000000
100.000000
100.000000
100.000000
100.000000
99.577734
99.749756
100.000000
100.000000
100.000000
100.000000
100.000000
99.171769
100.000000
100.000000
100.000000
100.000000
100.000000
99.226118
100.000000
100.000000
100.000000
100.000000
100.000000
100.000000
100.000000
100.000000
100.000000
100.000000
100.000000
100.000000
100.000000
100.000000
100.000000
100.000000
100.000000
100.000000
100.000000
100.000000
100.000000
100.000000
100.000000
100.000000
100.000000
100.000000
100.000000
100.000000
100.000000
99.726805
100.000000
100.000000
100.000000
100.000000
100.000000
99.459108
100.000000
100.000000
100.000000
100.000000
100.000000
99.971954
100.000000
100.000000
100.000000
100.000000
99.915421
98.801411
100.000000
100.000000
100.000000
100.000000
100.000000
98.362852
100.000000
100.000000
100.000000
100.000000
100.000000
99.296251
100.000000
100.000000
100.000000
100.000000
100.000000
99.738037
100.000000
100.000000
100.000000
100.000000
100.000000
99.007251
100.000000
100.000000
100.000000
100.000000
100.000000
99.734947
100.000000
100.000000
100.000000
100.000000
100.000000
100.000000
100.000000
100.000000
100.000000
100.000000
100.000000
100.000000
100.000000
100.000000
100.000000
100.000000
100.000000
97.568376
100.000000
100.000000
100.000000
100.000000
100.000000
96.992382
100.000000
100.000000
100.000000
100.000000
97.546674
97.070082
100.000000
100.000000
100.000000
100.000000
100.000000
98.009538
100.000000
100.000000
100.000000
100.000000
100.000000
100.000000
100.000000
100.000000
100.000000
100.000000
100.000000
99.558312
97.762195
100.000000
99.297852
100.000000
100.000000
91.517860
99.041806
100.000000
100.000000
100.000000
99.584789
96.314491
99.715715
100.000000
99.165251
99.720758
99.882698
93.464584
99.774067
100.000000
100.000000
99.753540
98.292160
96.500549
97.780917
99.945420
98.535004
99.911378
98.437591
93.920313
98.802940
100.000000
98.511543
99.291030
98.799529
98.568326
99.045656
99.944027
99.998482
98.953095
98.175759
96.464865
99.388098
99.526628
99.493843
99.560397
99.389340
97.472796
98.468412
100.000000
98.807561
99.957260
99.018161
98.291708
98.772479
100.000000
98.313271
99.162603
98.341361
98.291300
98.813862
99.887685
99.053943
99.432825
98.632912
99.463659
98.399575
100.000000
99.731438
100.000000
99.719675
94.942251
98.470796
100.000000
100.000000
100.000000
99.741575
94.488863
99.450286
100.000000
100.000000
100.000000
99.868543
95.977976
99.650079
100.000000
99.573401
100.000000
100.000000
100.000000
99.779589
100.000000
100.000000
100.000000
100.000000
100.000000
100.000000
100.000000
100.000000
100.000000
100.000000
100.000000
99.617497
100.000000
100.000000
100.000000
100.000000
99.004258
100.000000
100.000000
100.000000
100.000000
100.000000
100.000000
100.000000
100.000000
99.929990
100.000000
100.000000
100.000000
99.234826
100.000000
100.000000
100.000000
100.000000
99.420919
99.432112
100.000000
100.000000
100.000000
100.000000
100.000000
98.869357
100.000000
100.000000
100.000000
99.407983
99.257916
99.153205
99.266606
99.231469
99.858108
99.891442
97.503288
100.000000
100.000000
100.000000
100.000000
100.000000
98.297244
100.000000
100.000000
100.000000
100.000000
100.000000
100.000000
100.000000
100.000000
100.000000
100.000000
98.889670
98.584011
100.000000
100.000000
100.000000
100.000000
100.000000
99.413827
100.000000
100.000000
100.000000
100.000000
100.000000
100.000000
100.000000
100.000000
100.000000
100.000000
100.000000
100.000000
100.000000
100.000000
100.000000
100.000000
100.000000
100.000000
100.000000
100.000000
100.000000
100.000000
100.000000
100.000000
100.000000
100.000000
100.000000
100.000000
100.000000
100.000000
100.000000
100.000000
100.000000
100.000000
100.000000
100.000000
100.000000
100.000000
100.000000
100.000000
100.000000
100.000000
100.000000
100.000000
100.000000
100.000000
100.000000
100.000000
100.000000
100.000000
100.000000
100.000000
98.536040
98.419492
100.000000
100.000000
100.000000
100.000000
100.000000
100.000000
100.000000
100.000000
100.000000
100.000000
100.000000
100.000000
100.000000
100.000000
100.000000
100.000000
100.000000
97.574267
100.000000
100.000000
100.000000
100.000000
100.000000
99.537702
100.000000
100.000000
100.000000
100.000000
100.000000
100.000000
100.000000
100.000000
100.000000
100.000000
100.000000
99.903510
100.000000
100.000000
100.000000
100.000000
100.000000
96.793429
100.000000
100.000000
100.000000
100.000000
100.000000
98.305996
100.000000
100.000000
100.000000
100.000000
100.000000
97.231632
100.000000
100.000000
100.000000
100.000000
97.875464
99.652251
100.000000
100.000000
100.000000
100.000000
100.000000
97.085483
100.000000
100.000000
100.000000
100.000000
100.000000
99.545536
100.000000
100.000000
100.000000
100.000000
100.000000
99.374225
100.000000
100.000000
100.000000
100.000000
100.000000
97.105832
100.000000
100.000000
100.000000
100.000000
100.000000
99.805799
100.000000
100.000000
100.000000
100.000000
100.000000
99.177806
100.000000
100.000000
100.000000
100.000000
100.000000
100.000000
100.000000
100.000000
100.000000
100.000000
100.000000
100.000000
100.000000
100.000000
100.000000
100.000000
100.000000
100.000000
100.000000
100.000000
100.000000
100.000000
99.555688
98.075407
100.000000
100.000000
100.000000
100.000000
100.000000
96.781098
100.000000
100.000000
100.000000
100.000000
100.000000
100.000000
100.000000
100.000000
100.000000
100.000000
100.000000
99.283996
100.000000
100.000000
100.000000
100.000000
100.000000
99.339099
100.000000
100.000000
99.612396
100.000000
100.000000
98.838514
99.896806
100.000000
100.000000
100.000000
100.000000
98.466244
99.738494
100.000000
100.000000
100.000000
100.000000
100.000000
100.000000
100.000000
100.000000
100.000000
98.418349
98.266570
99.957074
100.000000
100.000000
100.000000
100.000000
98.597300
99.735019
100.000000
97.635266
96.650027
95.454381
95.291915
96.920011
97.917014
97.271458
97.594918
97.184400
95.659698
98.350883
99.373955
99.054274
99.435665
98.842414
96.974588
99.266398
99.615705
98.734199
99.015902
99.459995
96.049907
98.796130
99.563693
99.182242
99.336036
99.189713
97.582159
98.883689
99.505083
99.218703
99.707635
99.338640
93.245779
99.377100
100.000000
99.306931
99.558541
99.435661
96.487891
99.158577
99.545956
98.963576
99.849429
99.767129
94.885414
98.548294
100.000000
99.339653
99.426466
98.834820
97.159956
98.416285
99.541513
98.802053
99.843181
98.783448
97.382135
98.605264
99.085363
99.607893
98.982605
93.712924
92.093374
98.061028
99.976328
98.614060
99.769173
99.260328
98.290571
98.683959
99.525316
98.734460
99.879513
98.856707
97.745301
98.448152
99.604954
98.676353
99.367799
99.490740
98.601602
98.406658
99.486851
98.782102
99.242072
98.091075
98.793572
98.243141
99.238794
98.508525
99.748607
98.557289
98.113396
98.023633
99.576101
98.763672
99.934753
98.843584
98.743538
98.331407
99.984046
99.388402
99.562223
99.054718
98.740267
98.788235
100.000000
99.166727
100.000000
99.039737
98.840157
98.751323
100.000000
98.464053
100.000000
99.695625
97.229932
98.785158
100.000000
100.000000
99.332194
98.372493
97.743073
98.139994
99.538852
99.199245
99.973735
98.538081
98.692110
98.225018
99.515337
98.802008
100.000000
98.266174
95.505086
98.074888
99.883049
98.191288
100.000000
99.427649
97.306724
96.951030
99.533633
99.119833
99.849594
98.471397
97.766496
97.744825
99.916118
98.101102
99.867368
98.192464
97.342277
97.069877
99.620579
97.850726
99.882146
98.361419
97.869115
97.349999
100.000000
98.423933
100.000000
98.173307
97.560415
97.169971
100.000000
98.474532
100.000000
98.712499
97.834043
97.708956
100.000000
98.809505
100.000000
98.621075
96.691550
98.290958
99.605960
99.472508
98.613422
97.773073
97.296477
97.085199
99.576412
98.146184
99.883103
98.167346
97.913735
97.140171
99.647447
98.123006
99.365893
98.064883
96.537615
97.145989
99.673840
98.345210
99.483963
98.152006
97.831583
97.309522
99.362102
98.168661
99.552467
98.191346
96.257537
97.360476
99.362451
98.147865
99.534885
98.362017
96.587378
97.039593
99.286131
98.124798
99.557025
97.925808
97.046943
97.171999
100.000000
98.556320
99.637306
98.889839
96.998803
98.081439
99.261693
98.033723
99.345769
97.891018
97.663042
97.567905
99.853233
98.451592
99.711406
99.044376
96.255083
98.184178
99.966550
99.763234
98.782276
96.885790
97.265866
98.605995
99.788541
98.729500
99.828495
98.474107
98.112690
98.165629
99.955778
98.439066
99.702205
98.927131
97.589421
98.540450
99.856699
98.781808
100.000000
99.392025
98.859537
98.630135
100.000000
99.468884
100.000000
99.337119
97.878676
99.286455
100.000000
99.729880
100.000000
99.529354
98.261634
99.492881
100.000000
99.274562
100.000000
100.000000
97.885151
99.203539
100.000000
100.000000
100.000000
99.581442
97.361629
99.458188
100.000000
99.774585
100.000000
99.592960
98.562841
99.115946
100.000000
99.720545
100.000000
100.000000
97.523933
99.277173
100.000000
100.000000
99.827087
98.364913
97.184973
99.851676
100.000000
100.000000
100.000000
100.000000
98.451858
99.792217
100.000000
99.592041
100.000000
100.000000
97.093402
99.314226
100.000000
99.924766
100.000000
99.868207
97.784917
99.295885
100.000000
98.993331
100.000000
99.629426
99.033767
98.684047
100.000000
99.440966
100.000000
99.435607
97.687440
98.985454
100.000000
99.352315
100.000000
99.619878
98.831194
98.225489
100.000000
98.749137
100.000000
99.439582
98.514855
97.704630
100.000000
98.280822
100.000000
98.801854
98.233347
97.244449
100.000000
98.869983
99.932609
98.580228
93.988132
98.219440
100.000000
100.000000
99.137449
97.005124
96.536857
98.322061
100.000000
99.434428
100.000000
99.208173
95.985729
98.436763
100.000000
98.863741
100.000000
99.439161
98.582186
98.406917
100.000000
99.836365
100.000000
100.000000
99.099668
99.862705
100.000000
99.843837
100.000000
100.000000
97.870369
99.251868
100.000000
100.000000
100.000000
100.000000
100.000000
100.000000
100.000000
100.000000
100.000000
100.000000
99.740293
100.000000
100.000000
100.000000
100.000000
100.000000
100.000000
100.000000
100.000000
100.000000
100.000000
100.000000
100.000000
100.000000
100.000000
100.000000
100.000000
100.000000
100.000000
100.000000
100.000000
100.000000
100.000000
100.000000
99.395960
100.000000
100.000000
100.000000
100.000000
100.000000
100.000000
100.000000
100.000000
100.000000
100.000000
100.000000
99.715428
100.000000
100.000000
100.000000
100.000000
100.000000
100.000000
100.000000
100.000000
100.000000
100.000000
100.000000
100.000000
100.000000
100.000000
100.000000
100.000000
100.000000
100.000000
100.000000
100.000000
100.000000
100.000000
100.000000
100.000000
100.000000
100.000000
100.000000
100.000000
100.000000
100.000000
100.000000
100.000000
100.000000
100.000000
100.000000
100.000000
100.000000
100.000000
100.000000
100.000000
100.000000
99.970885
100.000000
100.000000
100.000000
100.000000
98.375461
99.118204
100.000000
100.000000
100.000000
100.000000
99.526884
99.318109
99.729992
100.000000
99.936261
100.000000
100.000000
98.434105
99.032348
100.000000
100.000000
100.000000
99.989989
98.182319
99.017286
100.000000
99.801239
100.000000
99.177115
96.514027
98.401836
100.000000
99.321878
100.000000
99.017780
98.585034
99.304155
100.000000
99.611120
100.000000
99.739688
98.197619
98.740544
100.000000
98.447030
100.000000
98.429790
96.031453
97.925220
100.000000
98.376286
100.000000
99.081251
98.767235
98.935630
100.000000
99.367191
100.000000
99.647878
98.289936
98.949184
100.000000
100.000000
99.991369
99.202293
97.775119
99.336256
100.000000
99.777033
100.000000
99.736345
98.125796
99.432612
100.000000
99.648613
100.000000
100.000000
97.256876
98.759731
100.000000
100.000000
100.000000
100.000000
96.851201
99.532892
100.000000
100.000000
100.000000
100.000000
99.839719
100.000000
100.000000
100.000000
100.000000
100.000000
99.535814
100.000000
100.000000
100.000000
100.000000
100.000000
97.180136
100.000000
100.000000
100.000000
100.000000
100.000000
99.110799
100.000000
100.000000
100.000000
100.000000
100.000000
99.027494
99.777977
100.000000
100.000000
100.000000
100.000000
97.730539
99.461102
100.000000
100.000000
100.000000
100.000000
98.632743
100.000000
100.000000
100.000000
100.000000
100.000000
99.529248
100.000000
100.000000
100.000000
100.000000
100.000000
99.946779
100.000000
100.000000
100.000000
100.000000
100.000000
99.871610
100.000000
100.000000
100.000000
100.000000
99.730478
97.036862
100.000000
100.000000
100.000000
100.000000
100.000000
99.106245
99.941017
100.000000
99.533945
100.000000
100.000000
98.916770
99.477868
100.000000
100.000000
100.000000
100.000000
98.080180
100.000000
100.000000
100.000000
100.000000
100.000000
100.000000
100.000000
100.000000
100.000000
100.000000
100.000000
99.192134
100.000000
100.000000
100.000000
100.000000
99.035869
97.422599
100.000000
100.000000
100.000000
100.000000
100.000000
100.000000
99.911606
100.000000
100.000000
100.000000
100.000000
98.302955
100.000000
100.000000
100.000000
100.000000
100.000000
99.266685
100.000000
100.000000
100.000000
100.000000
100.000000
99.909695
100.000000
100.000000
100.000000
100.000000
100.000000
98.834643
100.000000
100.000000
100.000000
100.000000
100.000000
100.000000
100.000000
100.000000
100.000000
100.000000
100.000000
100.000000
100.000000
100.000000
100.000000
100.000000
100.000000
100.000000
100.000000
100.000000
100.000000
100.000000
100.000000
99.012699
100.000000
100.000000
100.000000
100.000000
98.583547
99.645719
100.000000
100.000000
100.000000
100.000000
100.000000
100.000000
100.000000
100.000000
100.000000
100.000000
100.000000
100.000000
100.000000
100.000000
100.000000
100.000000
100.000000
99.357712
100.000000
100.000000
100.000000
100.000000
100.000000
98.977537
100.000000
100.000000
100.000000
100.000000
100.000000
99.057209
100.000000
100.000000
100.000000
100.000000
100.000000
99.200369
100.000000
100.000000
100.000000
100.000000
100.000000
97.710808
100.000000
100.000000
100.000000
100.000000
100.000000
99.033803
99.917007
100.000000
100.000000
100.000000
100.000000
98.852383
100.000000
100.000000
100.000000
100.000000
97.703613
98.168007
100.000000
100.000000
100.000000
100.000000
100.000000
100.000000
100.000000
100.000000
100.000000
100.000000
100.000000
100.000000
100.000000
100.000000
100.000000
100.000000
100.000000
100.000000
100.000000
100.000000
100.000000
100.000000
100.000000
99.035005
100.000000
100.000000
100.000000
100.000000
100.000000
99.075803
100.000000
100.000000
100.000000
100.000000
100.000000
97.954578
99.949741
100.000000
100.000000
100.000000
99.962983
97.175677
99.263909
100.000000
99.677845
100.000000
99.655163
98.536848
99.534189
100.000000
100.000000
100.000000
100.000000
97.969700
99.883001
100.000000
100.000000
100.000000
100.000000
