95.846654
94.673654
96.809713
95.054784
96.521148
95.177801
96.575169
94.627437
96.814003
94.829366
96.679745
95.277721
96.787389
94.530489
96.937384
94.502055
96.782617
95.051037
96.554388
94.416082
97.440351
94.257274
96.556131
95.091097
96.967003
94.339827
96.947303
94.800283
96.898181
95.084019
96.708879
94.171448
97.121622
94.433371
96.711670
94.570970
96.876078
94.453813
97.078949
94.032084
97.100303
95.471959
96.607508
94.243124
97.456401
94.595275
96.985956
94.857030
96.700113
94.532555
97.186739
94.650432
97.206643
95.315518
96.765868
94.285961
97.267286
96.879482
94.908705
96.813498
97.331043
94.501712
97.373026
94.388566
96.966261
94.547574
97.297428
94.243969
97.195861
94.318933
97.221088
94.593675
97.082657
94.665276
97.368423
93.927893
97.395796
95.113491
96.968706
94.346040
97.595418
94.923963
97.374196
94.145194
96.628353
94.757492
97.086375
93.535318
97.682064
95.236391
96.458659
94.202495
98.009523
93.894594
97.914541
94.673963
97.640072
94.020098
98.073660
94.138975
97.780046
95.015688
96.132050
95.149634
98.338506
93.740248
97.270618
95.703650
97.398301
92.979684
97.894472
94.911011
98.539303
94.989244
93.986649
94.603901
98.103558
97.341363
94.189237
98.738679
97.010024
94.660700
98.298931
94.713135
96.973189
95.869698
96.922336
92.296899
98.617310
94.567430
97.707895
94.577466
95.780325
94.583917
97.367195
94.983529
97.384838
94.416380
96.320623
94.049691
97.304237
93.313957
97.191458
93.973285
96.066931
93.563422
96.939789
93.812833
96.652698
94.315930
96.747161
93.726184
96.352771
93.046779
96.287764
94.382685
96.121850
93.227029
96.185710
93.318107
96.161200
93.756503
95.800306
92.818392
96.592828
93.285666
96.349442
93.579976
95.464573
93.824118
96.717806
93.740660
96.608900
94.762307
96.370123
93.066132
96.668003
97.513815
94.125166
95.876920
98.163463
94.799259
97.904083
95.027168
98.152884
96.179562
95.731478
95.557865
98.567804
96.282305
98.677336
96.087330
98.482935
94.886626
100.000000
96.379047
99.256253
97.372036
96.888373
95.976452
99.384174
95.734013
99.133088
97.203591
100.000000
94.644025
97.403742
96.991484
99.663700
97.410821
97.750342
98.005495
99.448240
97.893735
99.390877
97.808761
99.063109
98.198152
99.750308
98.263215
99.892273
98.540938
98.350697
98.109501
100.000000
97.368482
99.558198
98.856305
98.876121
97.916708
99.866466
97.659579
99.918321
97.585770
98.118461
97.864085
99.597481
99.376718
98.430668
99.086139
99.357230
98.005647
99.454996
97.942388
99.305947
98.469248
99.584808
97.605977
99.957299
98.016712
99.668642
98.592467
100.000000
97.592993
99.711954
98.354369
99.777805
98.709303
99.697653
97.599101
100.000000
98.183712
99.458101
98.621806
100.000000
98.554006
100.000000
97.648894
99.682003
99.564307
100.000000
97.059301
100.000000
98.911639
100.000000
98.603007
100.000000
99.327423
100.000000
98.466015
100.000000
98.930503
100.000000
98.343022
100.000000
98.766533
99.289592
97.506735
100.000000
97.824090
100.000000
97.508672
100.000000
97.428561
95.573269
98.957125
100.000000
100.000000
99.271741
97.957499
99.965606
99.028096
100.000000
98.500923
100.000000
99.537865
97.304437
98.636957
100.000000
98.492826
99.976690
98.802062
100.000000
99.378080
100.000000
98.314920
100.000000
98.819513
98.792638
99.490308
100.000000
98.335973
100.000000
98.754470
99.680812
98.855053
100.000000
98.433732
100.000000
97.507092
92.967729
97.615773
100.000000
97.711539
99.731416
99.112412
98.025523
97.610894
99.853362
97.375534
100.000000
98.970479
96.446534
96.991619
100.000000
97.943413
99.372989
99.132957
99.439251
98.066785
99.518088
98.301877
100.000000
98.886843
98.262290
98.137045
99.613849
99.482253
99.116663
97.840927
94.642160
97.359822
99.728521
97.222240
98.914543
97.825225
98.315273
97.718001
99.042727
97.760083
98.675666
98.683022
97.398877
96.926438
98.891157
98.371992
98.790372
97.783526
99.172381
97.826327
98.742752
98.543029
99.069074
97.518537
96.389085
97.163875
99.168479
97.614352
98.399070
97.943079
99.347403
97.672015
98.613021
97.511032
99.129904
98.328372
97.325668
97.738351
98.913008
98.627905
98.673654
98.331185
98.266221
98.143229
98.728944
97.847970
98.768247
98.129345
98.780735
98.394950
99.043891
98.567683
98.674715
98.242676
97.450591
97.984351
98.894509
98.612286
97.983670
97.338861
93.252933
97.552579
98.907306
98.120440
98.690879
98.961410
94.651490
98.446182
98.616530
98.401103
98.416170
98.327613
97.141680
97.754414
98.762112
97.957586
98.560137
98.320406
95.920961
98.403304
99.243515
98.644933
98.860290
98.563292
95.556030
97.357163
98.983902
97.687412
98.700467
98.113553
96.289150
97.435866
98.747084
97.270847
98.558980
97.887789
97.155412
97.360119
99.091822
97.638314
99.273734
98.247143
92.370367
98.475657
99.101524
98.653725
98.874027
98.189454
97.481965
97.939249
98.866368
97.979033
98.606880
97.824546
99.309325
98.069491
98.553322
98.603787
97.914814
95.589691
99.513710
97.162105
98.541169
98.718299
99.137629
98.724204
94.534922
98.660606
99.288745
98.809109
99.336391
98.733620
93.605826
97.613304
98.728960
97.867348
98.285641
97.809503
96.742091
97.386960
98.757422
97.963414
99.036594
98.133894
95.545570
97.752981
99.117027
97.875338
98.586465
97.373632
97.902090
96.911349
98.482738
97.781004
98.944500
98.032540
97.981946
97.696397
98.791011
98.360897
98.631320
98.152648
98.307003
97.789004
98.739259
98.168560
98.345290
97.973057
97.216304
97.586543
99.506338
98.327205
98.712325
98.833384
96.835587
97.617901
98.806751
98.575613
98.122859
99.238064
98.929605
97.668620
98.877225
97.919424
98.672853
98.317722
98.718918
97.973761
99.016295
98.174662
98.626166
98.428471
98.474906
97.898346
98.943089
98.785665
99.046761
98.100124
98.918471
98.032373
98.888229
98.517446
98.754765
98.659920
97.592390
97.855545
98.880425
98.292541
98.728484
98.577800
98.163916
98.116414
98.897793
98.039550
98.805703
98.462860
98.041734
98.335163
98.876660
98.199623
98.867260
98.424790
98.268787
98.029452
99.013841
98.158429
98.689367
98.633229
98.124044
97.939455
98.972111
98.122311
98.822843
98.455706
97.929423
98.211986
98.953644
99.102696
98.140673
98.035736
98.260729
98.088669
99.475861
98.332348
99.059451
98.866095
98.154277
97.972043
99.260847
98.741668
99.106986
98.598632
98.228246
98.256354
98.982112
98.093019
99.212353
98.367198
98.571084
98.116239
99.254672
98.429122
99.112689
98.552099
98.622103
98.001030
99.350071
98.657025
99.241377
98.746898
98.976816
98.046806
99.149029
98.693879
98.975591
98.562165
99.020180
97.780522
99.500721
98.686775
99.049883
98.580851
98.942898
97.903042
99.062965
98.187473
99.086902
98.498715
98.761097
97.755567
99.142494
98.168647
98.879791
98.128975
97.977925
98.167766
98.911340
98.827644
98.317241
97.825618
98.341546
98.295886
99.389254
98.350523
98.915461
98.614877
98.606956
98.197366
99.264161
98.473814
99.143289
98.342075
98.138487
97.906036
99.060822
98.104497
99.194186
98.465601
98.850533
97.844234
99.138825
98.399338
99.113649
98.339872
98.312963
97.640582
99.507938
98.174634
99.254077
98.353909
98.609900
98.001656
99.007209
98.381527
99.286113
98.214683
97.782831
97.505748
99.401238
98.269970
98.677704
98.555956
96.923996
97.926437
99.451363
98.842701
99.070696
98.691067
97.253529
97.697974
99.102669
98.029994
98.759824
98.543345
97.127825
97.907864
98.934162
99.118501
98.244400
97.231010
98.834861
98.063229
98.946464
98.529617
99.238610
98.810912
98.432280
97.597066
99.192555
98.329303
98.827468
98.509251
99.004751
97.810938
98.989533
98.078200
99.239068
97.712039
97.650107
97.873003
99.199579
98.255187
99.475761
98.413455
97.452472
97.622285
98.990048
98.476348
99.068799
98.558773
96.223590
97.245659
99.299534
97.684641
99.249872
98.087565
97.605932
97.207545
99.156973
97.795907
99.115247
98.521741
97.994484
97.711412
98.892243
98.265524
99.157053
98.322947
98.651089
97.978555
98.994548
98.470041
98.928836
98.340872
97.828079
97.948326
99.233989
99.123173
98.342412
98.156681
98.421246
98.433887
99.074566
98.091397
98.938675
98.111383
98.918405
98.172586
99.151808
97.961187
99.132191
98.621452
99.607177
97.929654
99.092457
98.175248
99.170035
98.324637
97.904478
97.913537
98.882274
97.908414
99.454997
98.143410
97.687551
97.751332
99.073157
98.296626
98.800516
98.555418
98.448348
97.628729
98.910560
98.344079
98.932613
98.350349
98.749552
98.112565
99.026247
98.138238
99.291489
98.319840
98.361449
97.478882
99.167766
98.141933
99.058158
98.272553
98.282622
98.080887
99.114560
97.965349
98.820457
98.399842
97.982339
97.654345
99.173441
99.267025
98.264668
97.829810
98.723448
98.022775
99.077784
98.299025
98.984524
98.268034
98.212940
97.851854
99.152522
98.284509
98.967167
98.489710
98.210946
97.674587
99.145969
98.573969
98.933283
98.452458
98.263677
97.880539
99.133139
98.417432
99.150491
98.442028
98.299467
97.377210
99.443329
98.117915
98.752363
98.186356
98.113754
97.750047
99.048482
98.004599
99.265250
97.887711
96.647788
97.550808
99.154160
98.173201
99.434258
98.113954
96.717565
96.839228
99.241802
98.081953
98.542406
98.269217
98.575222
96.742378
99.135758
97.730858
98.823109
98.192683
96.303483
97.252620
98.784808
99.022988
97.959572
99.510138
97.093230
97.744992
99.245349
98.200932
99.082029
98.341630
97.573449
97.654879
98.695156
97.801493
99.290789
98.017821
97.719377
97.550889
98.744257
98.040617
98.894239
97.945307
98.017148
97.898757
98.785259
98.028953
98.913587
98.096759
98.362948
98.053228
99.265256
98.172198
99.217876
98.684229
97.265237
97.222051
99.426736
97.762816
99.247036
98.166607
98.265304
97.470225
99.351405
98.156032
99.102784
98.437246
97.672518
98.343892
99.347022
98.242140
99.219342
98.868908
96.983123
97.942701
99.194083
98.266188
99.074423
98.437323
97.104934
98.224870
98.723404
98.834934
98.009089
97.275693
98.340630
98.127249
98.961207
97.792809
98.800608
98.274690
97.272695
97.429720
99.258566
98.092585
99.136911
98.475417
97.731573
97.307351
99.298081
97.962302
98.971073
98.588028
97.412575
97.715490
98.652449
97.823311
98.894522
97.952288
96.995536
97.631337
99.174000
97.677057
99.271939
98.557978
97.352067
96.946744
98.623631
97.982052
99.319520
100.000000
94.682556
100.000000
100.000000
99.448244
100.000000
99.532804
98.317931
100.000000
100.000000
100.000000
100.000000
100.000000
100.000000
100.000000
100.000000
100.000000
100.000000
100.000000
100.000000
100.000000
100.000000
100.000000
100.000000
100.000000
100.000000
100.000000
100.000000
100.000000
100.000000
100.000000
100.000000
100.000000
100.000000
100.000000
100.000000
100.000000
98.611345
99.868488
100.000000
100.000000
100.000000
100.000000
100.000000
99.926942
100.000000
100.000000
100.000000
100.000000
100.000000
99.481747
100.000000
100.000000
100.000000
100.000000
98.647942
99.898477
100.000000
100.000000
100.000000
100.000000
100.000000
100.000000
100.000000
100.000000
100.000000
100.000000
100.000000
100.000000
100.000000
100.000000
100.000000
100.000000
99.370594
100.000000
100.000000
100.000000
100.000000
100.000000
100.000000
100.000000
100.000000
100.000000
100.000000
98.088512
99.091812
100.000000
100.000000
100.000000
100.000000
100.000000
96.419717
99.609231
100.000000
100.000000
100.000000
100.000000
100.000000
100.000000
100.000000
100.000000
100.000000
100.000000
99.394015
99.964798
100.000000
100.000000
100.000000
100.000000
100.000000
100.000000
100.000000
100.000000
100.000000
100.000000
99.604548
100.000000
100.000000
99.994807
100.000000
100.000000
100.000000
100.000000
100.000000
100.000000
100.000000
99.874282
99.176617
100.000000
100.000000
99.845616
100.000000
100.000000
98.084987
99.807843
100.000000
100.000000
100.000000
99.810515
97.461206
100.000000
100.000000
100.000000
100.000000
99.696688
98.952055
100.000000
100.000000
99.629734
100.000000
100.000000
99.787045
99.784790
100.000000
99.816703
100.000000
99.802366
99.835615
99.785313
100.000000
99.687992
100.000000
99.888037
98.201404
99.088262
100.000000
99.128212
100.000000
99.904048
99.185744
98.949103
100.000000
98.972547
99.684968
99.688306
98.093857
98.947286
100.000000
99.103567
99.831836
99.975591
99.117437
99.439659
100.000000
99.043593
99.798399
99.950247
99.156455
99.405922
100.000000
99.333204
100.000000
99.979006
99.109085
99.290501
100.000000
98.982049
99.828573
99.697530
98.818675
99.889899
100.000000
100.000000
99.914556
98.791870
99.274423
99.252351
99.921285
99.191410
99.863593
99.291215
99.237060
99.031041
100.000000
98.996489
99.750111
99.736481
99.211253
98.935980
100.000000
98.985436
100.000000
99.709562
99.203342
98.902761
100.000000
99.593644
100.000000
99.406662
98.448982
99.273748
100.000000
99.351064
100.000000
99.565043
97.301716
99.003098
100.000000
99.266555
99.878411
99.982860
100.000000
99.545846
99.962795
98.677630
100.000000
100.000000
98.436375
98.222713
99.804385
98.927462
99.369645
99.799011
99.904941
99.699386
100.000000
100.000000
100.000000
99.042502
99.510627
100.000000
100.000000
100.000000
100.000000
100.000000
100.000000
100.000000
100.000000
99.305118
100.000000
100.000000
98.421999
99.748560
100.000000
99.458939
100.000000
100.000000
100.000000
99.797052
100.000000
100.000000
100.000000
100.000000
100.000000
99.182696
100.000000
99.165127
100.000000
100.000000
99.532450
99.477321
100.000000
98.718618
100.000000
99.360419
98.214896
97.995322
100.000000
97.922208
99.272277
99.634617
99.641220
98.061440
99.164317
98.178072
99.576275
97.952154
98.549854
98.719966
99.342692
98.195517
99.036417
98.058651
99.068045
98.610615
99.634402
97.800724
98.785897
98.895344
98.710230
98.293314
99.688405
99.613595
98.834412
99.039907
100.000000
98.040830
99.900035
98.020739
99.250314
98.351852
99.124045
98.410978
99.673843
98.770469
99.514608
99.328686
99.896497
99.219504
99.937403
98.767068
99.386752
98.469546
99.285625
97.982034
99.803468
97.799672
99.304466
98.279092
99.539193
97.706854
99.510045
97.748509
99.295237
98.574814
99.659231
97.829352
99.992028
98.042524
99.453555
98.294643
99.343603
98.047524
99.754963
98.217807
99.589641
98.311410
99.395402
98.098240
100.000000
97.991907
99.814483
98.439950
99.395629
98.023907
99.234888
97.632123
99.140558
98.724261
98.801810
97.886207
98.843757
99.520379
98.015718
99.250249
99.553117
98.301377
100.000000
98.847235
100.000000
97.690626
100.000000
97.316505
100.000000
98.199122
100.000000
99.136772
100.000000
97.494121
98.915329
98.602913
100.000000
99.439073
96.333371
98.381079
100.000000
98.068290
99.531984
100.000000
100.000000
98.318935
100.000000
100.000000
100.000000
99.614329
96.133792
97.424156
100.000000
100.000000
100.000000
97.700897
96.172817
100.000000
100.000000
98.771307
100.000000
100.000000
100.000000
100.000000
100.000000
100.000000
100.000000
100.000000
100.000000
100.000000
100.000000
99.477546
100.000000
100.000000
96.486198
98.452876
100.000000
100.000000
100.000000
95.584829
100.000000
100.000000
100.000000
99.800349
100.000000
100.000000
96.042198
99.163495
100.000000
98.879913
100.000000
100.000000
94.868015
97.803500
100.000000
99.637643
100.000000
98.729811
97.242006
99.588855
100.000000
99.087859
100.000000
99.033078
96.689374
98.642339
100.000000
98.833604
100.000000
98.638756
95.789772
99.060857
100.000000
98.876486
100.000000
98.994669
100.000000
99.085421
100.000000
99.754751
100.000000
98.782486
98.626913
97.770345
100.000000
98.466448
99.951072
98.260020
96.643713
97.393454
100.000000
97.181228
99.721520
98.659435
96.407025
98.430235
99.351619
99.364733
97.262328
96.182644
94.091921
97.704880
98.945622
97.472801
98.721284
97.898431
94.431778
97.421435
99.253508
98.884273
99.527334
98.721636
97.522957
97.911672
98.923342
98.075470
99.404656
98.512622
95.447079
96.873719
100.000000
98.001286
99.543548
99.182423
98.458849
96.899427
99.990651
98.599880
100.000000
99.087892
96.334913
97.774376
100.000000
98.803804
100.000000
98.661870
97.025560
97.668515
100.000000
98.981122
99.625293
98.500787
99.180575
98.398363
100.000000
98.908621
100.000000
99.838713
99.536263
98.213128
100.000000
99.918909
99.885537
98.312517
95.464541
99.016039
99.530349
99.150996
98.660177
100.000000
96.051796
97.038877
99.520916
97.217367
99.542326
98.759298
97.537213
96.486405
99.419273
97.202940
99.206975
97.652683
97.154673
97.169217
99.649713
97.843461
99.465577
97.386526
97.543279
96.431761
100.000000
97.540825
100.000000
98.347562
99.113735
97.063981
100.000000
97.614559
99.940907
97.751047
95.052555
96.889049
100.000000
98.663375
100.000000
97.616266
95.193578
96.802435
99.688092
97.563246
99.737693
98.212168
96.466193
97.432447
100.000000
98.094809
99.894751
98.353686
98.716813
98.572423
100.000000
98.196640
99.547527
99.491990
97.813752
97.784069
100.000000
99.990280
98.274839
93.717957
97.281097
97.690475
100.000000
97.912146
99.931455
98.032319
96.483571
98.005879
100.000000
98.046463
100.000000
98.488311
98.538759
96.490857
100.000000
97.633723
100.000000
99.200896
97.624655
97.004332
100.000000
98.722038
100.000000
98.563460
99.492946
97.413903
100.000000
97.662630
99.747713
99.123366
96.543260
98.389690
100.000000
98.679069
100.000000
99.622560
98.950880
98.839078
100.000000
99.141810
100.000000
99.588316
98.490479
97.836280
100.000000
98.932227
100.000000
99.698519
99.643733
99.206772
100.000000
100.000000
100.000000
99.921225
99.002456
99.885420
100.000000
100.000000
98.869763
98.564466
98.733817
98.521562
99.712934
98.743713
100.000000
98.839815
98.084572
98.597263
99.975410
99.298098
100.000000
99.070927
99.534888
98.720958
100.000000
99.224433
100.000000
99.122752
98.253151
98.959338
100.000000
99.365564
100.000000
99.464759
98.272229
98.688230
100.000000
99.274957
100.000000
99.861574
97.664256
99.515328
100.000000
99.564144
100.000000
99.547419
96.749338
99.341630
100.000000
99.311564
100.000000
99.627736
97.489484
99.149274
100.000000
99.030889
100.000000
99.308525
100.000000
98.862368
100.000000
99.255272
100.000000
99.610312
99.113591
99.065091
100.000000
100.000000
99.596079
98.054370
99.307160
99.385285
100.000000
98.761292
100.000000
99.527228
98.526538
99.022167
100.000000
99.317119
100.000000
99.042786
99.577117
99.026887
100.000000
98.765297
99.886156
99.394727
97.843119
99.217572
100.000000
99.699796
100.000000
99.147324
98.551330
98.700108
99.904323
98.614834
99.667660
99.751812
100.000000
99.321131
100.000000
99.834009
100.000000
99.048035
100.000000
99.486894
100.000000
99.095299
100.000000
99.335703
98.987493
99.361935
100.000000
98.847583
100.000000
99.388898
98.893500
98.518729
100.000000
98.680525
99.923756
99.281727
99.570441
99.054305
100.000000
99.947534
98.942737
98.687327
98.624232
99.164735
100.000000
99.112924
100.000000
99.365940
97.118273
98.776822
100.000000
98.892703
99.944529
99.947914
99.227699
98.929272
100.000000
99.047317
100.000000
99.432551
98.212660
98.754064
100.000000
98.920019
99.653574
98.797967
98.129395
98.353529
100.000000
98.795853
99.920918
98.708453
99.596019
98.437712
100.000000
98.993879
99.718404
98.600688
98.659248
98.165371
99.969919
98.440953
99.718162
98.856937
98.210407
98.605191
100.000000
98.703791
100.000000
99.516082
97.710786
98.611848
100.000000
99.576435
100.000000
99.771016
98.351027
99.673116
100.000000
99.812353
98.995834
99.120501
96.506192
99.475860
100.000000
98.613517
99.950190
99.049694
96.921610
97.852243
100.000000
99.384727
99.726834
99.022512
97.497346
99.222340
100.000000
98.704343
99.749068
99.877662
99.047128
98.506446
100.000000
99.147851
100.000000
99.716308
99.208521
98.773873
100.000000
99.404812
99.840110
98.900535
98.247841
98.793315
100.000000
99.340869
100.000000
99.764097
98.058597
99.864334
100.000000
99.525716
100.000000
100.000000
97.342403
98.799704
100.000000
98.938955
100.000000
99.034946
100.000000
99.650830
100.000000
99.386098
100.000000
99.001766
96.265420
99.196244
100.000000
100.000000
99.679173
97.531306
99.713556
99.596877
100.000000
99.823993
100.000000
99.911086
98.784154
99.128698
100.000000
99.524822
100.000000
99.540637
100.000000
99.181829
100.000000
99.554924
100.000000
99.872801
98.211344
99.305822
100.000000
99.302417
100.000000
99.469479
97.870208
99.636695
100.000000
98.872234
99.885537
99.299023
99.975056
98.864272
100.000000
99.374048
100.000000
99.710241
100.000000
99.017167
100.000000
99.532876
100.000000
100.000000
100.000000
100.000000
100.000000
100.000000
100.000000
99.640812
98.555201
98.833894
100.000000
99.895802
100.000000
99.538376
97.184394
97.888191
99.974314
100.000000
98.952466
96.856514
96.800354
97.679767
100.000000
98.651008
99.956108
98.753439
97.210781
97.777992
99.590603
97.879391
99.813949
97.833736
97.085621
97.936071
99.637331
98.444696
99.556560
98.683541
97.385993
98.626179
100.000000
98.289088
99.949059
98.728054
97.659543
98.330239
100.000000
98.706480
99.995829
99.235786
97.022857
98.303886
100.000000
98.756612
100.000000
98.976349
98.185820
98.553112
100.000000
98.909876
100.000000
99.235089
99.436276
98.609504
100.000000
99.501596
100.000000
99.452337
97.043621
98.520873
100.000000
99.253961
100.000000
99.260236
98.405110
98.839930
100.000000
100.000000
99.143783
96.962279
96.775608
97.699545
100.000000
98.529845
100.000000
99.088203
96.028489
98.154019
100.000000
97.698663
100.000000
98.558106
97.415657
97.879917
100.000000
98.754205
99.833111
98.912570
96.043305
97.949383
99.859875
98.476315
99.544310
98.001221
96.562626
97.358980
100.000000
97.533686
99.766147
97.870049
97.650944
96.879308
99.747550
97.624680
99.574912
97.912587
96.892069
97.428024
100.000000
98.355772
100.000000
99.012875
96.364326
97.383154
99.655127
98.301132
100.000000
98.661590
96.868224
98.759466
100.000000
98.670409
100.000000
99.550834
98.805477
98.357549
100.000000
100.000000
98.858430
96.245412
99.333161
98.478270
100.000000
98.488148
100.000000
98.973888
97.982693
98.064153
100.000000
98.981768
100.000000
99.883393
97.979670
97.479966
100.000000
99.060331
100.000000
98.751823
97.415405
98.186137
100.000000
98.693078
100.000000
99.039678
97.407896
98.112937
100.000000
98.856695
100.000000
99.686354
99.283374
98.641960
100.000000
99.708621
100.000000
99.708838
99.293092
98.403796
100.000000
100.000000
100.000000
100.000000
98.730584
98.944200
100.000000
100.000000
100.000000
99.966974
99.870927
99.517336
100.000000
99.858586
100.000000
100.000000
99.068244
100.000000
100.000000
100.000000
100.000000
100.000000
100.000000
100.000000
100.000000
100.000000
100.000000
100.000000
100.000000
100.000000
100.000000
100.000000
100.000000
100.000000
99.806671
100.000000
100.000000
100.000000
100.000000
100.000000
100.000000
100.000000
100.000000
100.000000
100.000000
100.000000
100.000000
99.994314
100.000000
100.000000
100.000000
100.000000
98.559731
99.553728
100.000000
99.643977
100.000000
99.974810
99.067462
99.216331
100.000000
99.294556
100.000000
100.000000
98.289857
98.994286
100.000000
99.602911
100.000000
99.935289
98.748877
99.643362
100.000000
100.000000
100.000000
100.000000
99.940192
100.000000
100.000000
100.000000
100.000000
99.415886
99.585836
100.000000
100.000000
100.000000
100.000000
100.000000
99.063963
100.000000
100.000000
100.000000
100.000000
100.000000
99.068842
99.451427
100.000000
100.000000
100.000000
100.000000
100.000000
100.000000
100.000000
100.000000
100.000000
100.000000
100.000000
100.000000
100.000000
100.000000
100.000000
100.000000
100.000000
100.000000
100.000000
100.000000
100.000000
100.000000
100.000000
100.000000
100.000000
100.000000
100.000000
100.000000
99.658201
99.984171
100.000000
100.000000
100.000000
100.000000
99.422547
99.689752
100.000000
100.000000
100.000000
100.000000
99.840876
100.000000
100.000000
100.000000
100.000000
99.773083
98.642711
99.092437
100.000000
99.954383
100.000000
100.000000
98.264655
99.503757
100.000000
100.000000
100.000000
100.000000
99.285894
99.915219
100.000000
100.000000
100.000000
100.000000
99.701698
100.000000
100.000000
100.000000
100.000000
100.000000
99.066169
100.000000
100.000000
100.000000
100.000000
100.000000
99.680440
99.899419
100.000000
100.000000
100.000000
100.000000
100.000000
100.000000
100.000000
100.000000
100.000000
100.000000
100.000000
100.000000
100.000000
100.000000
100.000000
100.000000
97.433813
99.292082
100.000000
100.000000
100.000000
100.000000
96.838239
99.310836
100.000000
100.000000
100.000000
97.429424
96.914860
100.000000
100.000000
99.986594
100.000000
100.000000
97.643673
100.000000
100.000000
100.000000
100.000000
100.000000
100.000000
100.000000
100.000000
100.000000
100.000000
100.000000
99.071382
96.724315
99.905383
98.331749
100.000000
99.352387
91.253682
97.863624
100.000000
99.404975
99.978136
98.359449
96.090265
98.647274
100.000000
98.505963
98.944511
99.088350
93.246143
98.951130
100.000000
99.375593
99.401730
97.924977
96.557439
96.736195
99.804987
98.034825
99.665835
97.768845
93.852389
98.084988
99.557770
98.194706
99.019030
98.081931
98.546339
98.335334
99.625611
99.700447
98.281662
98.029284
96.315639
98.815755
99.265324
99.149098
99.607692
99.031452
97.544748
98.213821
99.812554
98.186594
99.813273
98.440636
98.281843
98.102087
100.000000
97.936592
99.273100
98.007746
98.239139
97.815265
99.810996
98.593394
99.243430
98.138568
99.403532
97.684932
100.000000
98.682364
100.000000
99.211144
94.907402
97.288321
100.000000
99.179088
100.000000
98.718805
94.329015
98.581760
100.000000
99.083273
100.000000
98.740725
95.987811
98.704164
100.000000
98.942581
100.000000
99.203279
100.000000
98.595103
100.000000
99.515067
100.000000
99.843339
100.000000
99.965447
100.000000
100.000000
100.000000
100.000000
99.932479
98.778611
100.000000
100.000000
100.000000
99.840961
98.711951
99.650337
100.000000
100.000000
100.000000
99.419564
99.873237
100.000000
100.000000
99.038306
100.000000
100.000000
100.000000
98.390694
100.000000
100.000000
100.000000
100.000000
99.166934
98.493288
100.000000
99.720003
100.000000
100.000000
100.000000
98.358617
100.000000
100.000000
100.000000
98.843879
98.927067
98.451737
98.791235
98.668325
99.364142
99.586401
97.363365
99.938153
100.000000
100.000000
100.000000
100.000000
98.237420
100.000000
100.000000
100.000000
100.000000
100.000000
100.000000
100.000000
100.000000
100.000000
100.000000
98.807242
98.187510
100.000000
100.000000
100.000000
100.000000
100.000000
99.248252
100.000000
100.000000
100.000000
100.000000
100.000000
100.000000
100.000000
100.000000
100.000000
100.000000
100.000000
100.000000
100.000000
100.000000
100.000000
100.000000
100.000000
100.000000
100.000000
100.000000
100.000000
100.000000
100.000000
100.000000
100.000000
100.000000
100.000000
100.000000
100.000000
100.000000
100.000000
100.000000
100.000000
100.000000
100.000000
99.872066
100.000000
100.000000
100.000000
100.000000
100.000000
100.000000
100.000000
100.000000
100.000000
100.000000
100.000000
100.000000
100.000000
100.000000
100.000000
100.000000
97.985360
97.726768
100.000000
100.000000
100.000000
100.000000
100.000000
100.000000
100.000000
100.000000
100.000000
100.000000
100.000000
100.000000
100.000000
100.000000
100.000000
100.000000
100.000000
97.583617
100.000000
100.000000
100.000000
100.000000
100.000000
99.557143
100.000000
100.000000
100.000000
100.000000
100.000000
100.000000
100.000000
100.000000
100.000000
100.000000
100.000000
99.937222
100.000000
100.000000
100.000000
100.000000
100.000000
96.645583
100.000000
100.000000
100.000000
100.000000
100.000000
98.306300
100.000000
100.000000
100.000000
100.000000
100.000000
97.178390
100.000000
100.000000
100.000000
100.000000
97.670882
99.587962
100.000000
100.000000
100.000000
100.000000
100.000000
97.060739
100.000000
100.000000
100.000000
100.000000
100.000000
99.348851
100.000000
100.000000
100.000000
100.000000
100.000000
99.197571
100.000000
100.000000
100.000000
100.000000
99.991252
96.885152
99.978644
100.000000
100.000000
100.000000
100.000000
99.466325
100.000000
100.000000
100.000000
100.000000
100.000000
98.946877
100.000000
100.000000
100.000000
100.000000
100.000000
99.882850
99.753439
100.000000
100.000000
100.000000
100.000000
99.837876
100.000000
100.000000
100.000000
100.000000
100.000000
99.975759
100.000000
100.000000
100.000000
100.000000
98.886798
97.399077
98.839779
100.000000
100.000000
100.000000
100.000000
96.139730
99.069316
100.000000
99.429047
100.000000
99.179983
99.512664
98.237457
100.000000
98.665141
100.000000
98.725600
98.706698
98.487837
100.000000
98.604642
100.000000
98.832263
98.761233
99.607494
100.000000
98.640559
100.000000
99.499376
98.199312
98.959372
100.000000
99.604101
100.000000
98.840222
97.793462
98.860587
100.000000
99.590693
100.000000
99.645630
99.584224
99.235879
100.000000
99.985812
100.000000
97.382423
97.828338
99.118932
100.000000
99.576358
100.000000
100.000000
98.158253
98.890631
99.670344
96.820979
95.553365
95.254853
95.150372
96.563983
97.620203
96.802438
97.348940
96.778882
95.305922
98.271461
98.782626
98.452146
99.057544
98.538824
96.704363
98.734551
99.355529
98.334362
98.840491
99.198758
95.977714
98.203400
99.335218
98.752615
99.071693
98.836467
97.458412
98.366921
99.170671
98.942468
99.624787
99.093056
93.104101
98.850027
99.951263
99.315573
99.329480
99.193582
96.451417
98.544210
99.254161
98.481633
99.931330
99.209568
94.827738
97.783522
99.823075
98.812290
99.413035
98.704141
97.062767
97.656503
99.187667
98.699933
99.511949
98.219889
97.245528
98.082762
98.821111
99.366874
98.826743
93.620042
91.909315
97.298650
99.594642
98.239468
99.478551
98.537830
98.098326
97.882544
99.134082
98.086629
99.820000
98.166031
97.546745
97.530793
99.295480
98.042419
99.135243
99.059213
98.429497
97.541703
99.366083
98.541419
99.087125
97.758146
98.742107
97.506201
98.849777
97.813733
99.483553
97.789866
97.951209
97.556298
99.471718
98.009753
99.756229
98.378571
98.509504
97.930893
99.677345
98.523174
99.212631
98.519121
98.535389
98.163836
100.000000
98.399982
99.818095
98.471553
98.629541
97.989713
99.990199
97.717264
100.000000
99.175193
96.958502
97.815058
99.930059
99.904764
98.752254
98.135151
97.735784
96.785928
99.292148
98.467970
99.645096
97.837484
98.464420
97.223301
99.258356
98.036540
100.000000
97.654060
95.283000
97.439289
99.579252
97.493971
99.913460
98.427348
97.313675
96.161268
99.111347
98.294476
99.052211
97.285625
97.741691
97.215816
99.490466
96.895255
99.466756
97.377323
97.267569
96.805854
99.463680
97.047098
99.262323
97.859160
97.808898
96.866528
99.811912
97.708471
99.646613
97.403464
97.520688
96.319866
100.000000
97.365585
99.609576
97.897889
97.697842
97.296828
100.000000
97.910467
99.702112
97.705845
96.656298
97.372106
99.690862
99.668360
97.972973
97.745916
97.446727
96.377154
99.588665
97.242750
99.104087
97.793849
98.032371
96.234496
99.461802
97.219258
99.099385
97.369316
96.634218
96.378897
99.649203
97.386409
98.918853
97.682873
97.841730
96.464548
99.315531
97.207748
98.835021
97.702426
96.314735
96.519530
99.300487
97.099979
99.236899
97.961261
96.680196
95.938015
99.230210
97.178597
99.033179
97.410377
97.098280
95.802975
100.000000
97.998571
99.142137
97.985920
97.003150
97.059653
98.815906
96.895031
98.890297
96.850207
97.527478
96.567833
99.900114
97.655389
99.421459
98.219786
96.134141
97.045223
100.000000
99.884981
98.091226
96.846558
97.391081
97.754474
99.740135
97.676943
99.692956
97.921034
98.073643
97.187705
99.582467
97.524074
99.246207
98.108831
97.464507
97.535925
99.861220
98.122801
100.000000
98.744269
98.671317
97.713807
100.000000
98.642810
99.746043
98.603964
97.720805
98.216961
100.000000
98.991203
100.000000
98.612269
98.132827
98.595308
100.000000
98.441436
100.000000
99.108814
97.719727
97.697434
100.000000
99.202687
100.000000
98.608681
97.264737
98.324784
100.000000
98.893895
100.000000
98.768573
98.300784
98.298185
100.000000
98.826642
100.000000
98.905100
97.223771
98.308152
100.000000
100.000000
99.011884
98.273768
96.685865
99.128248
100.000000
99.247599
100.000000
99.621744
97.945337
98.944723
100.000000
98.815860
100.000000
99.906857
96.583039
98.553796
100.000000
99.066886
100.000000
99.180520
97.193519
98.471643
100.000000
98.433612
100.000000
98.865779
98.545435
97.887944
100.000000
98.754115
99.987552
98.739521
97.428870
98.485916
100.000000
98.619629
100.000000
99.195654
98.603361
97.571424
99.668928
98.193603
100.000000
98.937868
98.288053
96.964971
99.881701
97.795505
99.668452
98.291454
98.000818
96.490289
99.372348
98.179291
99.483338
97.734156
93.444201
97.538223
99.518742
99.638676
98.628952
96.423946
96.318535
97.479518
100.000000
98.724548
99.789732
98.544020
95.822730
97.730704
99.916339
98.196952
100.000000
98.859456
98.465482
97.705725
100.000000
99.067403
100.000000
99.436040
98.977348
99.107209
100.000000
99.197552
100.000000
100.000000
97.400242
98.158230
100.000000
99.957902
100.000000
100.000000
100.000000
99.781530
100.000000
100.000000
100.000000
100.000000
99.571250
100.000000
100.000000
100.000000
100.000000
100.000000
100.000000
100.000000
100.000000
100.000000
100.000000
100.000000
99.682098
99.876441
100.000000
100.000000
100.000000
100.000000
99.980300
100.000000
100.000000
100.000000
100.000000
100.000000
98.479623
100.000000
100.000000
100.000000
100.000000
100.000000
100.000000
100.000000
100.000000
100.000000
100.000000
100.000000
99.191478
100.000000
100.000000
100.000000
100.000000
100.000000
100.000000
100.000000
100.000000
100.000000
100.000000
100.000000
100.000000
100.000000
100.000000
100.000000
100.000000
100.000000
100.000000
100.000000
100.000000
100.000000
100.000000
100.000000
100.000000
100.000000
100.000000
100.000000
100.000000
100.000000
100.000000
100.000000
100.000000
100.000000
100.000000
100.000000
99.776836
100.000000
100.000000
100.000000
100.000000
100.000000
99.426778
100.000000
100.000000
100.000000
99.798457
97.898910
98.757392
100.000000
100.000000
99.718837
100.000000
98.981227
99.268462
98.806939
100.000000
99.350762
100.000000
99.602207
98.200265
98.073642
100.000000
99.554853
100.000000
99.442832
97.676070
97.619166
100.000000
98.543436
100.000000
98.199271
96.111808
97.336204
99.981456
98.339083
100.000000
97.897843
98.273641
98.422175
100.000000
98.729085
100.000000
98.426194
97.702041
97.750152
100.000000
97.856289
99.884964
97.474355
95.407025
96.815688
99.869121
97.394548
99.675500
97.466308
98.197686
98.135435
100.000000
98.309070
100.000000
98.617514
97.781385
98.701213
100.000000
100.000000
98.847395
98.920570
97.304234
98.148943
100.000000
99.238760
99.826736
98.625205
97.798054
98.473813
100.000000
99.209506
100.000000
99.189562
96.969460
97.767529
100.000000
99.319523
100.000000
99.572312
96.307647
98.951614
100.000000
99.706507
100.000000
100.000000
99.378020
99.544834
100.000000
100.000000
100.000000
100.000000
99.082575
99.391905
100.000000
100.000000
100.000000
99.014358
96.779193
99.691827
100.000000
99.914764
100.000000
99.292448
98.686001
99.574158
100.000000
99.747426
100.000000
99.654621
98.679223
99.307427
100.000000
99.741124
100.000000
99.947762
97.412708
98.587447
100.000000
100.000000
99.706230
100.000000
98.393104
100.000000
100.000000
100.000000
100.000000
100.000000
99.558883
99.816956
100.000000
99.522999
100.000000
100.000000
99.906006
99.833798
100.000000
99.512644
100.000000
100.000000
99.810817
98.956003
100.000000
100.000000
100.000000
99.144208
96.841914
99.216887
100.000000
99.247683
100.000000
100.000000
98.922960
99.076851
100.000000
99.075605
100.000000
99.587008
98.763283
98.816474
100.000000
100.000000
100.000000
99.982623
98.036956
99.582221
100.000000
100.000000
100.000000
100.000000
100.000000
99.738013
100.000000
100.000000
100.000000
100.000000
99.161894
100.000000
100.000000
100.000000
100.000000
99.062661
97.103584
100.000000
100.000000
100.000000
100.000000
99.908601
100.000000
99.157303
100.000000
99.331978
100.000000
99.664710
97.949836
99.648980
100.000000
99.493269
100.000000
99.725430
99.067069
99.912044
100.000000
100.000000
100.000000
100.000000
99.790244
99.443047
100.000000
100.000000
100.000000
100.000000
98.665236
100.000000
100.000000
100.000000
100.000000
100.000000
100.000000
100.000000
100.000000
100.000000
100.000000
100.000000
100.000000
100.000000
100.000000
100.000000
100.000000
100.000000
99.953659
100.000000
100.000000
100.000000
100.000000
100.000000
98.795649
99.781420
100.000000
100.000000
100.000000
98.396543
99.290729
99.965490
100.000000
99.667241
100.000000
100.000000
99.882836
100.000000
100.000000
100.000000
100.000000
100.000000
100.000000
100.000000
100.000000
100.000000
100.000000
100.000000
98.979779
99.735696
100.000000
100.000000
100.000000
100.000000
98.765065
100.000000
100.000000
100.000000
100.000000
100.000000
98.795100
100.000000
100.000000
100.000000
100.000000
100.000000
98.920960
100.000000
100.000000
100.000000
100.000000
100.000000
97.327483
99.739802
100.000000
99.591655
100.000000
99.657438
98.531446
99.187268
100.000000
99.638447
100.000000
99.656502
98.611390
99.648529
100.000000
100.000000
100.000000
97.531744
97.948614
99.234607
100.000000
99.801270
100.000000
100.000000
100.000000
100.000000
100.000000
100.000000
100.000000
100.000000
100.000000
100.000000
100.000000
100.000000
100.000000
100.000000
100.000000
100.000000
100.000000
100.000000
100.000000
100.000000
98.560648
100.000000
100.000000
100.000000
100.000000
100.000000
98.418835
100.000000
100.000000
100.000000
100.000000
100.000000
97.318611
99.066730
100.000000
99.554301
100.000000
99.219226
96.803399
98.483605
100.000000
98.798077
99.799869
98.942282
98.251515
99.001358
100.000000
99.743454
100.000000
99.552944
97.542984
99.337074
100.000000
100.000000
100.000000
100.000000
