96.178972
96.046601
95.981448
96.833376
95.130042
95.173171
94.999999
95.359993
95.314783
95.245669
95.334916
95.571779
95.901151
95.560811
95.467335
96.146102
95.664432
95.736391
96.019336
95.730607
96.079548
96.079089
95.385730
95.913202
96.543156
95.233751
95.058570
95.900562
95.351838
95.905279
96.050775
95.442676
95.654725
96.256864
95.103745
95.176238
96.312879
95.474558
95.087379
94.948828
95.238580
95.565590
95.706065
95.027172
95.399737
95.978502
95.222306
95.344241
95.982949
95.972401
95.690246
96.449700
95.701318
95.891165
95.404801
94.980702
95.059859
95.146938
94.939043
95.420080
97.083662
96.018007
96.469766
96.969695
95.820560
95.244526
96.024316
94.997160
95.155662
95.420375
95.981551
95.851839
96.485805
96.391990
95.875161
96.377198
95.848143
96.511303
96.585060
95.537203
95.562113
96.902641
95.624030
95.550498
96.061073
97.016723
95.610222
96.217646
96.255437
96.375591
96.198265
95.644426
96.532081
96.138671
96.871767
96.191333
97.181525
95.570985
96.114425
96.914755
96.182982
96.530483
95.801162
97.196717
97.082890
97.063171
95.298748
97.305069
97.122932
94.774603
95.943615
97.803863
97.082207
96.369084
93.218068
96.107687
95.371483
95.832926
94.472290
97.553722
96.963048
96.862415
96.833287
96.908506
95.134538
97.054623
96.069299
94.174864
96.559210
96.841379
96.479688
96.051462
95.235052
96.273422
95.577852
97.982284
96.255600
95.970279
95.973985
96.164559
96.006701
96.643899
96.432091
95.404440
95.884871
94.905580
95.004051
96.142591
94.707013
95.366968
96.488208
95.468109
94.275402
95.384872
94.273508
95.004212
95.825576
94.301640
94.644087
95.323257
94.793880
94.736657
95.483561
94.185368
94.526484
95.549898
94.474612
94.114654
95.130052
95.641495
94.778693
96.327644
94.611769
95.541113
95.869172
94.185882
94.078708
96.771839
94.022793
95.379367
97.829956
97.416390
96.549495
98.287697
96.592817
96.756964
95.028514
96.677423
95.868288
98.265738
96.289424
97.086821
98.434542
97.292832
98.467776
99.569093
97.166054
98.471294
96.782478
98.052916
97.910340
97.651303
98.285425
98.631785
99.552995
93.867481
94.523754
97.233394
97.484039
96.327751
96.208694
96.867697
96.447996
97.772814
97.005322
97.288273
97.965822
97.217317
96.746833
98.458415
98.044381
98.288230
97.344388
98.328296
98.492672
97.822699
97.681540
98.691349
97.773979
97.775287
97.687599
98.202793
98.268296
97.116777
96.440182
97.876074
97.915581
97.875281
97.944075
97.635133
98.019589
96.910858
96.671240
97.913524
96.707782
98.013083
97.581313
97.835343
97.890623
98.691814
97.258610
98.108480
100.000000
98.217238
97.766949
99.491163
98.052832
98.612556
99.305336
97.927535
98.127583
99.284559
97.756743
98.759200
99.859489
98.992552
98.797840
99.163399
98.166318
100.000000
100.000000
98.269038
99.072737
100.000000
99.029183
98.869391
100.000000
99.671940
98.955044
99.711258
100.000000
99.726398
100.000000
99.023998
99.261868
99.769597
96.849542
97.058189
100.000000
98.789855
97.527828
98.633088
99.333529
97.142853
94.605681
99.826576
100.000000
98.702096
99.858432
97.188045
99.371364
99.459426
99.436953
99.526976
98.953702
99.394781
96.429575
99.380546
99.939081
99.569034
98.719012
98.893458
100.000000
99.804030
98.759400
99.354996
99.777309
98.972934
98.654982
100.000000
99.203451
99.424361
99.972746
98.974055
99.331774
99.016274
98.238104
99.696093
99.382502
97.894461
92.596610
98.591094
98.676536
98.420378
97.713984
99.275201
97.815051
98.600105
98.401253
98.163730
99.330875
99.587038
95.907577
97.825545
99.474519
99.025638
98.043234
99.417512
99.054890
98.627270
98.581914
99.156365
98.930870
98.745338
97.923397
98.934116
98.476701
98.173543
99.111978
97.554530
94.310098
98.223442
99.029303
98.932840
97.033816
96.875318
97.889737
98.530692
98.285597
97.456337
97.940598
98.904169
97.442432
97.661002
97.651557
99.136544
98.190542
98.012359
99.416698
98.102794
97.874293
99.011452
98.916851
97.800098
96.585443
98.057713
98.996883
98.342853
97.616916
98.101838
99.549867
98.142460
98.009371
98.746328
98.767699
98.842275
97.584196
98.006158
98.137789
99.090009
97.953471
98.099648
98.508062
98.572678
98.250669
98.629995
98.314455
98.325536
99.174410
98.491554
98.553287
99.028848
97.890344
98.248491
97.616833
98.075078
98.524102
98.286358
97.858227
97.560190
93.136641
97.708247
98.168054
98.906223
97.697390
97.838750
94.277232
99.147262
97.922116
98.531571
98.064428
98.422596
97.230381
98.262503
98.409915
98.072193
98.348617
98.360420
96.225058
99.041425
98.196233
99.516116
97.160521
98.204872
95.821960
98.073937
98.130674
98.230502
97.960998
97.703967
96.566356
97.428793
97.751302
98.472592
97.847349
98.302128
97.518590
97.647794
98.365327
98.573398
98.167493
98.922548
92.796559
98.485189
97.981824
98.516524
97.317627
98.118588
97.640121
98.083469
97.883484
98.308431
97.985601
97.439393
99.260633
97.783682
97.832653
98.094077
97.947102
95.501063
99.624128
97.327654
97.727313
99.121127
98.178418
98.729777
94.965427
98.732535
98.271587
98.694012
97.866385
98.086260
93.922939
97.808391
97.805731
97.145723
97.418498
97.534290
96.871587
97.718966
98.101934
98.681363
98.732000
98.264008
95.799886
97.956813
98.828370
98.367881
98.705112
97.718285
98.193270
97.577352
97.728186
98.350327
98.672476
98.415700
98.332058
97.756843
97.898271
99.134229
97.956599
98.355273
98.622098
97.821258
97.522268
98.395996
97.479962
97.924354
97.664295
98.943436
98.843786
99.342322
97.505784
98.514146
97.237355
98.378660
98.387328
97.784658
98.009619
98.832691
98.991575
98.012840
98.108551
98.007214
97.784721
97.903154
97.502476
98.005405
98.199037
98.093171
97.967417
98.449587
98.332047
98.306473
98.055968
99.176268
98.346873
98.158041
98.963509
98.325495
98.155389
98.764732
98.128158
98.864936
97.699375
98.244892
98.135674
98.556608
98.209897
98.976915
98.302746
98.616976
98.299903
98.679532
98.435383
98.744809
98.247187
98.544831
98.304274
98.754009
98.643253
98.638795
98.395648
97.990409
98.095004
98.728790
98.055419
98.817439
98.208116
98.582613
98.532770
98.897458
98.159089
98.589651
97.883166
98.106988
98.072141
98.498361
97.918943
97.730688
98.113339
98.540229
98.956206
98.525853
98.422028
98.807137
97.799113
98.291608
98.128786
98.252720
98.202186
98.393445
98.251010
98.957136
98.511969
98.717126
98.692997
98.590039
98.537514
98.475394
98.358394
98.602729
98.349195
98.672627
98.596364
98.690848
98.310810
99.309110
98.467836
98.708247
98.967446
98.531025
98.335369
98.782700
98.139190
98.455001
99.061160
98.258286
98.459167
98.991653
98.227642
98.415489
99.048264
98.343863
98.171686
98.538502
98.545784
98.522079
98.623866
97.990219
98.103834
98.561159
98.041618
98.131749
97.616695
98.666318
98.135100
98.365521
98.006398
97.525575
98.289217
98.667631
98.571114
98.392894
98.401820
98.476955
98.053209
98.458299
98.261387
98.627032
98.571103
98.370881
98.170648
98.763964
98.889928
98.720472
98.779701
98.693799
98.904251
98.639971
98.401006
98.782820
98.666260
98.461486
98.374997
98.476421
98.899461
98.598293
98.734636
98.458352
98.711749
98.709041
98.301970
99.059967
97.986387
98.058143
97.960060
98.712472
98.674375
98.320834
97.464118
98.434623
97.125748
98.184778
97.605359
98.634740
97.435796
98.158397
96.934400
98.392788
97.952175
97.689840
97.537659
97.944473
96.201842
98.346811
97.890516
98.540607
97.912172
96.585391
98.860203
98.553606
97.971928
98.673283
98.683845
98.744692
97.974850
98.163348
98.195848
98.303425
98.135776
98.715278
99.055972
98.791215
98.271150
98.630323
98.743904
97.899321
97.791688
98.843936
98.773651
98.726849
98.984951
98.981082
97.721913
98.317004
97.785253
98.936322
98.200553
98.770347
96.360008
98.194122
98.566462
98.250322
98.500854
98.480279
97.577137
97.866965
98.364970
97.928795
98.254453
98.753740
98.053121
98.328938
97.998281
98.488642
98.157360
98.271415
98.496957
98.099756
97.788022
98.892420
97.900578
98.304979
97.473091
98.734926
98.122527
98.284162
98.378967
97.766404
98.143266
98.719268
98.258691
98.476449
98.174728
98.000652
97.980289
98.374997
98.215808
97.811474
98.318085
98.738277
99.592013
98.414799
98.171806
98.584109
98.650323
98.561781
97.810255
98.614305
98.216290
98.506462
98.841676
98.328572
97.732792
98.735008
98.209344
98.790169
98.093164
98.811305
98.517152
98.081853
97.770719
98.501788
98.031496
98.478721
98.840990
98.765525
98.046879
98.567439
98.248897
98.438872
98.290508
98.086731
98.567399
98.625967
98.057184
97.841708
98.256453
98.706850
98.508108
98.560656
98.064325
98.374022
97.829418
98.279033
98.390413
98.518458
98.411774
97.540960
98.450671
98.381558
98.323370
98.485319
98.188861
98.096131
97.530579
98.364001
98.374805
98.263424
98.337266
98.665313
98.098889
98.423550
98.318316
98.897701
98.308802
98.517572
98.275034
98.336943
98.195348
98.506890
98.359157
98.695494
98.458404
98.590986
98.972374
98.929033
98.166550
98.219441
98.257438
98.492455
98.491839
98.369608
98.647836
97.926529
96.908413
98.340481
98.200373
98.582726
98.404139
97.747259
96.842368
97.527029
97.740945
98.478335
97.467137
97.827003
98.354105
97.892878
98.215371
98.582226
97.109324
97.605623
95.384260
98.046312
97.824761
97.939762
97.532836
98.986535
97.184477
98.783938
97.779587
98.774741
97.667399
98.268780
97.213349
99.021754
98.463023
98.452101
98.364491
98.095674
97.677529
98.123698
98.388116
98.115445
98.488416
98.416095
98.249282
98.565622
98.097273
98.444586
98.075185
98.483103
98.648410
98.859696
98.171553
98.736217
98.437048
98.555757
97.498991
97.716749
98.570473
98.303232
98.439232
98.737948
98.412665
97.897093
97.850632
98.682757
97.734674
97.710820
97.665277
98.939027
98.225469
98.823037
97.861063
98.486217
97.016411
98.490376
98.154482
98.672684
98.178075
97.791148
96.734710
98.492257
97.844007
98.182693
98.042420
96.862860
98.441833
98.127966
97.876224
98.436941
97.890265
98.045818
96.511809
98.160635
98.383177
97.906095
98.299774
98.535032
97.606693
98.437657
98.706368
98.482199
98.005750
98.242244
97.432401
98.635163
98.218120
98.505498
98.602080
98.516397
97.048226
98.205299
98.232738
98.196375
98.743604
98.180227
97.561282
97.457765
97.546448
98.287621
98.550604
100.000000
95.081614
100.000000
100.000000
100.000000
100.000000
100.000000
98.591561
100.000000
100.000000
100.000000
100.000000
100.000000
100.000000
100.000000
100.000000
100.000000
99.979773
100.000000
100.000000
100.000000
100.000000
100.000000
100.000000
100.000000
100.000000
100.000000
100.000000
100.000000
100.000000
100.000000
100.000000
100.000000
100.000000
99.882026
100.000000
100.000000
98.333393
100.000000
100.000000
100.000000
100.000000
99.575853
100.000000
99.650491
99.458554
100.000000
99.415942
99.537879
100.000000
99.184369
99.520850
100.000000
100.000000
100.000000
98.223295
99.815518
100.000000
100.000000
100.000000
100.000000
100.000000
100.000000
100.000000
100.000000
100.000000
100.000000
100.000000
100.000000
100.000000
100.000000
100.000000
100.000000
99.310378
100.000000
100.000000
100.000000
100.000000
100.000000
100.000000
100.000000
100.000000
100.000000
100.000000
97.999471
98.878663
100.000000
99.857831
99.975319
100.000000
100.000000
96.604210
99.734054
100.000000
100.000000
100.000000
100.000000
99.948080
100.000000
100.000000
100.000000
100.000000
100.000000
99.412968
100.000000
100.000000
100.000000
100.000000
100.000000
99.976830
100.000000
100.000000
100.000000
100.000000
100.000000
99.592282
100.000000
100.000000
100.000000
100.000000
100.000000
100.000000
100.000000
100.000000
100.000000
100.000000
100.000000
99.110060
100.000000
100.000000
100.000000
100.000000
100.000000
98.047556
99.896612
99.961498
100.000000
99.921709
100.000000
97.227122
99.875899
99.942202
100.000000
100.000000
99.480264
98.939734
100.000000
100.000000
100.000000
99.750123
100.000000
99.644013
99.835393
99.685315
99.686822
99.788308
99.599206
99.688980
99.810572
99.581592
99.815364
99.753495
99.887861
98.073761
99.557919
99.972405
99.952517
99.549138
99.908390
99.032400
99.343014
99.392198
100.000000
99.480227
99.610147
97.965315
99.484401
99.431523
100.000000
99.669366
99.872379
99.038136
99.920092
99.510316
100.000000
99.585731
99.844825
99.091322
99.724898
99.522400
100.000000
99.808540
99.708896
98.999762
99.668739
99.414044
99.783421
99.528552
99.484177
98.684095
99.629415
99.476890
100.000000
99.715867
98.708961
99.171821
99.453664
99.445250
99.875311
99.434652
99.451234
98.950277
99.048334
99.132056
99.117538
99.167089
99.365018
98.986375
99.203856
99.070745
99.617493
99.305356
99.446579
98.966226
99.386703
99.271256
99.846184
99.626902
99.103702
98.344469
99.934271
99.651276
100.000000
100.000000
99.718078
97.496420
99.683507
99.810431
100.000000
99.447370
99.313204
100.000000
99.960835
98.958147
99.180494
100.000000
99.994877
98.373699
97.382081
98.949232
99.343938
98.205800
98.887106
99.044977
98.758657
98.818794
100.000000
98.887474
98.392631
97.516263
100.000000
98.481220
98.157019
99.880946
98.808117
99.927273
100.000000
98.943363
99.721903
100.000000
100.000000
95.880029
99.703965
100.000000
99.359144
99.458642
100.000000
100.000000
100.000000
99.948198
100.000000
99.637481
100.000000
100.000000
99.748411
100.000000
100.000000
99.819393
100.000000
99.280254
99.618884
99.662053
99.642359
100.000000
99.728445
98.078465
98.594270
99.654245
98.563032
98.179215
99.954553
99.413160
98.159476
97.976065
98.630735
98.628933
97.951554
98.225740
98.735346
98.128502
98.702130
97.809814
97.806756
98.576740
98.491447
98.033238
98.103682
97.573108
98.743004
98.141246
98.791252
99.040700
98.749479
98.949688
98.513590
99.924892
98.150862
98.704570
98.208149
97.613336
97.409833
97.055974
97.681086
97.844695
98.402952
98.108636
99.423407
99.483692
99.600461
98.685511
99.428867
98.363899
98.579648
99.050021
98.690772
99.196520
99.228908
99.275703
98.673541
99.401954
98.166102
98.530295
98.647001
99.049132
98.835870
99.467434
98.554526
99.270834
99.281614
98.807681
98.636318
99.282495
98.581846
98.865469
99.206832
98.686479
98.483519
99.353184
98.752844
99.247071
99.032958
99.222516
98.750421
99.046585
98.323119
98.017301
98.406209
98.227033
98.910530
97.957203
98.239503
98.093196
99.044119
98.563645
98.741732
99.304070
98.970230
99.091214
100.000000
98.400039
98.372066
100.000000
99.734874
100.000000
100.000000
100.000000
100.000000
100.000000
97.584450
97.606308
99.188918
99.237407
99.970271
96.124489
99.630497
100.000000
98.501411
97.762852
100.000000
100.000000
99.528958
98.752098
100.000000
100.000000
100.000000
96.045162
99.224760
99.240528
100.000000
100.000000
97.135669
95.937115
100.000000
100.000000
100.000000
99.913211
100.000000
100.000000
100.000000
100.000000
100.000000
100.000000
100.000000
100.000000
100.000000
99.523652
99.947154
100.000000
100.000000
95.635478
98.715045
100.000000
100.000000
99.425776
94.305875
100.000000
100.000000
99.627228
100.000000
100.000000
100.000000
94.663792
100.000000
100.000000
99.068858
98.528635
100.000000
94.386139
98.514812
98.838578
100.000000
98.961842
98.378136
96.139791
100.000000
99.268442
99.923425
98.987581
99.606164
96.044791
98.459133
97.898962
99.700805
99.037682
97.879787
94.969607
98.941038
97.787965
99.115854
98.226015
98.367237
99.145562
99.086878
98.503822
99.597602
98.596751
97.130405
97.901232
98.313337
97.240085
98.692950
98.111069
97.772162
96.024962
98.374154
98.428274
98.037797
97.591988
97.222066
95.383510
98.086459
97.174146
97.941469
97.659195
94.918714
93.729968
98.027619
97.785633
98.107160
97.796665
98.044944
94.674734
97.562441
97.614017
99.068869
98.679486
98.459733
97.387686
98.403882
98.324478
98.902430
97.770774
98.252374
95.714744
97.904133
98.701143
98.948398
98.062199
98.771625
98.436811
98.100982
98.000293
99.733170
98.951823
98.511217
96.133285
98.800056
98.549653
100.000000
98.847376
98.239276
96.696197
98.084297
99.320831
99.957840
97.237860
97.248624
99.089927
98.999400
97.271714
99.174949
99.005203
99.893342
99.150090
98.730077
98.511576
100.000000
97.459552
96.726504
94.636780
99.014755
97.501232
97.533493
98.334613
100.000000
96.203801
97.768956
97.935469
97.354703
98.406113
98.548749
95.073050
97.108124
97.661480
97.779365
97.515713
97.001400
96.325370
98.843407
97.658187
99.089241
98.832807
98.257701
97.206871
97.995360
99.836659
99.984846
98.674448
98.463991
98.914586
98.328992
97.819876
98.456108
98.509516
98.842508
94.835896
98.241389
97.946335
99.931053
98.795725
97.523245
95.196897
97.673511
97.935256
98.312844
98.695583
98.468091
96.095792
97.611839
98.678339
99.677088
98.571309
98.325929
98.342083
98.597990
97.904431
98.802489
96.813172
98.438936
97.410196
97.363504
97.691437
98.101996
97.602930
92.137487
97.079796
98.679842
97.320537
98.455524
98.224256
98.258826
94.438157
98.420054
98.692290
98.726453
97.816137
97.942190
98.211096
98.229282
99.278782
99.207908
98.587304
99.059085
96.994975
98.335433
98.510902
100.000000
98.713056
98.864713
99.062020
97.752185
98.731228
99.266274
98.235120
99.305790
96.372123
99.287985
100.000000
100.000000
98.892864
99.418152
98.969463
99.014456
98.503151
99.868877
99.752555
99.450397
98.407259
98.886999
99.022557
99.934709
100.000000
99.574347
99.563790
98.971935
99.171200
100.000000
98.735235
98.957470
98.130621
99.914061
99.925188
98.542313
97.974756
96.948067
98.844085
98.339425
98.216204
98.652745
98.921127
98.423830
96.943450
98.427494
98.443292
98.853637
98.277774
98.105270
99.247353
98.604602
98.226372
99.555205
98.003149
97.626323
97.777208
99.159475
99.159869
99.633945
98.864122
98.400573
97.574228
98.200820
99.088170
99.435580
99.286265
99.352981
97.202784
98.677769
98.878173
99.620146
98.464048
99.405973
96.460733
99.205241
99.002283
99.447632
99.801832
99.198893
97.135110
99.049418
98.694644
99.361191
98.491894
98.577201
99.719853
98.551494
98.859715
99.676711
99.620069
99.405880
98.344436
99.032796
98.799793
99.968278
99.024534
97.498156
99.214057
99.459677
99.268868
99.423824
99.193753
99.317156
97.462436
98.586553
98.657063
99.864776
98.981842
99.081878
99.306746
99.099792
98.645819
99.857739
99.171982
99.308111
97.705929
99.414740
99.183174
100.000000
99.585390
98.957770
98.284833
98.657560
98.413820
98.981992
98.362613
99.568847
100.000000
98.908946
99.295371
100.000000
99.143072
98.176944
99.979275
98.705601
98.779885
99.288510
99.205720
98.865796
98.584447
99.363299
98.284005
99.476148
98.688335
98.620369
98.435894
98.370983
98.948292
99.024454
98.803060
98.741849
98.950302
99.233905
98.843153
98.758332
98.222900
98.289767
98.327943
99.583191
99.691024
100.000000
99.628139
98.334672
96.242723
98.995285
99.004009
98.732088
98.914372
100.000000
98.883341
99.312500
98.657569
99.676203
99.944490
99.601834
98.075227
99.303346
98.724058
99.483330
98.336436
98.360606
97.989133
99.183202
98.952961
99.528481
98.547273
98.322347
99.403932
98.744258
99.345162
99.711744
98.812456
97.972032
98.612580
97.902690
98.950803
99.140537
98.483718
98.984767
98.041587
98.520772
98.331827
99.204751
98.614085
99.360897
97.394948
98.810520
99.623508
99.942452
98.627362
98.405233
97.950980
98.930529
98.684137
98.287065
98.002001
98.044415
96.383749
99.610777
98.474348
99.024057
98.270413
97.954789
96.166824
97.489714
98.812801
98.995051
98.301530
98.002050
97.215655
99.170453
99.115019
99.342711
98.182656
99.346909
98.715689
98.402093
98.490069
99.386638
99.401573
98.976130
98.823422
98.285918
98.677135
100.000000
98.672202
98.859558
97.763559
98.608360
98.639507
99.719295
99.496823
99.467170
97.923644
99.572335
98.900687
99.969763
100.000000
99.465603
97.043433
98.292430
98.435123
98.842045
98.384222
98.455835
100.000000
98.326608
98.451307
99.396099
98.673654
97.431224
95.507893
98.281687
98.345695
98.955297
98.848124
96.648459
99.560402
99.127214
99.007328
100.000000
99.582636
98.595499
97.763076
98.800549
99.686859
99.079912
99.422237
98.696953
100.000000
98.822034
99.213076
100.000000
99.852569
99.777062
98.026995
98.642290
98.903394
99.527247
100.000000
98.850400
97.703692
99.318042
99.161946
99.111922
98.227087
98.469016
99.601270
98.593673
99.107871
99.901570
99.001594
99.035551
100.000000
98.770401
98.576048
99.439485
98.577981
99.202263
99.619233
99.796848
98.545085
100.000000
98.390360
98.226362
97.949183
98.194246
99.266368
99.695314
99.147528
98.265874
95.966083
97.355349
97.055076
98.593865
97.217529
95.856520
97.156179
97.478071
97.785787
98.515467
97.851131
97.966538
96.306469
97.635776
97.531007
97.726989
97.906833
97.450021
97.041140
98.228817
97.940954
98.589938
98.270225
98.433984
97.407038
98.031019
97.610432
98.667954
97.925800
97.836698
97.583554
98.472270
98.097733
98.812861
97.734726
98.546392
96.969644
98.296050
98.520864
99.173644
98.803679
98.672593
98.096731
98.722543
99.306882
99.401850
98.675836
98.814307
99.392864
98.290114
98.325009
99.960482
98.388969
98.969001
97.003255
98.240358
98.711442
99.877115
98.714557
98.644917
97.977325
98.492099
98.727018
99.080474
98.359729
96.301136
96.935982
98.552732
98.607513
99.020230
97.852835
98.512356
95.142196
98.721121
97.744308
98.507585
98.921828
98.636151
97.538147
98.672122
98.433440
99.741144
98.261346
98.285458
96.115987
97.421942
97.071050
99.432573
97.115646
97.537621
96.389957
97.993714
98.342016
98.465378
98.263002
97.781820
97.775942
97.517034
98.096291
98.423415
97.596067
98.006554
96.813388
97.905371
97.772145
99.181924
98.319230
98.181793
96.425118
97.590321
96.257022
99.451110
98.156839
98.801847
96.640550
98.616955
98.422165
99.467576
98.453278
99.174239
98.172357
98.409056
98.448382
99.311644
98.687681
95.716575
99.605992
99.243685
98.646583
99.703567
98.810994
99.503945
96.854150
99.460507
99.392631
99.704913
98.480329
98.473780
97.493537
97.449536
97.690012
99.272642
97.851101
97.544131
96.369943
98.016398
98.711388
99.430441
98.934495
98.871990
96.685377
98.885572
98.838307
100.000000
98.985112
99.105610
98.734341
99.449198
99.579427
100.000000
99.291866
98.938353
99.016968
98.732124
100.000000
100.000000
99.635316
99.536305
98.087112
99.337274
99.809693
100.000000
98.994854
98.982045
99.598347
99.734864
98.427382
100.000000
99.227968
99.639201
97.880845
98.985890
99.419842
100.000000
99.407506
99.712404
100.000000
100.000000
100.000000
100.000000
100.000000
100.000000
98.914773
100.000000
100.000000
100.000000
100.000000
100.000000
99.218131
100.000000
100.000000
100.000000
100.000000
100.000000
100.000000
100.000000
100.000000
100.000000
100.000000
100.000000
99.994378
99.742034
99.006059
100.000000
99.797690
99.941392
97.757185
99.795640
99.970400
100.000000
99.481185
99.832754
98.485292
99.084255
98.625619
100.000000
99.442757
99.750281
97.582079
98.432748
98.146057
100.000000
99.276031
98.953177
98.015730
99.459381
100.000000
100.000000
99.173685
99.923448
98.818115
100.000000
99.663957
99.892708
99.774319
98.184489
99.187902
99.673032
99.890891
100.000000
99.763655
100.000000
97.373313
99.562628
99.468792
100.000000
100.000000
99.689888
98.576442
100.000000
100.000000
100.000000
99.992283
100.000000
100.000000
100.000000
100.000000
100.000000
100.000000
100.000000
100.000000
100.000000
100.000000
100.000000
100.000000
100.000000
100.000000
100.000000
100.000000
100.000000
100.000000
100.000000
100.000000
100.000000
100.000000
100.000000
100.000000
99.719112
99.241497
100.000000
100.000000
100.000000
99.779471
100.000000
98.948473
99.736808
100.000000
100.000000
100.000000
100.000000
98.995944
99.753143
99.380941
100.000000
99.348210
99.042573
99.065142
98.938509
99.501188
100.000000
99.599064
99.486830
96.787018
98.870210
99.771348
99.110634
99.402140
99.710022
99.038940
99.498719
99.851421
100.000000
99.745993
99.930030
99.664296
98.627721
98.929439
100.000000
99.168651
98.483797
98.744282
100.000000
98.443149
99.545525
99.000979
98.231236
99.308369
98.464473
98.986484
100.000000
98.597849
98.476313
99.854978
98.932784
98.744227
100.000000
99.715430
99.766580
99.798708
99.511040
99.554598
100.000000
99.618504
100.000000
96.834263
98.646991
99.561136
100.000000
100.000000
99.673084
95.711022
98.621018
98.472226
99.153876
98.725684
96.452403
96.595672
99.947200
99.486852
99.659014
98.731663
100.000000
96.797995
99.980023
100.000000
100.000000
100.000000
100.000000
100.000000
100.000000
100.000000
100.000000
100.000000
100.000000
98.689783
97.084591
97.139235
98.830294
97.991946
96.640188
90.744108
97.139036
97.457836
98.992325
97.808910
97.197636
95.307720
98.031341
98.135345
98.335262
96.313243
97.680647
92.715767
98.166446
97.302646
99.383834
96.875008
96.027770
96.186263
96.860278
97.401030
98.175248
98.057244
97.705290
93.420424
97.709452
97.318962
98.667481
96.840732
97.756861
97.906294
98.007587
97.635570
98.510777
97.471559
97.668034
96.160510
99.488218
97.313537
99.701473
97.637189
98.429597
95.973672
98.319783
98.483179
98.126544
98.967890
98.043929
98.089068
98.426491
99.303977
98.697567
98.427397
97.565393
98.200212
98.586669
98.097185
99.111745
97.312217
97.918927
99.141474
98.330823
97.581255
100.000000
98.920225
99.164729
94.629526
98.910985
97.699213
100.000000
99.372697
98.270858
93.752546
99.677322
99.787138
99.537347
99.586566
99.037039
95.561145
100.000000
98.672321
99.849678
97.724581
98.848115
100.000000
99.917230
97.496063
100.000000
99.449029
99.295292
100.000000
100.000000
99.464920
100.000000
100.000000
100.000000
100.000000
100.000000
100.000000
100.000000
100.000000
100.000000
96.996186
100.000000
100.000000
100.000000
100.000000
99.755564
98.908061
100.000000
100.000000
100.000000
100.000000
100.000000
100.000000
98.441377
99.523560
100.000000
99.524536
100.000000
98.262728
99.945575
100.000000
100.000000
98.906401
100.000000
100.000000
97.717281
98.987629
100.000000
99.521177
98.141493
97.565337
97.121591
96.875816
97.579935
97.631024
98.409586
96.178153
98.275502
98.230052
99.343654
99.451479
99.852349
97.049931
99.894537
99.556078
99.563794
99.761973
98.778172
99.228482
100.000000
100.000000
100.000000
100.000000
97.979770
98.496215
100.000000
99.661795
100.000000
100.000000
100.000000
98.737878
100.000000
99.648681
100.000000
100.000000
99.989467
100.000000
100.000000
100.000000
100.000000
100.000000
100.000000
100.000000
100.000000
100.000000
100.000000
100.000000
100.000000
100.000000
100.000000
100.000000
100.000000
100.000000
100.000000
100.000000
100.000000
100.000000
100.000000
99.745154
99.685994
100.000000
100.000000
99.729877
100.000000
100.000000
100.000000
99.557245
99.266711
98.813020
100.000000
100.000000
100.000000
99.780066
100.000000
100.000000
100.000000
100.000000
100.000000
100.000000
100.000000
100.000000
100.000000
99.638300
96.689341
97.811327
100.000000
98.770926
100.000000
98.969466
99.842063
99.145949
99.629405
98.897005
99.138134
99.490210
99.401647
99.479033
99.352266
99.532798
100.000000
99.375624
99.870921
96.444666
99.527189
99.902996
100.000000
99.698630
99.376108
98.378968
99.848016
100.000000
100.000000
99.765709
100.000000
99.717402
99.751988
100.000000
100.000000
99.609048
99.282349
99.145243
99.013853
99.696681
99.511362
99.433212
99.354052
95.911895
99.856113
99.740971
100.000000
99.773348
99.321362
97.682770
99.928055
99.592931
99.994305
100.000000
100.000000
96.378417
99.807106
100.000000
100.000000
100.000000
96.899106
99.471909
100.000000
100.000000
100.000000
100.000000
98.989808
96.248250
100.000000
100.000000
100.000000
99.977092
100.000000
99.236684
99.976182
100.000000
100.000000
100.000000
100.000000
98.879265
100.000000
100.000000
100.000000
99.944244
98.571627
96.874937
99.880209
100.000000
100.000000
99.177247
99.910147
99.183763
99.830560
99.885216
100.000000
99.994007
100.000000
98.759022
99.109799
100.000000
100.000000
99.561485
99.509262
99.751982
98.402936
98.140245
100.000000
99.245920
97.977727
99.100316
99.418464
99.796460
100.000000
98.040658
100.000000
98.808705
99.398128
99.131942
100.000000
97.776768
97.640888
97.952262
98.582490
97.539367
99.770454
99.582581
98.907431
94.762675
96.142911
97.704287
98.191433
97.357505
97.337821
99.119271
95.554683
95.122754
98.452905
97.150959
96.357967
98.158321
96.387390
98.025230
99.078223
97.863713
97.534667
98.214139
98.639955
96.464055
98.318917
97.713968
98.266243
98.062264
97.683556
96.962726
99.782400
97.155350
97.194767
97.775076
96.846389
97.488632
99.723594
97.795326
98.541633
99.112903
97.820079
97.859770
100.000000
98.399299
94.254305
97.101226
96.188457
98.401138
99.090323
97.727341
96.448284
96.186452
97.790444
96.631195
94.061187
93.547204
92.991467
95.484913
96.476759
96.688808
96.882992
96.388644
96.557755
94.615030
97.202915
97.258825
97.406889
97.339007
97.287315
96.146327
98.204486
97.960632
98.061122
97.599468
98.363093
95.639333
97.578373
97.930414
98.711326
97.577053
97.683361
97.514332
98.136855
98.051300
99.106142
98.069315
97.688671
93.124298
98.378150
98.577072
98.714425
97.954343
98.300918
96.399432
98.527555
97.614178
98.720837
98.732185
98.101089
94.803965
97.265357
98.412731
99.431149
97.940660
98.111601
96.911300
98.063498
97.693623
99.079126
98.621606
98.183145
97.064255
97.552557
97.566553
98.877127
98.752164
93.538744
92.301396
98.851313
98.985284
98.697568
98.742714
98.056488
97.448449
98.900059
98.159783
98.157444
98.894033
98.246478
97.667299
97.883360
97.589264
98.643292
97.658960
99.026310
98.401502
97.982336
96.894397
99.157352
97.159078
97.219238
98.763747
98.339692
97.073403
98.395606
97.710235
97.400106
97.946214
98.424611
97.915564
99.140159
98.253549
98.538496
98.465564
98.137000
97.780312
99.567888
97.797338
98.346985
98.715283
98.831229
98.346112
99.280774
98.111119
98.095679
98.616570
98.312445
98.666325
98.484960
98.704103
99.000662
96.697276
97.755662
97.623522
98.617572
97.550575
97.979090
97.914682
97.017119
96.795619
99.203283
97.224702
96.146580
96.879893
97.309783
96.701186
98.228895
98.105573
95.998011
94.954277
98.088881
97.549558
98.384948
98.391419
97.917236
97.118395
95.598891
96.138852
98.691844
96.630033
96.240448
97.183739
97.220503
97.434476
98.095982
98.193563
97.234433
96.905961
97.266096
97.088578
97.759635
97.398770
97.633821
97.548441
97.296370
96.837508
98.526634
97.168452
96.347895
97.404146
95.995489
97.592467
98.059538
97.028070
97.788215
97.282959
97.389501
97.536308
98.533686
96.971805
97.358291
95.968002
97.359882
97.047291
97.325775
96.879450
96.860518
97.200983
96.770771
97.262448
98.000675
97.057198
96.854112
96.521463
96.728857
96.940851
97.775708
96.566386
96.998096
96.194599
97.294878
97.426087
98.403701
96.854595
97.076212
97.624008
97.087633
96.404670
97.673544
96.545662
97.035961
95.986298
97.088781
96.956538
97.781208
96.934919
97.337752
96.393415
96.680539
97.193491
97.700406
97.069220
96.586704
96.765100
96.429476
97.434576
98.696904
97.283524
97.365952
96.685593
97.200032
96.463322
97.817407
96.898497
97.062156
97.416512
97.592063
97.829082
98.332090
97.361595
97.866250
95.668757
97.433958
97.632910
98.142041
97.817428
96.229897
97.580359
98.244945
97.880782
98.719484
98.327255
97.754789
97.329909
97.823067
98.306270
98.514068
97.855968
98.258051
97.505466
98.339740
98.344415
99.419202
98.630798
98.912976
98.725521
98.376769
98.173257
99.326215
98.008359
98.369445
97.861191
98.812917
98.128693
99.471100
98.727596
98.799750
98.103152
98.599424
98.783546
99.225633
98.009703
98.054613
97.612190
97.676463
97.667888
100.000000
98.031108
97.762112
96.904474
98.515890
98.707370
99.483212
98.313876
98.779736
97.936363
98.430878
97.811932
99.702060
98.370222
97.892144
96.575572
97.318381
97.731313
99.002430
98.135638
97.388921
97.128151
98.514565
98.616468
99.444183
99.245160
98.201459
96.944939
97.806547
98.125261
97.944740
97.537982
98.476192
96.562587
97.113406
97.805256
99.004285
97.740250
98.047093
96.928837
97.500591
97.408074
98.925759
97.998843
97.721324
98.656283
98.128800
98.208270
99.347263
98.298952
98.217816
97.255512
97.826830
98.069905
99.045760
97.477311
98.173576
98.518990
96.898479
96.997186
98.694746
97.659517
98.609456
98.177013
97.347271
97.586791
98.149329
96.978113
97.303876
97.998296
96.475563
96.115905
98.498596
95.962292
95.631785
93.033317
97.278025
97.603203
98.217019
97.675215
95.593914
97.095363
97.776330
98.918643
99.649918
98.113108
97.725924
94.864538
97.868402
97.767622
98.197110
98.428018
98.670843
98.406594
98.914344
99.560860
100.000000
98.769644
99.426210
99.078145
99.903715
99.536309
100.000000
100.000000
99.793457
97.535441
99.047137
99.428785
100.000000
98.921937
99.319006
100.000000
100.000000
99.931102
100.000000
100.000000
100.000000
99.107419
100.000000
100.000000
100.000000
100.000000
99.821171
100.000000
100.000000
99.808054
100.000000
100.000000
100.000000
99.332038
100.000000
100.000000
100.000000
100.000000
100.000000
99.216250
100.000000
98.100893
100.000000
99.454874
99.155885
99.439904
99.042070
98.150196
99.974517
97.931351
98.716706
98.291496
97.932112
97.797625
99.560266
98.226700
98.510747
98.677118
99.983288
99.232625
100.000000
99.602377
100.000000
100.000000
100.000000
100.000000
100.000000
100.000000
100.000000
100.000000
100.000000
100.000000
100.000000
100.000000
100.000000
100.000000
100.000000
100.000000
100.000000
99.670893
99.208243
100.000000
100.000000
99.477799
100.000000
99.472399
99.714026
100.000000
99.807188
99.877674
100.000000
99.759013
99.508861
99.562412
99.870316
98.584756
100.000000
99.002777
98.670032
98.087998
98.238841
98.040894
98.443112
97.506332
96.450063
98.968265
98.394211
98.088477
99.581428
97.666971
97.770748
97.241275
97.710921
97.885497
98.282843
98.363759
98.750505
97.798144
96.808534
97.239805
100.000000
97.244135
96.729977
97.391297
96.623512
95.417637
98.548867
95.591749
95.788517
95.138068
97.549035
96.622171
98.490550
98.337153
97.244586
97.610992
97.759940
97.197707
98.928294
97.182810
97.569557
97.040922
97.617386
96.213768
98.300866
96.702433
96.237286
95.173250
97.679453
98.127564
98.490173
97.510065
96.404088
97.705685
97.743522
97.419349
98.803483
98.384792
97.287498
96.625675
97.537137
97.921166
98.199317
97.441855
97.927436
97.743987
98.896099
98.751797
99.954055
96.822402
97.074824
96.857255
97.379984
96.643248
98.263558
97.743096
97.722969
96.646967
97.869957
97.464396
99.811880
98.961890
99.522750
96.099071
98.897446
99.725224
100.000000
99.041732
99.536287
99.587143
99.365068
99.644208
100.000000
98.956176
99.085657
99.177904
98.962611
98.215671
99.972506
98.231134
97.979810
96.407432
99.271072
98.896438
99.420296
98.425070
98.241607
98.170687
99.676887
99.534925
99.384148
99.602321
99.097117
98.266781
99.330287
99.273451
100.000000
98.028023
98.318845
96.860801
98.544032
98.947515
99.381350
99.357470
100.000000
98.858085
99.896427
99.717597
100.000000
100.000000
99.803099
98.665146
99.800153
99.796401
99.729374
99.282172
99.628186
99.752865
99.329561
99.524167
100.000000
100.000000
100.000000
99.641513
99.347830
98.853853
100.000000
99.236102
97.712463
96.906698
99.255994
99.035841
99.964931
98.612770
99.567448
98.533314
99.065719
98.823248
99.357824
98.797547
99.629492
98.375266
98.584004
99.067132
100.000000
98.858655
99.010985
97.861915
99.615350
100.000000
100.000000
99.476693
99.357810
100.000000
99.751989
99.703005
100.000000
100.000000
99.579373
98.165282
99.550456
98.766449
100.000000
100.000000
98.287684
97.091959
100.000000
98.450888
100.000000
98.637223
98.783583
100.000000
98.342035
97.930707
98.827480
98.862126
98.240397
97.708863
99.142978
98.882166
99.350396
98.675717
98.765101
98.663551
99.168660
99.476343
100.000000
99.360043
99.175858
99.538859
98.871165
98.551095
100.000000
99.858475
99.131025
98.182753
100.000000
100.000000
100.000000
99.851699
100.000000
100.000000
100.000000
100.000000
100.000000
100.000000
100.000000
100.000000
99.587620
99.487416
100.000000
99.793937
99.769641
99.271658
100.000000
99.495190
100.000000
99.181540
98.626230
98.051065
97.623677
99.686898
100.000000
99.579875
97.310847
99.342167
99.382934
99.334392
100.000000
99.327150
99.451444
98.590910
100.000000
99.865938
99.949143
100.000000
99.679188
100.000000
99.230020
99.845014
100.000000
99.696351
99.664416
98.354791
99.082410
99.050609
100.000000
99.359078
99.160704
98.486887
99.440924
98.876892
100.000000
98.687901
99.842968
98.529508
98.417267
99.208706
100.000000
98.546645
98.477993
98.523316
98.943600
99.025585
100.000000
98.889856
98.608051
97.016071
99.040085
98.373411
99.015320
98.553916
98.516024
98.353706
98.556372
98.286942
99.498437
98.891292
98.698389
97.761952
98.223779
99.769270
98.654723
98.920307
96.640073
97.757075
98.368847
98.898355
99.381945
98.876834
99.757701
99.147326
98.943169
98.802663
100.000000
100.000000
100.000000
100.000000
100.000000
100.000000
100.000000
100.000000
99.642987
100.000000
100.000000
100.000000
100.000000
99.366679
99.711508
98.040030
100.000000
97.746107
100.000000
99.182425
99.649155
97.997622
99.310864
98.317731
100.000000
97.707817
97.691976
97.129976
98.724189
98.453810
99.753413
98.044192
97.579420
96.606998
97.721480
98.652746
98.910755
97.706817
98.262745
97.958559
98.375484
98.222707
100.000000
98.503359
98.728209
97.168317
98.953411
99.194817
99.873117
99.128296
100.000000
