96.802698
98.551844
98.524766
99.209924
97.792022
97.194972
96.518310
96.947081
96.859283
97.121583
96.824158
97.075296
96.774674
96.976131
96.931070
97.408257
97.010637
96.935564
96.399580
97.000901
97.333889
97.213623
96.709088
97.115072
97.087753
96.995362
96.873727
97.605523
97.173550
97.261784
96.809788
96.913540
97.095135
97.559148
96.931886
96.938134
96.908773
97.087103
96.665402
97.321220
97.196203
97.525420
96.551871
97.067705
97.327604
97.789143
96.915350
97.000453
96.857521
97.184961
97.207983
97.834277
97.239324
97.356165
96.280346
97.108511
97.121769
97.289082
97.155563
96.513483
97.600328
97.482309
97.541002
98.278903
97.311783
97.342378
96.943614
96.942689
96.923191
97.476806
97.306596
97.145419
97.446045
97.588070
97.124551
97.818919
97.483810
97.575354
97.316908
97.575701
97.592962
98.772385
97.385462
96.770962
96.831795
98.220620
96.873707
97.652315
97.954717
97.897724
96.854919
97.420760
97.772919
98.626711
98.074474
97.494213
98.080359
97.353592
97.892718
98.852348
97.866798
97.740097
96.522094
98.349794
98.166489
98.035244
97.100609
98.701865
97.722071
96.796926
97.321489
99.683031
98.476792
97.813714
94.061778
98.483250
98.286291
98.040283
97.228917
98.669007
97.385036
98.199849
98.224670
98.966641
97.109213
99.169432
96.802761
96.401242
98.506144
98.491938
97.759165
97.354468
96.348237
97.590291
96.982565
99.431342
97.530835
97.525844
96.621675
97.400098
97.386780
98.208228
97.622233
96.673702
96.668514
96.846144
96.910268
98.147354
96.602758
96.673316
97.282878
96.725967
96.124716
97.021898
96.193264
96.645236
96.648258
96.258287
95.990229
97.388701
96.176669
96.421708
96.282662
96.058875
96.419413
97.574108
96.449877
95.924922
95.983956
96.990065
96.205131
97.772157
96.026917
97.536616
96.610940
96.516216
96.535851
98.359973
96.665352
96.198630
98.522483
98.429809
97.756184
99.309213
98.355878
98.466132
95.530035
99.004802
98.419951
99.843847
98.712498
98.837366
98.828086
98.531630
99.987091
100.000000
99.005327
99.988728
97.321510
99.528499
99.267058
99.760584
99.260841
99.645310
100.000000
97.815187
98.227778
100.000000
100.000000
99.078997
97.878679
99.239081
99.144587
99.824570
99.530456
99.325538
99.436627
99.401147
99.199846
100.000000
99.445156
99.600624
98.631924
99.633334
99.647273
99.570218
99.035052
99.877929
99.024789
99.123354
98.963165
99.888845
99.529491
98.553661
97.941878
99.152105
99.164594
99.298454
99.514798
98.856740
99.250421
99.272901
99.119236
100.000000
99.099043
99.627393
99.160141
99.251906
99.530973
100.000000
99.357873
99.821923
100.000000
99.598212
99.344010
100.000000
99.587899
100.000000
100.000000
99.447982
99.776935
100.000000
99.200999
100.000000
100.000000
100.000000
100.000000
100.000000
99.798520
100.000000
100.000000
99.759339
100.000000
100.000000
100.000000
100.000000
100.000000
100.000000
100.000000
100.000000
100.000000
100.000000
100.000000
100.000000
100.000000
100.000000
99.272351
99.338148
100.000000
99.830355
99.583147
100.000000
100.000000
99.074471
95.250005
100.000000
100.000000
100.000000
100.000000
97.858715
100.000000
100.000000
100.000000
100.000000
100.000000
100.000000
97.166682
100.000000
100.000000
100.000000
100.000000
100.000000
100.000000
100.000000
100.000000
100.000000
100.000000
100.000000
98.998232
100.000000
100.000000
100.000000
100.000000
100.000000
99.750766
100.000000
100.000000
100.000000
100.000000
99.260458
93.222652
100.000000
100.000000
100.000000
99.576645
100.000000
98.157285
99.810239
99.922638
99.897411
100.000000
100.000000
96.469214
99.171006
100.000000
100.000000
99.293032
100.000000
99.593241
99.997039
100.000000
100.000000
99.936015
99.795799
98.567228
100.000000
99.889478
99.715382
100.000000
97.927532
94.633584
99.581374
100.000000
99.926532
99.088988
99.018219
98.341955
99.508263
99.385906
99.055174
99.045869
100.000000
97.785450
99.184492
99.105991
100.000000
99.440320
99.350512
99.597952
99.328018
99.176999
100.000000
99.816652
99.150271
96.908056
99.374218
99.987440
99.567861
99.128915
99.230249
99.776375
99.303538
99.236799
99.646071
99.783347
99.714662
97.770794
99.136204
99.225443
99.853146
99.180441
99.200734
98.716053
99.373868
99.152993
99.510185
99.310808
99.321339
99.332137
99.498722
99.550891
99.964079
99.127932
99.347430
97.998719
99.354217
99.658433
99.458453
99.255860
97.920985
93.448541
98.959028
99.229811
100.000000
99.416690
99.751044
94.834294
100.000000
99.308567
99.782326
99.375049
99.750042
97.704652
99.667063
99.800498
99.769604
99.571837
99.603248
96.492173
99.980359
99.933646
100.000000
99.557287
99.887168
96.041718
99.180736
99.245557
99.448491
99.334650
99.182660
96.812101
99.165209
99.257463
99.655043
99.309595
99.333522
97.896348
99.336026
99.728132
99.696514
99.434359
99.991132
92.887789
100.000000
99.772220
100.000000
99.064466
99.431579
97.983818
99.460891
99.255438
99.487727
99.361476
99.004122
99.724563
99.378019
99.027484
99.492005
99.298635
96.241003
100.000000
99.039844
99.184973
100.000000
99.654038
100.000000
95.032176
99.813084
99.625293
99.869692
99.729683
99.790381
94.142241
99.252730
99.249108
99.163263
98.965184
98.969218
97.076955
99.279145
99.417875
99.769151
99.891176
99.690352
96.053517
99.482148
99.908383
99.776252
99.694921
99.153000
98.435362
99.072808
99.153673
99.657786
99.704889
99.333619
98.512694
99.073479
99.231012
99.739963
99.291070
99.372990
98.879774
98.930487
98.888755
99.405246
98.794374
99.160162
97.844947
99.668054
99.930566
99.782770
99.227635
99.618712
97.345116
99.454015
99.376849
99.172089
99.291515
99.482007
99.391202
99.255285
99.267514
99.371601
99.146981
99.268781
98.470571
99.263818
99.341642
99.405393
99.181969
99.461732
98.750181
99.394478
99.262146
100.000000
99.461243
99.342169
99.250852
99.393127
99.252808
99.789869
99.361866
99.820978
97.930099
99.258770
99.201294
99.587653
99.263948
99.628747
98.469648
99.382076
99.258877
99.498994
99.390429
99.512942
98.377041
99.443891
99.252265
99.552996
99.395105
99.460433
98.668638
99.302564
99.381627
99.587100
99.284374
99.623958
98.512341
99.286510
99.380977
99.540396
99.351019
99.546098
98.314999
99.265506
99.194975
99.619615
99.140411
98.365744
98.496774
99.510146
99.805748
99.650600
99.440462
99.696924
98.164792
99.468257
99.356766
99.446879
99.341630
99.397765
98.383428
99.651989
99.337741
99.574365
99.430504
99.354667
98.677480
99.479053
99.363923
99.725561
99.402781
99.407350
98.720279
99.348574
99.315725
99.941386
99.459137
99.525391
99.089412
99.338651
99.221757
99.720064
99.238924
99.377474
99.188039
99.279764
99.527038
99.994178
99.346524
99.387590
99.182342
99.386380
99.281140
99.489852
99.459822
99.562434
98.954280
99.333975
99.346842
99.471498
99.291597
99.139276
98.134571
99.465803
99.257271
99.320369
99.125312
98.052089
98.703291
99.750683
99.647812
99.686783
99.348990
99.389518
98.515451
99.502426
99.478560
99.587323
99.609564
99.427660
98.356583
99.505570
99.581718
99.571239
99.564662
99.578249
99.040526
99.549431
99.381243
99.784162
99.561672
99.431833
98.541995
99.451377
99.774093
99.828810
99.674091
99.416542
98.865153
99.489868
99.244604
99.811757
99.310509
99.251475
98.069658
99.670908
99.668666
99.579644
99.049854
99.641768
97.207077
99.540306
99.271244
99.962382
99.099190
99.520410
97.467363
99.641373
99.426254
99.353643
99.189746
99.475531
97.239266
99.571190
99.293121
99.657942
99.262295
97.420049
99.199835
99.586198
99.170236
99.900116
99.548801
99.681241
98.413213
99.500462
99.490465
99.380992
99.390526
99.528128
99.198731
99.620561
99.538332
99.583876
99.729631
99.255087
97.903718
99.704630
99.677815
99.766645
99.868995
99.939124
97.772191
99.405453
99.150914
99.997223
99.414959
99.580538
96.440577
99.443211
99.558340
99.455636
99.447717
99.428436
97.742281
99.192967
99.480643
99.383489
99.326006
99.639353
98.189855
99.178066
99.194730
99.597377
99.325217
99.352778
98.901766
99.351118
99.204873
99.774966
99.250092
99.399207
98.067390
99.590003
99.411915
99.337759
99.513560
98.377615
98.507048
99.688517
99.340472
99.599491
99.291182
99.235844
98.691797
99.514765
99.431772
99.301902
99.515383
99.663610
99.856512
99.617502
99.408407
99.773649
99.706696
99.584650
98.116984
99.468178
99.202250
99.645992
99.626425
99.285720
97.971787
99.592209
99.342389
99.768938
99.178923
99.581200
98.713943
99.314844
99.147319
99.578350
99.340078
99.326003
98.987040
99.654571
99.316926
99.541323
99.445053
99.446500
98.611240
99.338416
99.510329
99.575554
99.257443
99.319116
98.573251
99.587105
99.414846
99.516172
99.306352
99.532901
98.259765
99.261616
99.360051
99.662001
99.457092
98.087089
98.822381
99.441935
99.482423
99.766089
99.393073
99.331981
98.196917
99.496885
99.450322
99.358240
99.444446
99.550259
98.462333
99.450864
99.377480
99.858354
99.347637
99.443132
98.540209
99.391214
99.283639
99.688263
99.406230
99.362807
98.664463
99.489185
99.776613
99.528223
99.222642
99.198120
98.435067
99.350431
99.412507
99.737922
99.657173
99.184665
97.107000
99.478898
99.463476
99.871020
99.563567
99.213607
97.058200
99.209649
99.325836
100.000000
99.286100
99.209339
98.854144
99.129283
99.329907
99.629076
99.050751
99.210048
96.309438
99.219139
99.120508
99.165456
98.986682
99.714181
97.526979
99.632030
99.310732
99.833983
99.212801
99.415599
97.433989
99.837478
99.366421
99.380627
99.583985
99.577721
97.863060
99.427253
99.294134
99.743028
99.484372
99.431466
98.412659
99.507270
99.262047
99.713068
99.250801
99.491053
98.766466
99.803263
99.355006
99.892523
99.486031
99.561690
97.611456
99.195859
99.627779
99.691001
99.561414
99.564453
98.522915
99.219277
99.278633
99.587525
99.201103
99.203211
97.963900
99.873328
99.470548
99.749091
99.438672
99.756483
97.322368
99.447959
99.167025
99.831972
99.227558
99.222979
97.376246
99.546711
99.137506
99.353494
99.227841
97.525689
98.805033
99.346399
99.304714
99.580035
99.301499
99.360005
97.156973
99.367159
99.498256
99.177527
99.394356
99.540540
97.919031
99.349913
99.565882
99.538723
99.311828
99.310863
97.677908
99.527616
99.349981
99.638562
99.580504
99.539393
97.283726
99.402336
99.377134
99.596030
99.654992
99.376487
97.807109
99.124268
99.251726
100.000000
100.000000
100.000000
95.424165
100.000000
100.000000
100.000000
100.000000
100.000000
98.804694
100.000000
100.000000
100.000000
100.000000
100.000000
100.000000
100.000000
100.000000
100.000000
100.000000
100.000000
100.000000
100.000000
100.000000
100.000000
100.000000
100.000000
100.000000
100.000000
100.000000
100.000000
100.000000
100.000000
100.000000
100.000000
100.000000
100.000000
100.000000
100.000000
98.640672
100.000000
100.000000
100.000000
100.000000
100.000000
100.000000
100.000000
100.000000
100.000000
100.000000
100.000000
100.000000
100.000000
100.000000
100.000000
100.000000
100.000000
98.572796
100.000000
100.000000
100.000000
100.000000
100.000000
100.000000
100.000000
100.000000
100.000000
100.000000
100.000000
100.000000
100.000000
100.000000
100.000000
100.000000
100.000000
99.558698
100.000000
100.000000
100.000000
100.000000
100.000000
100.000000
100.000000
100.000000
100.000000
100.000000
98.295292
99.163215
100.000000
100.000000
100.000000
100.000000
100.000000
96.720362
100.000000
100.000000
100.000000
100.000000
100.000000
99.879099
100.000000
100.000000
100.000000
100.000000
100.000000
99.211467
100.000000
100.000000
100.000000
100.000000
100.000000
99.945040
100.000000
100.000000
100.000000
100.000000
100.000000
99.388999
100.000000
100.000000
100.000000
100.000000
100.000000
99.624534
100.000000
100.000000
100.000000
100.000000
100.000000
99.152068
100.000000
100.000000
100.000000
100.000000
100.000000
98.008184
100.000000
100.000000
100.000000
100.000000
100.000000
97.378783
100.000000
100.000000
100.000000
100.000000
99.589660
99.096592
100.000000
100.000000
100.000000
100.000000
100.000000
99.828580
100.000000
100.000000
100.000000
100.000000
100.000000
99.670125
100.000000
100.000000
100.000000
100.000000
100.000000
97.969245
100.000000
100.000000
100.000000
100.000000
100.000000
99.005276
99.922677
99.980134
100.000000
100.000000
100.000000
97.929552
100.000000
99.971228
100.000000
100.000000
100.000000
98.955823
100.000000
99.928443
100.000000
100.000000
100.000000
99.039746
100.000000
100.000000
100.000000
100.000000
100.000000
98.970794
100.000000
100.000000
100.000000
99.948089
99.889674
98.800420
100.000000
100.000000
100.000000
100.000000
98.831140
99.399709
99.921535
99.896843
100.000000
99.903865
100.000000
99.309754
100.000000
100.000000
100.000000
99.841695
99.899901
99.127161
99.845839
100.000000
100.000000
100.000000
100.000000
99.100051
99.855325
99.752733
100.000000
100.000000
99.902322
98.438176
100.000000
100.000000
100.000000
100.000000
100.000000
97.557602
100.000000
100.000000
100.000000
100.000000
100.000000
100.000000
100.000000
99.561783
99.917940
100.000000
100.000000
98.543879
99.088516
100.000000
100.000000
100.000000
100.000000
100.000000
100.000000
100.000000
100.000000
100.000000
100.000000
99.819001
100.000000
100.000000
100.000000
100.000000
100.000000
100.000000
100.000000
100.000000
100.000000
100.000000
100.000000
97.646993
100.000000
100.000000
100.000000
100.000000
100.000000
100.000000
100.000000
100.000000
100.000000
100.000000
100.000000
100.000000
100.000000
100.000000
100.000000
100.000000
100.000000
99.717626
100.000000
100.000000
100.000000
100.000000
100.000000
98.524724
99.701210
100.000000
100.000000
99.258030
100.000000
99.947995
99.300818
99.098205
100.000000
99.697330
99.072981
98.870278
99.832868
99.208419
100.000000
99.037583
99.032232
99.375890
99.819514
99.340258
99.779268
98.753761
99.811504
99.028989
99.803472
99.964206
99.711573
99.847602
99.269660
100.000000
99.366219
99.800801
99.846343
99.028869
99.174829
98.404328
99.313853
99.518138
99.856618
99.651340
100.000000
100.000000
100.000000
99.957057
100.000000
99.619858
99.544710
99.445755
99.624902
99.914676
100.000000
100.000000
99.502055
99.731804
99.351319
99.546055
100.000000
99.905123
99.757048
99.814249
99.306942
100.000000
100.000000
99.687402
99.534939
99.547577
99.267644
99.516869
100.000000
99.550925
99.476863
99.626227
99.777299
99.946916
100.000000
100.000000
99.698247
99.700320
99.525331
99.242023
99.767271
99.118539
99.606667
98.754175
99.115779
99.025946
99.709483
99.242726
99.246449
99.766749
100.000000
100.000000
100.000000
100.000000
99.891820
100.000000
100.000000
100.000000
100.000000
100.000000
100.000000
100.000000
99.217523
99.256559
100.000000
100.000000
100.000000
96.933856
100.000000
100.000000
100.000000
100.000000
100.000000
100.000000
100.000000
100.000000
100.000000
100.000000
100.000000
96.543918
100.000000
100.000000
100.000000
100.000000
99.686690
96.738857
100.000000
100.000000
100.000000
100.000000
100.000000
100.000000
100.000000
100.000000
100.000000
100.000000
100.000000
100.000000
100.000000
100.000000
100.000000
100.000000
100.000000
96.734509
100.000000
100.000000
100.000000
100.000000
95.456692
100.000000
100.000000
100.000000
100.000000
100.000000
100.000000
95.977698
100.000000
100.000000
100.000000
100.000000
100.000000
95.096805
100.000000
100.000000
100.000000
100.000000
100.000000
97.227050
100.000000
100.000000
100.000000
100.000000
100.000000
96.650769
100.000000
100.000000
100.000000
100.000000
99.720074
95.803858
100.000000
100.000000
100.000000
100.000000
100.000000
100.000000
100.000000
100.000000
100.000000
100.000000
99.230666
98.592932
99.897102
99.249753
100.000000
99.640704
99.557370
96.535840
100.000000
99.710139
99.730492
99.027013
98.774190
96.066698
99.733458
99.182351
99.301523
99.323685
95.765455
94.073813
99.255846
98.881259
99.394477
99.121063
99.210042
94.720269
98.912531
99.170165
99.805319
99.870411
99.723408
97.716557
99.292339
99.270049
100.000000
99.363115
99.614378
95.799695
99.200648
99.927347
100.000000
99.521427
99.965208
98.707367
99.826999
99.441421
100.000000
100.000000
100.000000
96.622577
100.000000
100.000000
100.000000
100.000000
100.000000
97.215579
100.000000
100.000000
100.000000
99.426400
99.476413
99.297563
100.000000
100.000000
100.000000
100.000000
100.000000
99.657325
100.000000
100.000000
100.000000
99.451233
99.097292
95.438776
100.000000
99.578110
99.734221
100.000000
100.000000
96.850185
100.000000
99.855617
99.831051
100.000000
100.000000
96.766071
99.283783
99.515438
99.624300
99.463169
98.998644
97.176495
100.000000
99.690254
100.000000
100.000000
99.353400
97.746020
99.446025
100.000000
100.000000
100.000000
100.000000
99.171489
100.000000
100.000000
100.000000
100.000000
100.000000
95.427223
99.850004
99.964992
100.000000
100.000000
99.869793
95.581367
99.503206
99.609892
100.000000
100.000000
99.951505
96.720568
99.704875
100.000000
100.000000
100.000000
100.000000
99.004868
100.000000
99.759401
100.000000
99.382291
100.000000
98.272380
100.000000
100.000000
100.000000
99.478225
93.892395
97.779981
100.000000
99.719245
100.000000
100.000000
100.000000
95.899434
100.000000
100.000000
100.000000
100.000000
99.977828
98.894896
99.842952
100.000000
100.000000
100.000000
100.000000
97.832028
100.000000
100.000000
100.000000
100.000000
100.000000
99.837892
100.000000
100.000000
100.000000
100.000000
100.000000
97.261113
100.000000
100.000000
100.000000
100.000000
100.000000
99.665864
100.000000
100.000000
100.000000
100.000000
100.000000
99.023944
100.000000
100.000000
100.000000
100.000000
100.000000
100.000000
100.000000
100.000000
100.000000
100.000000
100.000000
99.459181
100.000000
100.000000
100.000000
99.982953
98.709176
99.504194
100.000000
99.682387
100.000000
100.000000
99.919328
98.194573
100.000000
100.000000
100.000000
100.000000
100.000000
99.820450
100.000000
100.000000
100.000000
100.000000
100.000000
98.351510
100.000000
100.000000
100.000000
100.000000
100.000000
98.317499
100.000000
100.000000
100.000000
100.000000
100.000000
97.850578
100.000000
100.000000
100.000000
100.000000
100.000000
97.024536
100.000000
100.000000
100.000000
100.000000
100.000000
97.626148
100.000000
100.000000
100.000000
100.000000
100.000000
100.000000
100.000000
100.000000
100.000000
100.000000
100.000000
99.101407
100.000000
100.000000
100.000000
100.000000
98.150375
99.619288
100.000000
100.000000
100.000000
100.000000
100.000000
98.237602
99.959876
99.960894
100.000000
100.000000
99.938799
99.707407
100.000000
100.000000
100.000000
100.000000
100.000000
97.991651
100.000000
100.000000
100.000000
100.000000
100.000000
98.637915
99.998466
99.850216
100.000000
99.850484
100.000000
100.000000
100.000000
100.000000
100.000000
100.000000
99.691638
100.000000
100.000000
100.000000
100.000000
100.000000
100.000000
98.993504
100.000000
100.000000
100.000000
100.000000
100.000000
98.863234
99.764510
100.000000
100.000000
99.908465
99.956766
99.475688
100.000000
100.000000
99.957925
99.711520
98.762074
98.701094
100.000000
100.000000
100.000000
100.000000
100.000000
96.758213
100.000000
100.000000
100.000000
100.000000
100.000000
99.349487
100.000000
100.000000
100.000000
100.000000
100.000000
98.390786
100.000000
99.922799
100.000000
99.625336
99.637428
98.336701
100.000000
100.000000
100.000000
99.909574
99.764274
99.749775
100.000000
100.000000
100.000000
99.862317
99.316866
98.829887
99.507482
99.962941
100.000000
99.752064
100.000000
98.332569
99.883855
99.604160
100.000000
99.952477
100.000000
97.728272
100.000000
100.000000
100.000000
100.000000
100.000000
98.388461
100.000000
100.000000
100.000000
99.977275
98.984572
96.877556
100.000000
99.957626
100.000000
99.925258
100.000000
96.939395
99.661714
100.000000
100.000000
99.797976
99.678287
97.695424
100.000000
100.000000
100.000000
100.000000
100.000000
99.161786
100.000000
100.000000
100.000000
100.000000
100.000000
99.365846
100.000000
100.000000
100.000000
100.000000
100.000000
98.335756
100.000000
100.000000
100.000000
100.000000
100.000000
98.307012
100.000000
100.000000
100.000000
100.000000
100.000000
97.424218
100.000000
100.000000
100.000000
100.000000
100.000000
100.000000
100.000000
100.000000
100.000000
100.000000
99.636133
96.364955
100.000000
100.000000
100.000000
100.000000
97.602442
100.000000
100.000000
100.000000
100.000000
100.000000
100.000000
98.614759
100.000000
100.000000
100.000000
100.000000
100.000000
100.000000
100.000000
100.000000
100.000000
100.000000
100.000000
98.380409
100.000000
100.000000
100.000000
100.000000
100.000000
98.052517
100.000000
100.000000
100.000000
99.961435
100.000000
100.000000
100.000000
100.000000
100.000000
100.000000
100.000000
100.000000
100.000000
100.000000
100.000000
100.000000
100.000000
100.000000
100.000000
100.000000
100.000000
100.000000
100.000000
98.586163
100.000000
100.000000
100.000000
100.000000
100.000000
97.482355
99.943843
100.000000
100.000000
99.885641
97.302536
98.156954
100.000000
100.000000
100.000000
99.953876
99.807405
97.768739
99.763676
99.611798
99.851307
99.816095
99.999873
97.985616
99.819970
100.000000
100.000000
100.000000
100.000000
98.098489
99.850944
99.546030
100.000000
99.861304
100.000000
98.279351
100.000000
100.000000
100.000000
99.687766
100.000000
97.687122
100.000000
100.000000
100.000000
100.000000
100.000000
98.778919
100.000000
100.000000
100.000000
100.000000
100.000000
99.870879
100.000000
100.000000
100.000000
100.000000
100.000000
97.522603
100.000000
100.000000
100.000000
100.000000
100.000000
98.604433
100.000000
100.000000
100.000000
100.000000
97.383895
97.867062
100.000000
100.000000
100.000000
100.000000
100.000000
96.542182
100.000000
99.845088
100.000000
100.000000
100.000000
98.257804
100.000000
100.000000
100.000000
100.000000
100.000000
96.653027
99.881472
99.706483
100.000000
99.731955
99.494428
97.069623
99.772387
100.000000
100.000000
100.000000
99.736588
98.185314
99.518294
99.499329
100.000000
99.605902
99.996953
97.461855
100.000000
99.834187
100.000000
99.927967
99.837267
96.867884
100.000000
99.164263
100.000000
100.000000
100.000000
97.319744
100.000000
100.000000
100.000000
100.000000
100.000000
98.952498
100.000000
100.000000
100.000000
100.000000
96.590591
100.000000
100.000000
100.000000
100.000000
100.000000
100.000000
98.114909
100.000000
100.000000
100.000000
100.000000
100.000000
98.129061
100.000000
100.000000
100.000000
100.000000
100.000000
97.877257
100.000000
100.000000
100.000000
100.000000
100.000000
98.247537
100.000000
100.000000
100.000000
100.000000
100.000000
99.851986
100.000000
100.000000
100.000000
100.000000
100.000000
99.800248
100.000000
100.000000
100.000000
100.000000
100.000000
99.291703
100.000000
100.000000
100.000000
100.000000
100.000000
100.000000
100.000000
100.000000
100.000000
100.000000
100.000000
99.364446
100.000000
100.000000
100.000000
100.000000
100.000000
100.000000
100.000000
100.000000
100.000000
100.000000
100.000000
100.000000
100.000000
100.000000
100.000000
100.000000
100.000000
100.000000
100.000000
100.000000
100.000000
100.000000
100.000000
100.000000
100.000000
100.000000
100.000000
100.000000
100.000000
100.000000
100.000000
100.000000
100.000000
100.000000
100.000000
99.097801
100.000000
100.000000
100.000000
100.000000
100.000000
99.691533
100.000000
100.000000
100.000000
100.000000
100.000000
98.654842
100.000000
100.000000
100.000000
100.000000
100.000000
99.205698
100.000000
100.000000
100.000000
100.000000
100.000000
100.000000
100.000000
100.000000
100.000000
100.000000
99.739920
100.000000
100.000000
100.000000
100.000000
100.000000
100.000000
99.083932
100.000000
100.000000
100.000000
100.000000
100.000000
99.426713
100.000000
100.000000
100.000000
100.000000
100.000000
100.000000
100.000000
100.000000
100.000000
100.000000
100.000000
100.000000
100.000000
100.000000
100.000000
100.000000
100.000000
100.000000
100.000000
100.000000
100.000000
100.000000
100.000000
100.000000
100.000000
100.000000
100.000000
100.000000
100.000000
100.000000
100.000000
100.000000
100.000000
100.000000
100.000000
99.767897
100.000000
100.000000
100.000000
100.000000
100.000000
100.000000
100.000000
100.000000
100.000000
100.000000
100.000000
99.963970
100.000000
100.000000
100.000000
100.000000
100.000000
98.146445
100.000000
100.000000
100.000000
100.000000
100.000000
99.638201
100.000000
100.000000
100.000000
100.000000
100.000000
100.000000
100.000000
100.000000
100.000000
100.000000
100.000000
99.358971
100.000000
100.000000
100.000000
100.000000
100.000000
100.000000
100.000000
100.000000
100.000000
100.000000
100.000000
100.000000
100.000000
100.000000
100.000000
100.000000
100.000000
100.000000
100.000000
100.000000
100.000000
100.000000
100.000000
97.652609
100.000000
100.000000
100.000000
100.000000
100.000000
96.975060
100.000000
100.000000
100.000000
100.000000
97.578431
97.251718
100.000000
100.000000
100.000000
100.000000
100.000000
97.871365
100.000000
100.000000
100.000000
100.000000
100.000000
100.000000
100.000000
100.000000
100.000000
100.000000
100.000000
99.600892
99.888303
99.884010
100.000000
100.000000
100.000000
91.615486
100.000000
100.000000
100.000000
100.000000
99.810967
96.662992
100.000000
100.000000
100.000000
99.270071
100.000000
93.720802
100.000000
100.000000
100.000000
99.136190
98.854469
96.790908
98.827742
99.408317
100.000000
99.480857
99.425522
94.266780
99.747042
99.302731
100.000000
98.842263
99.511405
98.863156
100.000000
99.530477
100.000000
99.369375
98.565391
96.686557
100.000000
99.138877
100.000000
99.396466
99.817533
97.187757
99.856498
99.824355
99.819512
100.000000
99.643305
98.579478
100.000000
100.000000
100.000000
99.406126
98.872313
98.528687
100.000000
99.614237
100.000000
98.869899
99.255076
99.600675
100.000000
99.864665
100.000000
100.000000
100.000000
95.132305
100.000000
99.972934
100.000000
100.000000
100.000000
94.544201
100.000000
100.000000
100.000000
100.000000
100.000000
96.214327
100.000000
100.000000
100.000000
100.000000
100.000000
100.000000
100.000000
100.000000
100.000000
100.000000
100.000000
100.000000
100.000000
100.000000
100.000000
100.000000
100.000000
100.000000
100.000000
100.000000
100.000000
100.000000
100.000000
98.526554
100.000000
100.000000
100.000000
100.000000
100.000000
100.000000
100.000000
100.000000
100.000000
100.000000
100.000000
100.000000
100.000000
100.000000
100.000000
100.000000
100.000000
99.524018
100.000000
100.000000
100.000000
100.000000
100.000000
100.000000
100.000000
100.000000
100.000000
100.000000
100.000000
99.250857
98.590328
98.609508
98.977339
98.992537
99.951979
97.292113
99.921347
99.852529
100.000000
100.000000
100.000000
98.074691
100.000000
100.000000
100.000000
100.000000
100.000000
100.000000
100.000000
100.000000
100.000000
100.000000
98.826854
98.923499
100.000000
100.000000
100.000000
100.000000
100.000000
99.311256
100.000000
100.000000
100.000000
100.000000
100.000000
100.000000
100.000000
100.000000
100.000000
100.000000
100.000000
100.000000
100.000000
100.000000
100.000000
100.000000
100.000000
100.000000
100.000000
100.000000
100.000000
100.000000
100.000000
100.000000
100.000000
100.000000
100.000000
100.000000
100.000000
100.000000
100.000000
100.000000
100.000000
100.000000
100.000000
100.000000
100.000000
100.000000
100.000000
100.000000
100.000000
100.000000
100.000000
100.000000
100.000000
100.000000
100.000000
100.000000
100.000000
100.000000
100.000000
100.000000
98.881123
99.125924
100.000000
100.000000
100.000000
100.000000
100.000000
100.000000
100.000000
100.000000
100.000000
100.000000
100.000000
100.000000
100.000000
100.000000
100.000000
100.000000
100.000000
97.595333
100.000000
100.000000
100.000000
100.000000
100.000000
99.343174
100.000000
100.000000
100.000000
100.000000
100.000000
100.000000
100.000000
100.000000
100.000000
100.000000
100.000000
99.818890
100.000000
100.000000
100.000000
100.000000
100.000000
96.558407
100.000000
100.000000
100.000000
100.000000
100.000000
98.202955
100.000000
100.000000
100.000000
100.000000
100.000000
97.108925
100.000000
100.000000
100.000000
100.000000
97.609967
99.814537
100.000000
100.000000
100.000000
100.000000
100.000000
96.976207
100.000000
100.000000
100.000000
100.000000
100.000000
99.609497
100.000000
100.000000
100.000000
100.000000
100.000000
99.447018
100.000000
100.000000
100.000000
100.000000
100.000000
97.311374
100.000000
100.000000
100.000000
100.000000
100.000000
100.000000
100.000000
100.000000
100.000000
100.000000
100.000000
99.491886
100.000000
100.000000
100.000000
100.000000
100.000000
100.000000
100.000000
100.000000
100.000000
100.000000
100.000000
100.000000
100.000000
100.000000
100.000000
100.000000
100.000000
100.000000
100.000000
100.000000
100.000000
100.000000
99.870857
99.367927
100.000000
100.000000
100.000000
100.000000
100.000000
97.031122
100.000000
100.000000
100.000000
100.000000
100.000000
100.000000
100.000000
100.000000
100.000000
100.000000
100.000000
99.951262
100.000000
100.000000
100.000000
100.000000
100.000000
99.858383
100.000000
100.000000
100.000000
100.000000
100.000000
99.474042
100.000000
100.000000
100.000000
100.000000
100.000000
98.904835
100.000000
100.000000
100.000000
100.000000
100.000000
100.000000
100.000000
100.000000
100.000000
100.000000
99.025192
98.816015
100.000000
100.000000
100.000000
100.000000
100.000000
98.451624
100.000000
100.000000
97.408565
96.681378
95.039985
96.320863
98.364600
98.380000
98.792556
98.483210
98.562115
95.672968
98.370956
98.622695
99.240193
98.711382
98.677125
96.930977
99.570568
99.300760
99.250777
99.133371
99.691434
96.170006
99.151897
99.382649
99.818659
99.232101
99.278094
97.733677
99.377707
99.324202
100.000000
99.438779
99.197575
93.460583
99.804579
100.000000
100.000000
99.180514
99.358189
96.839791
99.977290
99.320285
99.760242
99.861876
99.784985
95.146862
98.939916
99.781242
100.000000
99.308725
99.424709
97.342554
99.681163
99.470438
100.000000
99.816112
99.285325
97.692037
99.399715
99.235239
99.904098
99.751253
94.065134
92.629929
100.000000
99.930893
99.893525
100.000000
99.906064
98.051769
99.985860
99.300234
99.451902
99.968262
99.799088
97.987633
99.989678
99.482336
100.000000
99.205846
99.822512
98.764500
99.469685
99.006539
100.000000
99.329738
99.300277
99.163584
99.784673
98.759727
100.000000
99.344913
99.426982
98.398401
99.839991
99.497830
100.000000
99.779721
99.761044
99.102397
99.868048
99.657625
100.000000
99.409412
99.824471
99.121741
100.000000
99.741779
100.000000
99.678509
99.611715
99.139299
100.000000
100.000000
100.000000
100.000000
100.000000
97.373051
99.557677
99.700426
100.000000
99.779834
98.657146
98.513068
99.004558
98.532169
100.000000
99.202198
98.523323
98.405671
99.617620
99.001355
99.915737
99.938727
98.470572
95.664030
100.000000
99.748816
100.000000
100.000000
99.993124
97.613908
98.451294
98.685943
100.000000
99.272787
98.704441
98.114871
99.612525
99.561656
99.957452
99.764518
99.204977
97.688612
99.177679
99.167757
99.962937
99.471266
99.618798
98.320218
98.906442
99.264620
100.000000
99.488094
98.823962
98.019346
98.692197
99.318404
100.000000
99.109349
99.259286
98.232178
99.461364
99.564713
100.000000
99.454133
99.293159
97.062501
99.449304
98.702005
99.252631
98.956514
97.864645
98.126700
99.179258
99.612143
99.905617
99.067172
98.644137
97.975836
98.573426
98.623700
99.301386
98.672790
98.825650
96.888527
99.133912
99.143696
100.000000
98.858868
98.918683
98.313069
98.960688
98.491049
99.574312
98.655033
98.962556
96.770374
98.989559
98.852137
99.618699
98.920341
99.128194
97.114675
98.655990
98.738262
99.784326
99.062295
98.727546
97.512768
98.618134
99.553479
100.000000
98.933133
99.123267
97.479883
99.312066
98.494503
99.426457
98.826967
98.621795
98.052159
99.593188
99.566873
100.000000
99.260804
99.524574
96.486072
99.399992
99.518453
100.000000
99.507025
97.141495
98.124292
99.971770
99.411325
100.000000
99.648320
99.591959
98.279696
99.602146
99.864324
100.000000
99.583534
99.740850
98.054040
100.000000
100.000000
100.000000
99.896703
100.000000
99.286206
100.000000
99.850104
100.000000
99.656171
99.941417
98.243454
100.000000
99.918497
100.000000
100.000000
100.000000
98.626776
100.000000
100.000000
100.000000
100.000000
100.000000
98.174423
99.883285
99.831781
100.000000
100.000000
99.914766
97.654402
100.000000
100.000000
100.000000
100.000000
100.000000
98.973678
100.000000
100.000000
100.000000
100.000000
100.000000
97.639763
100.000000
100.000000
100.000000
100.000000
98.537057
97.970005
100.000000
100.000000
100.000000
100.000000
100.000000
98.383839
100.000000
100.000000
100.000000
99.544617
100.000000
97.615338
100.000000
100.000000
100.000000
100.000000
99.992274
98.074156
100.000000
100.000000
100.000000
100.000000
99.950685
99.404800
99.858158
100.000000
100.000000
99.940527
100.000000
98.076288
99.809521
100.000000
100.000000
99.733793
99.922287
99.209822
99.142574
99.426472
100.000000
99.919553
100.000000
98.955821
99.334227
99.655027
100.000000
99.287500
99.626680
98.810649
98.661491
98.548101
100.000000
99.137488
99.006901
94.285324
99.612395
99.852460
100.000000
99.974175
97.061178
97.774738
99.879395
100.000000
100.000000
100.000000
100.000000
96.333859
100.000000
100.000000
100.000000
100.000000
100.000000
99.429631
100.000000
100.000000
100.000000
100.000000
100.000000
99.910794
100.000000
100.000000
100.000000
100.000000
100.000000
98.319463
100.000000
100.000000
100.000000
100.000000
100.000000
100.000000
100.000000
100.000000
100.000000
100.000000
100.000000
100.000000
100.000000
100.000000
100.000000
100.000000
100.000000
100.000000
100.000000
100.000000
100.000000
100.000000
100.000000
100.000000
100.000000
100.000000
100.000000
100.000000
100.000000
100.000000
100.000000
100.000000
100.000000
100.000000
100.000000
100.000000
100.000000
100.000000
100.000000
100.000000
100.000000
100.000000
100.000000
100.000000
100.000000
100.000000
100.000000
100.000000
100.000000
100.000000
100.000000
100.000000
100.000000
100.000000
100.000000
100.000000
100.000000
100.000000
100.000000
100.000000
100.000000
100.000000
100.000000
100.000000
100.000000
100.000000
100.000000
100.000000
100.000000
100.000000
100.000000
100.000000
100.000000
100.000000
100.000000
100.000000
100.000000
100.000000
100.000000
100.000000
100.000000
100.000000
100.000000
100.000000
100.000000
100.000000
100.000000
100.000000
100.000000
100.000000
100.000000
100.000000
100.000000
100.000000
98.614251
100.000000
100.000000
100.000000
100.000000
100.000000
100.000000
99.763086
100.000000
100.000000
100.000000
100.000000
100.000000
99.214766
100.000000
100.000000
100.000000
100.000000
100.000000
98.569686
100.000000
100.000000
100.000000
100.000000
100.000000
97.075711
100.000000
99.751715
100.000000
100.000000
100.000000
99.120571
100.000000
100.000000
100.000000
100.000000
100.000000
98.698105
100.000000
99.213574
100.000000
100.000000
99.535726
96.431582
99.795999
100.000000
100.000000
100.000000
99.888020
99.099825
100.000000
99.711229
100.000000
100.000000
100.000000
98.299179
100.000000
100.000000
100.000000
100.000000
99.506897
98.782824
100.000000
100.000000
100.000000
100.000000
100.000000
98.338998
100.000000
100.000000
100.000000
100.000000
100.000000
97.997698
100.000000
100.000000
100.000000
100.000000
100.000000
97.477375
100.000000
100.000000
100.000000
100.000000
100.000000
100.000000
100.000000
100.000000
100.000000
100.000000
100.000000
100.000000
100.000000
100.000000
100.000000
100.000000
100.000000
97.732977
100.000000
100.000000
100.000000
100.000000
100.000000
99.724978
100.000000
100.000000
100.000000
100.000000
100.000000
99.685851
100.000000
100.000000
100.000000
100.000000
100.000000
98.228214
100.000000
100.000000
100.000000
100.000000
100.000000
99.510399
100.000000
100.000000
100.000000
100.000000
100.000000
99.788215
100.000000
100.000000
100.000000
100.000000
100.000000
100.000000
100.000000
100.000000
100.000000
100.000000
100.000000
100.000000
100.000000
100.000000
100.000000
100.000000
100.000000
97.382280
100.000000
100.000000
100.000000
100.000000
100.000000
99.408805
100.000000
100.000000
100.000000
100.000000
100.000000
99.069423
100.000000
100.000000
100.000000
100.000000
100.000000
98.310796
100.000000
100.000000
100.000000
100.000000
100.000000
100.000000
100.000000
100.000000
100.000000
100.000000
100.000000
99.196992
100.000000
100.000000
100.000000
100.000000
99.185134
97.980621
100.000000
100.000000
100.000000
100.000000
100.000000
100.000000
100.000000
100.000000
100.000000
100.000000
100.000000
98.586408
100.000000
100.000000
100.000000
100.000000
100.000000
99.537066
100.000000
100.000000
100.000000
100.000000
100.000000
100.000000
100.000000
100.000000
100.000000
100.000000
100.000000
99.073024
100.000000
100.000000
100.000000
100.000000
100.000000
100.000000
100.000000
100.000000
100.000000
100.000000
100.000000
100.000000
100.000000
100.000000
100.000000
100.000000
100.000000
100.000000
100.000000
100.000000
100.000000
100.000000
100.000000
99.217105
100.000000
100.000000
100.000000
100.000000
98.658473
100.000000
100.000000
100.000000
100.000000
100.000000
100.000000
100.000000
100.000000
100.000000
100.000000
100.000000
100.000000
100.000000
100.000000
100.000000
100.000000
100.000000
100.000000
99.450634
100.000000
100.000000
100.000000
100.000000
100.000000
99.251420
100.000000
100.000000
100.000000
100.000000
100.000000
99.330758
100.000000
100.000000
100.000000
100.000000
100.000000
99.520740
100.000000
100.000000
100.000000
100.000000
100.000000
98.071750
100.000000
100.000000
100.000000
100.000000
100.000000
99.289175
100.000000
100.000000
100.000000
100.000000
100.000000
98.947781
100.000000
100.000000
100.000000
100.000000
97.675452
98.637967
100.000000
100.000000
100.000000
100.000000
100.000000
100.000000
100.000000
100.000000
100.000000
100.000000
100.000000
100.000000
100.000000
100.000000
100.000000
100.000000
100.000000
100.000000
100.000000
100.000000
100.000000
100.000000
100.000000
99.208219
100.000000
100.000000
100.000000
100.000000
100.000000
99.449711
100.000000
100.000000
100.000000
100.000000
100.000000
98.410184
100.000000
100.000000
100.000000
100.000000
100.000000
97.749765
100.000000
100.000000
100.000000
100.000000
100.000000
99.081155
100.000000
100.000000
100.000000
100.000000
100.000000
98.393156
100.000000
100.000000
100.000000
100.000000
100.000000
