95.602410
94.347944
94.144963
94.923888
93.834563
93.896218
94.251183
94.663969
94.692293
94.670019
94.704753
95.012939
95.539014
94.894569
94.827329
95.494389
94.578326
94.769695
95.502754
94.592213
94.900384
94.865503
94.183024
94.774479
95.835487
94.404827
94.349559
95.280761
94.714791
94.945722
95.735421
94.410944
94.534180
95.197157
94.507393
94.692951
96.282660
94.993851
94.576522
94.825855
94.689375
95.064193
95.468536
94.508955
94.776974
95.314020
94.721975
94.820807
95.725017
95.407966
95.075595
95.883847
95.113343
94.939619
95.323423
94.311470
95.221830
94.281564
95.327226
95.537333
96.832857
95.320665
94.951583
95.882759
94.700656
94.513560
95.411192
94.899629
95.040151
95.295937
95.432070
95.334763
96.194530
95.169544
94.653499
95.140698
95.103460
95.322723
95.814645
94.762298
94.819144
96.266309
94.961343
94.490625
95.798496
96.424315
94.939673
95.596444
96.096356
95.924799
95.959773
94.772463
95.070255
95.112792
95.733467
95.088751
96.697546
94.948847
95.385172
95.693377
95.398566
95.354039
95.379882
96.407044
96.299096
95.759078
94.546904
96.501172
96.651006
94.080266
94.568631
96.511738
95.948877
95.071879
92.877922
96.109232
95.993621
95.136919
94.842405
97.344310
96.684729
95.430003
95.267541
95.723823
93.084391
95.720193
95.200257
94.023381
96.334146
96.163035
95.755319
95.288231
94.616783
94.939991
94.086903
96.214687
94.866683
95.032651
95.124717
95.233445
95.136324
95.291330
95.715275
94.615474
95.322283
94.619041
94.738427
94.907450
94.494070
94.651886
95.915659
94.339730
93.558406
94.684772
93.569999
94.708907
95.340475
94.216497
93.540059
95.316151
93.857813
93.726006
95.209995
93.687500
93.862429
94.847222
93.870306
93.780049
94.612420
94.455529
93.478282
95.012621
93.377474
94.725775
95.273308
93.930954
93.891882
96.140463
93.217123
95.203648
97.609782
95.758631
94.327588
96.475673
95.111011
96.080733
94.097591
96.536956
95.157763
97.694507
95.511146
95.760736
97.956433
95.880558
97.847326
98.520710
96.355127
97.850012
96.301217
96.950311
97.250898
96.969902
97.258907
97.527210
98.978452
92.138103
92.676825
94.348836
94.914045
93.628716
93.770741
94.860313
94.547755
95.860602
95.107463
95.959384
96.542813
96.429865
95.974938
96.816551
96.342287
96.709950
96.134647
96.739867
96.870334
95.820014
95.973493
97.251080
96.642390
96.117046
96.013276
96.633564
96.481347
95.291880
94.938057
96.145589
96.300248
96.302709
96.505929
96.308297
97.346078
95.832226
95.575914
96.435005
95.209046
95.874332
96.067925
95.334732
95.881953
96.634056
96.463560
97.200817
99.031509
96.648839
95.669780
98.652026
96.959768
98.135087
98.343191
96.748180
97.105477
98.484914
96.819074
98.264137
99.137171
97.806468
97.623662
97.910579
97.430994
99.694366
99.559210
96.780495
97.893814
99.043399
98.356146
98.623562
100.000000
98.396334
97.183135
98.564544
99.467887
99.377584
99.560229
97.885271
97.939674
98.754039
95.743282
96.329369
99.968414
97.455964
95.617229
97.618281
99.054617
97.155125
93.920617
99.067751
99.128151
97.904301
98.766256
96.599954
98.630309
98.261972
98.552644
97.893004
97.515940
97.946681
95.215862
98.028382
99.246866
98.001464
98.295537
98.454919
99.256677
98.611341
97.946262
98.275239
99.253554
98.620753
97.954007
99.396966
97.595167
98.332039
99.156142
98.937140
98.817449
98.289169
97.426861
99.574118
98.629890
96.767833
92.524012
98.029673
98.067035
97.127790
96.599461
98.765531
97.584797
97.619891
97.749342
96.994320
98.609716
98.637333
95.531868
97.373295
99.106589
98.181275
96.929992
98.821218
98.628390
98.180703
98.272355
98.706603
98.551821
98.438981
97.548195
98.740838
98.233087
98.120622
98.985720
97.210276
93.926255
96.554348
97.932103
97.968013
96.388694
96.273372
97.360098
97.649309
97.032166
96.761470
96.961405
98.278112
97.248956
97.306856
96.774962
98.871812
97.266845
97.066629
99.298231
97.535682
97.340825
98.295307
98.490321
97.222932
96.368162
97.624042
98.805586
97.825966
97.312735
97.682631
99.430936
97.489399
97.592733
97.986972
98.611415
98.566068
97.356758
97.524491
97.715539
98.441040
97.658642
97.821692
98.249119
97.952772
97.628160
98.048589
97.857328
97.866327
98.941270
98.176130
98.214766
98.843111
97.232156
97.688746
97.389056
97.810637
98.220292
97.845698
97.277450
97.265258
92.915572
96.950153
97.376876
98.088231
97.098057
97.452923
93.959813
98.608747
97.232964
98.098837
96.652137
97.896905
97.136509
97.946383
98.630686
96.685609
97.690917
97.238265
96.206442
98.097392
97.450331
98.138719
97.233476
98.139482
95.862647
96.930118
97.027662
97.195746
96.963683
97.058424
96.545075
97.140985
97.265256
98.287165
97.490531
97.373941
97.520543
96.501694
98.080067
97.610159
97.884724
98.655408
92.721684
97.524734
96.203785
97.897714
96.126691
97.857616
97.650173
97.567073
96.928871
97.930674
97.278354
96.273492
99.089246
97.393193
96.934401
97.772392
96.784107
95.257026
99.152682
96.101634
96.619626
98.115500
97.208589
97.914834
94.912696
97.553858
96.734250
97.479856
97.107596
97.501779
93.474765
97.140010
97.109922
96.758571
96.784873
96.931787
96.521677
96.992792
97.090168
98.086890
98.149626
97.616860
95.284244
97.322214
98.310187
97.712702
98.299233
96.985427
97.860570
96.948510
97.336020
97.855296
98.212964
97.940921
98.073537
97.286468
97.687592
98.516919
97.361972
97.890887
98.386945
97.413936
97.173723
97.648570
97.174373
97.098237
97.500186
98.004881
98.355476
98.470159
97.250501
97.947666
96.987443
97.872094
97.875378
97.164099
97.600470
98.424202
98.801865
97.538451
97.509144
97.470203
97.177511
97.396343
97.129551
97.492039
97.706007
97.584495
97.485134
98.018615
98.108392
97.853045
97.526241
98.817895
97.946540
97.777420
98.757620
98.234942
98.011787
98.359310
97.599791
98.381236
97.540455
97.780353
98.038070
97.795705
98.077422
98.642542
98.125862
97.956371
97.753326
97.888500
97.989049
98.460687
98.122886
98.225942
97.978510
98.307450
98.084981
98.214295
98.209472
97.928215
97.912976
98.269122
97.680119
98.562891
97.975583
97.979801
98.152144
98.352880
97.718010
98.185860
97.492211
97.783896
97.770023
98.081291
97.568473
97.338746
97.943425
97.921322
98.449971
97.821746
97.725408
98.473560
97.501692
98.024571
97.506769
97.979327
97.665033
97.853229
98.057742
98.585741
98.117093
98.290398
98.386418
98.268214
98.457224
98.230553
98.138831
98.090978
97.945417
98.007179
98.601903
98.245020
98.292340
98.548662
98.345086
98.357632
98.964354
98.273073
97.993864
98.815757
97.691620
98.142856
99.023087
97.970808
98.322938
98.702964
98.039939
98.014846
99.066528
97.668321
97.595174
97.542093
98.090310
98.237139
98.821529
97.648595
97.700590
97.828218
97.527439
97.394279
97.157455
97.926001
97.509107
97.693850
97.365171
97.023314
98.087014
98.425693
98.291763
98.088794
97.720932
97.466922
97.440830
97.566902
97.892662
97.850350
98.196516
98.010991
97.849735
98.050447
98.144640
98.237474
97.981739
98.250613
98.647901
98.180331
97.961269
98.361682
97.972158
97.916922
98.185761
98.236083
98.663350
97.981604
98.168573
98.049103
98.602897
98.150329
97.619676
98.328679
97.823951
97.860371
97.893441
98.443704
98.255718
98.284836
97.240442
98.185429
96.866003
97.974478
96.992753
98.670091
97.220823
97.868628
96.928373
98.422764
97.880663
97.659223
97.053519
97.726016
96.038623
98.095642
97.534528
98.114286
97.335159
96.170368
98.307714
97.760522
97.071179
97.904899
97.856871
98.055134
97.271594
97.758711
97.505335
97.749038
97.403842
97.660400
98.680872
98.279359
98.190949
98.066976
98.486047
97.771234
97.474650
98.110886
97.952550
97.804534
98.163829
98.729359
97.601250
97.998242
96.862756
98.652940
97.431481
98.183841
96.278942
98.159425
98.316690
97.992630
98.012870
98.231497
97.565606
97.668379
98.316653
97.564460
98.038528
98.402445
98.051588
97.571006
97.479034
97.789486
97.646151
98.037253
98.710425
97.843562
97.512734
98.385052
97.497742
97.756342
97.303551
98.169640
97.887877
97.810704
97.836301
97.384990
97.951848
98.458793
97.929271
98.185876
97.875795
97.348491
97.776147
97.876743
97.760087
97.316996
98.104691
98.531487
99.463530
97.769283
97.612460
98.368011
98.183316
98.411497
97.660873
98.241992
97.783243
98.296555
98.372168
97.772472
97.670617
98.541945
97.985108
98.139497
97.465823
98.456183
98.431656
97.668002
97.358724
97.759123
97.649250
97.939477
98.798122
98.276843
97.694472
97.904441
97.773764
97.855290
98.072503
97.650625
97.986994
97.968499
97.511695
97.712534
97.900851
98.068714
97.868456
98.003100
97.708679
98.043785
97.265794
97.712996
97.878635
98.234536
97.960404
97.198617
98.235092
97.939768
97.884411
98.016984
97.647359
97.473874
96.964549
97.672719
97.671970
97.493989
97.659386
97.894594
97.807075
97.963546
97.833254
98.446227
97.543439
97.892885
98.018678
98.217811
98.016373
98.004923
97.959630
97.681763
98.292220
98.219660
98.728474
97.982401
97.747894
97.792866
98.036958
98.018754
97.967887
97.660890
98.203522
97.318149
96.914524
97.958155
97.783426
98.090792
97.848112
96.851395
96.641390
96.853180
97.098152
97.833670
95.816703
96.659206
97.870884
96.833171
97.373617
97.544025
96.622894
97.156909
94.796271
97.047688
96.727527
97.006478
96.733462
98.500636
97.002314
98.148962
97.501875
98.147713
97.308543
97.421353
96.912293
98.426417
97.689704
97.697422
97.692512
97.880997
97.558838
98.102248
97.720811
97.885116
98.087605
97.979276
98.235527
98.169920
97.694652
97.989337
98.040964
98.392691
98.608340
98.491128
97.233673
98.451978
97.523543
98.082242
97.489200
97.506488
98.400659
98.086922
98.183969
98.244196
98.412964
97.150296
97.357184
98.046918
97.465529
97.405879
97.326117
98.290981
97.558394
98.186930
97.532237
98.301620
96.715323
97.823049
97.375976
98.333715
97.400920
97.456439
96.508220
98.177150
97.505919
97.838332
97.323189
96.586252
97.999993
97.617294
97.176308
97.523106
97.197963
97.380906
95.866802
97.314612
97.546332
97.051941
97.462771
97.829797
97.191158
97.635439
97.977316
98.168225
97.455722
97.654889
97.064439
98.269009
97.832010
97.717733
97.882982
97.411575
96.725128
97.734953
98.062673
97.144660
98.536835
98.098754
97.289917
96.119382
96.409077
96.456394
97.231334
100.000000
94.946082
100.000000
100.000000
99.812071
100.000000
99.451253
98.026251
100.000000
100.000000
99.346969
99.196867
100.000000
100.000000
98.983644
99.307756
100.000000
98.756719
99.808461
100.000000
99.167868
100.000000
99.897400
100.000000
100.000000
99.930221
99.798483
100.000000
100.000000
100.000000
99.671835
99.503731
100.000000
99.857415
98.593070
100.000000
100.000000
97.939092
99.309052
100.000000
100.000000
99.298979
98.952158
100.000000
98.942489
98.532976
100.000000
98.614307
98.785229
100.000000
98.283224
98.704746
100.000000
99.460333
99.928974
97.709916
98.940033
100.000000
99.842822
99.400494
100.000000
100.000000
99.487521
100.000000
100.000000
99.612155
100.000000
100.000000
99.850106
100.000000
100.000000
100.000000
100.000000
99.098866
100.000000
100.000000
100.000000
100.000000
100.000000
100.000000
99.797947
100.000000
99.822596
100.000000
97.840823
98.530554
99.792517
98.871464
99.164782
100.000000
99.904204
96.501451
98.823603
100.000000
99.497142
100.000000
100.000000
99.713641
100.000000
99.942312
100.000000
100.000000
100.000000
99.203635
99.279440
100.000000
100.000000
100.000000
100.000000
99.821541
100.000000
99.929002
99.839680
100.000000
100.000000
99.497551
100.000000
100.000000
99.945857
99.959293
100.000000
99.890306
99.605275
99.780446
100.000000
99.964458
99.801758
98.992428
100.000000
99.908098
99.638967
99.972036
100.000000
98.008540
99.605593
99.662463
99.980831
99.530434
99.707915
97.091081
99.696119
99.655959
99.738522
99.857186
99.235011
98.608886
99.497825
99.435797
99.628376
99.054996
99.460266
99.114360
99.348614
99.143543
99.100050
99.249752
98.981285
99.483776
99.253324
98.856597
99.011078
99.154937
99.608949
97.909164
99.022822
99.556900
99.382390
99.068110
99.507205
98.917697
98.764873
98.877524
99.506342
99.157020
99.298916
97.845602
99.076727
98.857640
99.624482
99.075272
99.340420
98.944744
99.437936
98.909730
99.511001
99.160225
99.404755
98.971034
99.194844
99.012425
99.730271
99.362296
99.227863
98.861852
99.219614
98.880646
99.254746
99.048615
98.972875
98.517583
99.118976
98.875570
99.813354
99.231491
98.556346
98.972312
98.904222
98.787513
99.306827
98.833832
98.863477
98.620414
98.419338
98.601031
98.542462
98.641130
98.955261
98.878401
98.731508
98.554198
99.167033
98.868604
98.997069
98.895432
98.920687
98.772979
99.339177
99.229935
98.615243
98.265916
99.512677
99.085353
99.578790
99.404926
99.046243
97.444024
99.009718
99.347861
99.588523
98.849728
99.082699
100.000000
99.377942
98.095344
98.473006
100.000000
99.465071
98.288387
96.645118
98.444631
98.731811
97.610358
96.597395
97.471850
96.678624
96.124921
98.622664
96.327256
96.089851
95.879382
98.689332
96.580096
95.709281
98.372662
97.238877
99.535557
100.000000
97.809531
98.682303
100.000000
99.226270
94.989446
98.779216
100.000000
98.418973
98.404901
99.771274
100.000000
99.125805
98.969720
100.000000
98.657512
99.442497
99.544930
98.724229
100.000000
99.246423
98.953695
99.454650
98.459490
98.578093
98.644064
98.382803
99.335912
99.030571
97.330121
97.756657
98.933831
97.933995
97.403655
99.534097
98.790969
97.462316
97.625188
98.080417
98.289942
97.651093
97.761548
98.110402
98.023851
97.999853
97.746919
97.829134
98.335176
98.352906
97.884118
97.819192
97.405976
98.601491
97.859522
98.460454
98.712068
98.358817
98.804733
98.228148
99.298561
97.046927
97.623543
96.710057
96.183685
96.011368
95.831802
96.214564
96.374869
97.163750
96.762326
98.469245
98.535810
98.502411
97.712830
98.386532
97.557768
97.909100
98.305578
97.792179
98.428015
98.372702
98.540657
98.027499
98.781707
97.429686
97.896470
97.734850
98.414250
98.314779
98.998794
97.838033
98.706188
98.529066
98.259057
98.244437
98.757521
97.791032
98.028973
98.248459
98.386266
98.193229
98.885325
97.984274
98.704818
98.244760
99.103097
98.655820
98.902467
98.066991
97.629013
97.720132
97.684579
98.409724
97.751722
97.816629
97.277340
98.340170
97.639824
98.276641
98.672257
98.099923
98.042618
99.332214
97.270537
97.160001
99.400495
97.982274
98.807269
98.368474
99.308496
99.311933
99.672101
96.617773
96.463803
97.748748
98.287913
99.307042
95.629106
98.513447
100.000000
97.487765
96.591388
100.000000
100.000000
98.549410
97.667707
100.000000
100.000000
99.527294
95.651020
97.531555
98.170689
100.000000
98.498905
94.775508
95.168874
100.000000
99.777860
98.389810
98.736910
100.000000
99.936797
99.326356
99.166884
99.454223
100.000000
98.065634
99.067585
99.161214
97.606321
97.996095
99.592761
98.820502
94.639609
95.959926
98.579196
98.777383
95.849697
92.201407
100.000000
98.821607
97.136695
98.795603
99.120903
98.723810
93.540487
98.518242
98.823972
96.988799
96.509327
99.130760
93.592056
96.578011
96.826419
100.000000
97.135801
96.349692
95.235794
98.672180
97.508123
98.408506
97.109794
98.070883
94.920398
96.474420
95.742267
98.473514
96.797621
95.935461
93.780917
98.330183
97.092822
98.140858
97.178470
96.642327
98.227730
97.791515
96.887313
98.526009
97.250267
95.279163
97.257823
96.972249
96.252575
97.379469
97.526055
96.880156
95.295215
97.508889
97.801700
97.363604
96.922699
96.329726
95.053057
97.452383
95.840322
97.314426
97.540169
94.297733
93.494257
97.356673
96.946937
97.281066
97.227495
98.043654
94.654742
96.963553
97.322175
98.512737
98.231873
97.905192
97.253689
97.922961
97.689234
98.383780
97.759128
97.673210
95.556593
97.230248
97.409536
98.250852
97.305144
98.115490
98.147585
97.276463
96.341994
99.129916
98.235466
98.459931
95.903619
97.912006
96.809862
99.317973
97.276996
96.484731
96.592456
97.005507
98.576102
98.958157
95.917715
95.314596
98.588035
97.690806
95.821851
97.286480
97.236248
99.031327
98.480823
97.221907
96.913429
100.000000
96.830732
94.374752
93.669942
97.636610
96.199360
95.635734
96.675441
99.353393
95.852978
96.022936
96.409983
95.474056
97.163177
96.889142
93.761116
95.598755
96.386409
96.461102
96.181357
95.628242
95.409940
97.678191
95.944570
97.939152
97.833699
96.484234
96.506884
96.717803
98.841700
98.838315
97.214885
96.805739
98.360333
96.964096
96.485559
96.903093
97.393253
97.960973
94.316871
96.723257
96.740639
98.535812
97.343300
96.373214
94.628045
96.478351
96.416287
96.672461
97.326406
97.182059
95.384162
96.449046
97.499357
98.064653
96.457594
96.588002
97.473556
97.267356
95.753004
97.084424
95.286586
97.106931
96.224278
94.790651
96.000553
96.217335
96.138396
90.950086
96.626217
97.429909
96.495580
96.623618
96.904094
96.924136
93.156219
96.827770
97.276303
96.989563
96.377549
96.070573
97.423798
96.195067
98.185653
98.209789
97.369071
97.687620
96.160761
97.760122
97.822761
98.947090
97.589872
97.097798
98.481365
95.841493
96.829063
97.613130
96.430895
97.710279
95.203844
98.032123
98.456658
98.704733
97.575252
98.145227
97.995423
97.735013
97.121562
98.380943
98.501918
98.680352
97.711368
97.210853
97.902746
98.426197
98.608424
98.294390
98.761350
97.311966
98.010424
99.619877
97.567398
97.587236
96.998492
98.675879
98.306518
97.079524
96.406589
95.441672
97.920992
96.957586
96.399639
96.934181
97.715061
97.015851
95.849260
96.709184
96.579371
97.680145
96.968156
96.614397
98.608230
97.155267
96.582630
98.195104
96.371075
95.900961
97.093847
97.590694
97.287457
97.963666
96.341809
95.458806
96.896643
96.718328
97.698482
97.059313
97.538225
96.848899
96.020240
96.570872
96.434369
97.824536
96.456588
97.721477
95.263413
98.089065
97.833250
98.427970
98.805780
97.189516
96.132963
97.870872
97.491120
98.408874
97.204727
97.043984
98.920454
97.368699
97.886785
98.730637
98.450904
98.511929
97.503952
97.348300
98.079786
98.871358
98.571590
96.975739
98.788618
98.574247
98.277964
98.336553
97.656072
97.887953
96.664374
97.527243
97.657874
99.007322
98.093198
97.942591
98.845141
98.123660
97.469352
98.912724
97.988298
98.341145
97.262069
98.209894
97.834395
99.711277
98.335196
98.155619
97.880626
97.720156
97.443354
98.012849
97.324082
98.257762
100.000000
97.768379
98.342646
99.007672
98.141522
96.883768
99.394452
97.784270
98.062111
98.198157
98.585863
97.773717
98.140527
98.415979
97.597027
98.294103
97.765453
97.857012
97.875774
97.453224
98.134932
98.064683
97.930411
98.175806
98.474487
98.352381
98.795716
97.804077
98.280493
98.072927
97.919894
98.188448
98.102888
98.962951
97.950240
97.098305
95.469487
97.802598
98.007334
97.660691
97.440668
98.982388
98.394370
98.654831
97.884225
99.180097
99.292117
98.996482
97.704202
98.456145
97.554980
98.754962
97.451269
97.454117
97.754171
98.501929
98.434840
98.731753
97.939322
97.693597
99.203991
97.582960
98.331753
98.823161
97.811812
96.981687
98.199870
96.740353
97.876435
98.019501
97.117562
97.981301
97.693362
97.886131
97.389383
98.322250
97.529186
98.256380
96.797808
97.889796
98.599942
98.542724
97.858721
97.814125
97.596108
97.548793
97.567155
97.386858
97.110241
98.137972
95.960453
98.497541
97.283385
98.240889
96.861794
96.502532
95.696445
95.260036
96.941727
97.781174
96.703833
96.041459
96.909805
98.747290
98.674018
98.345710
97.271953
98.048413
98.419216
96.423887
96.363233
97.823776
98.044078
97.676327
98.194089
97.257869
96.882730
99.114703
96.946250
97.785413
97.149266
97.675233
98.119182
98.986113
98.780028
98.418948
97.403258
97.846760
96.970131
98.619403
98.509300
97.830819
96.477826
97.193852
96.990222
97.161934
96.784684
96.935758
99.074500
97.145590
97.153002
98.255274
96.844160
95.162574
94.347687
97.346330
97.362889
98.085069
97.785813
95.733017
99.061229
97.661984
97.568943
98.916119
98.700310
97.445018
96.540252
97.218904
98.305828
97.505775
97.976336
97.248814
99.609516
98.038468
98.221713
99.103504
98.985992
99.005334
97.576726
97.880873
97.851007
98.560639
99.432962
97.802432
97.308893
98.307351
98.087800
98.501871
97.431488
97.742281
99.106592
97.214331
97.552340
98.764200
97.309356
97.802370
99.892137
97.078236
97.227928
98.324118
96.766791
98.004124
99.047103
98.400427
96.905614
99.302343
96.211233
96.002520
97.322243
96.118017
97.226757
98.044913
97.096546
95.434369
94.291613
95.204584
94.459518
95.978707
94.819023
94.117339
96.589876
95.380801
95.838357
97.535554
95.301084
96.136716
95.395594
95.661570
95.835347
96.138225
96.142313
95.810642
96.394096
97.237051
97.075024
98.133422
97.038416
97.087333
96.853920
97.403424
97.011595
97.404763
96.887307
96.748142
96.842370
97.057770
96.090234
97.001174
95.970324
98.091799
96.240182
97.207808
97.708964
98.372461
97.623151
97.833111
97.549562
97.402162
98.233815
98.184005
97.265755
97.570727
98.698085
97.642567
97.238917
98.777915
97.288644
97.678138
96.308918
97.234671
97.204595
98.608944
97.049084
97.171454
97.103138
97.876441
97.405049
98.542196
97.157920
95.988327
96.213543
96.957781
97.541759
97.582408
97.323125
97.364009
93.949669
96.690034
95.966601
96.626874
97.378493
97.113281
96.710129
97.181303
96.752650
98.880481
97.210026
96.274779
95.445232
96.151199
95.628778
97.967321
96.373048
96.362973
95.589722
95.961737
96.334519
96.905702
96.705864
97.208682
96.666995
96.371974
96.815064
97.932677
96.116352
96.666884
96.234654
96.963414
95.560855
97.837816
96.093922
96.452940
96.085397
95.654978
94.138463
98.002588
96.296613
96.739669
95.748522
97.124008
96.701491
97.598590
97.255249
98.092827
96.750737
96.575679
96.067560
98.280224
96.445988
94.692987
98.846272
98.615473
96.951807
98.280207
97.210834
97.457816
95.695055
98.346056
98.686324
98.039263
96.297783
96.283154
96.767729
94.880533
94.623854
97.944706
95.373741
95.686956
95.557405
95.652229
96.073419
97.583622
96.140332
96.839229
95.437985
96.146491
96.101659
97.948626
96.405516
97.094359
97.630872
97.564363
97.649659
98.663677
97.302293
96.773092
98.128390
95.606367
97.431137
99.103226
97.470709
97.527006
97.030498
96.426192
97.105954
97.860756
96.329820
96.681483
98.195005
97.361444
95.792431
98.188498
97.308107
96.525432
96.512762
96.184418
96.774493
97.788973
96.651355
97.333327
99.836529
98.153041
97.528076
99.048145
98.789207
98.387930
97.031776
97.884398
97.825379
98.488785
97.817198
98.685687
97.639908
98.706483
98.785482
99.711723
98.783236
98.992813
98.965432
99.216118
99.083727
99.864652
98.199273
99.603108
99.074780
98.319762
96.832364
98.949686
98.453091
98.042844
97.020859
97.265292
97.620587
98.322073
96.608040
97.994383
97.479087
96.896663
97.243790
98.735092
97.269971
97.679937
96.832819
96.329079
96.341113
98.381306
97.293469
96.760195
96.882189
96.986421
97.555284
98.486896
97.008708
97.893684
96.883023
97.471700
97.180550
98.102906
97.144106
96.446218
98.346625
97.012968
97.453749
99.079588
97.330914
97.815749
96.057943
97.112674
97.014992
98.169549
98.004139
97.417751
97.391574
99.124276
99.586313
99.669881
98.421373
98.163919
99.016392
98.300564
99.342668
100.000000
99.337281
99.642451
100.000000
99.768785
100.000000
100.000000
99.932586
99.939508
100.000000
99.671661
99.880538
100.000000
99.903080
99.496411
100.000000
99.376843
99.953660
100.000000
99.647813
98.685386
98.554232
98.805566
98.129493
100.000000
98.660242
98.933638
98.433764
97.994631
99.411408
99.850999
99.595166
98.331698
98.431258
97.463498
97.862507
98.263585
97.683026
97.836880
98.150621
97.363726
97.624713
98.181843
98.070611
97.956660
94.951515
96.707502
97.817553
97.358945
97.462305
96.895829
97.910067
97.922938
97.940246
98.975315
97.749365
97.826237
98.691859
96.536902
96.328882
99.149903
96.853803
96.266929
97.715954
97.804347
95.446852
98.049399
97.001611
96.084601
98.257850
95.735757
96.783665
98.873883
96.690478
96.625390
99.019020
97.650599
96.741646
98.615391
97.417899
97.452282
98.820307
97.168909
97.394413
98.881348
97.601219
98.330195
96.030924
96.960829
97.312360
98.906226
98.523812
97.629362
94.377505
95.702418
95.180372
97.144400
95.515886
95.325582
95.645150
97.340360
97.955487
97.888840
97.238939
99.638209
95.443883
97.982034
99.442166
100.000000
99.298299
98.669111
99.790073
99.109730
99.528168
99.072175
98.519746
99.492347
97.392232
93.779868
93.904622
96.928659
95.632525
95.180490
89.439297
94.931278
95.984119
97.724104
95.756948
95.622200
94.128826
96.714414
96.961800
96.454859
95.456056
96.246728
91.965510
96.039210
95.059870
97.812407
94.726778
94.505017
95.317749
94.921627
95.658385
96.749563
96.189339
96.415178
92.503852
96.992104
96.142744
97.788862
95.588483
96.360024
96.894033
97.378369
96.921147
97.938905
95.857915
96.989939
95.372688
98.729264
95.594306
98.771045
96.486401
97.532619
94.843018
97.473635
97.640616
96.781475
98.356159
97.161049
97.702697
97.476511
98.741215
98.238560
97.923468
96.712600
98.056401
97.750386
97.375036
98.456830
96.268681
96.977762
98.597468
97.720465
96.458549
99.181543
97.442745
97.820833
94.039817
97.554759
96.403742
98.960763
98.939715
97.063502
92.980616
98.496021
98.659494
98.498546
97.953562
97.946392
95.136127
99.045786
96.834814
98.422756
95.219447
97.019802
100.000000
99.157611
95.769713
99.871902
98.267103
97.621860
100.000000
99.428729
98.039024
98.745305
100.000000
99.757736
99.345064
98.723745
98.971939
100.000000
99.301346
98.430226
96.097555
98.812136
99.913176
100.000000
99.403747
98.361549
98.113217
100.000000
100.000000
99.747742
99.126255
100.000000
100.000000
96.939428
98.441867
100.000000
97.681359
99.191698
97.533476
97.505860
100.000000
100.000000
97.192562
98.687355
100.000000
96.036151
97.751180
100.000000
96.839557
94.919726
96.149273
95.372666
95.075057
95.503239
95.428204
96.514860
94.460459
96.176171
96.201491
97.293562
97.273000
97.478640
95.567519
97.908660
97.755378
97.859788
98.087733
97.009336
98.262669
97.945273
98.739610
99.386683
98.897165
96.766113
98.111395
98.983604
98.364232
100.000000
98.265703
98.472283
97.972776
98.728732
98.622956
98.632604
98.828985
97.671375
99.687942
99.549593
99.283109
99.833956
99.343226
99.915208
99.438694
99.182670
99.521416
100.000000
99.684941
99.163511
99.598147
97.875035
98.896181
100.000000
100.000000
100.000000
99.573727
97.875590
98.658559
100.000000
96.619834
96.340528
99.106543
98.295461
96.191647
99.347436
97.374208
97.176502
98.159042
95.008824
95.636443
97.933283
97.476533
97.435575
97.711831
97.769825
98.610358
99.280007
97.882668
96.673687
97.386496
97.760794
96.186152
98.286120
96.906736
94.147406
96.725176
96.896107
95.461196
97.586532
95.358330
97.111004
97.142674
95.690290
96.528600
96.505274
97.519828
97.089289
98.058081
96.216092
96.569152
98.739004
96.659203
97.441289
95.241301
97.472699
98.172573
98.246234
97.823817
97.971207
97.288317
98.643636
98.935725
99.326125
98.327356
99.020209
98.715718
99.055017
98.738151
100.000000
98.295622
97.831208
98.257056
97.001306
98.197248
97.885289
98.128534
98.601297
95.321742
98.410543
98.294335
99.731380
98.264211
97.779028
97.463207
98.089619
97.835663
98.995150
98.708038
99.112167
96.078844
98.192181
99.421053
99.015723
98.800160
96.122142
99.002550
98.506993
99.324340
100.000000
99.445038
98.013986
95.321024
99.110557
98.841101
99.050332
98.635249
98.981239
98.474593
99.234857
99.374894
99.572883
98.968185
99.764518
98.265457
98.769649
97.597981
100.000000
98.152544
96.647244
96.064402
98.139424
98.590792
99.660887
96.559859
97.615425
98.363639
97.914918
97.867985
100.000000
97.913838
97.535219
98.012880
95.836434
97.906515
99.945932
96.163597
96.851626
98.872111
94.384229
93.481215
99.289218
95.982055
92.936521
97.358325
96.678685
97.077484
96.853329
94.852238
97.316032
96.504631
95.461875
96.063745
97.603561
94.416421
95.652710
97.313392
94.812725
94.112375
95.987968
95.125629
93.582516
92.174719
90.903225
91.591268
93.927789
91.332040
92.618203
96.564417
91.591442
90.224729
93.676946
92.663792
90.571997
96.109184
91.838341
93.931481
95.512732
94.018335
93.978491
96.286015
94.895820
92.559485
95.050658
94.255816
95.817876
96.427550
94.394457
94.005713
96.337906
93.607050
93.679144
96.366555
93.420855
93.904757
96.016151
94.126467
94.487800
97.066390
94.062314
94.641377
97.398466
95.187189
89.620912
95.164266
91.702307
94.251838
94.508165
93.665161
92.848407
92.344131
94.471715
93.097329
90.509275
90.203722
89.820292
94.789941
95.034594
95.075888
95.756519
94.925291
95.476543
93.901465
96.505414
96.337157
96.550414
96.221092
96.221385
95.292000
97.596332
97.542711
97.089056
96.944900
97.755556
94.920982
96.770533
97.337455
97.881381
97.052032
97.112579
97.058696
97.022637
96.707452
98.145882
97.706522
97.064189
92.776325
97.088198
97.346847
98.123425
97.262806
98.252406
96.101055
97.635113
95.954046
98.464292
97.439948
97.450502
94.631661
97.285921
97.762738
98.918250
97.011352
96.980168
96.337814
97.231152
97.550760
97.976163
97.965200
96.950275
96.184752
97.400607
97.104352
98.200627
97.887369
92.750197
91.829618
97.585962
97.787756
97.245767
97.983144
97.444353
96.191997
98.028643
96.910580
96.866012
97.954973
97.007225
97.138342
97.362282
97.152897
97.934361
97.177096
98.093973
98.271530
97.231689
95.846803
98.197128
97.012401
96.782608
98.466462
97.134655
95.714265
98.084104
96.375718
96.918994
97.811525
97.608186
96.824224
98.556734
97.310007
97.788196
98.121911
97.195179
96.996562
98.752270
96.648183
97.728969
98.318801
97.931518
97.507951
98.626149
97.008908
96.983206
98.256981
97.719281
97.981678
97.268659
97.781135
97.909179
96.229144
96.733563
97.005777
97.475564
96.978854
97.250006
97.559896
95.894690
95.107013
98.364130
94.644406
93.936936
96.013580
96.146081
95.398416
96.203396
96.389162
93.656189
93.874383
96.854283
96.429025
96.940533
95.881202
96.095413
95.975812
94.121805
94.686691
97.222574
95.421971
94.718688
96.682686
95.990269
96.310839
96.606189
97.192231
96.652056
96.419285
95.903868
95.884931
97.257189
96.173742
96.789440
97.333015
95.935445
95.639594
97.254225
95.919862
95.092219
97.058478
94.804713
96.193418
97.126828
95.893829
96.522782
96.691231
96.275198
96.325746
97.238332
95.648866
95.668026
95.139955
96.086848
95.279069
96.264910
95.542120
95.860605
96.943547
95.763266
96.259168
97.145292
95.609912
95.693292
95.818818
95.569606
95.787605
96.450480
95.345136
95.485157
95.729920
96.749028
96.940181
97.457776
95.461764
95.201914
97.131610
95.633377
95.040809
95.761453
95.166332
95.943268
94.921354
95.994466
95.789206
96.821572
95.815947
96.243369
95.627780
95.421083
95.787766
97.230832
95.709955
94.979751
96.242447
95.927929
96.880039
97.852458
95.716846
95.151803
96.453849
96.097202
94.977658
96.009743
95.594715
95.172972
96.417126
97.143422
97.224983
97.438042
96.241793
96.353474
94.648311
96.142176
96.504066
96.518288
97.036468
94.782675
97.223626
96.936524
96.556381
97.894906
96.990017
96.648588
96.385414
97.200247
97.460030
97.697766
96.552248
97.148045
97.010548
98.134664
98.211412
98.746144
97.822555
97.519205
98.328552
96.819084
96.443842
98.223885
97.097287
97.834164
96.772929
98.171944
96.602510
98.686571
96.907762
97.161294
97.455971
98.006659
98.256598
97.883667
97.411285
96.923147
97.183417
94.977154
95.419266
98.450827
96.182152
95.520606
96.072061
96.519789
96.710648
97.266950
96.245851
96.337643
97.324328
96.154011
95.753759
97.772839
95.662059
95.621737
95.145948
94.952649
95.511962
97.808372
96.574865
96.210474
96.393466
97.005688
97.125256
97.745192
97.139909
94.888320
95.045681
95.203861
95.848622
95.697864
95.011057
96.128824
95.559647
94.742254
94.488902
97.486031
94.408055
95.358283
96.007581
95.864205
95.203502
96.702626
95.747580
95.461169
97.702028
95.558407
96.053509
97.378549
95.798936
96.461150
96.247473
96.961982
96.803507
97.608423
96.151952
96.300496
97.613920
94.781312
95.598697
97.187352
96.232224
96.989224
97.220403
96.181839
96.516488
97.134632
95.616483
96.108368
97.514075
94.525943
93.947062
97.916869
94.468932
94.120521
92.399601
96.013138
95.520468
96.239653
95.633149
94.297033
96.428658
95.642476
97.142987
98.035006
95.822989
96.062248
94.025333
95.675450
95.699069
96.932684
96.601084
97.396546
97.784103
97.269196
98.045127
98.862152
97.530680
98.779979
98.216446
98.374898
97.933613
99.486435
98.929925
98.647606
97.018095
97.691570
98.044373
100.000000
97.506857
98.036426
100.000000
98.226673
97.424129
100.000000
98.162566
98.992959
98.466070
98.642282
99.325179
99.822979
98.099241
96.398756
100.000000
97.517759
97.305227
98.447610
97.637243
98.300283
97.781310
98.414542
97.586337
98.623075
97.197676
97.390516
97.817284
96.189981
94.983226
98.655901
96.423537
98.038241
98.251087
94.878627
93.025759
97.262463
92.818382
93.796207
96.080467
93.088287
92.981194
96.455385
93.276223
95.133065
97.208968
96.233357
95.966653
98.648122
95.253476
97.897811
98.737833
96.151325
96.295147
98.783294
97.462515
97.473109
98.608157
96.702164
96.770317
99.643625
95.758233
97.579024
100.000000
95.971674
96.793192
99.193096
96.540670
95.959219
98.695204
96.364902
95.423169
97.610142
95.436356
95.887037
98.155856
96.780021
96.728113
98.333722
95.660198
95.540157
97.567225
96.150114
94.207824
96.919498
94.650892
94.266292
95.068354
93.581885
93.636475
95.216878
93.194652
93.735242
97.527661
94.351522
94.022069
95.747697
94.669712
94.042179
94.228352
94.484828
93.944074
95.374748
93.501210
93.915896
95.939826
92.599745
93.058130
97.162692
94.107890
92.085625
95.140837
92.730186
91.998288
95.669819
91.987009
92.654486
92.903221
94.031390
92.881013
94.974847
94.761998
94.028679
95.462540
94.901968
94.267713
96.597500
93.064402
94.349404
95.645133
94.136586
93.514420
96.175674
94.745718
96.255769
93.970801
94.639616
95.257022
95.664011
95.617167
96.354837
96.820289
95.763157
94.319429
96.666232
96.609377
96.726024
96.050757
95.390264
96.718782
96.671239
97.067570
97.821253
96.758729
94.899669
95.287625
97.907822
93.972801
93.075396
95.281900
94.483676
93.280593
95.519625
93.853644
93.935108
94.805341
94.249446
94.687428
97.596589
96.160842
96.731517
94.328920
97.239868
98.099260
98.649393
97.481542
97.242147
98.233235
96.176403
97.522769
98.809458
96.396198
96.523938
98.119844
96.801470
95.671695
98.642950
95.756399
95.519350
95.654109
97.191521
96.205616
98.173970
96.332313
96.140017
97.381981
97.463035
97.269426
97.957385
96.414896
96.405992
97.504247
97.382093
97.850636
98.935571
96.560552
96.837604
96.057102
96.439870
96.262136
97.512642
97.350203
100.000000
98.438131
98.068675
97.729207
99.532749
98.404788
98.000741
97.591363
97.284026
97.871278
97.458080
97.435251
97.325024
98.724401
97.384470
97.750093
98.427726
98.440261
98.565538
98.566839
97.069420
96.939249
99.194165
97.991757
96.484140
96.024822
96.981696
97.205981
98.681658
96.834180
97.983744
98.085592
97.631123
97.020276
98.108388
96.957100
98.087053
97.659955
97.022849
97.457654
100.000000
97.390834
97.710701
97.318018
98.095674
99.296102
99.360069
97.376512
97.063711
99.685049
97.999573
97.933556
100.000000
99.015210
97.060734
97.079108
97.761239
96.760591
99.481565
98.004027
96.710056
96.679651
98.696170
95.606536
97.991035
95.783548
96.136609
99.150716
96.301204
95.786541
96.387087
97.008580
96.047601
96.510690
97.208185
97.094263
97.847073
96.393408
96.326816
97.810213
97.183868
97.446231
98.137214
97.224908
97.797478
98.561718
96.875982
95.915440
99.390473
97.908290
96.858226
97.681804
98.424997
98.985030
100.000000
97.847318
98.720042
99.813793
99.364131
98.539178
100.000000
98.320590
98.777521
100.000000
97.599462
97.442762
98.433766
97.566297
98.049761
98.392319
98.482908
97.618671
99.068704
96.984619
96.393462
97.042185
95.507821
96.630761
97.963238
97.035842
96.242360
98.728139
97.630271
97.402410
97.533496
97.564892
96.296115
96.953678
98.310135
97.829616
98.154544
97.913887
96.869502
99.619851
97.115192
96.636313
98.590168
97.260305
97.387941
97.438477
97.164750
97.021345
97.678084
97.358722
96.970166
96.955824
97.153534
96.605527
100.000000
96.253967
96.078073
97.365585
94.923904
95.555262
97.637378
95.593761
95.091894
97.275021
95.993684
96.686402
99.241234
96.735972
96.605654
95.739672
96.983557
96.441889
96.777015
96.195959
95.773292
97.174861
96.114545
96.304891
97.571325
96.569943
96.225242
96.267589
96.307387
97.686772
96.931781
96.740697
95.352822
96.823794
95.853655
96.650044
97.283542
96.434551
97.783101
97.799833
95.746752
95.431275
99.113775
99.638712
99.071582
99.712814
97.437165
98.189979
99.617379
98.605678
96.101713
99.514367
97.075059
98.017114
98.507188
95.464388
96.520156
96.668819
96.957438
95.058109
98.130354
95.825777
96.470575
96.329180
95.986568
95.839073
98.355366
95.150687
95.212078
96.031414
95.711674
95.022853
96.449197
95.614299
95.213442
95.328856
95.430233
96.525804
96.927752
95.394893
95.516165
97.050185
96.111121
95.988921
98.335593
96.222313
95.820506
95.414195
96.638149
97.018496
97.908968
96.916380
98.561856
