96.284886
95.470681
97.870668
96.034702
97.526518
96.295415
97.046768
95.567913
97.658815
95.649571
97.298999
96.004985
96.974366
95.307833
97.611803
95.441085
97.418825
95.811925
96.702422
95.313646
98.046892
95.101072
97.230759
95.888381
97.106327
95.181605
97.611872
95.500935
97.669208
95.915273
96.883379
94.996519
97.812977
95.258851
97.415637
95.501359
97.083561
95.214372
97.652585
95.159804
97.570073
96.019896
96.756344
94.886124
98.079007
95.603523
97.647797
95.730370
96.889559
95.318545
97.927418
95.489303
97.765112
95.859465
96.963334
95.383494
97.770523
97.705518
95.765758
97.145111
97.479824
95.201689
98.129496
95.534922
97.764599
95.787087
97.353847
95.092953
97.777940
95.585008
97.840733
95.655355
97.113594
95.443730
98.006061
95.171959
97.958929
96.133077
97.011085
95.216233
98.115296
96.103697
98.069778
95.283240
96.631799
95.517719
97.868020
95.031472
98.430551
96.489727
96.575250
95.197787
98.653425
95.415071
98.563581
96.059157
97.751974
95.039618
98.807663
95.692902
98.434505
96.169243
96.241086
95.938270
99.007331
95.343377
98.118736
96.971129
97.478477
94.426642
98.636102
96.056267
99.548241
96.417028
94.004129
96.177927
98.795844
98.087829
95.814448
98.820801
97.009865
95.803771
98.929269
95.834242
97.857004
97.369861
97.109153
93.973904
99.262011
95.856227
98.566275
95.980102
95.964118
95.360022
98.266372
96.175813
98.344412
95.534760
96.422901
94.928143
98.186759
94.869613
98.084626
94.939383
96.282573
94.470434
97.796402
94.913480
97.471092
95.359904
96.948409
94.633943
97.171460
94.226854
97.131379
95.403479
96.233171
94.058217
97.149847
94.395191
97.107132
94.748384
95.903939
93.665453
97.483142
94.468273
97.389002
94.516999
95.614084
94.685776
97.678042
94.942899
97.342048
95.669133
96.487153
94.542074
97.423321
98.395907
95.594560
95.944385
98.080957
96.032680
98.921355
96.738735
99.402701
98.089263
95.969886
96.967022
99.649288
98.097124
99.686958
97.587856
98.616949
97.050851
100.000000
97.950612
100.000000
98.694551
96.933519
97.400787
100.000000
97.575633
100.000000
98.557893
100.000000
96.161064
98.955945
99.046194
100.000000
98.855483
98.454997
98.939458
100.000000
98.902264
100.000000
99.075081
99.570604
98.952527
100.000000
99.288507
100.000000
99.473360
98.768898
98.763755
100.000000
98.421904
100.000000
99.643959
99.132021
98.544543
100.000000
98.562713
100.000000
98.455313
98.413822
98.624181
99.924574
99.773234
99.338625
99.321220
99.405562
98.527505
100.000000
98.934176
99.959060
99.219376
99.695808
98.283358
100.000000
99.010305
100.000000
99.372211
100.000000
98.367038
100.000000
99.220341
100.000000
99.467935
99.962772
98.444634
100.000000
98.968922
100.000000
99.438634
100.000000
99.235359
100.000000
98.792390
100.000000
100.000000
100.000000
98.563407
100.000000
99.975773
100.000000
99.532418
100.000000
99.993831
100.000000
99.394464
100.000000
99.979648
100.000000
99.221593
100.000000
99.591987
100.000000
99.315909
100.000000
98.865935
100.000000
99.110619
100.000000
99.022840
95.768445
99.748849
100.000000
100.000000
100.000000
98.109460
100.000000
99.921247
100.000000
99.793989
100.000000
100.000000
97.554701
99.549332
100.000000
99.462492
100.000000
99.650762
100.000000
100.000000
100.000000
99.493514
100.000000
99.522433
98.868601
100.000000
100.000000
99.366093
100.000000
99.611897
99.636665
99.863045
100.000000
99.564440
100.000000
98.600535
93.141038
99.284923
100.000000
99.100580
99.806980
99.769021
97.973188
98.703658
100.000000
98.938871
100.000000
99.747387
96.384617
98.438972
100.000000
98.835767
99.811041
99.740024
99.410458
99.085757
100.000000
99.632173
100.000000
99.484545
98.425956
99.430039
100.000000
99.948351
99.903545
97.901021
94.651964
99.206031
100.000000
98.612994
99.304011
98.855790
98.528493
98.830802
99.480314
98.506322
99.036488
99.438193
97.581218
98.128328
99.238879
99.037629
99.153213
98.560386
99.386717
98.720351
99.147878
99.009422
99.458232
98.248839
96.637221
98.195747
99.752850
98.571013
99.011884
98.784964
99.649522
98.621086
99.294335
98.742249
99.682060
99.237572
97.642341
98.481757
99.363612
99.239100
99.151624
98.938770
98.529415
98.852493
99.169841
98.515292
99.216818
98.665277
99.074237
98.840917
99.664629
99.016548
99.338198
99.004926
97.736795
98.846356
99.535459
99.425283
99.042159
97.593671
93.302417
98.782491
99.489117
99.156099
99.266356
99.590010
94.953351
99.391855
99.635362
99.205196
99.348067
99.180608
97.608820
98.555899
99.810268
98.435288
99.144418
99.215516
96.259034
99.357957
100.000000
99.610543
99.694532
99.445171
95.905520
98.748094
99.459802
98.797939
99.075783
98.653519
96.603375
98.532526
99.151844
98.432654
98.961386
98.544716
97.447623
98.597125
99.462420
98.894491
99.610788
99.410740
92.549419
99.699817
99.674378
99.190779
99.414576
99.120383
97.746312
98.838940
99.288577
98.639463
99.078802
98.513845
99.633452
98.762983
99.190519
99.207519
98.634163
96.067638
99.657123
98.343163
99.534921
99.397908
99.626468
99.660170
94.774657
99.353672
99.777320
99.428224
99.756308
99.388187
93.835305
98.831329
99.193628
98.637595
98.871705
98.561056
96.801260
98.750568
99.271007
98.972571
99.530785
99.039766
95.762300
98.816867
99.659268
98.905496
99.168606
98.437859
98.203264
98.208093
99.066500
98.388360
99.330314
98.712669
98.273844
98.407297
99.321095
98.959346
99.238714
98.851780
98.691958
98.544225
99.458824
98.976976
99.086580
98.902035
97.531313
98.956238
99.975186
98.830207
99.383346
99.311448
97.046897
98.643895
99.376361
99.154075
98.965497
99.538308
99.218585
98.838565
99.573957
98.826317
99.372855
99.218091
98.780433
98.767416
99.592449
98.820034
99.360750
99.062404
98.758078
98.802950
99.296754
99.184667
99.357909
98.656701
99.144236
98.865256
99.408390
99.077730
99.406285
99.395272
97.861522
98.720191
99.406613
98.916489
99.227941
99.161967
98.392274
98.857125
99.416390
98.657302
99.325697
99.049829
98.284418
98.995459
99.524843
98.897163
99.459808
99.097778
98.544128
98.771605
99.570928
98.894745
99.225812
99.265903
98.397666
98.729323
99.518145
98.795840
99.345515
99.056575
98.196088
98.849055
99.400576
99.508985
98.982962
98.292692
98.299101
98.706174
99.746249
98.843248
99.471502
99.220736
98.252843
98.818097
99.392486
98.896018
99.223089
98.821945
98.371030
99.164252
99.388324
98.669879
99.360984
98.791385
98.615948
98.974269
99.530928
98.974920
99.443015
99.045361
98.658588
98.858318
99.597999
99.162206
99.523298
99.136284
99.067992
98.935615
99.439685
99.062252
99.308157
99.016002
99.108528
98.619687
99.699059
99.089078
99.287238
98.956948
99.080108
98.844410
99.289564
98.653419
99.364472
98.925235
98.844143
98.529694
99.400532
98.591651
99.151297
98.541320
98.135715
98.962751
99.332030
99.306414
98.960097
98.005636
98.499146
99.125545
99.762886
98.915284
99.421029
99.161182
98.762154
99.018247
99.519670
98.835506
99.419423
98.745357
98.259662
98.939086
99.590875
98.625950
99.455155
98.920211
98.965681
98.972175
99.524766
98.984862
99.439392
98.923811
98.401155
98.775878
99.834024
98.835676
99.615842
98.922006
98.755232
99.047711
99.463016
99.075232
99.431368
98.756394
97.883446
98.991688
99.803206
98.905855
99.148385
99.238611
97.032484
98.836849
99.853012
99.241881
99.534742
99.082669
97.310446
98.941380
99.441647
98.519979
99.161496
98.963066
97.320930
99.048667
99.476700
99.536348
98.937197
97.392817
98.987709
99.073901
99.294504
98.947241
99.583062
99.238869
98.617398
98.947463
99.611537
98.906737
99.356562
99.007493
99.121081
98.904806
99.626821
98.612450
99.559950
98.687325
97.798791
99.053137
99.605437
98.833640
99.694280
99.141188
97.543090
98.822900
99.370734
99.113905
99.416778
99.085036
96.345780
98.805391
99.654854
98.561371
99.427757
98.831651
97.709931
98.581110
99.595935
98.512191
99.293522
99.177738
98.145818
98.882990
99.358059
98.845885
99.317362
98.952836
98.780215
98.823553
99.377561
99.012579
99.310249
98.928114
97.988216
99.004373
99.443590
99.350279
99.181907
98.326702
98.304340
99.190520
99.587046
98.884124
99.385842
98.880851
98.921842
98.940368
99.447131
98.577835
99.430316
99.154752
99.766952
98.956854
99.563032
98.863048
99.576661
99.039568
98.030906
98.937701
99.368398
98.691367
99.599167
98.879719
97.857852
98.927059
99.529848
99.059833
99.233599
99.232166
98.623047
98.833343
99.367295
98.857207
99.351722
98.984877
98.900907
99.259589
99.491128
98.751539
99.438748
98.971322
98.524561
98.716337
99.561130
98.747651
99.260877
98.978756
98.456486
98.967135
99.458307
98.600928
99.190405
98.979281
98.206564
98.756005
99.433502
99.509313
99.085369
98.017517
98.581265
98.801074
99.578944
98.942369
99.490399
98.998538
98.481097
98.970352
99.569641
98.829529
99.332631
99.033587
98.394127
98.743060
99.396263
98.993146
99.222020
98.935981
98.489162
98.936546
99.341925
98.790822
99.301673
98.918082
98.516664
98.594881
99.697352
98.630749
99.162639
98.722850
98.328441
98.915725
99.533561
98.755825
99.574198
98.699166
96.861585
99.137252
99.618259
98.858116
99.678826
98.879249
96.914478
98.345791
99.705327
99.395817
99.420677
98.802381
98.800982
98.664282
99.560526
98.934394
99.036533
98.893722
96.640380
98.709291
99.265736
99.339110
98.727622
99.828709
97.135583
98.834766
99.379898
98.962486
99.210778
98.786011
97.577071
98.992989
99.512666
98.919927
99.572612
99.040976
97.753356
98.725625
99.186970
98.902694
99.249696
98.907473
98.191920
98.857393
99.337954
98.942298
99.251982
99.018924
98.530904
99.003567
99.453723
98.949088
99.385231
98.953467
97.371207
98.423048
99.642508
98.753499
99.480108
98.900260
98.323593
98.598043
99.466454
98.917874
99.240319
98.738734
97.822644
99.227104
99.538685
99.015174
99.399436
99.239386
97.104856
98.959363
99.364454
99.199354
99.288236
99.041452
97.233747
99.282942
99.124051
99.310952
99.096113
97.396556
98.470844
98.881745
99.490009
99.022762
99.428474
99.032513
97.396361
98.628053
99.567496
98.696456
99.446757
99.110656
97.887327
98.454289
99.543373
98.872413
99.259084
99.090401
97.681263
98.906788
99.433843
98.903751
99.420617
99.072529
97.166761
98.747414
99.413739
98.599322
99.518219
98.879065
97.710886
98.323287
99.313823
99.496155
100.000000
100.000000
95.180111
100.000000
100.000000
100.000000
100.000000
100.000000
98.658408
100.000000
100.000000
100.000000
100.000000
100.000000
100.000000
100.000000
100.000000
100.000000
100.000000
100.000000
100.000000
100.000000
100.000000
100.000000
100.000000
100.000000
100.000000
100.000000
100.000000
100.000000
100.000000
100.000000
100.000000
100.000000
100.000000
100.000000
100.000000
100.000000
98.651968
100.000000
100.000000
100.000000
100.000000
100.000000
100.000000
100.000000
100.000000
100.000000
100.000000
100.000000
100.000000
100.000000
100.000000
100.000000
100.000000
100.000000
98.760540
100.000000
100.000000
100.000000
100.000000
100.000000
100.000000
100.000000
100.000000
100.000000
100.000000
100.000000
100.000000
100.000000
100.000000
100.000000
100.000000
100.000000
99.528332
100.000000
100.000000
100.000000
100.000000
100.000000
100.000000
100.000000
100.000000
100.000000
100.000000
98.264110
99.136864
100.000000
100.000000
99.959656
100.000000
100.000000
96.511200
99.689710
100.000000
100.000000
100.000000
100.000000
100.000000
100.000000
100.000000
100.000000
100.000000
100.000000
99.535633
99.837916
100.000000
100.000000
100.000000
100.000000
100.000000
100.000000
100.000000
100.000000
100.000000
100.000000
99.718318
100.000000
100.000000
99.998021
100.000000
100.000000
100.000000
100.000000
100.000000
100.000000
100.000000
100.000000
99.297857
100.000000
100.000000
100.000000
100.000000
100.000000
98.210282
99.739084
100.000000
100.000000
100.000000
100.000000
97.535125
99.926603
100.000000
100.000000
100.000000
99.741536
99.022030
100.000000
100.000000
99.552459
100.000000
100.000000
99.911199
99.535018
100.000000
99.634957
100.000000
100.000000
99.838849
99.457715
100.000000
99.485917
100.000000
100.000000
98.307159
99.223297
100.000000
99.684672
100.000000
100.000000
99.280699
99.112418
100.000000
99.408922
100.000000
99.942168
98.172694
99.115358
100.000000
99.673485
100.000000
99.779794
99.184764
99.654807
100.000000
99.582865
100.000000
99.764486
99.251738
99.608157
100.000000
99.933127
100.000000
99.739613
99.212779
99.548138
100.000000
99.507777
100.000000
99.564442
98.910771
99.862772
100.000000
100.000000
99.960527
98.924178
99.388903
99.289280
100.000000
99.459291
100.000000
99.679185
99.489605
98.794948
100.000000
99.338593
100.000000
100.000000
99.305391
99.631237
100.000000
99.546213
100.000000
99.670202
99.266965
99.785917
100.000000
99.616477
100.000000
99.389672
98.433442
99.909379
100.000000
99.971010
100.000000
100.000000
97.306055
99.139576
100.000000
99.828229
100.000000
100.000000
100.000000
99.894571
99.926927
99.437684
100.000000
100.000000
98.548249
98.814925
100.000000
99.631402
100.000000
100.000000
100.000000
100.000000
100.000000
100.000000
100.000000
100.000000
99.925149
100.000000
100.000000
100.000000
100.000000
100.000000
100.000000
100.000000
100.000000
100.000000
100.000000
100.000000
98.653840
100.000000
100.000000
99.970247
100.000000
100.000000
100.000000
100.000000
100.000000
100.000000
100.000000
100.000000
100.000000
99.616681
100.000000
99.557833
100.000000
100.000000
99.887299
99.864013
100.000000
99.197960
100.000000
99.809476
98.595948
98.426315
100.000000
98.472405
99.867116
100.000000
100.000000
98.421643
99.909115
98.658118
100.000000
98.510319
99.018864
99.170075
100.000000
98.701393
99.536924
98.505355
99.499958
99.077595
100.000000
98.166855
99.216421
99.438702
99.074688
98.743614
100.000000
100.000000
99.382035
99.352795
100.000000
98.435582
100.000000
98.469287
99.808056
98.828751
99.291380
98.767365
100.000000
99.093848
99.926979
99.618016
100.000000
99.508942
100.000000
99.189265
99.881446
98.859580
99.514084
98.464800
100.000000
98.524046
100.000000
98.703261
99.775257
98.157803
99.874343
98.470141
100.000000
98.944892
99.950241
98.292017
100.000000
98.620442
99.772350
98.673929
99.667125
98.441014
100.000000
98.883172
100.000000
98.796756
99.710082
98.661128
100.000000
98.506570
100.000000
98.969995
99.773248
98.564498
100.000000
98.409883
99.686109
99.425736
99.190341
98.445567
99.630997
100.000000
98.478049
99.533669
99.796975
98.889057
100.000000
99.714154
100.000000
98.980225
100.000000
99.002086
100.000000
99.582156
100.000000
100.000000
100.000000
98.153572
99.723765
99.466959
100.000000
100.000000
96.865123
99.422416
100.000000
99.210158
100.000000
100.000000
100.000000
99.253463
100.000000
100.000000
100.000000
100.000000
96.452738
99.202007
100.000000
100.000000
100.000000
99.027218
96.573272
100.000000
100.000000
100.000000
100.000000
100.000000
100.000000
100.000000
100.000000
100.000000
100.000000
100.000000
100.000000
100.000000
100.000000
100.000000
100.000000
100.000000
96.780796
100.000000
100.000000
100.000000
100.000000
95.860199
100.000000
100.000000
100.000000
100.000000
100.000000
100.000000
96.282613
100.000000
100.000000
100.000000
100.000000
100.000000
95.054378
99.820912
100.000000
100.000000
100.000000
100.000000
97.339291
100.000000
100.000000
100.000000
100.000000
100.000000
96.709787
100.000000
100.000000
100.000000
100.000000
100.000000
95.981872
100.000000
100.000000
99.988363
100.000000
100.000000
100.000000
100.000000
100.000000
100.000000
100.000000
99.954987
98.694420
99.780990
100.000000
99.570227
100.000000
99.405820
96.817587
99.496342
100.000000
98.771845
99.589836
98.875906
96.334331
99.425251
99.797962
99.796149
99.232571
96.058971
94.083580
98.833113
99.498209
98.303774
99.283737
99.080726
94.488193
98.701535
99.659777
99.855562
100.000000
99.611863
97.720213
98.905547
99.713977
99.305957
99.847896
99.466185
95.689170
98.494067
100.000000
99.505442
99.715030
99.490141
98.650315
99.176251
100.000000
99.754580
100.000000
99.883551
96.482730
99.608222
100.000000
99.907822
100.000000
99.398786
97.080397
99.282473
100.000000
99.895108
100.000000
100.000000
99.343384
100.000000
100.000000
100.000000
100.000000
100.000000
99.678083
99.718008
100.000000
100.000000
100.000000
99.649711
95.515375
100.000000
100.000000
100.000000
99.746319
100.000000
96.249928
98.662109
100.000000
98.423906
100.000000
100.000000
97.594735
98.197409
99.858855
98.581635
99.728263
98.468480
97.122790
98.744671
100.000000
98.908972
100.000000
99.009124
97.525385
98.357754
100.000000
99.267139
100.000000
99.599671
99.109129
99.160933
100.000000
99.241493
100.000000
99.433435
95.192098
99.201546
100.000000
100.000000
100.000000
98.994187
95.398777
98.667080
100.000000
98.759136
100.000000
99.448947
96.643981
98.773993
100.000000
99.738980
100.000000
99.681809
98.847769
99.960890
100.000000
100.000000
100.000000
100.000000
98.187253
99.633895
100.000000
100.000000
100.000000
94.099881
97.335434
99.708779
100.000000
99.649810
100.000000
99.704744
96.591909
99.706210
100.000000
99.672970
100.000000
99.806277
98.653944
98.714736
100.000000
99.581734
100.000000
100.000000
97.691300
99.300529
100.000000
100.000000
100.000000
100.000000
99.651925
99.736778
100.000000
99.550522
100.000000
100.000000
96.818671
99.935827
100.000000
100.000000
100.000000
100.000000
99.324019
100.000000
100.000000
100.000000
100.000000
100.000000
98.809998
99.683584
100.000000
100.000000
100.000000
100.000000
99.984306
100.000000
100.000000
100.000000
100.000000
100.000000
99.259988
100.000000
100.000000
100.000000
99.800572
98.811080
99.092155
99.744351
100.000000
99.905478
100.000000
99.910352
98.365507
99.743171
100.000000
100.000000
100.000000
100.000000
99.768920
100.000000
100.000000
100.000000
100.000000
100.000000
98.353640
100.000000
100.000000
100.000000
100.000000
100.000000
98.338868
99.852452
100.000000
100.000000
100.000000
100.000000
97.838256
100.000000
100.000000
100.000000
100.000000
100.000000
96.917438
100.000000
100.000000
100.000000
100.000000
100.000000
97.543583
100.000000
100.000000
100.000000
100.000000
99.971316
100.000000
99.787157
100.000000
100.000000
100.000000
100.000000
99.215489
99.814645
100.000000
100.000000
100.000000
98.155815
99.368529
99.906636
100.000000
99.740113
100.000000
100.000000
98.641156
99.325132
100.000000
100.000000
100.000000
99.886077
99.651688
99.716229
100.000000
99.816914
100.000000
100.000000
97.938733
99.703805
100.000000
100.000000
100.000000
99.933239
98.624895
99.198867
100.000000
99.585782
100.000000
100.000000
100.000000
99.900057
100.000000
100.000000
100.000000
99.937962
100.000000
100.000000
100.000000
100.000000
100.000000
100.000000
99.025345
100.000000
100.000000
99.875629
100.000000
100.000000
98.921314
98.998381
100.000000
99.589023
100.000000
100.000000
99.644019
99.964278
100.000000
100.000000
99.634273
98.761565
98.616358
100.000000
100.000000
100.000000
100.000000
100.000000
97.101958
99.801765
100.000000
99.893614
100.000000
100.000000
99.374235
99.761571
100.000000
99.969839
100.000000
100.000000
98.380122
99.665137
100.000000
99.679989
100.000000
99.513360
98.352480
99.503738
100.000000
99.701999
100.000000
99.547253
99.748627
99.608750
100.000000
100.000000
100.000000
99.397655
98.758852
99.225163
100.000000
99.293881
100.000000
99.713481
98.308250
99.394965
100.000000
99.623088
100.000000
100.000000
97.751135
99.448261
100.000000
100.000000
100.000000
100.000000
98.446556
100.000000
100.000000
100.000000
100.000000
99.216614
96.632491
100.000000
100.000000
99.735233
100.000000
100.000000
97.123431
99.241385
100.000000
100.000000
100.000000
99.880990
97.711984
100.000000
100.000000
99.822106
100.000000
100.000000
99.126764
99.684267
100.000000
100.000000
100.000000
100.000000
99.358144
99.952886
100.000000
100.000000
100.000000
99.997203
98.414420
99.931055
100.000000
100.000000
100.000000
100.000000
98.252018
100.000000
100.000000
100.000000
100.000000
100.000000
97.513207
99.805547
100.000000
100.000000
100.000000
100.000000
100.000000
100.000000
100.000000
100.000000
100.000000
100.000000
96.499482
99.986895
100.000000
100.000000
100.000000
97.852733
99.883763
100.000000
100.000000
100.000000
100.000000
100.000000
98.981513
100.000000
100.000000
100.000000
100.000000
100.000000
100.000000
100.000000
100.000000
100.000000
100.000000
100.000000
98.386306
100.000000
100.000000
100.000000
100.000000
100.000000
97.941688
100.000000
100.000000
99.943546
100.000000
99.936028
100.000000
99.716415
100.000000
100.000000
100.000000
100.000000
100.000000
100.000000
100.000000
100.000000
100.000000
100.000000
100.000000
100.000000
100.000000
100.000000
100.000000
100.000000
98.632237
100.000000
100.000000
100.000000
100.000000
100.000000
97.430853
99.816865
100.000000
100.000000
100.000000
97.296697
97.326607
99.551064
100.000000
100.000000
100.000000
100.000000
97.732205
99.196303
100.000000
99.275676
100.000000
99.410344
97.548154
99.427944
100.000000
99.703368
100.000000
99.808382
97.660679
99.848889
100.000000
99.509821
100.000000
99.884328
97.683535
99.995198
100.000000
99.984773
100.000000
100.000000
97.145802
99.655068
100.000000
99.955636
100.000000
99.990049
98.338756
99.709718
100.000000
99.858434
100.000000
99.948985
99.535036
99.885696
100.000000
100.000000
100.000000
100.000000
97.208192
100.000000
100.000000
100.000000
100.000000
100.000000
98.461803
100.000000
100.000000
100.000000
100.000000
97.091369
96.912936
99.714502
100.000000
100.000000
100.000000
100.000000
96.189689
99.355431
100.000000
99.450345
100.000000
99.980694
97.612792
99.527138
100.000000
100.000000
100.000000
100.000000
96.043513
99.676817
100.000000
99.800181
100.000000
99.602788
96.534527
98.737864
100.000000
99.174150
100.000000
99.166434
97.630741
98.599283
100.000000
99.147844
100.000000
99.279595
97.036145
99.040488
100.000000
99.916720
100.000000
100.000000
96.427641
99.087557
100.000000
99.929672
100.000000
100.000000
97.033900
99.738565
100.000000
100.000000
100.000000
100.000000
98.900340
99.740997
100.000000
100.000000
100.000000
96.352886
99.516582
99.983042
100.000000
99.647173
100.000000
100.000000
97.966074
100.000000
100.000000
100.000000
100.000000
100.000000
98.082759
99.750489
100.000000
100.000000
100.000000
100.000000
97.695023
100.000000
100.000000
100.000000
100.000000
100.000000
97.828022
100.000000
100.000000
100.000000
100.000000
100.000000
99.449509
100.000000
100.000000
100.000000
100.000000
100.000000
99.371279
100.000000
100.000000
100.000000
100.000000
100.000000
98.881667
100.000000
100.000000
100.000000
100.000000
100.000000
100.000000
100.000000
100.000000
100.000000
100.000000
100.000000
99.275404
100.000000
100.000000
100.000000
100.000000
100.000000
100.000000
100.000000
100.000000
100.000000
100.000000
100.000000
100.000000
100.000000
100.000000
100.000000
100.000000
100.000000
100.000000
100.000000
100.000000
100.000000
100.000000
100.000000
100.000000
100.000000
100.000000
100.000000
100.000000
100.000000
100.000000
100.000000
100.000000
100.000000
100.000000
100.000000
98.955690
100.000000
100.000000
100.000000
100.000000
100.000000
99.452447
100.000000
100.000000
100.000000
100.000000
100.000000
98.692647
100.000000
100.000000
100.000000
100.000000
100.000000
99.146977
100.000000
100.000000
100.000000
100.000000
100.000000
100.000000
100.000000
100.000000
100.000000
100.000000
99.658896
99.834367
100.000000
100.000000
100.000000
100.000000
100.000000
99.374386
100.000000
100.000000
100.000000
100.000000
100.000000
99.371472
100.000000
100.000000
100.000000
100.000000
100.000000
100.000000
100.000000
100.000000
100.000000
100.000000
100.000000
100.000000
100.000000
100.000000
100.000000
100.000000
100.000000
100.000000
100.000000
100.000000
100.000000
100.000000
100.000000
100.000000
100.000000
100.000000
100.000000
100.000000
100.000000
99.887346
100.000000
100.000000
100.000000
100.000000
100.000000
99.608586
100.000000
100.000000
100.000000
100.000000
100.000000
100.000000
100.000000
100.000000
100.000000
100.000000
100.000000
99.085696
100.000000
100.000000
100.000000
100.000000
100.000000
98.411047
100.000000
100.000000
100.000000
100.000000
100.000000
99.382832
100.000000
100.000000
100.000000
100.000000
100.000000
99.920524
100.000000
100.000000
100.000000
100.000000
100.000000
99.135420
100.000000
100.000000
100.000000
100.000000
100.000000
99.804105
100.000000
100.000000
100.000000
100.000000
100.000000
100.000000
100.000000
100.000000
100.000000
100.000000
100.000000
100.000000
100.000000
100.000000
100.000000
100.000000
100.000000
97.756530
100.000000
100.000000
100.000000
100.000000
100.000000
97.212061
100.000000
100.000000
100.000000
100.000000
97.767941
97.182226
100.000000
100.000000
100.000000
100.000000
100.000000
98.014443
100.000000
100.000000
100.000000
100.000000
100.000000
100.000000
100.000000
100.000000
100.000000
100.000000
100.000000
99.665663
98.925586
100.000000
100.000000
100.000000
100.000000
91.750951
99.795745
100.000000
100.000000
100.000000
100.000000
96.548885
100.000000
100.000000
99.799903
100.000000
100.000000
93.517181
100.000000
100.000000
100.000000
100.000000
98.838600
96.649362
98.437356
100.000000
99.324015
100.000000
99.058933
94.017709
99.228836
100.000000
99.298689
99.766058
99.307355
98.784355
99.353235
100.000000
100.000000
99.058428
98.342411
96.459308
99.654730
99.953070
99.890567
99.991781
99.704410
97.704449
98.983549
99.875363
98.828318
100.000000
98.937813
98.340450
99.245022
100.000000
98.941602
99.565752
98.721372
98.280725
99.234046
99.929818
99.309912
99.729583
99.040234
99.428282
99.192415
100.000000
100.000000
100.000000
100.000000
94.922658
99.573484
100.000000
100.000000
100.000000
100.000000
94.444217
100.000000
100.000000
100.000000
100.000000
100.000000
95.981710
100.000000
100.000000
100.000000
100.000000
100.000000
100.000000
100.000000
100.000000
100.000000
100.000000
100.000000
100.000000
100.000000
100.000000
100.000000
100.000000
100.000000
100.000000
100.000000
100.000000
100.000000
100.000000
100.000000
99.092949
100.000000
100.000000
100.000000
100.000000
100.000000
100.000000
100.000000
100.000000
100.000000
100.000000
100.000000
100.000000
99.676091
100.000000
100.000000
100.000000
100.000000
99.538635
99.837477
100.000000
100.000000
100.000000
100.000000
100.000000
99.594174
100.000000
100.000000
100.000000
100.000000
99.367555
99.395134
99.531741
99.397370
99.959906
100.000000
97.595008
100.000000
100.000000
100.000000
100.000000
100.000000
98.446553
100.000000
100.000000
100.000000
100.000000
100.000000
100.000000
100.000000
100.000000
100.000000
100.000000
99.111301
98.680148
100.000000
100.000000
100.000000
100.000000
100.000000
99.502614
100.000000
100.000000
100.000000
100.000000
100.000000
100.000000
100.000000
100.000000
100.000000
100.000000
100.000000
100.000000
100.000000
100.000000
100.000000
100.000000
100.000000
100.000000
100.000000
100.000000
100.000000
100.000000
100.000000
100.000000
100.000000
100.000000
100.000000
100.000000
100.000000
100.000000
100.000000
100.000000
100.000000
100.000000
100.000000
100.000000
100.000000
100.000000
100.000000
100.000000
100.000000
100.000000
100.000000
100.000000
100.000000
100.000000
100.000000
100.000000
100.000000
100.000000
100.000000
100.000000
98.977668
98.761166
100.000000
100.000000
100.000000
100.000000
100.000000
100.000000
100.000000
100.000000
100.000000
100.000000
100.000000
100.000000
100.000000
100.000000
100.000000
100.000000
100.000000
97.802369
100.000000
100.000000
100.000000
100.000000
100.000000
99.565560
100.000000
100.000000
100.000000
100.000000
100.000000
100.000000
100.000000
100.000000
100.000000
100.000000
100.000000
99.948512
100.000000
100.000000
100.000000
100.000000
100.000000
96.718596
100.000000
100.000000
100.000000
100.000000
100.000000
98.339447
100.000000
100.000000
100.000000
100.000000
100.000000
97.345820
100.000000
100.000000
100.000000
100.000000
97.959331
99.675931
100.000000
100.000000
100.000000
100.000000
100.000000
97.089620
100.000000
100.000000
100.000000
100.000000
100.000000
99.704524
100.000000
100.000000
100.000000
100.000000
100.000000
99.490968
100.000000
100.000000
100.000000
100.000000
100.000000
97.268282
100.000000
100.000000
100.000000
100.000000
100.000000
99.833347
100.000000
100.000000
100.000000
100.000000
100.000000
99.431822
100.000000
100.000000
100.000000
100.000000
100.000000
100.000000
100.000000
100.000000
100.000000
100.000000
100.000000
100.000000
100.000000
100.000000
100.000000
100.000000
100.000000
100.000000
100.000000
100.000000
100.000000
100.000000
99.951472
98.518400
100.000000
100.000000
100.000000
100.000000
100.000000
97.186041
100.000000
100.000000
100.000000
100.000000
100.000000
100.000000
100.000000
100.000000
100.000000
100.000000
100.000000
99.662970
100.000000
100.000000
100.000000
100.000000
100.000000
99.654894
100.000000
100.000000
100.000000
100.000000
100.000000
99.077613
100.000000
100.000000
100.000000
100.000000
100.000000
98.602776
100.000000
100.000000
100.000000
100.000000
100.000000
100.000000
100.000000
100.000000
100.000000
100.000000
99.473031
98.483790
100.000000
100.000000
100.000000
100.000000
100.000000
98.859502
100.000000
100.000000
98.133469
97.108712
95.570989
95.430610
97.561810
98.445808
97.596822
98.063353
97.747943
95.845744
98.848414
99.604668
99.279516
99.642914
99.103250
97.028487
99.545977
99.874790
99.180504
99.474688
99.858819
96.200357
99.217974
99.959800
99.383833
99.530320
99.364840
97.713655
99.217374
99.696311
99.665519
99.899522
99.465539
93.347341
99.684832
100.000000
99.768500
99.676055
99.570696
96.624766
99.754199
99.690321
99.531346
100.000000
99.826475
94.954746
99.123973
100.000000
99.654978
99.668427
99.383694
97.297011
99.111818
99.679938
99.251599
99.937192
98.857078
97.545104
98.923264
99.398661
99.899437
99.448076
93.890972
92.213980
98.629438
100.000000
99.008997
100.000000
99.384030
98.483228
99.181445
99.808265
98.890697
100.000000
99.320566
97.867745
98.785738
99.951094
99.093977
99.726456
99.795809
98.686611
99.214523
99.866441
99.388917
99.595743
98.587984
98.940111
99.093865
99.416865
98.803555
99.816789
98.876890
98.218947
98.525812
99.805102
99.272471
100.000000
99.203450
98.813211
99.110520
100.000000
99.632564
99.705873
99.466073
98.818962
99.188815
100.000000
99.388884
100.000000
99.298183
98.993216
99.257228
100.000000
98.991631
100.000000
100.000000
97.379696
99.539540
100.000000
100.000000
99.891455
98.410543
97.909195
98.633493
99.794784
99.580550
100.000000
98.999447
98.740976
98.635335
99.892402
99.403540
100.000000
98.877474
95.554377
98.953259
100.000000
99.111374
100.000000
100.000000
97.413108
97.960414
99.708925
99.518359
100.000000
98.878307
97.911378
98.565157
100.000000
98.701869
100.000000
98.760651
97.452209
97.846410
99.811243
98.435654
100.000000
98.829200
97.946738
98.258384
100.000000
99.111999
100.000000
99.037285
97.730778
98.178455
100.000000
99.162456
100.000000
99.136261
98.010867
98.500623
100.000000
99.365871
100.000000
99.136183
96.871777
99.058569
99.996696
99.871298
99.178531
97.980574
97.542396
98.265533
99.733488
98.343387
99.730848
98.682447
97.934541
98.040568
99.736827
98.508567
99.335742
98.370492
96.569066
98.243124
99.747415
98.660622
99.636102
98.659393
97.853525
98.292497
99.527346
98.497715
99.480093
98.653869
96.337530
98.186756
99.557885
98.452434
99.486998
98.946394
96.656161
98.065297
99.578316
98.494062
99.472037
98.256719
97.110441
98.280749
100.000000
99.364087
99.528731
99.088855
97.103146
98.836075
99.246402
98.354096
99.275519
98.268079
97.646467
98.518952
100.000000
98.888070
99.726863
99.355131
96.270209
99.133990
100.000000
100.000000
99.343646
96.888234
97.500875
99.375517
100.000000
99.346209
100.000000
99.158884
98.348054
99.075312
100.000000
99.102654
99.935619
99.392878
97.713032
99.001882
100.000000
99.449588
100.000000
99.805928
98.872791
99.397728
100.000000
99.906255
100.000000
99.761296
97.946136
99.826638
100.000000
100.000000
100.000000
99.866836
98.328355
100.000000
100.000000
99.865740
100.000000
100.000000
97.918872
99.706594
100.000000
100.000000
100.000000
100.000000
97.412328
100.000000
100.000000
100.000000
100.000000
100.000000
98.635648
100.000000
100.000000
100.000000
100.000000
100.000000
97.564907
100.000000
100.000000
100.000000
100.000000
98.469123
97.148363
100.000000
100.000000
100.000000
100.000000
100.000000
98.341517
100.000000
100.000000
100.000000
100.000000
100.000000
97.044680
100.000000
100.000000
100.000000
100.000000
100.000000
97.785378
99.905565
100.000000
99.823507
100.000000
100.000000
99.154591
99.389019
100.000000
99.914290
100.000000
99.980965
97.806578
99.556665
100.000000
99.746785
100.000000
99.941782
98.886100
98.630241
100.000000
99.309264
100.000000
99.896870
98.580762
98.257192
100.000000
99.029027
100.000000
99.440328
98.393728
98.138737
100.000000
99.445234
100.000000
99.061463
93.878706
99.135676
100.000000
100.000000
99.734681
96.907549
96.979285
99.139963
100.000000
99.984573
100.000000
99.951604
96.488509
99.116857
100.000000
99.491746
100.000000
100.000000
98.868267
98.950157
100.000000
100.000000
100.000000
100.000000
99.304566
100.000000
100.000000
100.000000
100.000000
100.000000
97.780470
99.852043
100.000000
100.000000
100.000000
100.000000
100.000000
100.000000
100.000000
100.000000
100.000000
100.000000
99.804241
100.000000
100.000000
100.000000
100.000000
100.000000
100.000000
100.000000
100.000000
100.000000
100.000000
100.000000
100.000000
100.000000
100.000000
100.000000
100.000000
100.000000
100.000000
100.000000
100.000000
100.000000
100.000000
100.000000
99.611205
100.000000
100.000000
100.000000
100.000000
100.000000
100.000000
100.000000
100.000000
100.000000
100.000000
100.000000
99.883895
100.000000
100.000000
100.000000
100.000000
100.000000
100.000000
100.000000
100.000000
100.000000
100.000000
100.000000
100.000000
100.000000
100.000000
100.000000
100.000000
100.000000
100.000000
100.000000
100.000000
100.000000
100.000000
100.000000
100.000000
100.000000
100.000000
100.000000
100.000000
100.000000
100.000000
100.000000
100.000000
100.000000
100.000000
100.000000
100.000000
100.000000
100.000000
100.000000
100.000000
100.000000
100.000000
100.000000
100.000000
100.000000
100.000000
98.555912
99.405730
100.000000
100.000000
100.000000
100.000000
100.000000
99.609515
100.000000
100.000000
100.000000
100.000000
100.000000
98.540913
100.000000
100.000000
100.000000
100.000000
100.000000
98.118196
99.708935
100.000000
100.000000
100.000000
99.824304
96.644736
99.214890
100.000000
100.000000
100.000000
99.875400
98.742863
100.000000
100.000000
100.000000
100.000000
100.000000
98.283829
99.689139
100.000000
99.165293
100.000000
99.258184
96.080727
98.758511
100.000000
99.365250
100.000000
99.466248
98.770277
99.687636
100.000000
100.000000
100.000000
100.000000
98.280352
100.000000
100.000000
100.000000
100.000000
99.285804
97.828711
100.000000
100.000000
100.000000
100.000000
100.000000
98.186955
100.000000
100.000000
100.000000
100.000000
100.000000
97.397478
100.000000
100.000000
100.000000
100.000000
100.000000
96.939272
100.000000
100.000000
100.000000
100.000000
100.000000
100.000000
100.000000
100.000000
100.000000
100.000000
100.000000
99.664104
100.000000
100.000000
100.000000
100.000000
100.000000
97.266755
100.000000
100.000000
100.000000
100.000000
100.000000
99.209633
100.000000
100.000000
100.000000
100.000000
100.000000
99.089446
100.000000
100.000000
100.000000
100.000000
100.000000
97.964029
100.000000
100.000000
100.000000
100.000000
100.000000
98.866743
100.000000
100.000000
100.000000
100.000000
100.000000
99.719034
100.000000
100.000000
100.000000
100.000000
100.000000
100.000000
100.000000
100.000000
100.000000
100.000000
100.000000
100.000000
100.000000
100.000000
100.000000
100.000000
100.000000
97.084440
100.000000
100.000000
100.000000
100.000000
100.000000
99.154152
100.000000
100.000000
99.889287
100.000000
100.000000
98.838394
100.000000
100.000000
100.000000
100.000000
100.000000
98.181164
100.000000
100.000000
100.000000
100.000000
100.000000
100.000000
100.000000
100.000000
100.000000
100.000000
100.000000
99.320887
100.000000
100.000000
100.000000
100.000000
99.392100
97.762369
100.000000
100.000000
100.000000
100.000000
100.000000
100.000000
100.000000
100.000000
100.000000
100.000000
100.000000
98.426893
100.000000
100.000000
100.000000
100.000000
100.000000
99.463680
100.000000
100.000000
100.000000
100.000000
100.000000
100.000000
100.000000
100.000000
100.000000
100.000000
100.000000
99.009812
100.000000
100.000000
100.000000
100.000000
100.000000
100.000000
100.000000
100.000000
100.000000
100.000000
100.000000
100.000000
100.000000
100.000000
100.000000
100.000000
100.000000
100.000000
100.000000
100.000000
100.000000
100.000000
100.000000
99.203658
100.000000
100.000000
100.000000
100.000000
98.854677
99.805719
100.000000
100.000000
100.000000
100.000000
100.000000
100.000000
100.000000
100.000000
100.000000
100.000000
100.000000
100.000000
100.000000
100.000000
100.000000
100.000000
100.000000
99.406752
100.000000
100.000000
100.000000
100.000000
100.000000
99.072438
100.000000
100.000000
100.000000
100.000000
100.000000
99.165339
100.000000
100.000000
100.000000
100.000000
100.000000
99.427123
100.000000
100.000000
100.000000
100.000000
100.000000
97.916297
100.000000
100.000000
100.000000
100.000000
100.000000
99.193848
100.000000
100.000000
100.000000
100.000000
100.000000
99.046115
100.000000
100.000000
100.000000
100.000000
97.899616
98.393726
100.000000
100.000000
100.000000
100.000000
100.000000
100.000000
100.000000
100.000000
100.000000
100.000000
100.000000
100.000000
100.000000
100.000000
100.000000
100.000000
100.000000
100.000000
100.000000
100.000000
100.000000
100.000000
100.000000
99.161689
100.000000
100.000000
100.000000
100.000000
100.000000
99.263739
100.000000
100.000000
100.000000
100.000000
100.000000
98.103828
100.000000
100.000000
100.000000
100.000000
100.000000
97.306069
99.819206
100.000000
100.000000
100.000000
100.000000
98.697565
100.000000
100.000000
100.000000
100.000000
100.000000
98.206924
100.000000
100.000000
100.000000
100.000000
100.000000
