96.654858
97.951930
97.856083
98.597072
97.361853
96.749686
96.108318
96.529452
96.476643
96.663400
96.492575
96.657905
96.590555
96.668535
96.557388
97.397473
96.683670
96.976016
96.422691
96.691695
96.982439
96.822670
96.351197
96.725112
96.742923
96.547479
96.465141
97.206864
96.781446
96.872788
96.450191
96.568340
96.695568
97.198153
96.598171
96.594709
96.715653
97.016302
96.633307
96.961512
96.789748
97.139225
96.398759
96.247807
96.499952
97.334369
96.366893
96.852639
96.485468
96.970134
96.784103
97.397435
96.779935
96.998002
96.231256
96.725583
96.732454
96.890161
96.777437
96.297424
97.432119
97.036348
97.133616
97.846085
96.918793
96.408230
96.705549
96.272864
96.369347
97.095950
97.257257
97.120273
97.267189
97.522605
96.612473
97.392716
97.010901
97.073423
97.136268
96.712861
97.235207
98.368675
97.357473
96.744422
96.657526
97.671440
96.275715
97.632030
97.924021
97.434844
96.714155
96.910418
97.262015
98.184427
97.548015
96.917997
97.926931
96.864537
97.276575
98.424686
97.347006
97.196355
96.489013
97.779187
97.622860
98.013619
96.500661
98.259085
97.542336
96.159551
96.660102
99.264502
97.819257
97.137099
93.898676
98.009503
97.255028
97.535210
96.060702
98.388571
97.385036
98.133921
98.194249
98.534530
95.936082
98.229711
96.798482
95.735255
97.891628
98.465652
97.226480
97.319346
96.166280
97.525726
96.985319
99.002133
97.486570
96.635567
96.613488
96.812772
96.756652
97.668892
97.059706
96.075144
96.326459
96.124902
96.267333
97.687975
96.540731
96.560293
96.912874
96.119419
95.499722
96.982997
95.595339
96.174154
96.477778
96.167518
95.375154
96.922925
95.601554
95.406565
96.120911
95.428919
96.295781
97.132236
96.402304
95.356136
95.809538
96.388174
95.588489
97.280003
95.370480
96.573020
96.378687
96.046455
96.090697
97.855791
96.234290
96.051125
98.318393
98.085804
97.257091
98.831609
97.887837
98.450232
95.528458
98.633603
97.967129
99.379016
98.288626
98.376191
98.857529
98.083420
99.535033
100.000000
98.485039
99.560279
97.181956
99.501423
98.868897
99.242394
98.829924
99.134467
100.000000
97.317842
97.792903
99.807051
99.583933
98.564882
97.314815
98.784394
98.334976
99.402719
98.868381
98.948522
99.081478
98.970395
98.542997
99.840000
99.050946
99.247262
98.352324
99.327608
99.159723
99.211180
98.683132
99.544306
98.766104
98.757536
98.805630
99.541266
99.390617
98.195202
97.644720
98.845466
98.837010
98.994896
99.299374
98.778540
99.107258
98.990551
98.790025
99.722304
98.769817
99.316547
98.930114
98.890982
99.176952
100.000000
98.712875
99.492107
100.000000
99.264318
99.006095
100.000000
99.577565
100.000000
99.948930
99.125275
99.332381
100.000000
98.867510
99.609636
100.000000
100.000000
100.000000
100.000000
99.455350
100.000000
100.000000
99.746467
100.000000
100.000000
99.954693
99.838219
100.000000
100.000000
100.000000
100.000000
100.000000
100.000000
100.000000
100.000000
100.000000
100.000000
98.828103
98.923127
100.000000
99.482470
98.804848
100.000000
100.000000
98.674427
95.105465
100.000000
100.000000
100.000000
100.000000
97.848807
99.942893
100.000000
100.000000
100.000000
100.000000
100.000000
97.050366
100.000000
100.000000
100.000000
99.915237
99.963419
100.000000
100.000000
99.921914
100.000000
100.000000
99.814380
98.960448
100.000000
99.977624
100.000000
100.000000
99.978650
99.685047
99.861338
99.469998
100.000000
100.000000
98.934823
93.136731
99.681846
99.842061
100.000000
99.039317
100.000000
98.155213
99.807454
99.554315
99.877388
100.000000
100.000000
96.482355
99.207964
100.000000
99.959016
99.276922
100.000000
99.528844
99.440127
99.400106
100.000000
99.708688
99.555104
98.447277
99.679587
99.300777
99.055379
99.893642
97.784423
94.556049
99.231072
99.749729
99.716859
98.423976
98.297991
98.252530
99.254947
99.101625
98.730177
98.786054
99.609716
97.727880
98.555002
98.601814
100.000000
98.900581
98.731579
99.586483
99.010074
98.859070
99.916699
99.465902
98.480677
96.854873
99.070848
99.788009
99.195966
98.576446
98.770665
99.730387
99.000912
98.967420
99.265260
99.409713
99.350851
97.713375
98.860248
98.933710
99.683992
98.665933
98.757436
98.610115
99.334424
98.874099
99.319069
99.049830
99.057497
99.287881
99.209073
99.324239
99.796827
98.859664
99.091080
97.899981
99.094507
99.387619
99.339442
98.912780
97.839618
93.396833
98.629615
98.919901
99.687521
99.101186
99.498297
94.678116
100.000000
99.277155
99.636687
99.061350
99.497816
97.609272
99.506116
99.633154
99.060401
99.441500
99.416882
96.444046
99.781762
99.277533
100.000000
98.747924
99.572555
95.984430
99.167411
99.216251
99.438434
99.020373
98.858309
96.729547
98.582218
98.619778
99.248406
98.709396
99.026956
97.717512
98.991477
99.248347
99.401892
99.138594
99.774701
92.837656
99.628666
99.162936
99.746620
98.678180
99.132657
97.944030
98.884239
98.637122
99.488156
98.817905
98.398798
99.605733
98.723539
98.655506
99.329608
98.637392
96.073089
99.986189
98.697934
98.873092
100.000000
99.380249
99.856256
94.998547
99.498650
99.247201
99.727279
99.435357
99.489894
94.049747
98.940117
99.003275
99.146717
98.633052
98.682504
96.943024
98.994443
99.051879
99.479482
99.596905
99.407910
95.919468
99.166423
99.669574
99.491709
99.393541
98.831033
98.318807
98.507857
98.658651
99.283797
99.284693
99.050880
98.404186
98.719537
98.711595
99.729132
98.780163
99.089120
98.841069
98.685318
98.406592
99.419983
98.335402
98.598159
97.779662
99.641771
99.704082
99.795641
98.611667
99.331741
97.315756
98.954491
98.935821
99.007641
98.985264
99.304296
99.344346
99.247627
99.025805
99.361174
98.907222
99.029738
98.366185
99.007118
99.065979
99.015868
98.890178
99.131942
98.662480
99.059045
98.880169
99.792579
99.081443
98.969397
99.131861
99.103791
98.974441
99.622023
99.019310
99.576200
97.835286
98.990023
98.904150
99.372104
98.970325
99.354911
98.373910
99.122291
99.007972
99.292267
99.129029
99.282969
98.308303
99.208333
99.007823
99.464210
99.170071
99.218159
98.594965
99.027029
99.137063
99.490937
99.013012
99.419561
98.363534
99.004675
99.135282
99.441877
99.125581
99.315833
98.132436
98.972006
98.889311
99.392081
98.832199
98.221215
98.412033
99.177070
99.516973
99.290804
99.092352
99.589745
98.159205
99.173945
98.984987
99.324824
99.021425
99.115306
98.383775
99.604783
99.101267
99.571861
99.424735
99.357779
98.683753
99.129379
99.062238
99.412076
99.115373
99.326475
98.741212
99.352681
99.088872
99.804471
99.246568
99.334958
99.119871
99.342349
99.238271
99.714162
99.013097
99.120166
99.181458
99.011867
99.270363
99.808930
99.105479
98.950167
99.190644
99.115177
98.991156
99.279808
99.256412
99.332329
98.893837
99.046323
98.904038
99.292889
98.840665
98.572869
98.076225
99.255629
99.011835
99.225705
98.669888
97.958255
98.541789
99.403442
99.285554
99.324102
98.953720
99.026276
98.275237
99.115658
99.096579
99.170374
99.247406
99.098666
98.276569
99.387692
99.459688
99.495538
99.465526
99.384303
99.001835
99.167815
99.040888
99.476950
99.228729
99.221290
98.435038
99.294719
99.550115
99.603388
99.439401
99.198457
98.789000
99.026839
98.701528
99.630242
99.021609
98.979856
98.010008
99.225463
99.247159
99.507973
98.465416
99.421534
97.185108
99.322078
98.938232
99.865123
98.774738
99.061705
97.363797
99.428878
99.108696
99.127862
98.622705
98.937320
97.020559
99.297681
98.972351
99.392811
98.981584
97.204139
99.136864
99.301021
98.875247
99.583143
99.319314
99.406863
98.236351
99.095492
99.073077
98.955673
98.967015
99.187436
99.076161
99.361495
99.280133
99.353540
99.481406
98.934614
97.828550
99.327514
99.359541
99.390942
99.519888
99.631906
97.727397
99.181883
98.852343
99.676366
99.128564
99.378362
96.406127
98.991256
99.139268
99.225274
99.015881
99.150897
97.675880
98.906646
99.251740
99.258177
98.865528
99.227045
98.117044
99.142720
98.930486
99.387806
99.034631
99.101357
98.791372
98.876726
98.651120
99.583124
98.752631
99.154851
97.953719
99.468318
99.142023
99.192949
99.223412
98.242191
98.431089
99.481305
99.099751
99.413998
99.009607
98.952002
98.546377
99.292032
99.143639
98.883817
99.241153
99.466421
99.860611
99.221772
99.040598
99.477039
99.381345
99.257554
98.060311
99.345227
99.096780
99.402692
99.494186
99.168525
97.894080
99.401280
99.069763
99.555094
98.913028
99.388096
98.630755
99.046531
98.865302
99.378443
99.068032
99.083991
98.901673
99.260472
98.815975
99.309835
98.995891
99.230615
98.529510
99.064280
99.327068
99.478340
98.771337
98.832515
98.500013
99.340121
99.184016
99.281044
99.056619
99.298367
98.139708
98.962859
99.051346
99.310542
99.177782
98.014653
98.742766
99.206081
99.191728
99.435067
99.140007
99.265726
98.135979
99.154646
99.111832
99.240109
99.073972
99.242242
98.413571
99.332092
99.253761
99.562810
99.017601
99.138053
98.505423
99.352847
99.255283
99.344047
99.140312
99.128130
98.624438
99.483044
99.761269
99.340704
98.937538
98.921920
98.354047
99.341315
99.410457
99.369426
99.414909
98.876516
97.072439
99.246468
99.193162
99.479916
99.306952
98.878059
97.032612
98.893873
99.008920
99.650290
98.890302
98.919328
98.753900
98.853581
99.064199
99.355136
98.784933
98.876095
96.279471
98.907848
98.791943
98.910547
98.622921
99.664380
97.447324
99.400358
99.035190
99.495780
98.897494
99.011438
97.409789
99.478393
98.972541
98.939556
99.226927
99.208809
97.774502
99.023770
98.878276
99.400465
99.165682
99.066558
98.369279
99.492407
99.251703
99.331439
98.943866
99.220105
98.705643
99.557687
99.122285
99.521194
99.247314
99.314309
97.572158
98.639658
99.252921
99.290476
99.083360
99.315820
98.495759
98.909609
98.808396
99.570883
98.706147
98.629104
97.873146
99.668312
99.187932
99.713561
98.967097
99.381565
97.258112
99.438055
98.889755
99.662068
98.924492
98.953534
97.294462
99.362690
98.873835
98.988079
98.974605
97.408617
98.689719
99.097316
98.908759
99.219010
98.903639
99.202449
97.061935
98.940852
99.152346
99.015248
99.033091
99.210297
97.858678
99.233560
99.422459
99.545716
99.181616
99.305131
97.611274
99.215055
98.974052
99.223736
99.204438
99.378524
97.169104
99.109333
99.102054
99.420794
99.412893
99.112572
97.702442
98.502929
98.663395
99.657493
99.747039
100.000000
95.214119
100.000000
100.000000
100.000000
100.000000
100.000000
98.731623
100.000000
100.000000
100.000000
100.000000
100.000000
100.000000
100.000000
100.000000
100.000000
100.000000
100.000000
100.000000
100.000000
100.000000
100.000000
100.000000
100.000000
100.000000
100.000000
100.000000
100.000000
100.000000
100.000000
100.000000
100.000000
100.000000
100.000000
100.000000
100.000000
98.570982
100.000000
100.000000
100.000000
100.000000
100.000000
100.000000
100.000000
100.000000
100.000000
100.000000
100.000000
100.000000
100.000000
100.000000
100.000000
100.000000
100.000000
98.470970
100.000000
100.000000
100.000000
100.000000
100.000000
100.000000
100.000000
100.000000
100.000000
100.000000
100.000000
100.000000
100.000000
100.000000
100.000000
100.000000
100.000000
99.531933
100.000000
100.000000
100.000000
100.000000
100.000000
100.000000
100.000000
100.000000
100.000000
100.000000
98.217884
99.099939
100.000000
100.000000
100.000000
100.000000
100.000000
96.708534
100.000000
100.000000
100.000000
100.000000
100.000000
99.967995
100.000000
100.000000
100.000000
100.000000
100.000000
99.340679
100.000000
100.000000
100.000000
100.000000
100.000000
100.000000
100.000000
100.000000
100.000000
100.000000
100.000000
99.474393
100.000000
100.000000
100.000000
100.000000
100.000000
99.832835
100.000000
100.000000
100.000000
100.000000
100.000000
98.959059
100.000000
100.000000
100.000000
100.000000
100.000000
98.072057
100.000000
100.000000
100.000000
100.000000
100.000000
97.319869
100.000000
100.000000
100.000000
100.000000
99.555569
99.040104
100.000000
100.000000
100.000000
100.000000
100.000000
99.739268
100.000000
100.000000
100.000000
100.000000
100.000000
99.705939
100.000000
99.879213
100.000000
100.000000
100.000000
98.055583
100.000000
100.000000
100.000000
99.936970
100.000000
99.062061
99.574300
99.978150
100.000000
99.998377
99.785641
97.962853
99.731094
99.649984
100.000000
99.886712
100.000000
99.040016
100.000000
100.000000
100.000000
99.968641
100.000000
99.101492
100.000000
99.948729
100.000000
100.000000
100.000000
99.036939
99.984345
99.798521
100.000000
99.871221
99.788293
98.361806
99.967475
99.846707
100.000000
100.000000
98.471336
99.354279
99.981322
99.980237
100.000000
100.000000
100.000000
99.217500
99.747657
99.679059
99.776383
99.813856
99.944877
99.123018
99.829505
99.713270
100.000000
99.872963
99.918009
99.080185
100.000000
100.000000
100.000000
100.000000
99.562962
98.430414
100.000000
100.000000
100.000000
100.000000
100.000000
97.577032
100.000000
100.000000
100.000000
99.970556
100.000000
100.000000
100.000000
99.862088
99.666181
100.000000
100.000000
98.527317
98.529068
100.000000
100.000000
99.698656
100.000000
100.000000
100.000000
100.000000
100.000000
100.000000
100.000000
99.379417
100.000000
100.000000
100.000000
100.000000
100.000000
100.000000
100.000000
100.000000
100.000000
100.000000
100.000000
97.097083
100.000000
100.000000
100.000000
100.000000
100.000000
100.000000
100.000000
100.000000
100.000000
100.000000
100.000000
100.000000
100.000000
100.000000
100.000000
100.000000
100.000000
99.631864
100.000000
100.000000
100.000000
100.000000
100.000000
98.332551
99.383047
100.000000
99.623818
99.144222
100.000000
99.809916
99.101751
98.901515
99.982682
99.573830
98.877147
98.791191
99.670736
99.067540
99.797484
98.849273
98.856535
99.297106
99.478485
98.979647
99.299333
98.533146
99.716992
98.850323
99.546100
99.614303
99.711188
99.703285
99.100535
100.000000
99.144748
99.587134
99.479001
98.764644
98.701318
98.088962
98.871500
99.001989
99.427692
99.189600
100.000000
99.938289
100.000000
99.690474
100.000000
99.366405
99.380075
99.420705
99.404282
99.765290
100.000000
99.753014
99.159479
99.676500
99.089647
99.308536
99.463920
99.677720
99.380216
99.741210
99.264990
99.927063
100.000000
99.510074
99.381146
99.546938
99.108497
99.352758
99.995334
99.383061
99.271598
99.616530
99.592404
99.806195
100.000000
99.878120
99.527311
99.631929
99.312174
99.032372
99.774178
99.108192
99.428870
98.733754
98.728595
98.560653
99.454706
98.950015
99.187032
99.766749
100.000000
100.000000
100.000000
99.670236
99.638643
100.000000
100.000000
100.000000
100.000000
100.000000
100.000000
100.000000
99.228244
99.266562
100.000000
100.000000
100.000000
96.879199
100.000000
100.000000
100.000000
99.496126
100.000000
100.000000
100.000000
100.000000
100.000000
100.000000
100.000000
96.542859
100.000000
100.000000
100.000000
100.000000
98.812323
96.484940
100.000000
100.000000
100.000000
100.000000
100.000000
100.000000
100.000000
100.000000
100.000000
100.000000
100.000000
100.000000
100.000000
100.000000
100.000000
100.000000
100.000000
96.458629
100.000000
100.000000
100.000000
100.000000
95.087499
100.000000
100.000000
100.000000
100.000000
100.000000
100.000000
95.718852
100.000000
100.000000
100.000000
100.000000
100.000000
94.895153
99.730170
100.000000
100.000000
100.000000
99.901212
97.065249
100.000000
100.000000
100.000000
100.000000
100.000000
96.559920
99.815859
99.452056
100.000000
99.761981
99.334186
95.561918
100.000000
99.822411
100.000000
99.826416
99.637792
100.000000
100.000000
99.664955
100.000000
99.735905
98.918757
98.436675
99.860257
98.930073
100.000000
99.437188
99.169468
96.426400
99.351043
99.331721
99.475660
98.595047
98.271357
95.823665
99.424311
98.793700
98.964362
98.987392
95.621464
94.007460
98.737846
98.567804
99.195586
98.845971
98.902783
94.705850
98.859834
99.109175
99.661770
99.612867
99.420559
97.622255
99.026325
99.254462
99.660379
99.381003
99.366833
95.774563
98.842410
99.628659
99.876660
99.113830
99.651730
98.611808
99.454937
99.445455
100.000000
100.000000
99.903339
96.464922
100.000000
99.907583
100.000000
100.000000
99.663613
97.081672
99.696174
100.000000
100.000000
99.070334
99.114347
99.234569
100.000000
99.442387
100.000000
100.000000
100.000000
99.667018
99.809865
99.648967
100.000000
99.140351
98.785792
95.320082
100.000000
98.907268
99.258554
99.773753
100.000000
96.705203
99.456377
99.332047
99.119298
99.518120
100.000000
96.318797
98.690475
98.965359
99.101322
98.864338
98.406924
96.969246
99.812815
98.900317
100.000000
99.721227
99.361999
97.656720
99.144134
100.000000
100.000000
99.919868
99.739413
99.183366
99.714831
99.383339
100.000000
100.000000
100.000000
95.304118
99.840830
99.947567
100.000000
100.000000
99.238749
95.544480
99.136581
99.272836
99.564091
99.960991
99.666667
96.633668
99.125308
100.000000
100.000000
99.437333
99.621724
98.915782
100.000000
99.349371
100.000000
98.995729
100.000000
97.924929
99.359318
99.157104
99.907702
99.028376
93.606918
97.606001
100.000000
99.736338
100.000000
100.000000
100.000000
95.657411
100.000000
100.000000
100.000000
99.560055
99.957551
98.799917
99.545381
100.000000
100.000000
99.934399
100.000000
97.818742
100.000000
100.000000
100.000000
100.000000
100.000000
99.639556
100.000000
100.000000
100.000000
100.000000
100.000000
97.054221
100.000000
100.000000
100.000000
100.000000
100.000000
99.524813
100.000000
100.000000
100.000000
100.000000
100.000000
98.913119
100.000000
100.000000
100.000000
100.000000
100.000000
100.000000
100.000000
100.000000
100.000000
100.000000
100.000000
99.060923
100.000000
100.000000
99.894625
99.428135
98.177635
99.371037
99.570823
99.228086
99.863903
99.996425
99.414357
98.015779
99.757070
99.653520
100.000000
99.887810
99.791866
99.790897
100.000000
100.000000
100.000000
99.702690
99.480605
98.260216
100.000000
100.000000
100.000000
100.000000
99.825513
98.229063
99.753121
100.000000
100.000000
100.000000
100.000000
97.740548
100.000000
100.000000
100.000000
99.947435
100.000000
96.911247
100.000000
100.000000
100.000000
100.000000
100.000000
97.555377
100.000000
99.935582
100.000000
100.000000
99.929558
100.000000
99.839172
100.000000
100.000000
100.000000
100.000000
98.981930
100.000000
99.833413
100.000000
99.980203
98.056348
99.572026
100.000000
100.000000
100.000000
100.000000
100.000000
98.146170
99.679990
99.687950
100.000000
99.931892
99.939263
99.638331
100.000000
99.712408
100.000000
99.792182
100.000000
97.946146
100.000000
100.000000
100.000000
100.000000
99.819582
98.506166
99.577667
99.426990
100.000000
99.393187
100.000000
100.000000
100.000000
100.000000
100.000000
99.815558
99.194562
100.000000
100.000000
100.000000
100.000000
100.000000
99.943217
98.948313
100.000000
99.778887
100.000000
99.819271
99.842671
98.749652
99.545762
99.859537
99.801795
99.670875
99.707480
99.395437
100.000000
99.896423
99.704512
99.224223
98.655371
98.638451
100.000000
100.000000
100.000000
100.000000
99.782813
96.684991
99.989616
99.965009
99.849313
99.956359
100.000000
99.286158
100.000000
99.748402
100.000000
100.000000
100.000000
98.316829
100.000000
99.675277
100.000000
99.352600
99.368938
98.241944
99.783766
99.848648
100.000000
99.485305
99.509968
99.661607
99.729988
100.000000
100.000000
99.644820
99.060546
98.725119
99.015959
99.724897
100.000000
99.457523
99.779317
98.245534
99.696778
99.398079
100.000000
99.687426
100.000000
97.655153
99.747952
100.000000
100.000000
99.923794
99.795421
98.216666
100.000000
99.969388
99.594352
99.414956
98.880834
96.747278
100.000000
99.688677
100.000000
99.637622
99.680731
96.842201
99.028319
100.000000
100.000000
99.585333
99.395845
97.617485
100.000000
100.000000
100.000000
99.468848
100.000000
99.118635
99.793762
99.866324
100.000000
100.000000
100.000000
99.257517
100.000000
99.941129
100.000000
99.840817
99.970146
98.251159
99.804909
99.835286
100.000000
100.000000
100.000000
98.255288
100.000000
100.000000
100.000000
100.000000
100.000000
97.430237
99.992535
99.896563
100.000000
100.000000
99.765193
100.000000
100.000000
99.880063
100.000000
99.975597
99.064772
96.262255
99.805714
99.877172
100.000000
100.000000
97.604493
100.000000
100.000000
100.000000
100.000000
100.000000
100.000000
98.535271
100.000000
100.000000
100.000000
100.000000
100.000000
100.000000
100.000000
100.000000
100.000000
100.000000
100.000000
98.288794
100.000000
100.000000
100.000000
100.000000
100.000000
97.956074
100.000000
100.000000
100.000000
99.639022
99.766239
99.979116
99.738444
100.000000
100.000000
100.000000
100.000000
100.000000
99.947173
100.000000
100.000000
99.769616
100.000000
100.000000
100.000000
100.000000
100.000000
100.000000
99.945239
98.431711
99.631028
100.000000
100.000000
100.000000
100.000000
97.387744
99.524822
99.441407
100.000000
99.515314
97.167388
97.977416
99.886076
99.744410
100.000000
99.561419
99.798195
97.563036
99.425295
99.222421
99.390319
99.498479
99.167323
97.762157
99.458962
99.223090
100.000000
99.541084
99.592840
97.994027
99.592411
99.173777
100.000000
99.472673
99.343758
98.101397
99.887125
99.352070
100.000000
99.295475
99.932408
97.507280
99.680087
99.747974
100.000000
100.000000
99.995873
98.663814
100.000000
100.000000
100.000000
99.754164
100.000000
99.788943
100.000000
99.805471
100.000000
99.869761
100.000000
97.420565
99.960086
100.000000
100.000000
100.000000
100.000000
98.600434
100.000000
100.000000
100.000000
99.985977
97.336390
97.676767
100.000000
100.000000
100.000000
99.567766
100.000000
96.313495
99.931578
99.445540
100.000000
100.000000
99.795991
98.151579
99.523318
100.000000
100.000000
99.617846
99.946446
96.503717
99.104018
98.953123
100.000000
99.386047
99.151464
96.952879
99.402115
99.842041
100.000000
99.659189
99.344436
98.191273
99.104946
99.472706
100.000000
99.220845
99.227968
97.424528
99.396869
99.456553
100.000000
99.896639
99.877432
96.788421
99.324475
98.285633
100.000000
99.767903
100.000000
97.304633
100.000000
99.734118
100.000000
99.851486
100.000000
98.939854
100.000000
100.000000
100.000000
99.951281
96.438346
100.000000
100.000000
99.863101
100.000000
100.000000
100.000000
97.603871
100.000000
100.000000
100.000000
99.989882
100.000000
98.060010
99.709136
99.853238
100.000000
99.973523
99.934587
97.482944
100.000000
100.000000
100.000000
100.000000
100.000000
98.083292
100.000000
100.000000
100.000000
100.000000
100.000000
99.845465
100.000000
100.000000
100.000000
100.000000
100.000000
99.591248
100.000000
100.000000
100.000000
100.000000
100.000000
99.032982
100.000000
100.000000
100.000000
100.000000
100.000000
100.000000
100.000000
100.000000
100.000000
100.000000
100.000000
99.051384
100.000000
100.000000
100.000000
100.000000
100.000000
100.000000
100.000000
100.000000
100.000000
100.000000
100.000000
100.000000
100.000000
100.000000
100.000000
100.000000
100.000000
100.000000
100.000000
100.000000
100.000000
100.000000
100.000000
100.000000
100.000000
100.000000
100.000000
100.000000
100.000000
100.000000
100.000000
100.000000
100.000000
100.000000
100.000000
98.926520
100.000000
100.000000
100.000000
100.000000
100.000000
99.550995
100.000000
100.000000
100.000000
100.000000
100.000000
98.660521
100.000000
100.000000
100.000000
100.000000
100.000000
99.019984
100.000000
100.000000
100.000000
100.000000
100.000000
100.000000
100.000000
100.000000
100.000000
100.000000
99.577635
99.968509
100.000000
100.000000
100.000000
100.000000
100.000000
98.878995
100.000000
100.000000
100.000000
100.000000
100.000000
99.315052
100.000000
100.000000
100.000000
100.000000
100.000000
100.000000
100.000000
100.000000
100.000000
100.000000
100.000000
100.000000
100.000000
100.000000
100.000000
100.000000
100.000000
100.000000
100.000000
100.000000
100.000000
100.000000
100.000000
100.000000
100.000000
100.000000
100.000000
100.000000
100.000000
99.935304
100.000000
100.000000
100.000000
100.000000
100.000000
99.639495
100.000000
100.000000
100.000000
100.000000
100.000000
100.000000
100.000000
100.000000
100.000000
100.000000
100.000000
99.824519
100.000000
100.000000
100.000000
100.000000
100.000000
97.877247
100.000000
100.000000
100.000000
100.000000
100.000000
99.630623
100.000000
100.000000
100.000000
100.000000
100.000000
100.000000
100.000000
100.000000
100.000000
100.000000
100.000000
99.204226
100.000000
100.000000
100.000000
100.000000
100.000000
99.831696
100.000000
100.000000
100.000000
100.000000
100.000000
100.000000
100.000000
100.000000
100.000000
100.000000
100.000000
100.000000
100.000000
100.000000
100.000000
100.000000
100.000000
97.562725
100.000000
100.000000
100.000000
100.000000
100.000000
96.695117
100.000000
100.000000
100.000000
100.000000
97.320103
97.081914
100.000000
100.000000
100.000000
100.000000
100.000000
97.662067
100.000000
100.000000
100.000000
100.000000
100.000000
100.000000
100.000000
100.000000
100.000000
100.000000
100.000000
99.514086
99.521769
99.492472
100.000000
100.000000
99.534189
91.624287
99.285643
99.537969
100.000000
99.615263
99.335824
96.453987
100.000000
99.972067
99.990187
98.373907
99.504424
93.444656
100.000000
99.767659
100.000000
98.397728
97.992887
96.627734
98.470497
99.363667
99.316062
99.142455
98.856123
93.998444
99.158880
98.937985
99.635277
98.517771
99.156896
98.621719
99.372900
99.201529
99.765123
99.036332
98.340501
96.505549
100.000000
98.498513
100.000000
98.818107
99.508202
96.993100
99.532003
99.545836
99.471425
99.987914
99.276016
98.533330
99.712237
100.000000
99.886376
99.442951
98.834097
98.503807
99.689689
98.998762
100.000000
98.596881
98.950760
99.503494
99.734798
99.237735
100.000000
100.000000
100.000000
95.023859
99.981532
99.174288
100.000000
100.000000
99.605117
94.451366
100.000000
100.000000
100.000000
100.000000
100.000000
96.210164
100.000000
100.000000
100.000000
99.362882
100.000000
100.000000
100.000000
99.838852
100.000000
100.000000
100.000000
100.000000
100.000000
100.000000
100.000000
100.000000
100.000000
100.000000
100.000000
100.000000
100.000000
100.000000
100.000000
98.042616
100.000000
100.000000
100.000000
100.000000
100.000000
99.997057
100.000000
100.000000
100.000000
100.000000
100.000000
100.000000
100.000000
100.000000
100.000000
100.000000
100.000000
99.183414
100.000000
100.000000
100.000000
100.000000
100.000000
100.000000
100.000000
100.000000
100.000000
100.000000
99.465875
98.836909
98.297826
98.295165
98.685032
98.789412
99.694733
97.085403
99.633538
99.577068
100.000000
100.000000
100.000000
97.915576
100.000000
100.000000
100.000000
100.000000
100.000000
99.910470
100.000000
100.000000
100.000000
100.000000
98.759228
98.882033
100.000000
100.000000
100.000000
100.000000
100.000000
99.185421
100.000000
100.000000
100.000000
100.000000
100.000000
100.000000
100.000000
100.000000
100.000000
100.000000
100.000000
100.000000
100.000000
100.000000
100.000000
100.000000
100.000000
100.000000
100.000000
100.000000
100.000000
100.000000
100.000000
100.000000
100.000000
100.000000
100.000000
100.000000
100.000000
100.000000
100.000000
100.000000
100.000000
100.000000
100.000000
100.000000
100.000000
100.000000
100.000000
100.000000
100.000000
100.000000
100.000000
100.000000
100.000000
100.000000
100.000000
100.000000
100.000000
100.000000
100.000000
100.000000
98.495769
99.023673
100.000000
100.000000
100.000000
100.000000
100.000000
100.000000
100.000000
100.000000
100.000000
100.000000
100.000000
100.000000
100.000000
100.000000
100.000000
100.000000
100.000000
97.470093
100.000000
100.000000
100.000000
100.000000
100.000000
99.267442
100.000000
100.000000
100.000000
100.000000
100.000000
100.000000
100.000000
100.000000
100.000000
100.000000
100.000000
99.714213
100.000000
100.000000
100.000000
100.000000
100.000000
96.442876
100.000000
100.000000
100.000000
100.000000
100.000000
98.079919
100.000000
100.000000
100.000000
100.000000
100.000000
96.984834
100.000000
100.000000
100.000000
100.000000
97.529766
99.722559
100.000000
100.000000
100.000000
100.000000
100.000000
96.770945
100.000000
100.000000
100.000000
100.000000
100.000000
99.574024
100.000000
100.000000
100.000000
100.000000
100.000000
99.355202
100.000000
100.000000
100.000000
100.000000
100.000000
97.226747
100.000000
100.000000
100.000000
100.000000
100.000000
99.947053
100.000000
100.000000
100.000000
100.000000
100.000000
99.479676
100.000000
100.000000
100.000000
100.000000
100.000000
100.000000
100.000000
100.000000
100.000000
100.000000
100.000000
100.000000
100.000000
100.000000
100.000000
100.000000
100.000000
100.000000
100.000000
100.000000
100.000000
100.000000
99.422384
99.231403
100.000000
100.000000
100.000000
100.000000
100.000000
96.631256
100.000000
100.000000
100.000000
100.000000
100.000000
100.000000
100.000000
99.822345
100.000000
100.000000
100.000000
99.759071
100.000000
100.000000
100.000000
100.000000
100.000000
99.528340
100.000000
99.824028
100.000000
100.000000
100.000000
99.232928
100.000000
100.000000
100.000000
100.000000
100.000000
98.625742
99.773265
100.000000
100.000000
100.000000
100.000000
100.000000
100.000000
100.000000
100.000000
100.000000
97.971049
98.463602
99.930938
100.000000
100.000000
100.000000
100.000000
98.174438
100.000000
100.000000
97.052859
96.202781
94.790023
96.160876
97.869440
98.043803
98.453864
97.786271
98.111325
95.456034
98.039557
98.325346
99.054618
98.731602
98.674535
96.840676
99.303188
98.762777
99.236316
98.508626
99.150222
96.111171
98.801795
99.087812
99.555581
98.558109
98.623232
97.842630
99.094990
98.648814
99.937144
99.456902
99.211644
93.369566
99.546633
99.734040
100.000000
99.180409
99.377508
96.722768
99.342460
98.606390
99.778385
99.562423
99.469246
95.075148
98.528539
99.464438
100.000000
99.017540
99.125166
97.220812
99.100000
98.837393
100.000000
99.556246
98.949305
97.478535
98.767715
98.559590
99.651978
99.457911
93.910936
92.548884
99.820800
99.978902
99.901496
99.796591
99.312431
98.022078
99.706687
99.007176
98.775220
99.967929
99.479644
97.841440
99.072041
98.922215
99.860244
98.920999
99.824661
98.762845
99.198824
98.748680
100.000000
98.738026
98.309044
99.089971
99.224301
98.470197
99.532000
99.035962
98.806060
98.272471
99.302804
98.918226
100.000000
99.490707
99.496379
98.924266
99.092314
98.810248
100.000000
98.764805
99.493833
99.030627
99.849418
99.488764
100.000000
99.120315
99.083243
99.079171
99.766301
99.679008
99.559420
99.993632
99.961155
97.253630
99.201867
99.396376
99.568716
99.482667
98.548186
98.437814
98.694375
98.157675
100.000000
98.350491
97.666308
97.931118
98.993647
98.601805
99.605379
99.610609
98.067755
95.559688
99.820905
99.440049
99.734989
99.650745
99.304542
97.559387
98.069462
98.317748
100.000000
98.843880
98.245543
97.918978
98.962162
99.242812
99.588836
99.508067
98.870048
97.577859
98.646357
98.568622
99.613180
98.963677
98.773364
98.212698
98.854627
98.572392
99.873894
98.788874
98.127819
97.873633
98.309942
99.020143
99.587257
98.686997
98.969477
98.018523
98.869977
98.996633
99.951888
99.024417
98.976785
96.643593
99.040878
98.708136
98.895332
98.590528
97.585382
98.041763
98.498159
99.037937
99.536799
98.715038
98.553991
97.542504
98.121345
98.294039
98.952883
98.324846
98.558271
96.851619
98.893149
98.536877
99.549840
98.215758
98.340053
98.208385
98.613045
98.111356
99.186695
98.288996
98.628506
96.662467
98.644063
98.509798
99.241780
98.545137
98.824405
97.007783
98.325243
98.322650
99.342821
98.423059
98.445578
97.455372
98.273474
99.151343
99.790245
98.135884
98.278690
97.352594
99.001680
98.149058
99.015311
98.446232
98.233799
97.789347
99.020590
98.922329
99.831968
98.616143
98.988024
96.229564
99.026076
99.228008
99.620688
99.174793
96.983361
98.014846
99.623860
99.084646
99.753169
99.354934
98.939997
98.048594
99.247466
99.561541
99.555961
99.272924
99.468056
98.034305
99.553402
99.659697
100.000000
99.586126
99.958610
99.249202
99.726319
99.580360
100.000000
99.344244
99.601511
98.256468
100.000000
99.584612
100.000000
99.849908
99.787515
98.614222
100.000000
100.000000
100.000000
99.495556
99.726697
98.077067
99.115503
99.426354
100.000000
99.712866
99.590648
97.544480
100.000000
100.000000
100.000000
100.000000
100.000000
98.981217
99.771472
99.299469
100.000000
99.686380
99.793589
97.353364
99.739690
99.722344
100.000000
99.517326
98.194513
97.859381
100.000000
100.000000
100.000000
100.000000
100.000000
97.938277
99.396243
99.649721
99.854179
99.109072
100.000000
97.377960
99.820462
99.762955
100.000000
99.834353
100.000000
98.099375
99.527229
99.383748
100.000000
99.421151
99.663975
99.375869
99.472221
99.926559
100.000000
99.653593
99.518993
97.907612
99.811695
99.773693
100.000000
99.357132
99.552279
99.157709
98.740029
98.716319
99.761600
99.553608
99.989584
98.827776
99.021246
99.306744
99.820958
98.891738
98.814586
98.748828
98.183123
97.668688
99.751296
98.175412
98.605106
93.702405
99.205123
99.448207
100.000000
99.201430
96.782219
97.617056
99.826268
100.000000
100.000000
99.664011
99.408136
96.024276
99.370438
99.326528
100.000000
99.799563
100.000000
99.124931
100.000000
100.000000
100.000000
100.000000
100.000000
99.671711
100.000000
100.000000
100.000000
100.000000
100.000000
98.106796
100.000000
100.000000
100.000000
100.000000
100.000000
100.000000
100.000000
100.000000
100.000000
100.000000
100.000000
100.000000
100.000000
100.000000
100.000000
100.000000
100.000000
100.000000
100.000000
100.000000
100.000000
100.000000
100.000000
100.000000
100.000000
100.000000
100.000000
100.000000
100.000000
100.000000
100.000000
100.000000
100.000000
100.000000
100.000000
100.000000
100.000000
100.000000
100.000000
100.000000
100.000000
100.000000
100.000000
100.000000
100.000000
100.000000
100.000000
100.000000
100.000000
100.000000
100.000000
100.000000
100.000000
100.000000
100.000000
100.000000
100.000000
100.000000
100.000000
100.000000
100.000000
100.000000
100.000000
100.000000
100.000000
100.000000
100.000000
100.000000
100.000000
100.000000
100.000000
100.000000
100.000000
100.000000
100.000000
100.000000
100.000000
100.000000
100.000000
100.000000
100.000000
100.000000
100.000000
100.000000
100.000000
100.000000
100.000000
100.000000
100.000000
100.000000
100.000000
100.000000
100.000000
100.000000
98.398959
100.000000
100.000000
100.000000
100.000000
100.000000
100.000000
99.009916
100.000000
100.000000
100.000000
100.000000
100.000000
98.969608
99.768416
100.000000
100.000000
100.000000
99.637769
98.313161
99.528566
99.238902
100.000000
99.390368
99.541202
96.537022
99.952390
99.265704
100.000000
100.000000
99.767499
98.865076
100.000000
100.000000
100.000000
99.831276
99.506033
98.314703
99.446425
98.738998
100.000000
99.096792
99.044505
96.039342
99.293897
99.615938
100.000000
99.617452
99.385714
98.922196
99.966548
99.252580
100.000000
100.000000
99.775965
98.144818
99.962928
100.000000
100.000000
99.952628
99.329701
98.618775
100.000000
100.000000
100.000000
99.503004
99.740837
98.065365
100.000000
100.000000
100.000000
100.000000
100.000000
97.770027
100.000000
100.000000
100.000000
100.000000
100.000000
97.273378
100.000000
100.000000
100.000000
100.000000
100.000000
100.000000
100.000000
100.000000
100.000000
100.000000
100.000000
100.000000
100.000000
100.000000
100.000000
100.000000
100.000000
97.396854
100.000000
100.000000
100.000000
100.000000
100.000000
99.356860
100.000000
100.000000
100.000000
100.000000
100.000000
99.477571
100.000000
100.000000
100.000000
100.000000
100.000000
98.225180
100.000000
100.000000
100.000000
100.000000
100.000000
99.323250
100.000000
100.000000
100.000000
100.000000
100.000000
99.410621
100.000000
100.000000
100.000000
100.000000
100.000000
100.000000
100.000000
100.000000
100.000000
100.000000
100.000000
100.000000
100.000000
100.000000
100.000000
100.000000
99.777529
97.298526
100.000000
100.000000
100.000000
99.849373
100.000000
99.292787
100.000000
100.000000
100.000000
100.000000
100.000000
98.958410
99.998158
100.000000
100.000000
100.000000
100.000000
98.241044
100.000000
100.000000
100.000000
100.000000
100.000000
100.000000
100.000000
100.000000
100.000000
100.000000
100.000000
98.944066
100.000000
100.000000
100.000000
100.000000
98.886593
97.889557
100.000000
100.000000
100.000000
100.000000
100.000000
100.000000
99.929698
99.765776
100.000000
100.000000
100.000000
98.473791
100.000000
100.000000
100.000000
100.000000
100.000000
99.447809
100.000000
100.000000
100.000000
100.000000
100.000000
100.000000
100.000000
100.000000
100.000000
100.000000
100.000000
99.005604
100.000000
100.000000
100.000000
100.000000
100.000000
100.000000
100.000000
100.000000
100.000000
100.000000
100.000000
100.000000
100.000000
100.000000
100.000000
100.000000
100.000000
100.000000
100.000000
100.000000
100.000000
100.000000
100.000000
99.078438
100.000000
100.000000
100.000000
100.000000
98.428673
100.000000
100.000000
100.000000
100.000000
100.000000
100.000000
99.923559
100.000000
100.000000
100.000000
100.000000
100.000000
100.000000
100.000000
100.000000
100.000000
100.000000
100.000000
99.345282
100.000000
100.000000
100.000000
100.000000
100.000000
99.135886
100.000000
100.000000
100.000000
100.000000
100.000000
99.250298
100.000000
100.000000
100.000000
100.000000
100.000000
99.413243
100.000000
100.000000
100.000000
100.000000
100.000000
97.972194
100.000000
100.000000
100.000000
100.000000
100.000000
99.204360
100.000000
100.000000
100.000000
100.000000
100.000000
98.801064
100.000000
100.000000
100.000000
100.000000
97.560759
98.476316
100.000000
100.000000
100.000000
100.000000
100.000000
100.000000
100.000000
100.000000
100.000000
100.000000
100.000000
100.000000
100.000000
100.000000
100.000000
100.000000
100.000000
100.000000
100.000000
100.000000
100.000000
100.000000
100.000000
98.947927
100.000000
100.000000
100.000000
100.000000
100.000000
99.133559
100.000000
100.000000
100.000000
100.000000
100.000000
98.242773
100.000000
100.000000
100.000000
100.000000
99.672878
97.609675
99.797489
100.000000
100.000000
99.705524
99.684079
98.937242
100.000000
100.000000
100.000000
100.000000
100.000000
98.025467
100.000000
100.000000
100.000000
100.000000
100.000000
