95.799558
95.537540
95.391174
96.338493
95.008096
95.003141
94.709740
95.262632
95.184961
95.183364
95.323219
95.499302
95.888720
94.993704
94.983242
95.609761
95.006219
95.225025
95.754004
95.626653
95.510404
95.924997
94.815939
95.396548
96.316560
95.020497
94.925406
95.848826
95.252682
95.547491
95.984471
94.982248
95.102170
95.702202
94.945805
95.048625
96.061281
95.413781
95.036608
95.467364
95.178077
95.612677
95.701479
95.042634
95.336155
95.944928
95.180607
95.264176
95.764582
95.391279
95.050030
95.874559
95.092075
95.354484
95.342785
95.499908
95.524415
95.709925
95.052857
95.711503
96.832857
94.968451
94.972890
95.893001
94.694415
95.106960
95.696216
95.557508
95.620115
95.899647
96.013580
95.393504
96.452753
95.794407
95.309514
95.795378
95.736957
95.912279
96.122801
95.390398
95.403349
96.823766
95.576281
95.113380
96.025979
97.028093
95.621115
96.242924
96.774618
96.404620
96.193280
95.298829
95.601727
96.206978
96.338903
96.227199
97.174877
96.023168
96.074070
96.928058
96.631922
96.033918
95.820548
96.178903
96.012066
95.783128
95.180506
96.893757
96.710983
94.756315
95.301037
97.769931
96.576026
95.801991
93.232669
96.273855
96.506281
95.769602
95.243762
97.849347
96.963048
96.407060
95.742008
96.966570
93.820250
96.879239
95.813995
94.902114
97.262069
97.424687
96.579451
95.618858
95.489571
95.688258
94.915299
96.979796
96.155820
95.768642
95.457286
95.946611
95.362300
95.983277
95.841009
94.749308
95.621331
94.880812
95.482829
96.162604
95.729428
95.284129
96.192008
94.893571
93.764703
95.379182
94.175773
94.818161
95.623466
94.811103
94.613364
95.323953
94.276736
94.187525
95.464890
93.737702
94.465987
94.959115
94.993884
94.489314
94.890864
95.175078
93.787937
96.220002
93.495997
94.967516
95.594914
94.658123
94.607855
96.220867
94.648286
95.355157
97.829956
96.027689
95.119672
97.764823
95.846295
96.689152
94.867974
96.723283
95.775571
98.341184
96.325157
96.474310
98.323821
96.681359
98.444854
99.572463
97.174265
98.525178
96.813404
98.044511
97.917062
97.614019
97.837780
97.969745
99.264725
93.257647
93.810688
96.433666
96.840016
95.677613
95.686989
96.700137
96.274403
97.324880
96.834319
96.955367
97.931427
96.872570
97.073958
98.433304
97.718353
98.329934
97.342421
97.975594
98.134332
97.444178
97.325538
98.413744
97.765649
97.725668
97.551297
97.801909
97.797246
96.771615
96.447095
97.557236
97.618547
97.422978
97.890994
97.607423
98.021338
96.750347
96.386188
97.557320
96.317131
97.189180
97.298198
96.977880
97.361924
97.982070
97.283745
98.549878
99.878432
97.717027
97.242011
99.122195
97.290258
98.996236
99.133689
97.490851
97.796531
98.988845
97.514173
99.062668
99.819984
98.791566
98.606232
98.810609
98.018127
100.000000
100.000000
97.774489
98.691811
99.790678
98.820606
99.228236
100.000000
99.279560
98.513496
99.415453
99.959927
100.000000
99.942068
98.982627
98.760832
99.479113
96.334911
96.744795
100.000000
98.021119
96.289497
98.193784
99.518026
98.121197
94.510141
99.635577
99.783965
98.823683
99.547616
97.190506
99.155247
99.080674
99.325941
98.842660
98.451903
98.764432
96.145135
99.285623
100.000000
99.186487
98.597478
98.587554
100.000000
99.545263
98.304348
99.007752
99.699051
98.685843
98.519288
99.989277
98.612414
98.779486
99.734514
98.933784
99.320528
98.511174
97.858667
99.691994
98.878778
97.524094
92.747434
98.325906
98.458158
98.040029
97.329443
99.081271
97.808447
98.422421
98.391764
98.549731
99.226215
99.481883
96.135373
97.559326
99.230856
98.810476
97.721822
99.228610
99.074282
98.378731
98.381056
98.890303
98.964211
98.832082
98.026378
98.928796
98.601363
98.339454
99.125671
97.602873
94.179375
97.487397
98.455391
98.593116
96.957497
96.846966
97.758442
98.268104
97.977800
97.451261
97.711936
98.673957
97.388597
97.389940
97.356763
98.904560
97.894444
97.768146
99.358675
97.992498
97.898865
99.035920
98.652395
97.443183
96.663599
98.053955
99.296119
97.919844
97.546389
97.742181
99.529396
97.932560
97.900697
98.509658
98.767086
98.762753
97.482429
97.704126
97.929500
98.839455
97.906239
97.971597
98.393419
98.340156
98.013564
98.313188
98.238082
98.227753
99.048097
98.411795
98.094292
99.021200
97.677556
98.055629
97.576853
98.116474
98.424962
98.266307
97.562192
97.577233
93.035229
97.393506
97.887927
98.596134
97.897688
97.775700
94.127207
98.939001
97.583687
98.592064
97.740762
98.538788
97.197289
98.295034
98.426004
98.058104
98.086503
98.059739
96.231730
98.596157
98.221939
99.023701
97.616366
98.197277
95.836423
97.832543
97.877083
97.837211
97.658333
97.364657
96.539106
97.163902
97.471259
97.923478
97.439030
97.973921
97.262086
97.318562
98.075799
98.214090
97.918145
98.697406
92.708433
98.772848
97.988041
98.297800
97.329635
98.043627
97.554327
97.810343
97.598731
98.034034
97.686286
97.072475
99.241506
97.500325
97.523366
97.890838
97.685137
95.477141
99.549846
96.977007
97.397689
98.891485
98.431972
98.999167
94.949426
98.463248
97.954688
98.690486
97.483070
98.369389
93.823002
97.500751
97.550613
97.175288
97.128154
97.276608
96.812145
97.449753
97.792591
98.362471
98.721926
98.503286
95.779843
97.675839
98.642261
98.110013
98.547336
97.450692
98.204617
97.810355
97.993434
98.316423
98.548905
97.957625
98.334072
97.562914
98.076882
98.524183
97.818577
97.997181
98.327720
97.490976
97.594599
98.081756
97.538478
97.486156
97.464320
98.448537
98.814629
98.893555
97.241756
98.286792
97.091782
98.338311
98.267990
97.493616
97.723696
98.641786
98.900858
97.737518
97.837976
97.721717
97.704970
97.903255
97.416967
97.961580
98.203531
98.110223
98.010574
98.437251
98.368154
98.366720
98.049468
99.233580
98.200570
97.982689
98.933730
98.120973
98.310830
98.559031
98.293309
98.684410
97.678563
98.016472
97.965166
98.375217
98.056318
98.859389
98.315351
98.469151
97.983363
98.435661
98.186562
98.684489
98.232818
98.672832
98.217071
98.959524
98.229107
98.368554
98.466073
98.291416
98.433363
98.559313
98.009166
98.672764
98.124656
98.238008
98.382318
98.632988
98.239028
98.549181
97.709964
97.880496
97.784302
98.622925
97.705113
97.693994
98.141362
98.514950
98.968315
98.544310
98.116828
98.606003
97.784893
98.457500
98.313848
98.073526
98.416871
98.281134
98.250050
98.828342
98.340471
98.112060
98.517543
98.465276
98.529424
98.446503
98.352968
98.642698
98.367766
98.439658
98.613158
98.436772
98.336048
98.967612
98.701286
98.711009
98.985704
98.429403
97.814498
98.812271
98.211556
98.470357
99.060151
98.110017
98.256829
98.995680
98.040397
98.293708
99.043934
98.029237
97.786205
98.089758
98.542594
98.481671
98.483564
97.947579
97.914408
98.304875
97.773693
97.671391
97.480842
98.476300
98.219644
98.160324
97.705550
97.331099
98.217632
98.448093
98.413108
98.154357
98.206201
98.296463
97.964795
98.304104
97.886219
98.486029
98.583125
98.341694
98.109985
98.607864
98.652118
98.503124
98.585189
98.590750
98.900435
98.452146
98.288855
98.621007
98.545890
98.386100
98.376719
98.492516
98.912139
98.607155
98.756696
98.384129
98.703750
98.536259
98.135734
98.897681
98.204177
97.849830
97.941883
98.446336
98.316554
98.059754
97.482541
98.745199
97.140534
98.404301
97.592821
99.115983
97.509812
98.150159
97.233386
98.474874
97.985074
97.972882
97.728440
98.155093
96.277159
98.164274
97.645150
98.445907
97.692694
96.447689
98.713868
98.618998
97.889091
98.441045
98.372859
98.441273
97.907232
98.148580
98.151955
98.087960
98.102257
98.340084
98.997669
98.434403
98.289410
98.187167
98.670304
97.880674
97.753278
98.715220
98.614813
98.502280
98.801962
98.976123
97.731594
97.942967
97.519369
98.508300
97.939226
98.706383
96.348608
98.350909
98.182072
98.274833
98.240217
98.213488
97.583767
98.007664
98.502304
97.918339
97.983253
98.614480
98.051318
98.004912
97.682146
98.242017
97.760582
98.195482
98.395520
98.232705
97.809259
98.693339
97.532481
97.810251
97.434937
98.537784
98.280665
98.024116
98.247108
97.556765
98.042378
98.538097
98.025145
98.417073
97.913500
97.925525
97.947984
98.383586
98.022903
97.830061
98.206782
98.568799
99.519138
98.580620
98.179724
98.764124
98.508167
98.349329
97.798580
98.566809
98.199149
98.079245
98.541945
97.975288
97.765955
98.735916
98.200528
98.555143
97.888938
98.654992
98.516539
98.104272
97.815760
98.148017
98.080973
98.181811
98.846669
98.655276
98.037818
98.320527
98.136598
98.183207
98.140259
97.809846
98.138453
98.197498
97.658460
98.194113
98.161837
98.694542
98.169448
98.542123
97.895943
98.229213
97.779531
98.047830
98.193188
98.382459
98.336206
97.421651
98.369139
98.137566
98.106680
98.222412
97.967951
98.019745
97.343131
98.150488
97.948258
97.986779
97.977804
98.266433
98.038368
98.417616
98.339278
98.922312
97.962018
98.341810
98.265185
98.488344
98.366041
98.288078
98.232904
98.197744
98.453612
98.437179
98.948395
98.273630
98.002216
98.112349
98.245044
98.361207
98.327425
98.630209
98.694096
97.944140
96.915549
97.958175
98.022299
98.767150
98.137576
97.734588
96.891545
97.184814
97.382751
98.760598
97.114795
97.512847
98.372941
97.207869
97.679663
98.326258
97.103214
97.487842
95.078174
97.684287
97.439781
97.611281
97.227144
98.730650
97.141138
98.538861
97.981563
98.609047
97.818232
97.938086
97.010967
98.847545
98.213693
98.193318
98.092969
98.214140
97.663287
98.161310
97.971636
98.325493
98.289782
98.274430
98.261767
98.674460
98.304875
98.193684
97.809063
98.253929
98.621578
98.915385
98.212942
98.492770
98.252751
98.368883
97.475647
97.726085
98.726459
98.071386
98.544331
98.319497
98.409835
97.382607
97.633964
98.246537
97.646894
97.634965
97.284834
98.541823
97.979054
98.371259
97.950332
98.564111
96.741617
98.215713
97.884345
98.771863
97.433346
97.679597
96.668477
98.422909
97.757157
97.857663
97.701188
96.665544
98.340027
97.874162
97.534477
98.065587
97.803021
97.914342
96.281291
97.890741
98.159112
97.587051
97.978764
98.360357
97.542460
98.264724
98.508315
98.704303
98.216333
97.989368
97.311032
98.422476
97.966479
98.263918
98.390350
98.290692
96.933215
98.052091
98.022238
98.220033
98.460594
98.384573
97.543577
97.340635
97.339585
98.261852
98.290178
100.000000
95.078097
100.000000
100.000000
100.000000
100.000000
100.000000
98.324102
100.000000
100.000000
100.000000
99.900400
100.000000
100.000000
99.893754
100.000000
100.000000
99.717768
100.000000
100.000000
99.747963
100.000000
100.000000
100.000000
100.000000
100.000000
100.000000
100.000000
100.000000
100.000000
100.000000
100.000000
100.000000
100.000000
99.585685
100.000000
100.000000
98.280363
100.000000
100.000000
100.000000
99.788280
99.552187
100.000000
99.410212
99.161377
100.000000
99.097836
99.316123
100.000000
99.166879
99.465807
100.000000
100.000000
100.000000
98.132873
99.804420
100.000000
100.000000
99.958076
100.000000
100.000000
100.000000
100.000000
100.000000
99.914908
100.000000
100.000000
100.000000
100.000000
100.000000
100.000000
100.000000
99.355948
100.000000
100.000000
100.000000
100.000000
100.000000
100.000000
100.000000
100.000000
100.000000
100.000000
98.019403
98.769484
100.000000
99.541944
99.946384
100.000000
100.000000
96.612909
99.683000
100.000000
100.000000
100.000000
100.000000
99.792491
100.000000
100.000000
100.000000
100.000000
100.000000
99.286973
99.731007
100.000000
100.000000
100.000000
100.000000
99.894654
100.000000
100.000000
100.000000
100.000000
100.000000
99.478694
100.000000
100.000000
100.000000
100.000000
100.000000
99.965437
99.988010
99.948701
100.000000
100.000000
100.000000
99.094142
100.000000
100.000000
100.000000
100.000000
100.000000
98.048168
99.896558
100.000000
100.000000
99.872387
100.000000
97.226241
99.929884
99.966648
100.000000
100.000000
99.454559
98.797533
100.000000
99.782281
100.000000
99.513869
99.899655
99.426882
99.810416
99.616934
99.641361
99.779549
99.572880
99.583461
99.721526
99.382146
99.667583
99.615652
99.739655
98.032801
99.539146
99.959874
99.988884
99.604753
99.881329
98.967120
99.342518
99.399146
99.883509
99.497183
99.589615
97.861062
99.468388
99.330387
100.000000
99.640325
99.792720
98.967460
99.885096
99.439317
99.829898
99.572314
99.774417
98.991907
99.514886
99.378232
100.000000
99.793242
99.644648
98.887931
99.513737
99.234686
99.754212
99.368441
99.444379
98.517881
99.421653
99.276523
100.000000
99.699280
98.520735
99.171821
99.348577
99.261453
99.724285
99.292950
99.316636
98.937294
99.040288
99.128761
98.952803
99.172715
99.355337
98.999820
99.223581
99.062993
99.603052
99.303902
99.342380
98.968097
99.265346
99.095819
99.689328
99.508223
98.978121
98.329752
99.842466
99.632854
100.000000
99.962117
99.504589
97.491227
99.523130
99.738149
99.979131
99.255244
99.447049
100.000000
99.888122
98.752099
98.944628
100.000000
99.803447
98.367229
97.234966
98.817746
99.160611
98.007454
97.657135
98.038240
97.740354
97.946608
99.346774
97.991748
96.891719
96.515838
99.916237
98.021549
97.316553
99.800900
98.322252
99.927273
100.000000
98.541855
99.731924
100.000000
99.966725
95.890572
99.721007
100.000000
99.346093
99.486500
100.000000
100.000000
100.000000
99.901339
100.000000
99.471977
100.000000
100.000000
99.407505
100.000000
99.833832
99.556787
99.983592
99.106470
99.332550
99.438909
99.321152
99.934316
99.520809
97.797779
98.343781
99.457886
98.552927
98.048542
99.914331
99.386576
98.048966
97.861659
98.463911
98.481462
97.789908
98.199673
98.555440
97.921017
98.445582
97.600284
97.743231
98.404373
98.303673
97.776106
97.860801
97.655381
98.830344
97.933930
98.922259
99.115004
98.859560
98.987713
98.326593
99.763190
97.825446
98.430660
97.811662
97.257594
97.086437
96.778323
97.376761
97.469669
98.099197
97.821739
99.190656
99.275262
99.310815
98.381495
99.185578
98.106270
98.428765
98.889006
98.468346
98.960918
98.985018
99.057021
98.312963
99.264378
98.090655
98.395873
98.368523
98.808560
98.587105
99.310300
98.303130
99.145644
99.054682
98.678227
98.666490
99.076320
98.301676
98.458211
98.965310
98.493903
98.536597
99.242998
98.740687
99.203066
99.010139
99.107295
98.811325
99.227012
98.405436
98.100894
98.433094
98.487813
99.032538
98.193683
98.088043
98.052535
98.793292
98.359005
98.899833
99.304070
98.815960
98.895681
100.000000
98.183868
98.388178
100.000000
99.052612
99.714989
99.612555
99.775621
99.977030
100.000000
97.569826
97.584102
99.149816
99.223868
99.970893
96.157424
99.594836
100.000000
98.501299
97.788301
100.000000
100.000000
99.155198
98.334681
100.000000
100.000000
100.000000
95.845459
98.636806
99.233551
100.000000
99.334281
96.351403
95.730470
100.000000
100.000000
100.000000
99.545175
100.000000
100.000000
100.000000
100.000000
100.000000
100.000000
99.352785
99.734473
100.000000
98.899631
99.374662
100.000000
100.000000
95.444962
98.064807
100.000000
100.000000
98.868725
93.713841
100.000000
99.906408
98.978197
99.987053
100.000000
99.849491
94.257419
99.185952
100.000000
98.355386
98.457193
100.000000
94.154195
97.405492
98.167182
100.000000
98.040875
97.231287
95.832142
100.000000
99.261479
99.814295
98.588413
99.246312
95.827594
97.983786
97.352315
99.384134
98.504661
97.445179
94.432335
98.841392
97.740984
99.069297
98.159610
97.842445
98.877804
98.681409
97.988833
99.565136
98.256080
97.061309
97.754349
98.319567
96.635977
98.282756
97.784781
97.729448
95.753428
98.041144
98.219724
97.702733
97.323738
96.920563
95.412352
98.031592
97.052046
97.520738
98.002820
94.871560
93.580945
97.761042
97.524268
97.845066
97.879507
98.249588
94.618387
97.590869
97.931677
99.327702
98.438075
98.132449
97.376213
98.010128
97.992329
98.636178
98.700940
98.467579
95.582097
97.573832
98.376894
98.555038
97.751664
98.400057
98.232796
97.680967
97.602453
99.423284
98.612536
98.440565
95.976089
98.491407
98.237763
100.000000
98.519334
97.852142
96.765521
97.078101
98.689751
99.647062
96.514917
97.204608
98.777344
98.988235
97.206059
98.777770
98.662874
99.665074
99.143133
98.242215
98.447483
100.000000
97.432650
95.937339
94.072298
98.190764
96.948291
96.989591
97.799656
99.853192
96.057622
97.278285
97.531327
96.765223
98.013536
98.052979
94.761982
96.697573
97.327963
97.444998
97.148454
96.658132
96.068256
98.509002
97.073619
98.742268
98.524139
97.872618
97.041891
97.576207
99.551346
99.619437
98.197826
98.401774
98.772070
98.233272
97.298222
98.376731
98.018436
98.462302
94.804408
97.811036
97.909707
99.523974
98.340094
97.075958
95.019576
97.721436
97.719400
97.820598
98.259940
98.068722
95.918538
97.508685
98.222977
98.957974
97.561826
97.733428
97.929886
98.501258
97.808900
98.284997
96.837165
97.791933
96.887941
96.401898
97.511253
96.973505
97.565728
91.844455
97.106900
98.231726
96.779920
98.486192
97.738758
97.870367
94.408446
98.722143
98.985549
98.244248
98.166964
97.747511
97.991215
97.404134
99.110437
99.175951
98.322859
99.015451
96.771246
98.756692
98.030202
99.864338
98.682238
98.387948
98.892434
97.661846
98.137342
98.741915
97.740484
99.212095
95.863841
98.683143
99.548929
99.584939
98.312112
99.311799
98.797576
98.874918
98.346858
99.449667
99.685085
99.702703
98.184817
98.384619
98.531964
99.917277
99.344473
99.467179
99.278274
98.834601
99.015219
100.000000
98.306689
98.373606
98.128146
99.569347
99.915213
98.162276
97.990759
96.970614
98.636515
98.323480
97.818015
98.253110
98.902384
98.375115
96.911430
98.121268
97.748293
98.854423
97.975768
97.795360
99.156869
98.216609
97.808713
99.301538
97.520072
97.575835
97.592035
98.830318
98.799983
99.639630
98.045522
97.497384
97.564061
97.800835
98.720811
98.603150
98.667922
98.592819
96.874069
98.223051
98.118856
99.044265
97.727765
98.872657
96.070226
99.115616
98.983293
98.845549
99.537332
98.562707
96.807798
98.650193
98.310002
98.762213
98.333824
98.189884
99.368066
98.477418
98.601962
99.645458
99.338712
98.864967
98.090374
98.484240
98.464035
99.663309
98.659193
97.248222
99.214057
99.429619
99.214920
99.203248
98.664152
98.922218
97.446041
98.320454
98.447892
99.697426
98.958743
98.791624
99.189813
99.070585
98.228782
99.434720
98.642032
99.215534
97.638308
98.915729
98.588075
99.973825
99.050375
98.653428
98.174697
98.609477
98.422054
99.000334
98.390371
99.286015
100.000000
98.542544
98.737995
100.000000
98.801450
97.823491
99.842800
98.711472
98.511817
99.237216
99.184777
98.574733
98.551000
99.092938
98.285389
99.214655
98.549265
98.540792
98.317442
98.364111
98.878335
98.715049
98.508825
98.375329
98.727129
98.934635
98.857880
98.722033
98.160706
98.131357
98.210645
99.259144
99.412466
99.908043
99.543404
98.315895
96.007092
98.660000
98.733853
98.381823
98.615895
99.809990
98.740963
99.222319
98.641796
99.713127
99.671782
99.303003
97.976821
99.041445
98.427785
99.267479
98.325378
98.311734
97.890949
98.789641
98.672144
99.504794
98.288449
98.591018
99.453252
98.478508
99.112551
99.484641
98.577960
97.944694
98.514502
97.563780
98.705113
98.869910
98.214579
98.696944
97.978368
98.690701
98.334024
98.963739
98.617059
99.149947
97.259837
98.501546
99.276009
99.642559
98.609667
98.342326
97.779017
98.504765
98.304016
98.329097
97.605160
98.194998
96.392958
99.533412
98.437021
99.019418
97.878516
97.490196
96.099149
97.020072
98.450266
98.678055
97.932950
97.524647
97.092491
99.129616
99.137652
98.718204
97.795073
98.909443
98.545950
97.615962
98.034911
99.011700
99.030449
98.636822
98.614429
97.897121
97.996618
100.000000
97.954731
98.562025
97.776607
98.639548
98.555321
99.394902
99.146587
99.110448
97.768997
99.324720
98.549614
99.670225
99.730934
99.153948
96.862527
97.800964
97.631470
98.468350
98.064451
97.973495
99.854300
98.325548
98.425224
99.376083
98.361556
97.141947
95.270547
97.934251
97.925956
98.898619
98.490334
96.342256
99.439539
98.703708
98.555249
100.000000
99.821065
98.900590
97.460820
98.344046
98.814113
98.774481
98.911168
98.712184
100.000000
98.769101
98.923919
99.798412
99.577835
99.550933
97.913719
98.274823
98.562828
99.218719
100.000000
98.780019
97.620764
99.087664
99.014760
99.396777
98.020887
98.688431
99.593555
98.383406
98.789984
99.673991
98.656893
99.012669
100.000000
98.162125
97.912612
99.409143
97.850112
98.881590
99.610192
99.366051
98.112975
99.998348
97.933266
97.790917
97.926264
97.804886
98.769878
99.355572
98.751260
97.591514
95.669054
97.238287
96.931950
98.009238
96.399700
95.435790
97.111165
97.460000
97.241178
98.074600
96.765068
96.973406
96.187881
97.029001
96.971665
97.719317
97.380701
97.036623
97.007762
97.874284
97.998468
98.639126
97.939854
98.063263
97.213843
97.480765
97.151868
97.812986
97.431167
97.377210
97.358862
98.040719
97.633741
98.365350
97.715641
98.534989
96.751998
97.459590
98.256898
99.164165
98.481072
98.636351
98.058231
98.615954
98.758929
99.361054
97.918474
98.156692
99.403927
98.624691
98.344746
99.920044
97.959812
97.922723
97.043969
98.146267
98.299720
99.480067
97.855936
97.662719
97.455593
98.458714
98.741394
99.058931
98.355843
96.016297
96.935982
98.155495
98.157687
98.586035
97.856403
98.158592
95.152713
97.915496
97.243883
98.108243
97.912930
97.743371
97.280180
97.737034
98.337203
99.350678
98.303828
97.671219
95.919356
97.467287
96.388214
99.038748
97.073224
97.536127
96.385624
97.534313
97.912445
98.000553
97.796253
97.735548
97.271412
97.022018
97.373200
98.383942
96.692439
97.584418
96.765910
97.398654
96.873844
98.797147
97.360324
97.602259
96.422582
97.568627
96.256250
99.027989
98.056793
97.918404
96.371885
98.220158
97.505647
98.680112
97.847536
98.628070
97.554485
97.333735
97.413355
99.270796
97.692760
95.102304
99.169795
99.129652
98.069517
98.761632
98.692986
98.506858
96.536468
98.365540
98.803373
99.174594
97.814599
97.936277
97.311322
96.716549
97.055997
99.262941
97.087958
96.716848
96.667012
97.396016
97.549511
98.914069
98.403638
98.416506
96.705835
98.439087
98.393208
99.685732
98.564372
98.653092
98.762952
98.462315
99.164493
99.861638
99.161308
98.852230
98.742619
97.950059
99.457819
100.000000
98.964904
99.428499
97.742188
98.715153
98.700333
100.000000
98.229860
98.838595
99.264180
98.989220
98.464021
100.000000
99.207219
98.382565
97.847773
98.152443
99.299916
99.358345
98.532178
99.219768
100.000000
99.618704
99.555169
100.000000
100.000000
100.000000
98.498461
99.982932
99.358144
100.000000
99.826399
100.000000
98.880025
100.000000
100.000000
100.000000
100.000000
100.000000
99.713461
100.000000
100.000000
100.000000
100.000000
100.000000
99.722191
99.606526
98.418614
100.000000
99.673753
99.766073
97.424080
99.288039
99.512109
99.997369
99.420747
99.680204
98.161542
99.003443
98.607734
99.832713
99.319445
99.642652
97.250163
97.877061
98.009844
100.000000
99.222236
98.861311
97.992657
99.036249
99.483417
99.803999
98.579101
99.318950
98.404780
99.067211
98.643923
99.336889
98.722179
97.859843
98.983583
99.080450
99.480027
100.000000
99.300806
99.602241
97.033338
99.140250
98.965419
99.853576
99.297621
98.937989
98.285343
100.000000
100.000000
100.000000
99.525920
99.794175
99.875168
99.545711
100.000000
100.000000
100.000000
100.000000
100.000000
100.000000
100.000000
100.000000
100.000000
100.000000
100.000000
100.000000
100.000000
100.000000
100.000000
100.000000
100.000000
100.000000
100.000000
100.000000
100.000000
99.376142
99.003642
99.897953
99.734585
100.000000
99.358724
99.950878
98.910248
99.255716
99.973879
100.000000
100.000000
99.741614
98.703905
98.958958
98.622043
100.000000
98.647727
99.015552
98.799625
98.946334
98.911984
99.544813
99.494193
99.086362
96.417589
98.225918
99.407491
98.540891
99.095748
99.211211
98.809507
98.647133
99.408414
99.988879
99.244070
99.455234
99.400718
98.613097
98.298024
100.000000
98.444097
97.807246
98.581246
99.902645
97.819302
99.098771
98.362262
98.072845
98.855834
97.972060
98.547569
99.785991
97.965455
97.881100
99.605524
98.907776
98.667912
100.000000
99.255763
99.335140
99.596446
99.401099
99.125694
99.871335
99.225252
100.000000
96.605062
98.222909
99.149083
100.000000
100.000000
99.295113
95.431055
98.114985
97.884282
98.794297
98.154687
96.259517
96.376964
99.571182
99.429956
99.253334
98.631246
100.000000
96.498170
99.593800
100.000000
100.000000
100.000000
100.000000
100.000000
100.000000
100.000000
100.000000
100.000000
100.000000
98.479529
96.312153
96.346369
98.267052
98.019834
96.680327
90.474472
96.494676
96.829506
98.935016
97.136841
96.472595
94.955253
97.968632
98.204740
97.702808
96.219837
96.935909
92.463243
97.480491
97.293603
98.460242
96.806541
95.940596
95.939336
96.300919
96.970772
97.727126
97.367474
97.222873
93.132601
97.577545
97.196573
98.317941
96.770247
97.328905
97.619982
97.547618
97.086015
98.429634
96.983661
97.379262
96.006646
99.405985
97.193288
99.398938
97.526175
98.268405
95.680923
97.954959
98.096310
97.748031
98.869001
97.978242
98.089422
98.388796
99.240637
98.672929
98.411948
97.541364
98.211373
98.279232
97.721337
98.773249
96.832256
97.449730
99.010681
97.921688
97.556636
99.600482
98.422506
98.742972
94.451268
98.208234
97.622382
100.000000
99.366804
98.216105
93.526197
99.074070
99.221740
99.017470
99.186833
98.668333
95.369962
100.000000
98.647722
99.837761
97.640469
98.452270
100.000000
99.193004
96.661079
100.000000
98.886392
98.598618
100.000000
100.000000
99.424668
99.985914
100.000000
100.000000
99.925018
99.464831
99.665114
100.000000
99.963679
99.482388
96.537137
100.000000
100.000000
100.000000
100.000000
99.156776
98.562317
100.000000
100.000000
100.000000
99.667317
100.000000
100.000000
98.327622
99.345576
100.000000
99.463745
100.000000
98.185863
99.363530
100.000000
100.000000
98.904776
100.000000
100.000000
97.672195
98.885897
100.000000
98.844468
97.351627
97.155480
96.592371
96.251314
96.599937
96.641722
97.566923
95.516349
97.334503
97.476373
98.491675
98.448866
98.891765
96.727706
98.936167
98.738392
98.741304
98.998726
97.966885
99.054890
99.835720
100.000000
100.000000
100.000000
97.700010
98.400685
100.000000
99.676056
100.000000
99.646943
99.685171
98.242901
99.723771
99.267249
99.956986
99.882805
99.572005
100.000000
100.000000
100.000000
100.000000
100.000000
100.000000
99.909303
100.000000
100.000000
100.000000
100.000000
100.000000
100.000000
100.000000
100.000000
100.000000
100.000000
100.000000
100.000000
100.000000
100.000000
100.000000
99.044557
98.881221
99.936033
100.000000
99.731319
100.000000
100.000000
99.192404
99.310192
99.236802
98.866266
100.000000
100.000000
100.000000
99.280824
100.000000
100.000000
100.000000
100.000000
99.747042
99.507328
100.000000
100.000000
100.000000
99.648992
96.615462
97.499651
99.364825
98.042831
100.000000
98.201879
99.249587
98.772074
98.977842
98.143226
98.682282
98.964684
99.330007
99.207419
98.821360
99.021583
100.000000
98.900816
99.382286
96.194063
99.118943
99.554033
99.606783
99.366611
99.351012
98.152781
99.858304
99.952047
100.000000
99.409058
99.736960
99.525204
100.000000
99.529427
100.000000
98.978259
98.234363
99.006056
98.619272
99.421513
99.297996
99.115128
99.425606
95.890128
99.859908
99.716119
100.000000
99.068173
98.593636
97.854260
99.690785
99.269089
99.738749
100.000000
100.000000
96.272777
99.456115
100.000000
100.000000
99.798866
96.681636
99.366220
99.887631
100.000000
100.000000
100.000000
98.579600
96.162122
100.000000
100.000000
100.000000
99.591472
99.777866
99.085260
100.000000
100.000000
100.000000
99.885038
100.000000
98.886474
100.000000
99.533474
100.000000
99.352749
98.000437
96.710448
99.348010
100.000000
100.000000
98.611894
99.439940
98.945770
99.184510
99.221752
100.000000
99.322001
99.385279
98.570974
98.377594
100.000000
100.000000
98.851290
98.840557
99.227532
97.638419
97.245184
100.000000
98.310175
96.344391
98.807515
98.651778
99.100207
99.604512
97.045326
99.307876
98.294280
98.667502
99.050603
100.000000
96.770012
97.627624
97.952262
97.815697
96.495805
98.983724
98.449712
97.044021
93.585501
95.110486
95.612300
97.231792
95.408889
96.252696
98.348664
94.388715
94.251282
97.619922
95.339145
94.374671
97.768472
95.350320
96.338047
97.626113
96.960046
96.707410
97.832402
97.732912
95.518528
97.553411
97.590743
98.073278
97.435316
96.649637
96.101582
99.267755
95.697632
95.690591
97.533760
95.989860
96.590885
98.981025
96.904952
97.061297
98.526933
96.900564
97.705683
99.640388
98.184720
93.135388
96.747355
95.229819
97.545598
98.269724
96.822083
95.366916
94.857582
97.490582
96.516718
93.361452
92.698646
91.952836
95.271942
95.967618
96.352232
96.595062
95.914196
96.204444
94.500968
96.891613
96.872508
97.096637
97.153219
97.322896
95.964059
98.151297
97.863293
98.121816
97.289977
98.256775
95.477915
97.306181
97.641603
98.455261
97.222329
97.398066
97.356795
97.882415
97.641026
98.785181
98.420225
98.067553
93.064132
98.115001
98.257216
98.774476
97.606386
97.976667
96.559688
97.962081
96.841239
98.380702
98.112406
98.392124
94.734738
96.872195
98.171826
99.164037
97.646015
97.790453
96.772884
98.297546
97.961548
98.828071
98.419958
97.669549
96.946577
97.202549
97.604709
98.595906
98.762504
93.264426
92.087914
98.491303
98.703134
98.406023
98.573903
97.935703
97.140370
98.559004
97.797216
97.794816
98.705606
97.883806
97.552241
98.106706
97.963860
98.338031
97.926373
98.420005
98.310517
97.587451
96.512067
98.812560
97.420320
96.766717
98.644649
97.948514
96.668514
98.377491
97.707729
97.347351
97.909855
97.957496
97.292129
99.129975
97.974200
98.502820
98.463166
98.119697
97.799987
99.621432
97.531209
98.135585
98.728419
98.582128
98.341083
99.061538
98.093376
97.703524
98.509461
98.218139
98.054754
98.114384
98.403115
98.971318
96.475646
98.117982
97.894300
98.580150
97.548972
97.747062
97.797977
96.564276
96.361880
98.821563
96.705762
95.368403
96.478372
96.852264
96.256118
97.768309
98.064232
95.905258
94.727001
98.010673
97.505440
98.329405
97.830993
97.447204
96.780573
95.453726
95.497932
98.213276
96.055043
95.488333
96.948260
97.174270
97.647346
97.681841
97.773698
96.816600
96.690239
96.752973
96.676372
97.738973
97.358000
97.890903
97.328163
96.834685
96.277210
98.448842
96.552426
95.653704
97.241465
96.095078
97.173994
98.068289
97.058832
97.486663
97.230188
96.902802
97.018930
98.149084
96.896809
97.281282
95.800714
97.303169
96.519796
97.294190
96.245079
96.540365
96.985789
96.637198
97.137558
97.163096
96.584585
95.868212
96.158609
96.167813
96.450598
96.919341
96.128345
96.558337
95.970593
96.946099
96.992474
97.582869
96.476141
96.574707
97.365494
96.969266
96.328246
97.267091
96.019656
96.739666
95.758193
97.036849
96.894892
97.255448
96.459839
96.885229
96.163208
96.165890
96.690843
97.295037
96.665189
96.123936
96.544092
96.392176
96.985581
98.773474
96.379586
96.467625
96.709801
97.218671
95.860999
97.475671
96.365652
96.542561
97.181724
97.469201
97.400192
98.237839
96.791235
97.457301
95.588456
97.396357
97.727248
98.120711
97.697294
95.917543
97.391138
97.880291
97.501667
98.733800
97.891609
97.288546
96.969817
97.655183
98.240056
98.068778
97.839342
98.154759
97.264652
98.240442
98.346792
99.118665
98.243838
98.677974
98.672579
98.171256
97.806599
99.295464
97.630051
98.033346
97.680318
98.704124
97.672366
99.030578
98.340106
98.436725
98.075967
98.269870
98.835068
98.775246
98.025968
98.027985
97.446167
97.201107
97.062818
99.330536
97.495311
97.101742
96.897344
98.515722
98.698134
98.919469
98.272579
98.413854
97.917994
98.084779
97.136005
99.249440
97.911312
97.861773
96.308425
97.283977
96.958374
99.036181
97.364255
97.047094
96.946015
97.831060
98.526435
98.914670
99.324841
97.363017
96.562763
97.049166
97.448092
97.341353
96.806206
98.425057
96.208828
96.377544
96.249379
99.054007
96.178148
96.210791
97.000386
98.109260
97.444526
98.457777
97.972870
97.690712
98.359135
96.963806
97.486448
98.847670
97.279862
97.698285
96.947041
97.177878
97.549893
98.649276
96.972490
97.686540
98.228511
96.242151
96.361325
98.211402
96.981411
98.518949
97.926137
97.336133
97.559595
98.159208
96.387943
96.842326
97.992719
95.997964
96.032008
98.474454
95.985498
95.712637
92.722989
97.345263
97.002876
97.586661
97.059913
95.220572
96.932449
97.775535
98.783213
99.144893
97.943041
97.797843
94.872248
97.188724
97.034832
97.769121
97.831599
98.617590
98.151606
98.020305
98.789503
100.000000
98.390282
99.751079
98.774392
99.461758
99.192330
100.000000
100.000000
99.824805
97.514856
98.416256
99.368300
100.000000
98.874011
99.267830
100.000000
99.544439
99.398181
100.000000
99.621253
100.000000
99.113016
100.000000
100.000000
100.000000
99.722723
99.083037
100.000000
100.000000
99.112748
100.000000
99.334663
99.925416
99.011194
99.942682
99.260941
100.000000
98.933132
100.000000
98.793185
99.288316
98.196199
100.000000
99.440072
99.124008
99.439904
98.163817
96.996232
99.947242
96.846059
97.665539
98.324801
96.882038
96.795795
99.464583
97.172769
98.450657
98.311351
98.412834
98.256140
100.000000
97.712417
99.772918
100.000000
99.346024
99.473620
100.000000
100.000000
99.474428
99.981188
99.654259
99.744058
100.000000
99.113054
99.461831
100.000000
99.484383
99.816770
100.000000
99.570923
98.177437
100.000000
99.458762
98.637608
100.000000
98.607821
98.878855
99.894758
98.985956
98.912719
100.000000
98.708183
98.466865
98.744605
98.858338
97.594338
99.826830
97.934507
97.731913
97.373020
97.111669
97.151681
97.525690
96.475195
95.800813
98.968265
97.452550
97.222009
98.725139
97.068065
96.326846
96.589671
97.624960
96.983953
97.361627
96.613244
97.200976
97.436981
95.944897
96.408479
99.537255
97.073783
95.656260
96.671676
95.741093
95.334544
98.488601
95.419522
95.713764
94.637825
96.715121
95.803191
97.825141
96.775959
96.516225
97.139969
97.567678
97.156590
98.837119
96.298211
96.922629
97.036127
96.867714
95.410482
97.768724
96.629197
96.153515
94.830546
96.233648
97.454444
97.282069
97.343659
96.300616
97.282445
97.615495
96.602360
98.683638
97.575554
96.613901
96.576679
96.931209
97.312829
98.133898
97.418308
97.506638
97.409030
97.567464
97.941844
99.862807
95.929057
96.124385
96.460350
97.176779
96.472042
97.443233
96.784839
96.854506
95.816034
96.926131
97.401001
99.176248
98.866100
98.831244
95.687938
98.793218
99.676986
100.000000
99.099839
98.904877
99.292490
98.573670
99.054747
100.000000
98.811450
98.983235
98.829796
98.326264
97.359315
100.000000
97.473799
97.260799
96.385064
98.616147
98.246047
99.427660
97.859222
97.548784
97.799399
99.103832
99.059106
99.374515
98.468709
97.936856
98.144848
98.713146
99.131247
100.000000
98.066173
98.897207
96.504744
97.861369
98.307313
98.738627
98.778575
100.000000
98.631508
99.280065
99.019179
100.000000
99.120306
99.239139
98.001796
99.251904
99.212165
99.252527
98.655577
99.104583
99.247306
98.733428
99.029324
99.993708
99.785848
100.000000
99.441956
98.379657
98.288537
100.000000
99.123649
97.730906
96.740781
98.211539
98.430304
99.587126
98.032088
99.535717
98.582149
99.028879
97.965609
99.057580
98.033994
99.101604
98.376426
98.568057
99.078436
100.000000
98.416351
98.615826
97.710417
99.144390
100.000000
100.000000
98.934831
98.802726
100.000000
99.221702
99.217734
100.000000
100.000000
99.052537
98.021940
99.574776
98.790765
100.000000
99.465706
97.747709
96.919849
100.000000
97.803849
99.685941
97.943196
98.183860
100.000000
97.665866
97.345254
98.374986
97.782688
98.226698
97.442256
98.522705
98.324574
99.377932
98.112291
98.173516
98.645625
99.244926
99.177162
99.703883
98.466808
98.590118
99.331584
98.225763
98.010082
100.000000
99.596849
98.849517
98.199868
100.000000
100.000000
100.000000
99.153279
100.000000
100.000000
100.000000
100.000000
100.000000
100.000000
100.000000
100.000000
98.843811
98.885669
100.000000
99.410940
99.295988
99.271681
99.245604
98.942983
100.000000
99.148523
98.592343
97.791827
97.007016
99.025485
99.928891
99.072382
97.318709
99.164689
98.906738
98.761664
99.633833
99.266465
98.461268
98.304952
99.710776
99.253572
99.370483
100.000000
99.035423
100.000000
98.629483
98.724832
100.000000
98.626560
99.179761
98.094857
99.030975
98.935943
99.938793
98.790070
98.549768
97.994493
99.349239
98.854584
100.000000
98.616039
98.524147
98.030722
97.578850
98.385625
99.541677
97.889834
97.688564
98.004761
98.362333
98.279667
100.000000
98.120555
97.902653
96.472234
98.891405
98.243498
98.525397
98.122117
98.040307
98.141369
97.637228
97.709031
99.068177
98.571292
98.225345
97.448009
97.744138
99.397156
98.145160
98.476758
96.408989
97.553076
97.897309
98.449162
98.795301
98.409739
99.210095
98.818992
98.222969
98.014963
100.000000
100.000000
100.000000
100.000000
99.933015
100.000000
100.000000
100.000000
98.815323
100.000000
99.511939
100.000000
100.000000
98.477921
99.099028
97.784455
99.417325
96.928548
99.491639
98.387590
98.863910
97.642775
98.494384
98.159843
99.691830
97.642060
97.750771
96.864630
98.058045
97.673684
98.589604
97.896093
96.858425
96.364074
97.046317
97.924169
98.891136
97.105435
97.692711
97.946050
97.638648
97.614618
99.948736
97.808101
97.466577
96.835029
98.261905
98.497988
99.469545
98.392428
99.786646
