96.535464
95.981562
98.373264
96.367625
97.944300
96.869972
97.212027
95.966520
98.127940
96.139559
97.671290
96.366987
97.104229
95.727367
97.908434
95.796031
97.742696
96.248994
96.719295
95.697806
98.345497
95.587513
97.467298
96.216182
97.159268
95.590023
97.911352
95.930888
97.919821
96.349520
96.935792
95.462826
98.141592
95.656207
97.713924
96.007272
97.120629
95.889204
98.068592
95.457039
97.927280
96.421433
96.848101
95.462996
98.443045
95.972842
98.014759
96.314432
96.976391
95.924626
98.241844
96.041813
98.244066
96.516038
97.014867
95.833381
97.932019
98.069140
96.191729
97.182898
97.569733
95.734051
98.488929
95.984585
98.097179
96.309263
97.481500
95.658855
98.219167
95.847701
98.163550
96.258112
97.194381
96.083336
98.359470
95.850342
98.325308
96.620881
97.045663
95.806573
98.596542
96.746271
98.357775
95.842098
96.759169
96.260764
98.200777
95.638000
98.683168
96.882586
96.596664
95.784347
98.937087
96.143087
98.873885
96.561027
97.799698
95.777364
99.058452
96.311121
98.790665
96.718793
96.258872
96.580820
99.291298
96.054656
98.491896
97.555813
97.486112
95.325484
98.943884
96.746789
99.782015
96.768008
93.995075
96.769413
99.036872
98.555770
96.432621
98.848422
97.260956
96.534186
99.229786
96.727036
98.349343
97.747038
97.287030
95.020241
99.636714
96.447197
98.868014
96.499075
95.990073
95.884396
98.721312
96.731035
98.837989
96.216976
96.489811
95.644291
98.632106
95.494308
98.513039
95.624565
96.330700
95.022474
98.206930
95.400249
97.896957
95.838653
96.968183
95.164030
97.629850
94.945561
97.595870
95.802049
96.374429
94.593463
97.446918
95.197028
97.391418
95.281039
95.994657
94.266076
97.859376
95.089409
97.692858
95.281890
95.696919
95.333932
98.066259
95.505511
97.865394
96.128254
96.634346
95.071102
98.077631
99.032351
96.283592
96.016696
98.278320
96.555480
99.423962
97.271242
99.874933
98.492807
96.059725
97.606776
100.000000
98.944711
100.000000
98.109140
98.698164
97.910922
100.000000
98.602308
100.000000
99.249490
97.093398
98.014719
100.000000
98.368324
100.000000
99.147985
100.000000
97.073243
99.581064
99.579878
100.000000
99.390675
98.588763
99.554793
100.000000
99.471299
100.000000
99.523838
99.618940
99.530612
100.000000
99.631051
100.000000
99.696867
98.769726
99.269882
100.000000
98.826572
100.000000
99.950387
99.148551
99.067578
100.000000
99.035788
100.000000
98.811541
98.303629
99.204054
100.000000
100.000000
99.723411
99.238396
99.417793
98.935631
100.000000
99.261764
100.000000
99.722103
99.760033
98.932576
100.000000
99.495389
100.000000
99.845070
100.000000
99.105928
100.000000
99.828954
100.000000
99.879106
100.000000
99.210827
100.000000
99.536896
100.000000
99.833248
100.000000
99.911075
100.000000
99.380734
100.000000
100.000000
100.000000
99.318265
100.000000
100.000000
100.000000
100.000000
100.000000
100.000000
100.000000
99.993035
100.000000
100.000000
100.000000
100.000000
100.000000
100.000000
100.000000
99.483430
100.000000
99.545086
100.000000
99.606179
100.000000
99.472903
95.887902
100.000000
100.000000
100.000000
100.000000
98.208655
100.000000
100.000000
100.000000
100.000000
100.000000
100.000000
97.559072
100.000000
100.000000
100.000000
100.000000
100.000000
100.000000
100.000000
100.000000
99.875406
100.000000
99.895499
98.887757
100.000000
100.000000
99.804163
100.000000
99.985047
99.679561
100.000000
100.000000
100.000000
100.000000
99.552003
93.120833
99.510341
100.000000
99.542723
100.000000
100.000000
98.093553
99.507582
100.000000
99.490361
100.000000
100.000000
96.502409
99.242888
100.000000
99.333571
100.000000
100.000000
99.582893
99.524887
100.000000
99.758564
100.000000
99.634099
98.481656
99.832434
100.000000
100.000000
100.000000
97.996372
94.680956
99.641337
100.000000
99.354717
99.831619
99.289681
98.768726
99.275758
99.861852
98.918382
99.413776
99.782733
97.786989
98.636561
99.579790
99.380629
99.521363
98.918843
99.513976
99.083431
99.444584
99.266705
99.684522
98.800061
96.806476
98.628003
100.000000
98.974035
99.417812
99.192036
99.824537
98.947591
99.555169
99.028335
99.866821
99.491680
97.770711
98.944834
99.692184
99.379750
99.495185
99.121587
98.666515
99.183231
99.435741
98.844509
99.431660
99.022044
99.196879
99.251707
99.853829
99.454456
99.470612
99.166735
97.811958
99.145878
99.725241
99.613221
99.304662
97.670753
93.339045
99.088238
99.665831
99.460323
99.695979
99.809703
95.086319
99.917871
99.950783
99.734305
99.847431
99.742132
97.654308
99.287015
99.833592
99.035509
99.644286
99.470678
96.238885
99.867446
100.000000
100.000000
100.000000
99.959857
95.972660
99.152280
99.844648
99.282629
99.575288
99.154763
96.821970
98.855841
99.575960
98.942011
99.431499
99.037870
97.629553
99.098240
99.877620
99.327258
100.000000
99.900456
92.669997
100.000000
100.000000
99.632120
99.791791
99.632584
97.870791
99.277923
99.691066
99.173571
99.530475
99.108925
99.802705
99.242396
99.528793
99.551760
99.062449
96.237829
99.763475
98.913956
99.638817
99.760889
100.000000
100.000000
94.803049
99.724603
100.000000
99.893562
100.000000
99.885816
93.971198
99.321568
99.627499
99.102432
99.252805
99.010688
96.959019
99.194587
99.767714
99.446500
99.963975
99.476144
95.939323
99.109755
99.908223
99.153548
99.497068
98.689803
98.363062
98.502634
99.391105
98.543205
99.676424
98.990418
98.395781
98.688316
99.553223
99.131531
99.444013
99.069642
98.797720
98.972311
99.637989
99.131945
99.334024
99.054967
97.585312
99.407059
100.000000
99.271611
99.627923
99.782522
97.057548
98.970455
99.507378
99.433825
99.327811
99.569771
99.249140
98.963939
99.632058
99.087732
99.411945
99.377836
98.880315
99.109938
99.691206
99.317885
99.447952
99.389013
98.807066
99.043542
99.617919
99.562505
99.671957
99.017862
99.173130
99.195707
99.587768
99.411002
99.668043
99.625105
97.868592
99.069389
99.524718
99.234501
99.428332
99.463989
98.413732
99.199016
99.545262
98.974587
99.438454
99.348283
98.293031
99.212158
99.553122
99.064017
99.471086
99.294305
98.584370
99.079817
99.643039
99.074750
99.387131
99.432956
98.395010
99.037279
99.677286
99.065675
99.491054
99.282684
98.241402
99.123656
99.548651
99.641845
99.142943
98.374469
98.381105
99.084370
99.876930
99.067649
99.597310
99.465401
98.312876
99.187031
99.735406
99.283438
99.588977
99.237727
98.409310
99.451007
99.675523
99.105715
99.619124
99.222598
98.687471
99.254984
99.658180
99.231398
99.562368
99.302846
98.710289
99.232086
99.743479
99.425025
99.725026
99.494919
99.078214
99.241888
99.618416
99.380487
99.488060
99.343676
99.162217
99.058978
99.888747
99.544947
99.562460
99.381170
99.120526
99.164882
99.594429
99.145182
99.603996
99.422810
98.921103
98.921694
99.725271
98.991988
99.566552
98.888297
98.216538
99.367537
99.470412
99.395150
99.073352
98.050495
98.589375
99.356714
99.849220
99.055142
99.557712
99.287427
98.793657
99.274374
99.816221
99.201112
99.713664
99.138738
98.296958
99.251894
99.819861
99.125347
99.716125
99.346388
99.010248
99.309101
99.670378
99.327635
99.596208
99.222156
98.467031
99.133031
99.945708
99.214809
99.747493
99.279101
98.741280
99.304011
99.619958
99.479014
99.590139
99.157610
97.904846
99.402827
99.941912
99.336478
99.395500
99.640447
97.069630
99.241314
100.000000
99.637950
99.648748
99.464050
97.407864
99.298370
99.670539
98.939286
99.444681
99.312171
97.344827
99.342706
99.542003
99.664926
99.173660
97.430838
99.076372
99.389404
99.646477
99.340138
99.842522
99.577653
98.641188
99.273679
99.759274
99.272563
99.508969
99.398847
99.179678
99.341760
99.866678
99.126335
99.826308
99.162231
97.833409
99.353998
99.824960
99.134713
99.873784
99.501786
97.596799
99.295780
99.702464
99.480544
99.802874
99.528109
96.374571
99.206818
99.740518
99.012480
99.592159
99.201652
97.765141
98.871709
99.729758
98.884826
99.495886
99.458142
98.213190
99.218466
99.514683
99.187768
99.529882
99.313046
98.856794
99.120263
99.724586
99.354207
99.640249
99.251568
98.046181
99.319626
99.541189
99.476132
99.321733
98.340479
98.406785
99.428910
99.641028
99.202529
99.476190
99.255098
98.942866
99.186469
99.726709
98.991501
99.753317
99.497310
99.799899
99.173057
99.682192
99.073468
99.715940
99.308432
98.053234
99.286187
99.556509
99.091622
99.752502
99.209010
97.835991
99.271304
99.694487
99.364178
99.448573
99.527298
98.707600
99.182217
99.609828
99.174462
99.630019
99.237568
98.951932
99.479156
99.613480
99.153461
99.588335
99.289302
98.535541
99.058611
99.739622
99.107977
99.481294
99.237476
98.540391
99.263839
99.768108
99.057939
99.539811
99.312194
98.298247
99.028571
99.538707
99.614912
99.266909
98.056282
98.667059
99.175960
99.711324
99.323867
99.649995
99.395658
98.545543
99.313585
99.763794
99.206316
99.596265
99.399859
98.467657
99.143559
99.700636
99.329206
99.506464
99.229707
98.545905
99.275037
99.648040
99.168864
99.595703
99.203158
98.598881
99.086420
99.972910
98.951740
99.450725
99.060483
98.437838
99.154488
99.686113
98.979150
99.768774
99.003066
96.886790
99.485256
99.772583
99.336322
99.852602
99.143911
96.923043
99.170167
99.894141
99.804502
99.773825
99.327167
98.818103
99.121648
99.712054
99.358532
99.446846
99.369909
96.704960
99.091744
99.493219
99.584310
99.233869
99.932633
97.235281
99.289086
99.746690
99.293798
99.535778
99.142678
97.694346
99.283200
99.634767
99.170977
99.719438
99.294924
97.887799
99.136660
99.507106
99.146937
99.584001
99.175529
98.408170
99.327266
99.585318
99.123969
99.456343
99.245046
98.662321
99.458608
99.778928
99.329208
99.719566
99.364344
97.559503
98.904920
99.848519
99.155827
99.706493
99.283148
98.435252
98.995183
99.679863
99.282648
99.507853
99.107764
97.936211
99.599085
99.772815
99.386150
99.661626
99.551870
97.226344
99.367711
99.719597
99.376208
99.628396
99.285399
97.423006
99.414343
99.388910
99.476257
99.231002
97.497738
98.533588
99.225468
99.535250
99.268436
99.443311
99.305593
97.454270
99.045873
99.719019
99.000386
99.590925
99.318749
97.934390
98.959306
99.650485
99.168236
99.422302
99.299608
97.659400
99.330990
99.521449
99.085500
99.533702
99.268601
97.182048
99.299440
99.641563
98.948413
99.706823
99.224997
97.728086
99.188848
99.674780
100.000000
100.000000
100.000000
95.312067
100.000000
100.000000
100.000000
100.000000
100.000000
98.786366
100.000000
100.000000
100.000000
100.000000
100.000000
100.000000
100.000000
100.000000
100.000000
100.000000
100.000000
100.000000
100.000000
100.000000
100.000000
100.000000
100.000000
100.000000
100.000000
100.000000
100.000000
100.000000
100.000000
100.000000
100.000000
100.000000
100.000000
100.000000
100.000000
98.714544
100.000000
100.000000
100.000000
100.000000
100.000000
100.000000
100.000000
100.000000
100.000000
100.000000
100.000000
100.000000
100.000000
100.000000
100.000000
100.000000
100.000000
98.801635
100.000000
100.000000
100.000000
100.000000
100.000000
100.000000
100.000000
100.000000
100.000000
100.000000
100.000000
100.000000
100.000000
100.000000
100.000000
100.000000
100.000000
99.625525
100.000000
100.000000
100.000000
100.000000
100.000000
100.000000
100.000000
100.000000
100.000000
100.000000
98.322048
99.145992
100.000000
100.000000
100.000000
100.000000
100.000000
96.528669
99.584250
100.000000
100.000000
100.000000
100.000000
100.000000
100.000000
100.000000
100.000000
100.000000
100.000000
99.535505
99.906418
100.000000
100.000000
100.000000
100.000000
100.000000
100.000000
100.000000
100.000000
100.000000
100.000000
99.727651
100.000000
100.000000
100.000000
100.000000
100.000000
100.000000
100.000000
100.000000
100.000000
100.000000
100.000000
99.339870
100.000000
100.000000
99.995288
100.000000
100.000000
98.201578
99.561243
100.000000
100.000000
100.000000
100.000000
97.565521
99.779007
100.000000
100.000000
100.000000
99.823335
99.025619
99.963589
100.000000
99.744256
100.000000
100.000000
99.895266
100.000000
100.000000
99.920636
100.000000
100.000000
99.974942
99.897834
100.000000
99.904878
100.000000
100.000000
98.266417
99.821486
100.000000
100.000000
100.000000
100.000000
99.281957
99.726251
100.000000
99.600488
100.000000
99.822100
98.188334
99.752239
100.000000
99.898103
100.000000
100.000000
99.169834
100.000000
100.000000
99.905324
100.000000
100.000000
99.240000
100.000000
100.000000
100.000000
100.000000
100.000000
99.224861
99.947468
100.000000
99.861416
100.000000
99.856284
98.912231
99.989352
100.000000
100.000000
100.000000
98.912951
99.397326
99.672962
100.000000
99.746829
100.000000
100.000000
99.531791
99.501774
100.000000
99.663691
100.000000
100.000000
99.303170
99.745231
100.000000
99.660715
100.000000
99.729048
99.266759
99.659444
100.000000
99.909759
100.000000
99.739207
98.535071
100.000000
100.000000
100.000000
100.000000
99.945974
97.383718
99.532694
100.000000
100.000000
100.000000
100.000000
100.000000
100.000000
100.000000
99.492739
100.000000
100.000000
98.532943
99.451138
100.000000
100.000000
100.000000
100.000000
100.000000
100.000000
100.000000
100.000000
100.000000
100.000000
100.000000
100.000000
100.000000
100.000000
100.000000
100.000000
100.000000
100.000000
100.000000
100.000000
100.000000
100.000000
98.785763
100.000000
100.000000
100.000000
100.000000
100.000000
100.000000
100.000000
100.000000
100.000000
100.000000
100.000000
100.000000
100.000000
100.000000
100.000000
100.000000
100.000000
99.988222
100.000000
100.000000
99.734774
100.000000
100.000000
98.683441
98.738933
100.000000
99.022178
100.000000
100.000000
100.000000
98.745723
99.983224
98.979909
100.000000
98.828190
99.064926
99.205469
100.000000
98.831964
99.762380
98.837757
99.523894
99.186366
100.000000
98.395982
99.731190
99.619800
99.148518
99.191429
100.000000
100.000000
99.538832
99.427035
100.000000
98.740179
100.000000
98.812208
99.804758
98.885295
99.370895
98.922222
100.000000
99.377045
100.000000
99.829035
100.000000
99.787006
100.000000
99.548115
100.000000
99.140538
99.614435
98.694971
100.000000
98.758296
100.000000
98.986007
99.871354
98.469105
100.000000
98.630077
100.000000
99.214191
100.000000
98.570659
100.000000
98.863274
100.000000
98.978916
99.767466
98.662104
100.000000
98.962288
100.000000
99.069124
99.787459
98.949204
100.000000
98.863382
100.000000
99.229839
99.791691
98.687839
100.000000
98.633370
99.838871
99.413278
99.220776
98.725606
99.900486
100.000000
98.803519
99.629276
99.758873
99.245699
100.000000
100.000000
100.000000
99.246391
100.000000
99.710098
100.000000
100.000000
100.000000
100.000000
100.000000
98.595710
100.000000
100.000000
100.000000
100.000000
96.920759
100.000000
100.000000
99.461774
100.000000
100.000000
100.000000
100.000000
100.000000
100.000000
100.000000
100.000000
96.613885
100.000000
100.000000
100.000000
100.000000
99.951509
96.745427
100.000000
100.000000
100.000000
100.000000
100.000000
100.000000
100.000000
100.000000
100.000000
100.000000
100.000000
100.000000
100.000000
100.000000
100.000000
100.000000
100.000000
96.928602
100.000000
100.000000
100.000000
100.000000
96.002707
100.000000
100.000000
100.000000
100.000000
100.000000
100.000000
96.348913
100.000000
100.000000
100.000000
100.000000
100.000000
95.050470
100.000000
100.000000
100.000000
100.000000
100.000000
97.417112
100.000000
100.000000
100.000000
100.000000
100.000000
96.816940
100.000000
100.000000
100.000000
100.000000
100.000000
95.959346
100.000000
100.000000
100.000000
100.000000
100.000000
100.000000
100.000000
100.000000
100.000000
100.000000
100.000000
98.711110
100.000000
100.000000
100.000000
100.000000
100.000000
96.791546
99.725338
100.000000
99.155881
100.000000
99.786147
96.293611
100.000000
99.991287
99.932993
99.543136
96.272453
94.123920
99.205716
99.736102
98.806597
99.444942
99.262891
94.565403
99.198032
99.787855
100.000000
100.000000
99.827193
97.781157
99.326495
99.839482
99.726099
99.979059
99.782476
95.706020
98.986851
100.000000
99.993304
100.000000
99.940091
98.696891
99.427745
100.000000
100.000000
100.000000
100.000000
96.599077
99.933459
100.000000
100.000000
100.000000
100.000000
97.163462
100.000000
100.000000
100.000000
100.000000
100.000000
99.395596
100.000000
100.000000
100.000000
100.000000
100.000000
99.692352
100.000000
100.000000
100.000000
100.000000
100.000000
95.588188
100.000000
100.000000
100.000000
100.000000
100.000000
96.375968
99.351483
100.000000
99.167990
100.000000
100.000000
97.566761
98.829914
100.000000
99.187377
99.935590
98.851109
97.196473
99.465927
100.000000
99.403784
100.000000
99.550189
97.639955
99.028052
100.000000
100.000000
100.000000
100.000000
99.121326
99.950504
100.000000
99.941433
100.000000
100.000000
95.298764
99.879172
100.000000
100.000000
100.000000
99.740211
95.485297
99.505069
100.000000
99.362719
100.000000
99.974979
96.744128
99.416658
100.000000
100.000000
100.000000
100.000000
98.926510
100.000000
100.000000
100.000000
100.000000
100.000000
98.155722
100.000000
100.000000
100.000000
100.000000
94.124681
97.302638
100.000000
100.000000
100.000000
100.000000
100.000000
96.511410
100.000000
100.000000
100.000000
100.000000
100.000000
98.603121
99.517631
100.000000
100.000000
100.000000
100.000000
97.757355
100.000000
100.000000
100.000000
100.000000
100.000000
99.665562
100.000000
100.000000
100.000000
100.000000
100.000000
96.997864
100.000000
100.000000
100.000000
100.000000
100.000000
99.356817
100.000000
100.000000
100.000000
100.000000
100.000000
98.857477
100.000000
100.000000
100.000000
100.000000
100.000000
100.000000
100.000000
100.000000
100.000000
100.000000
100.000000
99.369552
100.000000
100.000000
100.000000
100.000000
98.933989
99.198220
100.000000
100.000000
100.000000
100.000000
100.000000
98.435795
100.000000
100.000000
100.000000
100.000000
100.000000
99.854965
100.000000
100.000000
100.000000
100.000000
100.000000
98.461137
100.000000
100.000000
100.000000
100.000000
100.000000
98.457214
100.000000
100.000000
100.000000
100.000000
100.000000
97.892961
100.000000
100.000000
100.000000
100.000000
100.000000
97.004732
100.000000
100.000000
100.000000
100.000000
100.000000
97.645790
100.000000
100.000000
100.000000
100.000000
100.000000
100.000000
100.000000
100.000000
100.000000
100.000000
100.000000
99.304880
100.000000
100.000000
100.000000
100.000000
98.211292
99.471259
100.000000
100.000000
99.991465
100.000000
100.000000
98.699388
99.874067
100.000000
100.000000
100.000000
100.000000
99.764970
100.000000
100.000000
100.000000
100.000000
100.000000
98.022654
100.000000
100.000000
100.000000
100.000000
100.000000
98.738282
99.717034
100.000000
99.825907
100.000000
100.000000
100.000000
100.000000
100.000000
100.000000
100.000000
100.000000
100.000000
100.000000
100.000000
100.000000
100.000000
100.000000
99.000339
100.000000
100.000000
100.000000
100.000000
100.000000
98.891557
99.584426
100.000000
99.942807
100.000000
100.000000
99.629574
100.000000
100.000000
100.000000
99.935790
98.758350
98.598421
100.000000
100.000000
100.000000
100.000000
100.000000
97.134851
100.000000
100.000000
100.000000
100.000000
100.000000
99.409154
100.000000
100.000000
100.000000
100.000000
100.000000
98.390340
100.000000
100.000000
100.000000
100.000000
99.907780
98.320811
99.878770
100.000000
100.000000
100.000000
100.000000
99.768177
99.931893
100.000000
100.000000
100.000000
99.849158
98.771507
99.526382
100.000000
99.757664
100.000000
100.000000
98.319809
99.882514
100.000000
99.979848
100.000000
100.000000
97.757045
100.000000
100.000000
100.000000
100.000000
100.000000
98.400325
100.000000
100.000000
100.000000
100.000000
99.310772
96.689302
100.000000
100.000000
100.000000
100.000000
100.000000
97.109409
99.815838
100.000000
100.000000
100.000000
100.000000
97.676165
100.000000
100.000000
100.000000
100.000000
100.000000
99.175572
100.000000
100.000000
100.000000
100.000000
100.000000
99.363181
100.000000
100.000000
100.000000
100.000000
100.000000
98.469820
100.000000
100.000000
100.000000
100.000000
100.000000
98.333622
100.000000
100.000000
100.000000
100.000000
100.000000
97.583063
100.000000
100.000000
100.000000
100.000000
100.000000
100.000000
100.000000
100.000000
100.000000
100.000000
100.000000
96.533298
100.000000
100.000000
100.000000
100.000000
97.935855
99.979994
100.000000
100.000000
100.000000
100.000000
100.000000
99.037731
100.000000
100.000000
100.000000
100.000000
100.000000
100.000000
100.000000
100.000000
100.000000
100.000000
100.000000
98.402110
100.000000
100.000000
100.000000
100.000000
100.000000
98.043010
100.000000
100.000000
100.000000
100.000000
100.000000
100.000000
100.000000
100.000000
100.000000
100.000000
100.000000
100.000000
100.000000
100.000000
100.000000
100.000000
100.000000
100.000000
100.000000
100.000000
100.000000
100.000000
100.000000
98.684263
100.000000
100.000000
100.000000
100.000000
100.000000
97.488738
100.000000
100.000000
100.000000
100.000000
97.343540
97.438830
100.000000
100.000000
100.000000
100.000000
100.000000
97.842553
100.000000
100.000000
100.000000
100.000000
100.000000
97.601458
100.000000
100.000000
100.000000
100.000000
100.000000
97.787224
100.000000
100.000000
100.000000
100.000000
100.000000
97.776962
100.000000
100.000000
100.000000
100.000000
100.000000
97.253764
100.000000
100.000000
100.000000
100.000000
100.000000
98.421269
100.000000
100.000000
100.000000
100.000000
100.000000
99.517245
100.000000
100.000000
100.000000
100.000000
100.000000
97.338557
100.000000
100.000000
100.000000
100.000000
100.000000
98.564132
100.000000
100.000000
100.000000
100.000000
97.400859
97.247174
100.000000
100.000000
100.000000
100.000000
100.000000
96.557578
100.000000
100.000000
99.879735
100.000000
100.000000
97.863721
100.000000
100.000000
100.000000
100.000000
100.000000
96.290193
100.000000
100.000000
100.000000
100.000000
99.912144
96.767598
99.398833
100.000000
99.694753
100.000000
99.856755
97.870303
99.415662
100.000000
99.760947
100.000000
99.848264
97.109084
99.865502
100.000000
100.000000
100.000000
100.000000
96.479231
100.000000
100.000000
100.000000
100.000000
100.000000
97.068877
100.000000
100.000000
100.000000
100.000000
100.000000
99.021879
100.000000
100.000000
100.000000
100.000000
96.490251
99.609596
100.000000
100.000000
100.000000
100.000000
100.000000
98.083947
100.000000
100.000000
100.000000
100.000000
100.000000
97.961675
100.000000
100.000000
100.000000
100.000000
100.000000
97.757859
100.000000
100.000000
100.000000
100.000000
100.000000
98.090153
100.000000
100.000000
100.000000
100.000000
100.000000
99.644069
100.000000
100.000000
100.000000
100.000000
100.000000
99.533776
100.000000
100.000000
100.000000
100.000000
100.000000
98.988213
100.000000
100.000000
100.000000
100.000000
100.000000
100.000000
100.000000
100.000000
100.000000
100.000000
100.000000
99.433534
100.000000
100.000000
100.000000
100.000000
100.000000
100.000000
100.000000
100.000000
100.000000
100.000000
100.000000
100.000000
100.000000
100.000000
100.000000
100.000000
100.000000
100.000000
100.000000
100.000000
100.000000
100.000000
100.000000
100.000000
100.000000
100.000000
100.000000
100.000000
100.000000
100.000000
100.000000
100.000000
100.000000
100.000000
100.000000
99.072913
100.000000
100.000000
100.000000
100.000000
100.000000
99.568905
100.000000
100.000000
100.000000
100.000000
100.000000
98.758936
100.000000
100.000000
100.000000
100.000000
100.000000
99.250749
100.000000
100.000000
100.000000
100.000000
100.000000
100.000000
100.000000
100.000000
100.000000
100.000000
99.751014
99.893392
100.000000
100.000000
100.000000
100.000000
100.000000
99.453161
100.000000
100.000000
100.000000
100.000000
100.000000
99.485955
100.000000
100.000000
100.000000
100.000000
100.000000
100.000000
100.000000
100.000000
100.000000
100.000000
100.000000
100.000000
100.000000
100.000000
100.000000
100.000000
100.000000
100.000000
100.000000
100.000000
100.000000
100.000000
100.000000
100.000000
100.000000
100.000000
100.000000
100.000000
100.000000
99.974857
100.000000
100.000000
100.000000
100.000000
100.000000
99.720241
100.000000
100.000000
100.000000
100.000000
100.000000
100.000000
100.000000
100.000000
100.000000
100.000000
100.000000
99.263410
100.000000
100.000000
100.000000
100.000000
100.000000
98.579595
100.000000
100.000000
100.000000
100.000000
100.000000
99.492696
100.000000
100.000000
100.000000
100.000000
100.000000
100.000000
100.000000
100.000000
100.000000
100.000000
100.000000
99.339700
100.000000
100.000000
100.000000
100.000000
100.000000
99.949508
100.000000
100.000000
100.000000
100.000000
100.000000
100.000000
100.000000
100.000000
100.000000
100.000000
100.000000
100.000000
100.000000
100.000000
100.000000
100.000000
100.000000
97.874540
100.000000
100.000000
100.000000
100.000000
100.000000
97.344766
100.000000
100.000000
100.000000
100.000000
97.939617
97.313540
100.000000
100.000000
100.000000
100.000000
100.000000
98.066846
100.000000
100.000000
100.000000
100.000000
100.000000
100.000000
100.000000
100.000000
100.000000
100.000000
100.000000
99.696397
99.739408
100.000000
100.000000
100.000000
100.000000
91.908707
100.000000
100.000000
100.000000
100.000000
100.000000
96.668688
100.000000
100.000000
100.000000
100.000000
100.000000
93.577199
100.000000
100.000000
100.000000
100.000000
99.690675
96.785293
99.161797
100.000000
99.965067
100.000000
99.673879
94.152124
99.695544
100.000000
99.586475
99.926616
99.700562
98.985627
99.844823
100.000000
100.000000
99.626948
98.449360
96.479229
100.000000
100.000000
100.000000
100.000000
99.981739
97.807691
99.343272
100.000000
99.548801
100.000000
99.601924
98.501161
99.944370
100.000000
99.468705
99.777266
99.256726
98.412252
99.794514
100.000000
99.963172
100.000000
99.636549
99.613521
100.000000
100.000000
100.000000
100.000000
100.000000
95.167335
100.000000
100.000000
100.000000
100.000000
100.000000
94.538812
100.000000
100.000000
100.000000
100.000000
100.000000
96.124609
100.000000
100.000000
100.000000
100.000000
100.000000
100.000000
100.000000
100.000000
100.000000
100.000000
100.000000
100.000000
100.000000
100.000000
100.000000
100.000000
100.000000
100.000000
100.000000
100.000000
100.000000
100.000000
100.000000
99.192883
100.000000
100.000000
100.000000
100.000000
100.000000
100.000000
100.000000
100.000000
100.000000
100.000000
100.000000
100.000000
100.000000
100.000000
100.000000
100.000000
100.000000
99.523578
100.000000
100.000000
100.000000
100.000000
100.000000
100.000000
100.000000
100.000000
100.000000
100.000000
100.000000
99.534228
99.725042
99.706811
99.603933
100.000000
100.000000
97.494253
100.000000
100.000000
100.000000
100.000000
100.000000
98.412773
100.000000
100.000000
100.000000
100.000000
100.000000
100.000000
100.000000
100.000000
100.000000
100.000000
99.171181
98.786513
100.000000
100.000000
100.000000
100.000000
100.000000
99.685600
100.000000
100.000000
100.000000
100.000000
100.000000
100.000000
100.000000
100.000000
100.000000
100.000000
100.000000
100.000000
100.000000
100.000000
100.000000
100.000000
100.000000
100.000000
100.000000
100.000000
100.000000
100.000000
100.000000
100.000000
100.000000
100.000000
100.000000
100.000000
100.000000
100.000000
100.000000
100.000000
100.000000
100.000000
100.000000
100.000000
100.000000
100.000000
100.000000
100.000000
100.000000
100.000000
100.000000
100.000000
100.000000
100.000000
100.000000
100.000000
100.000000
100.000000
100.000000
100.000000
99.086457
99.107290
100.000000
100.000000
100.000000
100.000000
100.000000
100.000000
100.000000
100.000000
100.000000
100.000000
100.000000
100.000000
100.000000
100.000000
100.000000
100.000000
100.000000
97.880062
100.000000
100.000000
100.000000
100.000000
100.000000
99.620968
100.000000
100.000000
100.000000
100.000000
100.000000
100.000000
100.000000
100.000000
100.000000
100.000000
100.000000
100.000000
100.000000
100.000000
100.000000
100.000000
100.000000
96.823547
100.000000
100.000000
100.000000
100.000000
100.000000
98.373293
100.000000
100.000000
100.000000
100.000000
100.000000
97.491909
100.000000
100.000000
100.000000
100.000000
97.891059
99.707979
100.000000
100.000000
100.000000
100.000000
100.000000
97.236721
100.000000
100.000000
100.000000
100.000000
100.000000
99.788574
100.000000
100.000000
100.000000
100.000000
100.000000
99.518776
100.000000
100.000000
100.000000
100.000000
100.000000
97.388150
100.000000
100.000000
100.000000
100.000000
100.000000
100.000000
100.000000
100.000000
100.000000
100.000000
100.000000
99.598339
100.000000
100.000000
100.000000
100.000000
100.000000
100.000000
100.000000
100.000000
100.000000
100.000000
100.000000
100.000000
100.000000
100.000000
100.000000
100.000000
100.000000
100.000000
100.000000
100.000000
100.000000
100.000000
100.000000
98.837585
100.000000
100.000000
100.000000
100.000000
100.000000
97.445824
100.000000
100.000000
100.000000
100.000000
100.000000
100.000000
100.000000
100.000000
100.000000
100.000000
100.000000
99.839818
100.000000
100.000000
100.000000
100.000000
100.000000
99.804842
100.000000
100.000000
100.000000
100.000000
100.000000
99.289920
100.000000
100.000000
100.000000
100.000000
100.000000
98.728818
100.000000
100.000000
100.000000
100.000000
100.000000
100.000000
100.000000
100.000000
100.000000
100.000000
100.000000
98.613909
100.000000
100.000000
100.000000
100.000000
100.000000
99.088462
100.000000
100.000000
98.420876
97.801085
95.768264
95.617431
98.161324
98.779464
98.196878
98.519470
98.187282
95.994733
99.042676
99.755538
99.508145
99.835678
99.393150
97.141019
99.868431
99.883569
99.442926
99.483697
100.000000
96.224032
99.486665
99.986176
99.648017
99.820977
99.787320
97.744497
99.679724
100.000000
100.000000
100.000000
99.925506
93.448816
99.911768
100.000000
100.000000
99.983028
99.851833
96.834858
100.000000
100.000000
99.817372
100.000000
100.000000
95.105803
99.464638
100.000000
100.000000
100.000000
99.732061
97.445760
99.371938
100.000000
99.790295
100.000000
99.358221
97.714911
99.461289
99.627966
100.000000
99.914831
94.007780
92.388616
99.131749
100.000000
99.668507
100.000000
99.984280
98.634345
99.740164
100.000000
99.463326
100.000000
99.589338
97.984632
99.473507
100.000000
99.297132
100.000000
100.000000
98.829454
99.492707
100.000000
99.757047
99.925837
99.032326
99.086238
99.532964
99.753620
99.269930
100.000000
99.316326
98.341848
99.416417
100.000000
99.676653
100.000000
99.566877
98.965271
99.542732
100.000000
100.000000
99.829666
99.759420
98.931988
99.697666
100.000000
99.862435
100.000000
99.767200
99.038954
99.866744
100.000000
99.445412
100.000000
100.000000
97.424339
99.776523
100.000000
100.000000
100.000000
98.597622
98.039936
99.265606
100.000000
100.000000
100.000000
99.426957
98.831132
99.498477
100.000000
99.733986
100.000000
99.357400
95.598655
99.831445
100.000000
99.451085
100.000000
100.000000
97.484757
98.897765
100.000000
100.000000
100.000000
99.437515
97.984038
99.502307
100.000000
99.206416
100.000000
99.367702
97.556999
98.817621
99.979156
99.070823
100.000000
99.183818
98.046626
99.004132
100.000000
99.499565
100.000000
99.436788
97.727868
99.129286
100.000000
99.548969
100.000000
99.550928
98.034032
99.304023
100.000000
99.808870
100.000000
99.660797
96.919022
100.000000
100.000000
100.000000
99.674063
98.016576
97.626872
99.031056
100.000000
99.140827
100.000000
99.308684
98.143859
98.995897
100.000000
99.187072
99.745600
99.134372
96.784057
99.129413
100.000000
99.352781
99.754078
99.254859
98.033112
99.148260
99.869192
99.079912
99.689768
99.247214
96.496799
98.935933
99.838828
99.240968
99.799654
99.372929
96.829103
98.834504
99.840143
99.149252
99.956269
99.095503
97.229685
98.990130
100.000000
99.954117
99.955072
99.698593
97.214993
99.451672
99.845634
99.033050
99.702659
99.068952
97.890302
99.247382
100.000000
99.596589
100.000000
99.889998
96.494758
99.816617
100.000000
100.000000
99.926470
97.179007
97.447683
99.739008
100.000000
99.859014
100.000000
99.710364
98.309512
99.540322
100.000000
99.488470
100.000000
99.657938
97.693705
99.390881
100.000000
99.819732
100.000000
100.000000
98.896872
99.907486
100.000000
100.000000
100.000000
100.000000
97.991896
100.000000
100.000000
100.000000
100.000000
100.000000
98.376919
100.000000
100.000000
100.000000
100.000000
100.000000
97.994279
100.000000
100.000000
100.000000
100.000000
100.000000
97.542492
100.000000
100.000000
100.000000
100.000000
100.000000
98.793871
100.000000
100.000000
100.000000
100.000000
100.000000
97.766905
100.000000
100.000000
100.000000
100.000000
98.629841
97.440194
100.000000
100.000000
100.000000
100.000000
100.000000
98.767069
100.000000
100.000000
100.000000
100.000000
100.000000
97.442670
100.000000
100.000000
100.000000
100.000000
100.000000
98.042588
100.000000
100.000000
100.000000
100.000000
100.000000
99.391023
100.000000
100.000000
100.000000
100.000000
100.000000
98.029403
100.000000
100.000000
100.000000
100.000000
100.000000
99.076344
99.449103
100.000000
99.980515
100.000000
100.000000
98.798183
99.101496
100.000000
99.556807
100.000000
100.000000
98.451323
98.871287
100.000000
100.000000
100.000000
99.627255
93.995111
100.000000
100.000000
100.000000
100.000000
96.926726
96.909393
100.000000
100.000000
100.000000
100.000000
100.000000
96.611492
99.857098
100.000000
100.000000
100.000000
100.000000
99.060943
99.808659
100.000000
100.000000
100.000000
100.000000
99.421008
100.000000
100.000000
100.000000
100.000000
100.000000
97.802348
100.000000
100.000000
100.000000
100.000000
100.000000
100.000000
100.000000
100.000000
100.000000
100.000000
100.000000
99.799708
100.000000
100.000000
100.000000
100.000000
100.000000
100.000000
100.000000
100.000000
100.000000
100.000000
100.000000
100.000000
100.000000
100.000000
100.000000
100.000000
100.000000
100.000000
100.000000
100.000000
100.000000
100.000000
100.000000
99.988565
100.000000
100.000000
100.000000
100.000000
100.000000
100.000000
100.000000
100.000000
100.000000
100.000000
100.000000
100.000000
100.000000
100.000000
100.000000
100.000000
100.000000
100.000000
100.000000
100.000000
100.000000
100.000000
100.000000
100.000000
100.000000
100.000000
100.000000
100.000000
100.000000
100.000000
100.000000
100.000000
100.000000
100.000000
100.000000
100.000000
100.000000
100.000000
100.000000
100.000000
100.000000
100.000000
100.000000
100.000000
100.000000
100.000000
100.000000
100.000000
100.000000
100.000000
100.000000
100.000000
100.000000
100.000000
100.000000
100.000000
100.000000
100.000000
98.695150
99.707770
100.000000
100.000000
100.000000
100.000000
100.000000
99.937372
100.000000
100.000000
100.000000
100.000000
100.000000
98.682005
100.000000
100.000000
100.000000
100.000000
100.000000
98.277760
100.000000
100.000000
100.000000
100.000000
100.000000
96.789877
100.000000
100.000000
100.000000
100.000000
100.000000
98.920746
100.000000
100.000000
100.000000
100.000000
100.000000
98.434506
100.000000
100.000000
100.000000
100.000000
100.000000
96.163620
99.698718
100.000000
100.000000
100.000000
100.000000
98.908599
100.000000
100.000000
100.000000
100.000000
100.000000
98.486569
100.000000
100.000000
100.000000
100.000000
99.516377
98.083887
100.000000
100.000000
100.000000
100.000000
100.000000
98.485673
100.000000
100.000000
100.000000
100.000000
100.000000
97.764880
100.000000
100.000000
100.000000
100.000000
100.000000
97.202662
100.000000
100.000000
100.000000
100.000000
100.000000
100.000000
100.000000
100.000000
100.000000
100.000000
100.000000
99.692695
100.000000
100.000000
100.000000
100.000000
100.000000
97.366675
100.000000
100.000000
100.000000
100.000000
100.000000
99.366524
100.000000
100.000000
100.000000
100.000000
100.000000
99.235058
100.000000
100.000000
100.000000
100.000000
100.000000
98.125722
100.000000
100.000000
100.000000
100.000000
100.000000
98.958717
100.000000
100.000000
100.000000
100.000000
100.000000
99.970395
100.000000
100.000000
100.000000
100.000000
100.000000
100.000000
100.000000
100.000000
100.000000
100.000000
100.000000
100.000000
100.000000
100.000000
100.000000
100.000000
100.000000
97.191532
100.000000
100.000000
100.000000
100.000000
100.000000
99.253225
100.000000
100.000000
100.000000
100.000000
100.000000
99.031265
100.000000
100.000000
100.000000
100.000000
100.000000
98.220546
100.000000
100.000000
100.000000
100.000000
100.000000
100.000000
100.000000
100.000000
100.000000
100.000000
100.000000
99.283875
100.000000
100.000000
100.000000
100.000000
99.375121
97.721261
100.000000
100.000000
100.000000
100.000000
100.000000
100.000000
100.000000
100.000000
100.000000
100.000000
100.000000
98.593661
100.000000
100.000000
100.000000
100.000000
100.000000
99.544145
100.000000
100.000000
100.000000
100.000000
100.000000
100.000000
100.000000
100.000000
100.000000
100.000000
100.000000
99.147336
100.000000
100.000000
100.000000
100.000000
100.000000
100.000000
100.000000
100.000000
100.000000
100.000000
100.000000
100.000000
100.000000
100.000000
100.000000
100.000000
100.000000
100.000000
100.000000
100.000000
100.000000
100.000000
100.000000
99.365564
100.000000
100.000000
100.000000
100.000000
98.960668
99.868492
100.000000
100.000000
100.000000
100.000000
100.000000
100.000000
100.000000
100.000000
100.000000
100.000000
100.000000
100.000000
100.000000
100.000000
100.000000
100.000000
100.000000
99.492619
100.000000
100.000000
100.000000
100.000000
100.000000
99.179991
100.000000
100.000000
100.000000
100.000000
100.000000
99.393204
100.000000
100.000000
100.000000
100.000000
100.000000
99.529000
100.000000
100.000000
100.000000
100.000000
100.000000
98.034069
100.000000
100.000000
100.000000
100.000000
100.000000
99.243465
100.000000
100.000000
100.000000
100.000000
100.000000
99.147052
100.000000
100.000000
100.000000
100.000000
97.857056
98.429688
100.000000
100.000000
100.000000
100.000000
100.000000
100.000000
100.000000
100.000000
100.000000
100.000000
100.000000
100.000000
100.000000
100.000000
100.000000
100.000000
100.000000
100.000000
100.000000
100.000000
100.000000
100.000000
100.000000
99.328815
100.000000
100.000000
100.000000
100.000000
100.000000
99.380697
100.000000
100.000000
100.000000
100.000000
100.000000
98.294833
100.000000
100.000000
100.000000
100.000000
100.000000
97.629927
100.000000
100.000000
100.000000
100.000000
100.000000
98.948868
100.000000
100.000000
100.000000
100.000000
100.000000
98.529526
100.000000
100.000000
100.000000
100.000000
100.000000
