96.026824
95.981594
95.946266
96.813904
95.609301
95.629200
95.037892
95.316890
95.349004
95.268383
95.313174
95.616570
95.927937
95.542353
95.495267
96.112526
95.626729
95.661238
96.005456
96.116321
96.397925
96.397948
95.380072
95.900176
96.555612
95.656679
95.425950
96.323904
95.839954
95.883023
96.010278
95.464492
95.737109
96.329600
95.621026
95.629676
96.509795
95.600564
95.253044
96.028571
95.393315
96.233086
95.989836
95.661496
96.003247
96.514689
95.872780
95.472660
96.257637
95.596940
95.721081
96.524373
95.739277
95.898860
95.440033
95.586421
95.643029
95.731865
95.577252
95.711363
97.083662
95.959570
96.093088
96.536431
95.790510
95.733508
96.012092
95.642086
95.734725
95.932431
96.072570
95.994111
96.689215
96.431674
95.965332
96.901910
96.406229
96.970699
96.604493
96.063203
96.051414
97.454723
95.706239
95.658317
96.252762
97.049966
95.712834
96.213156
96.806871
96.849828
96.176421
96.202380
96.633628
96.781663
96.867579
96.248617
97.403674
96.130919
96.623425
96.959776
96.718695
96.569954
96.059491
96.714278
96.644947
96.457475
95.275072
97.593874
97.157306
95.423148
96.159242
98.790708
97.286752
96.073419
93.682928
96.880315
96.531890
95.806053
95.196109
97.580572
96.963048
96.970369
96.892491
97.476974
95.183071
97.569666
96.057403
94.929156
97.082108
97.390826
96.577421
96.098220
95.476404
96.839047
96.219038
98.089943
96.248049
95.945990
95.947993
95.633539
95.483010
96.015947
96.342431
95.803751
95.632771
95.451491
94.928252
96.672254
94.792964
95.380722
96.470060
95.559109
94.813553
95.964439
94.931152
95.540244
96.056037
94.967299
94.712241
95.922911
94.888948
94.775191
95.716293
94.289173
94.646748
96.146551
94.617041
94.605167
95.354380
96.287297
94.874864
96.832135
94.726774
96.100218
95.934040
94.842696
94.702830
96.797084
94.714503
95.591981
97.829956
96.972649
95.872527
98.292498
96.635611
97.308554
95.030156
96.720479
95.868408
98.335000
96.979120
97.064762
98.431115
97.333946
98.947245
99.655328
97.806215
98.558101
97.018667
98.122280
97.904441
97.650554
97.853353
98.679296
99.600839
94.533609
95.203626
97.704372
97.769842
96.653460
96.218017
97.047853
96.564349
98.270041
97.508230
97.724492
98.269988
97.667042
97.923050
98.843381
98.466081
98.679805
97.672458
98.491337
98.609558
97.946363
97.850735
98.846211
98.102013
98.141700
98.008364
98.402050
98.630933
97.544987
96.770794
98.010836
98.019807
98.125866
98.399938
97.949796
98.324631
97.384599
97.069992
98.026035
97.140878
98.287432
97.712432
97.579816
97.759519
98.723036
98.149983
98.966016
100.000000
97.808310
97.414325
99.815321
98.057890
99.488086
99.355117
98.285389
98.560534
99.589675
97.764061
98.977912
100.000000
99.396537
98.922312
99.168535
98.556807
100.000000
100.000000
98.642498
99.392421
100.000000
99.090902
98.910541
100.000000
99.933756
99.254903
99.756625
100.000000
99.934187
100.000000
99.299150
99.596295
100.000000
97.324076
97.592132
100.000000
98.529048
97.548430
99.054326
99.772254
97.506350
94.889547
99.695118
99.909673
98.915451
100.000000
97.508408
99.575458
99.598270
99.785788
99.583228
99.013278
99.293975
96.645287
99.477615
100.000000
99.587968
99.058948
99.166781
100.000000
100.000000
99.054353
99.672411
99.971257
99.197181
98.727336
100.000000
99.240308
99.428116
99.825833
99.002721
99.417162
99.095812
98.592852
100.000000
99.379354
97.891507
92.918989
98.625846
98.779018
98.757345
98.074433
99.498898
97.901364
98.721381
98.389940
98.538915
99.379150
99.608092
96.061356
97.839271
99.417748
99.053301
98.080072
99.670511
99.165908
98.674906
98.628073
99.394104
99.047254
98.854995
98.129981
99.232318
98.732523
98.499757
99.140514
97.718423
94.325319
97.897077
98.739924
98.903649
97.382032
97.243411
97.867463
98.452742
98.320455
98.064363
98.019194
98.954137
97.546862
98.015903
98.064756
99.385177
98.355671
98.297784
99.480829
98.114053
97.925418
99.013672
98.971038
97.857327
96.726082
98.230988
99.135220
98.370650
97.818694
98.145139
99.600301
98.126125
98.157940
98.749851
98.900548
98.943896
97.569384
97.921598
98.146415
99.078510
98.091625
98.245947
98.419146
98.667401
98.378033
98.820855
98.438519
98.475176
99.160865
98.605260
98.696000
99.279616
98.150696
98.413992
97.721345
98.333915
98.703075
98.478014
98.107621
97.730822
93.199180
98.075639
98.118372
99.169874
98.025196
98.055241
94.442766
99.365261
98.229801
98.551442
98.352953
98.514864
97.313887
98.549966
98.716480
98.076873
98.536671
98.604503
96.250657
98.818330
98.184146
99.530007
97.158467
98.429200
95.876621
98.373885
98.444173
98.531213
97.933195
97.743973
96.558154
97.700965
97.937892
98.213816
97.915083
97.942040
97.404269
97.663224
98.548989
98.538353
98.455008
99.080652
92.751351
99.160320
98.558507
98.861692
97.707729
98.390694
97.699856
98.408462
98.129506
98.318919
98.197387
97.654178
99.280170
98.127478
97.818102
98.351567
97.897197
95.496125
99.660450
97.677898
97.961100
99.143799
98.443759
99.031820
94.948466
98.496881
97.986651
98.647255
98.111340
98.628686
93.829242
98.087464
97.801016
97.821878
97.342774
97.587207
96.802453
98.347153
98.430116
98.960470
98.778641
98.210798
95.791422
98.013141
98.955940
98.089790
98.858580
97.963866
98.233570
97.790061
98.068460
98.563205
98.918014
98.420525
98.302394
97.785541
98.109112
98.918143
98.117295
98.620819
98.546239
98.184918
97.667310
98.708468
97.662812
97.627847
97.611569
98.926806
99.265263
99.124621
97.802040
98.700524
97.155642
98.456829
98.500393
97.571194
98.136418
98.873630
99.106077
98.275214
98.336474
98.291766
98.038512
98.222699
97.872860
98.269192
98.410122
98.323788
98.224192
98.671303
98.552175
98.770315
98.558482
99.231061
98.584801
98.072572
99.123854
98.543174
98.373300
98.822727
98.344691
99.047161
97.790990
98.422127
98.319132
98.749660
98.422225
98.934519
98.307177
98.509070
98.275436
98.632621
98.425055
98.955100
98.215302
98.703205
98.323060
98.966200
98.521716
98.582411
98.468744
98.327991
98.460958
98.994484
98.402740
99.015070
98.273391
98.352594
98.472089
98.917149
98.354093
98.884286
97.948932
98.384796
98.291160
99.032620
98.180723
97.952849
98.214703
98.597095
99.004771
98.572457
98.476463
98.859315
97.946794
98.460197
98.298282
98.491561
98.411644
98.518936
98.244819
99.044946
98.650875
98.926925
98.573337
98.465348
98.548469
98.576607
98.646247
98.792888
98.536624
98.520364
98.613770
98.578679
98.516253
99.124360
98.693725
98.781847
99.006821
98.389670
98.362147
98.946384
98.381086
98.580102
99.048308
98.284714
98.471777
99.138644
98.288166
98.581076
99.060906
98.514641
97.984483
98.563677
98.408320
98.397018
98.687080
98.392850
98.458938
98.810180
98.222826
97.990093
97.723614
98.444504
98.127899
98.267222
97.910053
97.370112
98.307019
98.826732
98.727114
98.591646
98.250954
98.288229
97.830913
98.455788
98.466313
98.619102
98.669845
98.444154
98.063363
98.860915
98.991407
98.697254
98.771652
98.684956
98.806150
98.610219
98.414616
98.798717
98.648737
98.517446
98.354412
98.599869
99.000848
98.800686
98.904676
98.663975
98.693578
98.534644
98.114440
99.049630
98.365826
98.415164
97.938574
98.709099
98.656696
98.562351
97.700434
98.576897
97.001480
98.687619
98.405993
99.089127
98.251137
98.608128
97.139990
98.743769
98.377813
98.221745
98.010466
98.437711
96.484145
98.580187
98.149599
98.764850
98.218400
96.667619
98.903877
98.729363
98.177070
98.936663
98.748377
98.863292
98.188546
98.388753
98.395064
98.345814
98.400467
98.529733
99.072711
98.790746
98.681672
98.617067
98.952378
98.263484
97.796420
98.849994
98.778662
98.727716
98.954716
99.110962
97.715324
98.355061
98.115239
99.052187
98.407477
98.879982
96.380321
98.475227
98.555067
98.287574
98.460624
98.501088
97.607157
97.848019
98.304443
98.119313
98.355264
98.789151
97.789014
98.085299
97.801300
98.645129
98.146142
98.311925
98.537710
98.233386
98.026266
99.099479
98.067392
98.288735
97.657440
98.703668
98.485801
98.234791
98.473843
97.743125
98.223594
98.932126
98.490911
98.936027
98.619176
98.490676
98.499059
98.683150
98.529839
98.114867
98.630917
98.953527
99.784703
98.408589
98.262617
98.643758
98.986441
98.878142
97.966205
98.647936
98.253799
98.547436
98.900566
98.366890
97.845804
98.891524
98.429596
98.943210
98.270823
98.950135
98.546719
98.415271
98.215081
98.698109
98.424612
98.479582
98.837891
98.743313
98.261270
98.393503
98.434204
98.523248
98.485546
98.457519
98.752519
98.700506
97.914485
98.051473
98.271260
98.692109
98.519545
98.580549
98.210308
98.466737
97.667608
98.032105
98.170091
98.665210
98.377314
97.596562
98.538270
98.609849
98.585954
98.731633
98.462586
98.356640
97.709249
98.488886
98.417802
98.258079
98.351424
98.555085
98.074823
98.437906
98.315952
98.903133
98.371452
98.497601
98.287978
98.475003
98.335280
98.671703
98.566821
98.511266
98.457186
98.625480
99.058030
98.635543
98.326661
98.364445
98.240655
98.354251
98.369263
98.624050
98.722936
98.153378
96.912589
98.345607
98.225276
98.808885
98.381272
98.027178
96.854053
97.892617
97.731590
98.746243
97.463655
97.756158
98.507787
97.919376
98.275839
98.633835
97.793934
98.087357
95.586554
98.082755
97.851462
98.045151
97.615230
99.137323
97.206202
98.773612
98.053528
99.096739
97.872167
98.173556
96.941001
98.982023
98.428183
98.449965
98.305419
98.366861
97.568501
98.300658
98.545665
98.476317
98.427865
98.311260
98.235912
98.820270
98.507663
98.888824
98.458955
98.829073
98.627778
99.065980
98.046830
98.903911
98.608992
98.765667
97.486511
97.984534
98.796398
98.527936
98.543567
98.608455
98.412794
97.953414
98.059891
98.648766
97.989895
97.990572
97.630592
98.942534
98.301373
98.833677
98.253678
98.754905
96.987323
98.509374
98.196514
99.059956
98.237808
98.201905
96.892763
98.747862
98.338278
98.459234
98.306622
97.006208
98.431541
98.565168
97.887010
98.122179
98.310002
98.443732
96.729210
98.225034
98.423982
97.921224
98.345652
98.599711
97.766912
98.480246
98.711250
98.916756
98.072464
98.247963
97.548649
98.965544
98.648912
98.459776
98.763636
98.478217
97.077738
98.456953
98.450603
98.188896
98.822840
98.590284
97.595458
97.858612
97.953608
98.626662
99.057968
100.000000
95.073856
100.000000
100.000000
100.000000
100.000000
100.000000
98.448729
100.000000
100.000000
100.000000
100.000000
100.000000
100.000000
100.000000
100.000000
100.000000
100.000000
100.000000
100.000000
100.000000
100.000000
100.000000
100.000000
100.000000
100.000000
100.000000
100.000000
100.000000
100.000000
100.000000
100.000000
100.000000
100.000000
100.000000
100.000000
100.000000
98.414797
100.000000
100.000000
100.000000
100.000000
99.649612
100.000000
99.918027
99.775008
100.000000
99.700219
99.851207
100.000000
99.448105
99.738454
100.000000
100.000000
100.000000
98.283984
100.000000
100.000000
100.000000
100.000000
100.000000
100.000000
100.000000
100.000000
100.000000
100.000000
100.000000
100.000000
100.000000
100.000000
100.000000
100.000000
100.000000
99.348399
100.000000
100.000000
100.000000
100.000000
100.000000
100.000000
100.000000
100.000000
100.000000
100.000000
97.981442
98.950621
100.000000
99.880793
100.000000
100.000000
100.000000
96.622393
100.000000
100.000000
100.000000
100.000000
100.000000
99.930811
100.000000
100.000000
100.000000
100.000000
100.000000
99.378817
100.000000
100.000000
100.000000
100.000000
100.000000
99.950874
100.000000
100.000000
100.000000
100.000000
100.000000
99.565098
100.000000
100.000000
100.000000
100.000000
100.000000
100.000000
100.000000
100.000000
100.000000
100.000000
99.968668
99.073713
100.000000
100.000000
100.000000
100.000000
100.000000
98.052356
100.000000
100.000000
100.000000
99.987331
100.000000
97.261818
99.993652
100.000000
100.000000
100.000000
99.451036
98.939734
100.000000
100.000000
100.000000
99.744162
100.000000
99.654448
99.979900
99.885212
99.869109
99.979329
99.830876
99.684097
99.971174
99.764704
100.000000
99.984303
100.000000
98.082717
99.742461
100.000000
100.000000
99.851077
100.000000
99.041488
99.584887
99.617725
100.000000
99.374768
99.464693
97.974627
99.738772
99.605513
100.000000
99.825048
99.665867
99.044492
99.868476
99.411586
99.861678
99.772468
99.960211
99.097992
99.567930
99.368774
100.000000
99.692586
99.909321
98.980284
99.827074
99.604118
99.943834
99.716586
99.671591
98.691547
99.823457
99.672846
100.000000
99.904495
98.700251
99.213918
99.648884
99.610475
100.000000
99.628891
99.618642
99.063625
99.185071
99.296268
99.286867
99.326098
99.499455
99.043435
99.396735
99.164480
99.775521
99.425020
99.633712
99.022891
99.563792
99.487953
99.965493
99.818902
99.286430
98.345740
100.000000
99.832440
100.000000
100.000000
99.697757
97.520887
99.711433
99.794781
100.000000
99.635946
99.836714
100.000000
99.977278
98.960500
99.337506
100.000000
100.000000
98.418350
97.432201
99.222834
99.360366
98.557455
98.894244
99.050482
99.150727
98.838067
100.000000
98.921306
98.388721
97.524147
100.000000
98.844532
98.678186
100.000000
98.824892
100.000000
100.000000
99.389734
100.000000
100.000000
100.000000
96.257695
100.000000
100.000000
99.660528
99.746355
100.000000
100.000000
100.000000
99.996640
100.000000
99.620488
100.000000
100.000000
99.769878
100.000000
100.000000
99.850700
100.000000
99.286592
99.777888
99.814853
99.874255
100.000000
99.899048
98.196044
98.878280
99.886543
98.874236
98.513038
100.000000
99.642759
98.472532
98.262250
98.960354
98.855542
98.155019
98.402871
98.961802
98.329700
98.772415
98.043750
98.087238
98.809324
98.683919
98.171668
98.410682
97.721057
99.017450
98.344970
98.902133
98.958302
99.042285
99.114861
98.737223
100.000000
98.575256
99.115151
98.781484
98.002671
98.039712
97.553224
98.276650
98.394621
98.863672
98.605200
99.622862
99.651406
99.740819
98.931283
99.678943
98.599226
98.736004
99.099413
98.704509
99.206368
99.258239
99.281489
98.680832
99.427205
98.389807
98.714700
98.874715
99.129989
98.929011
99.558026
98.630944
99.406852
99.291711
98.899172
98.720671
99.182033
98.528499
98.794009
99.175723
98.815282
98.554272
99.270631
98.729044
99.240397
99.192430
99.403425
98.919797
99.175079
98.513497
98.229811
98.643530
98.313126
98.817817
98.140934
98.072749
98.085106
99.007681
98.569253
98.910280
99.455038
99.237653
99.334544
100.000000
98.761873
98.762474
100.000000
99.752194
100.000000
100.000000
100.000000
100.000000
100.000000
97.954862
97.954486
99.601892
99.570742
100.000000
96.312537
99.974968
100.000000
98.919232
98.220550
100.000000
100.000000
99.897596
98.826416
100.000000
100.000000
100.000000
96.196134
99.314123
99.749888
100.000000
100.000000
97.121018
95.961196
100.000000
100.000000
100.000000
100.000000
100.000000
100.000000
100.000000
100.000000
100.000000
100.000000
100.000000
100.000000
100.000000
100.000000
100.000000
100.000000
100.000000
95.881927
99.250171
100.000000
100.000000
99.410546
94.614073
100.000000
100.000000
99.703458
100.000000
100.000000
100.000000
94.656158
100.000000
100.000000
99.490201
98.549098
100.000000
94.386628
98.448434
99.346965
100.000000
99.029824
98.383117
96.190937
100.000000
99.698474
100.000000
99.015556
99.681803
96.009796
98.893612
98.451816
99.759696
98.953068
97.909944
94.974332
99.294318
98.627822
99.819962
98.757175
98.410198
99.434017
99.453711
98.863596
99.966866
98.624848
97.566775
97.893210
98.641541
97.671850
98.642022
98.475054
98.110199
96.009530
98.739462
98.478539
98.451756
97.578045
97.161498
95.531317
98.409272
97.616807
98.039689
98.027561
95.104814
93.826743
98.233757
97.821536
98.477913
98.065683
97.979775
94.670875
97.640172
97.930394
98.996498
98.886299
98.641744
97.486651
98.441355
98.888207
99.131235
98.372794
98.706803
95.662087
97.543436
98.464578
98.956849
98.400317
99.029813
98.360256
98.422176
97.958615
100.000000
99.302253
98.869999
96.242835
99.151997
98.557525
100.000000
99.187866
98.636612
96.859998
98.101891
99.057528
100.000000
97.164819
97.332328
99.058793
99.443828
97.725063
99.178884
99.145943
100.000000
99.335050
98.727016
98.546254
100.000000
97.934544
97.306543
94.748374
99.177110
97.887308
98.081759
98.811109
100.000000
96.353404
98.283309
98.391402
97.801367
98.712465
99.034232
95.443944
97.611021
98.021908
98.171956
97.883826
97.411814
96.537956
98.880402
97.674276
99.166376
98.898001
98.327010
97.345054
98.073875
99.949404
100.000000
98.642754
98.638915
98.918761
98.972117
98.157561
98.832456
99.336892
99.186428
94.991791
98.271445
98.018189
99.925920
98.736134
97.970274
95.190029
97.980739
98.187718
98.326319
98.701034
98.550054
96.238286
97.968347
98.744911
99.732056
98.207587
98.366694
98.388959
99.008382
98.346981
99.253573
97.465457
98.504891
97.395709
97.729073
98.122855
98.142504
98.004258
92.104036
97.070144
98.680280
97.904250
98.466101
98.564580
98.710458
94.413058
98.774287
98.710154
98.712551
97.804669
97.896066
98.224943
98.703421
99.702581
99.630387
98.978365
99.549207
97.239574
98.841279
98.973789
100.000000
99.261925
98.919821
99.238855
98.651989
99.301247
99.679522
98.745881
99.565330
96.418931
99.613241
100.000000
99.979232
99.240271
99.731605
98.982684
99.425208
98.939520
100.000000
100.000000
100.000000
98.584522
98.935198
99.484379
99.960068
100.000000
99.893498
99.740491
99.341541
99.572906
100.000000
99.182808
99.353258
98.395941
100.000000
99.992016
98.946162
98.486949
97.317311
98.993811
98.698496
98.610576
99.023083
99.283945
98.778893
97.186573
98.531973
98.440980
99.190961
98.674630
98.521449
99.367130
98.966112
98.272654
99.897734
97.986427
98.109974
97.907405
99.182588
99.438264
100.000000
99.215036
98.759710
97.729382
98.622649
99.404677
99.741657
99.387423
99.393076
97.391106
99.049544
98.864555
99.917348
98.837683
99.642485
96.460674
99.454225
99.571772
99.757093
100.000000
99.211006
97.138945
99.019421
98.959272
99.328852
98.993756
98.864466
99.728753
99.101902
99.108703
99.901381
99.918925
99.420000
98.496246
99.050111
99.069726
99.935258
99.282143
97.620378
99.312970
99.677386
99.486249
99.654359
99.211538
99.564918
97.697288
98.940038
98.693905
100.000000
99.081215
99.108468
99.367965
99.598930
99.206611
99.869249
99.162638
99.684055
97.720558
99.441043
99.177213
100.000000
99.589590
99.180907
98.302805
98.859116
98.684665
99.191278
98.678226
99.552997
100.000000
99.236912
99.489628
100.000000
99.110207
98.213097
99.979771
99.059939
99.106337
99.539527
99.737237
99.176632
98.677547
99.424623
98.824897
99.466528
99.111914
99.055475
98.423579
98.623841
99.087478
98.990713
98.993863
98.960541
98.941169
99.211385
98.959503
99.239282
98.230807
98.301073
98.327943
99.891786
99.937628
100.000000
100.000000
98.970800
96.231814
99.233307
99.251032
99.031478
99.026432
100.000000
99.021639
99.556485
98.978153
100.000000
100.000000
99.625100
98.183141
99.350464
98.752040
99.497006
98.628869
98.638095
97.993233
99.147128
98.937096
99.722332
98.797106
98.575182
99.517271
99.044449
99.565163
99.954150
98.849644
98.283400
98.692337
98.454759
99.165543
99.132271
98.512354
99.002007
98.079106
98.769676
98.338981
99.197078
98.872445
99.648246
97.403293
99.039065
99.611783
99.932487
98.626155
98.789327
98.008793
98.949537
98.667804
98.660299
98.383042
98.385847
96.511692
99.830826
98.830799
99.347217
98.660701
98.325777
96.327488
97.972749
98.834170
99.379669
98.325233
98.386819
97.349032
99.524784
99.452862
99.351452
98.511524
99.667508
98.856923
98.763963
98.871528
99.677167
99.711986
99.304359
98.966601
98.688634
98.700967
100.000000
98.661521
98.905039
97.905593
98.918329
98.942023
99.979849
99.824462
99.552813
97.879126
99.941788
99.255926
99.980477
100.000000
99.500834
97.031826
98.524520
98.777014
99.168983
98.753836
98.781608
100.000000
99.226471
98.819468
99.727980
99.069316
97.947355
95.750559
98.641009
98.732203
99.575953
99.493372
96.943716
99.729617
99.810516
99.393610
100.000000
100.000000
99.250072
97.758391
99.100201
99.689057
99.142943
99.472709
99.068309
100.000000
99.354772
99.439834
100.000000
100.000000
100.000000
98.137979
98.945826
98.899003
99.803004
100.000000
99.126298
97.794612
99.660617
99.525572
99.624255
98.867885
99.008414
99.717021
98.971757
99.396372
100.000000
99.027254
99.353035
100.000000
98.820175
98.955115
99.730619
98.620098
99.543437
99.729351
100.000000
99.022715
100.000000
98.836946
98.684166
98.217764
98.597225
99.610528
100.000000
99.564857
98.763196
96.341219
97.819064
97.534528
99.058858
97.741174
96.153549
97.370736
98.087581
98.322122
98.991346
97.856577
97.475254
96.591276
97.622692
98.018900
98.199811
98.252764
97.533028
97.273739
98.250413
97.983794
99.002240
98.363922
98.819923
97.577295
98.420458
97.990624
98.678586
97.901729
97.922808
97.796288
98.810410
98.625493
98.792840
98.070622
98.853434
96.970991
98.275510
98.550878
99.562083
98.845347
99.026556
98.228069
99.025699
99.079845
99.457548
98.351791
98.837451
99.558672
98.992266
98.683048
100.000000
98.314996
99.017286
97.036694
98.588553
99.066898
99.893322
99.053036
99.008633
98.011230
98.912383
99.150786
99.472389
98.846261
96.663970
96.930570
98.490082
98.945813
99.014374
98.254993
98.928934
95.204998
98.776721
98.260641
98.537412
99.370223
98.627338
97.486225
98.678119
98.409061
99.742801
98.294845
98.627916
96.170659
97.829272
97.545432
99.847849
97.506520
98.013722
96.613299
98.338961
98.787376
98.448303
98.598044
98.145247
97.517367
97.836161
98.445751
98.775946
98.001245
98.040133
97.044116
97.877155
98.272335
99.211852
98.742872
98.614373
96.417796
97.593847
96.230518
99.472102
98.148141
98.868411
96.869697
98.960118
98.506497
99.795896
98.510322
99.233895
98.218478
98.875848
98.920536
99.680391
99.131411
95.711735
99.605992
99.588997
99.046906
99.701683
99.619147
99.483292
96.834715
99.421269
99.810459
99.639378
98.505435
98.470506
97.545896
98.056207
97.870994
99.818485
98.379976
98.179841
96.985621
98.819218
98.776111
99.940058
99.080930
99.520032
97.345285
99.511154
99.422238
100.000000
99.090983
99.297517
99.281888
99.948204
100.000000
100.000000
99.879867
98.983902
99.041304
99.300440
100.000000
100.000000
100.000000
99.914067
98.378630
99.391398
99.874293
100.000000
99.608509
99.575414
99.525733
100.000000
99.216867
100.000000
99.838531
100.000000
98.202939
99.755856
100.000000
100.000000
99.427368
100.000000
100.000000
100.000000
100.000000
100.000000
100.000000
100.000000
99.179983
100.000000
100.000000
100.000000
100.000000
100.000000
99.462412
100.000000
100.000000
100.000000
100.000000
100.000000
100.000000
100.000000
100.000000
100.000000
100.000000
100.000000
100.000000
100.000000
99.645798
100.000000
100.000000
100.000000
98.055052
100.000000
100.000000
100.000000
99.526572
99.890299
98.781803
99.136162
99.248043
100.000000
99.852189
100.000000
97.875041
99.149336
98.709877
100.000000
99.882197
99.514777
98.538560
99.995866
100.000000
100.000000
99.583157
100.000000
98.902838
100.000000
100.000000
100.000000
99.744302
98.247899
99.385286
99.698525
99.938836
100.000000
100.000000
100.000000
97.709318
100.000000
99.547581
100.000000
100.000000
99.799963
98.888542
100.000000
100.000000
100.000000
100.000000
100.000000
100.000000
100.000000
100.000000
100.000000
100.000000
100.000000
100.000000
100.000000
100.000000
100.000000
100.000000
100.000000
100.000000
100.000000
100.000000
100.000000
100.000000
100.000000
100.000000
100.000000
100.000000
100.000000
100.000000
100.000000
99.244349
100.000000
100.000000
100.000000
99.868485
100.000000
99.141895
100.000000
100.000000
100.000000
100.000000
100.000000
99.273255
100.000000
99.813691
100.000000
99.795065
98.967764
99.270247
99.444157
99.954577
100.000000
100.000000
99.917717
97.089745
99.703757
100.000000
99.568534
99.768344
100.000000
99.233222
99.880421
100.000000
100.000000
99.732588
99.903219
99.798053
99.077748
99.352432
100.000000
100.000000
99.393406
98.734944
100.000000
98.505381
99.967691
99.435444
98.857221
99.463616
99.038962
99.424297
100.000000
99.105788
98.928146
100.000000
99.754177
99.513085
100.000000
100.000000
100.000000
100.000000
99.926246
99.964279
100.000000
100.000000
100.000000
97.030280
99.144166
99.977928
100.000000
100.000000
99.709619
96.025328
99.058047
98.895341
99.570364
99.151830
96.746309
96.724860
99.917033
99.836260
100.000000
99.048608
100.000000
97.043916
100.000000
100.000000
100.000000
100.000000
100.000000
100.000000
100.000000
100.000000
100.000000
100.000000
100.000000
98.887317
97.533047
97.622551
99.276115
98.610115
97.495820
90.975826
97.845695
97.958470
99.004251
98.141583
97.684438
95.276930
98.077172
98.151175
98.322079
96.681448
98.610170
92.705101
98.621526
97.850634
99.338189
96.861277
96.469427
96.194744
97.405157
97.920955
98.576662
98.153513
97.774846
93.662496
98.079214
97.814955
98.993144
97.336370
98.220273
98.163590
98.398130
97.726008
98.918724
97.561417
97.902496
96.302555
99.694835
97.719383
99.924114
97.977965
98.497123
96.228544
98.634386
98.701099
98.141802
99.186418
98.401570
98.244824
98.447305
99.363994
99.007790
98.481619
97.904612
98.329956
98.886927
98.420113
99.412908
97.295651
97.929727
99.249860
98.705030
98.048913
99.941417
99.315382
99.487657
94.443603
98.490081
97.616954
100.000000
99.429885
98.300527
93.947712
99.976224
100.000000
99.954729
100.000000
99.539155
95.726650
100.000000
98.725760
100.000000
97.805961
98.896111
100.000000
100.000000
97.506362
100.000000
99.949312
99.397062
100.000000
100.000000
99.506167
100.000000
100.000000
100.000000
100.000000
100.000000
100.000000
100.000000
100.000000
100.000000
97.355282
100.000000
100.000000
100.000000
100.000000
99.753027
99.238426
100.000000
100.000000
100.000000
100.000000
100.000000
100.000000
99.057023
99.522155
100.000000
99.608862
100.000000
98.479859
99.990646
100.000000
100.000000
99.445615
100.000000
100.000000
98.436031
99.613244
100.000000
99.580982
98.115383
97.578985
97.109667
97.225000
97.576230
97.720444
98.407802
96.428345
98.625174
98.667422
99.711885
99.795844
100.000000
97.311610
100.000000
99.918181
99.881055
99.925186
99.156941
99.459207
100.000000
100.000000
100.000000
100.000000
98.206287
98.496215
100.000000
99.659244
100.000000
100.000000
100.000000
98.506919
100.000000
100.000000
100.000000
100.000000
99.962018
100.000000
100.000000
100.000000
100.000000
100.000000
100.000000
100.000000
100.000000
100.000000
100.000000
100.000000
100.000000
100.000000
100.000000
100.000000
100.000000
100.000000
100.000000
100.000000
100.000000
100.000000
100.000000
100.000000
100.000000
100.000000
100.000000
100.000000
100.000000
100.000000
100.000000
99.810296
100.000000
99.637425
100.000000
100.000000
100.000000
100.000000
100.000000
100.000000
100.000000
100.000000
100.000000
100.000000
100.000000
100.000000
100.000000
100.000000
96.945111
98.125025
100.000000
99.546475
100.000000
99.015951
100.000000
99.494256
99.739682
99.929367
99.700205
99.850772
100.000000
99.772557
99.806118
99.974564
100.000000
99.731167
100.000000
96.696742
99.855815
100.000000
100.000000
100.000000
99.747381
98.613096
100.000000
100.000000
100.000000
100.000000
100.000000
99.876758
100.000000
99.907919
100.000000
99.889059
98.958305
99.282119
99.357089
99.982117
99.803054
99.693081
99.636748
96.136166
100.000000
100.000000
100.000000
100.000000
99.698542
97.948083
100.000000
99.636344
100.000000
100.000000
100.000000
96.600472
100.000000
100.000000
100.000000
100.000000
97.007823
99.477335
99.895979
100.000000
100.000000
100.000000
99.382873
96.248820
100.000000
100.000000
100.000000
100.000000
100.000000
99.256188
100.000000
100.000000
100.000000
100.000000
100.000000
99.030822
100.000000
100.000000
100.000000
100.000000
99.423033
96.867334
100.000000
100.000000
100.000000
99.615104
99.881710
99.191484
100.000000
100.000000
100.000000
100.000000
100.000000
98.767925
99.855558
100.000000
100.000000
99.569794
100.000000
99.976817
99.234865
98.976764
100.000000
100.000000
98.805976
99.418492
100.000000
100.000000
100.000000
98.870852
100.000000
99.223408
100.000000
100.000000
100.000000
99.211008
98.063392
98.262152
99.426468
99.162570
100.000000
100.000000
98.959953
95.177626
98.126478
97.836646
99.009741
98.287118
98.137943
99.143256
97.443241
97.057829
99.217768
97.962395
97.139749
98.507728
97.387838
98.230626
99.819881
98.548649
98.846156
98.540647
99.812095
97.218051
98.945077
98.447563
98.906973
98.378958
98.774791
98.321411
99.891188
97.882399
97.944444
97.837420
97.475658
98.120272
100.000000
98.409605
99.124276
99.436912
97.914334
98.644649
100.000000
99.113769
95.868392
97.385279
97.053483
98.883488
99.188332
98.355945
97.882069
96.216188
98.452361
97.494990
94.635314
94.221265
92.995066
95.704853
96.858965
97.047418
97.312234
96.723525
96.929472
94.878374
97.459635
97.631024
97.837904
97.734907
97.745469
96.385121
98.436466
98.262197
98.320986
97.910196
98.627016
95.823453
97.905454
98.206415
99.013834
97.954976
98.053332
97.515978
98.184324
97.642436
99.358000
98.366497
98.061983
93.244519
98.611273
98.856072
99.285552
98.001967
98.270566
96.592319
98.468372
97.634026
98.711981
98.742114
98.442584
94.873314
97.658535
98.730947
99.679143
98.229856
98.326313
96.983800
98.299043
97.956039
99.340422
98.854318
98.208715
97.080311
97.823443
97.543549
99.100313
98.734345
93.562091
92.301396
98.811108
99.250240
99.067875
98.823777
98.130855
97.621902
99.135671
98.438330
98.180173
98.966857
98.273406
97.757773
98.191421
97.936803
98.649085
97.993362
98.980198
98.448444
97.913720
97.296575
99.106851
97.474420
97.212998
98.835921
98.400620
97.451326
98.675180
98.020513
97.714789
98.047018
98.214688
97.626055
99.361722
98.044306
98.584769
98.590823
98.708917
98.460959
99.600863
97.882421
98.418022
98.838292
98.887911
98.636789
99.268759
98.421088
98.107170
98.657251
98.574998
98.903257
98.536754
98.976065
99.037312
96.737429
97.757131
98.296559
98.624372
98.380721
97.985607
98.112312
97.054956
96.838756
99.598730
96.847855
96.169058
97.114412
97.824206
97.277076
98.253979
98.462037
96.451732
95.124915
98.487066
97.960894
98.357701
98.388455
97.927851
96.985465
96.225333
96.710615
98.677864
97.251190
96.818010
97.402126
97.764605
98.211339
98.461833
98.543780
97.727267
97.105023
97.526649
97.484278
98.177388
97.798410
97.655092
97.755077
97.670014
97.307941
98.513141
97.525597
96.716029
97.456002
96.990293
97.971720
98.489778
97.519730
97.879175
97.526748
97.432110
97.804285
98.565772
97.853778
97.768408
96.060752
97.807677
97.452939
97.777721
96.926976
96.864264
97.392135
97.234772
97.661935
98.480295
97.212970
97.380381
96.847915
97.311203
97.458925
97.807956
97.087613
97.069502
96.438748
97.731835
97.833880
98.409804
97.312075
97.110285
97.833277
97.497586
96.933643
98.081174
96.945806
97.456558
96.215808
97.176523
97.025492
98.196400
97.390731
97.707257
96.570059
96.715433
97.233883
98.178554
97.330204
97.125616
96.923183
96.997302
97.965842
98.733617
96.872087
96.872898
96.930784
97.948555
96.819387
97.869628
97.303553
96.484242
97.189640
97.820971
97.774765
98.628645
97.370471
97.908209
95.546013
97.886112
98.099438
98.536254
98.158377
96.243182
97.581307
98.636774
97.948860
99.082281
98.371408
97.740094
97.323071
98.158624
98.613478
98.880612
98.290368
98.588258
97.617191
98.994082
99.000037
99.770716
98.933831
99.064360
98.985415
98.536282
98.266328
99.310487
98.338216
98.711093
97.733072
99.100873
98.125268
99.746608
98.802245
98.771990
98.268369
99.418658
99.518869
99.585681
98.811732
98.562904
97.799766
97.219866
97.611171
100.000000
98.019775
98.134819
97.091605
98.999656
99.087707
99.846919
98.767879
98.825405
98.160155
98.506875
97.873733
99.713087
98.319730
98.476092
96.645606
97.710007
97.768896
99.559954
98.097951
97.359253
97.295442
99.014640
99.070544
99.978966
99.720052
98.674696
97.279395
97.769175
98.199375
98.532777
97.574899
98.500567
96.774687
97.821827
97.876632
99.475284
97.845932
98.115952
97.282842
98.104462
98.127770
98.941932
98.057827
98.207109
98.656503
98.132372
98.618741
99.318225
98.292293
98.278734
97.253172
98.185727
98.067763
99.430299
98.079845
98.634928
98.666493
96.968443
97.062524
99.102426
97.658292
98.674744
98.376884
97.790228
98.080522
98.567235
97.000669
97.865358
98.246118
96.603509
96.215126
98.942717
96.685698
96.518288
93.325426
97.395139
97.662978
98.199935
97.714269
95.653903
96.932449
97.792030
99.418098
99.615867
98.087609
98.207594
94.817655
97.878482
97.821955
98.797513
98.449199
99.114355
98.691344
98.924395
99.994930
100.000000
99.294937
99.797058
99.096621
99.607682
99.159690
100.000000
100.000000
100.000000
97.514848
99.487864
100.000000
100.000000
99.664874
99.931840
100.000000
100.000000
100.000000
100.000000
100.000000
100.000000
99.377256
100.000000
100.000000
100.000000
100.000000
99.903742
100.000000
100.000000
100.000000
100.000000
100.000000
100.000000
99.625456
100.000000
100.000000
100.000000
100.000000
100.000000
99.216208
100.000000
98.964796
100.000000
99.554654
99.588789
99.439904
99.828957
99.181836
100.000000
98.878057
99.565517
98.995021
98.912599
98.789837
100.000000
99.151145
99.352657
99.027156
100.000000
100.000000
100.000000
99.618647
100.000000
100.000000
100.000000
100.000000
100.000000
100.000000
100.000000
100.000000
100.000000
100.000000
100.000000
100.000000
100.000000
100.000000
100.000000
100.000000
100.000000
100.000000
100.000000
100.000000
100.000000
100.000000
100.000000
100.000000
100.000000
100.000000
100.000000
100.000000
100.000000
100.000000
100.000000
99.965678
99.930266
99.469639
100.000000
99.811206
98.931329
99.009458
99.127249
99.041254
99.364853
99.173453
96.931525
99.262990
99.118582
98.862620
100.000000
99.293545
98.560359
97.827328
98.630265
98.700314
99.103537
98.497727
98.786813
98.158957
97.758207
98.127711
100.000000
98.075903
97.536579
97.414173
97.466339
96.302545
99.195870
96.397109
96.665686
95.579977
98.160285
97.418433
99.130371
98.420510
97.988987
97.932412
98.532051
98.050678
99.535122
98.019722
97.692141
97.427237
97.666081
96.876211
98.399085
97.300642
96.875521
95.229426
97.705010
98.200296
98.481893
97.594790
97.759667
97.662512
98.323146
97.463062
99.308747
98.398212
98.008127
97.029258
98.326488
98.571955
98.832223
98.274952
98.422404
97.990476
98.963327
98.751606
100.000000
97.706821
97.976661
97.200591
98.253243
97.479750
98.760022
97.592634
97.830920
96.633700
97.878569
98.197073
100.000000
99.597152
99.861654
96.068152
99.507825
100.000000
100.000000
100.000000
99.980015
99.530941
99.399735
100.000000
100.000000
99.635808
99.731091
99.423875
99.600515
98.197028
100.000000
98.212421
98.747613
96.707178
99.938042
98.962453
100.000000
99.160824
99.085761
98.555380
100.000000
99.941362
99.906306
99.555199
99.194495
98.534378
99.451890
99.794697
100.000000
98.723948
98.936330
97.140645
98.597396
99.385448
99.875840
99.752789
100.000000
99.025096
99.983004
99.642491
100.000000
100.000000
100.000000
98.644014
100.000000
100.000000
100.000000
99.320288
99.657459
99.968817
99.902191
100.000000
100.000000
100.000000
100.000000
99.645402
99.317885
99.245555
100.000000
99.752391
98.338570
96.907858
99.246887
99.080050
99.941350
98.608095
99.933772
98.758750
99.518499
98.889727
99.715915
99.174969
99.771952
98.543378
98.989478
99.369057
100.000000
99.204416
99.325221
97.824518
99.801365
100.000000
100.000000
99.446590
99.401713
100.000000
100.000000
100.000000
100.000000
100.000000
100.000000
98.408495
99.970378
99.413478
100.000000
100.000000
98.268159
97.301593
100.000000
98.914638
100.000000
98.983232
99.227466
100.000000
98.702883
98.455320
99.301288
98.825222
98.698107
97.907777
99.470275
99.197811
99.777777
99.102618
99.166546
98.870781
99.991747
99.980634
100.000000
99.365595
99.470823
99.566925
99.217062
99.020422
100.000000
100.000000
99.634390
98.386477
100.000000
100.000000
100.000000
100.000000
100.000000
100.000000
100.000000
100.000000
100.000000
100.000000
100.000000
100.000000
99.602518
99.478802
100.000000
99.844657
100.000000
99.491138
100.000000
99.943815
100.000000
99.797308
99.227910
98.342217
98.298366
100.000000
100.000000
100.000000
97.653009
99.342167
99.710593
99.681311
100.000000
99.979785
99.468133
98.604938
100.000000
100.000000
100.000000
100.000000
100.000000
100.000000
100.000000
100.000000
100.000000
100.000000
100.000000
98.611849
99.512439
99.423654
100.000000
99.810426
100.000000
98.489185
99.891364
99.342173
100.000000
99.868199
100.000000
98.733758
99.040174
99.942941
100.000000
99.505383
99.184689
98.745365
98.950233
99.006643
100.000000
99.946251
99.474506
97.277638
99.396714
98.789284
99.400318
99.083286
99.015665
98.633611
98.615661
98.746644
99.879671
99.026996
99.154923
98.118789
98.744157
100.000000
99.163878
99.290130
96.964458
97.999135
98.855850
99.335668
99.712801
99.383157
100.000000
99.386175
99.458452
99.259107
100.000000
100.000000
100.000000
100.000000
100.000000
100.000000
100.000000
100.000000
100.000000
100.000000
100.000000
100.000000
100.000000
100.000000
99.789954
98.313787
100.000000
98.558189
100.000000
99.159804
99.726472
98.230497
99.306537
98.969749
100.000000
98.484311
98.514656
97.409372
98.699636
98.472805
99.762795
98.589965
98.248127
96.898926
98.404541
99.267344
99.399291
98.429639
98.311809
98.200720
99.388005
99.318425
100.000000
99.222684
98.105867
97.135447
99.577225
100.000000
99.915972
100.000000
100.000000
