95.604538
94.991396
94.938384
95.889433
94.466446
94.522352
94.511837
95.224331
95.224811
95.173955
95.297413
95.068211
95.850103
94.981724
94.876814
95.480913
95.000168
95.073318
95.562529
95.088502
95.405829
95.414151
94.716449
95.337968
96.331881
95.015301
94.943254
95.795508
94.782289
95.026447
95.800533
94.393646
94.478975
95.120847
94.414614
94.537566
95.789376
94.831830
94.407359
94.841515
94.598187
95.020747
95.583115
94.969901
95.297499
95.855811
95.155393
95.326572
95.975285
95.385605
95.120167
95.852981
95.116022
95.359617
95.130531
94.845683
94.997081
95.194719
94.950954
95.426218
96.832857
95.380088
95.456675
95.897342
95.115632
95.059472
95.684253
95.019974
95.071479
95.928328
95.563833
95.908200
96.439487
95.857702
95.406872
96.382655
95.395028
95.992249
96.360887
95.458778
95.569640
96.904750
95.639757
95.140079
96.046028
96.073626
94.577086
95.549597
95.751680
96.223938
95.994505
95.618030
96.083731
96.751616
96.397006
95.367404
97.401751
95.137764
95.597029
96.367325
96.053870
95.991802
95.484703
96.494383
95.860720
95.777058
94.670165
96.420821
96.693666
94.650557
95.877309
97.781205
97.141201
95.804431
93.194139
95.562565
95.245261
95.132174
94.435924
97.232854
96.963048
96.901442
96.837986
96.923094
94.493949
96.529067
95.797378
93.404738
96.522541
96.301848
95.810960
95.901773
94.962014
95.617829
94.830720
97.474234
95.603743
95.200189
95.462141
95.441643
95.305585
95.937090
95.783284
94.644954
95.371217
95.246141
95.354481
95.462723
94.382148
94.230300
95.939442
94.252978
93.514252
94.006743
93.990374
94.566542
95.039666
94.058246
93.883498
94.546116
94.059488
93.995743
94.895199
93.933047
94.380163
95.492931
94.512053
93.998416
94.831317
95.065915
94.117882
95.669886
93.988611
95.315877
95.340466
94.582121
94.575076
96.120019
93.814842
95.079958
97.609782
95.777481
94.335707
96.472942
95.177326
96.587928
94.093819
97.156250
95.719264
97.705997
96.143497
96.319175
97.946870
96.593354
98.345165
98.487114
96.327664
97.850434
96.278385
97.841471
97.766106
97.011795
97.222718
97.983554
99.034237
92.257284
92.648587
95.135484
96.085315
94.953108
95.139803
95.682415
95.568714
96.590074
96.082658
96.197137
97.100239
96.094576
95.583412
97.372263
96.950838
97.263103
96.592959
97.648703
97.755422
96.877017
96.701775
97.746789
97.059917
96.994511
96.895200
97.241007
97.509105
96.318930
95.528156
96.776104
96.894587
96.924597
97.243467
96.823232
98.024041
96.535313
96.346616
97.131246
95.921035
96.855395
96.922990
96.485304
96.805591
97.545645
96.685033
97.925970
99.664343
97.267893
96.703130
99.068041
97.150294
98.589703
98.937498
97.374843
97.633104
98.927049
96.888557
98.464194
99.567817
98.584457
98.228073
98.779288
97.762839
99.803847
99.967701
97.745579
98.388402
100.000000
98.316733
98.077063
100.000000
99.219870
98.421671
99.062437
99.771805
99.740248
99.781915
98.581017
98.731462
99.112763
96.453778
96.702487
100.000000
97.541975
96.273592
98.189491
98.932691
97.369809
94.230350
99.402719
99.514768
98.476610
99.214835
96.945303
98.884583
98.688992
98.948039
98.389857
98.049560
98.688675
95.855409
98.944973
99.777884
99.143125
98.295924
98.245723
99.818852
99.389807
98.227698
98.715729
99.372072
98.469884
98.355501
99.900216
98.581590
98.756595
99.343819
98.414868
99.185851
98.478112
97.842902
99.644894
98.903416
96.775922
92.641767
98.276209
98.444093
97.650522
97.533791
98.981085
97.648653
98.048590
97.674859
97.801014
99.042404
99.178401
95.742605
97.057434
98.948829
98.231488
97.694505
99.152618
98.748241
98.290993
97.818772
98.979376
98.589794
98.769737
97.710578
99.142519
98.223405
98.381922
98.617161
97.462687
94.111180
97.072696
98.221128
98.277938
96.414196
96.309986
97.408207
97.934919
97.624265
97.121565
97.395898
98.461607
97.223860
97.325655
97.100052
98.909239
97.669021
97.510411
99.212031
97.955665
97.816417
98.746953
98.708979
97.143339
96.504478
97.766642
98.841751
97.615913
97.678584
97.956389
99.335209
97.641607
97.585028
98.178495
98.439475
98.530132
97.380171
97.921590
98.083921
99.028670
97.749845
97.782122
98.372675
98.122415
97.970215
97.845765
97.961919
97.864503
98.891008
98.168013
98.241783
98.824756
97.554602
97.988996
97.394988
98.063555
98.477348
98.247956
97.569237
97.412741
93.035229
97.200516
97.613925
98.342307
97.567032
98.053359
93.980517
98.590301
97.211204
98.307399
97.393742
98.279657
97.157549
97.975525
98.226875
97.429523
97.794760
98.373911
96.219124
98.613472
98.176755
99.265229
96.251785
98.174397
95.850919
97.531373
97.564806
97.549687
97.371387
97.628079
96.539472
97.385362
97.258650
98.300777
97.478017
97.796978
97.536389
97.299548
98.168862
98.283920
97.434033
98.238322
92.773794
98.478209
97.942375
97.882560
96.869930
97.343854
97.570658
97.203021
97.017530
97.641875
97.643314
97.391910
98.939807
97.481896
96.908836
97.790486
97.423357
95.192107
99.387672
96.907726
97.368301
98.348199
97.803049
98.425329
94.959316
97.994958
97.270110
98.008719
97.522599
97.901886
93.662953
97.176302
97.235996
97.519511
96.881122
97.520669
96.632591
97.693709
97.133738
98.408357
98.302152
97.962883
95.608928
97.606079
98.503467
97.773927
98.350291
97.085453
98.122879
97.325736
97.806336
98.148171
98.643597
98.069509
98.285069
97.322594
97.724182
98.564730
97.671507
98.170069
98.348410
97.643803
97.145702
98.057406
96.999829
97.125923
97.502247
98.365501
98.759714
98.915555
97.777931
98.287649
97.084606
97.750610
98.016347
96.826284
97.527019
98.358808
98.904146
97.789304
97.967865
97.975026
97.564861
97.730240
97.428420
97.991288
98.170239
98.050427
97.681795
98.190444
98.380623
98.006302
98.045996
98.909353
98.201995
98.039855
98.937052
98.182671
98.123190
98.597703
98.061906
98.566326
97.673669
97.777778
97.940790
98.026367
98.350941
98.615852
98.302043
98.242748
97.885410
98.271448
98.158179
98.683370
98.220325
98.541621
98.026785
98.544499
98.161908
98.220756
98.299652
97.938939
98.222956
98.520673
97.994789
98.476474
98.068204
97.919964
98.011478
98.170760
98.212308
98.454865
97.592885
97.847393
97.430543
98.506893
97.520175
97.657327
98.060743
98.599938
99.037221
98.323073
98.220574
98.333488
97.696227
97.758800
97.875234
97.747870
98.363808
98.498207
98.173631
98.526948
98.058820
98.498657
98.266420
98.215743
98.510745
98.611867
98.513050
98.778509
98.240067
98.078656
98.609521
98.236289
98.504065
98.546835
98.705923
98.600007
98.973534
97.868147
97.844347
98.336824
98.134654
98.469316
99.070650
97.828453
97.931196
99.014512
97.654650
98.263146
99.050485
98.046320
97.771172
98.110021
98.344574
98.324038
98.586425
97.652794
97.694988
98.047569
97.528994
97.603757
97.333058
98.289551
97.967052
97.957925
97.391280
97.142573
97.957524
97.965628
97.956807
97.636234
97.163379
97.242632
97.126107
97.491108
97.369618
97.684753
97.782643
97.570693
97.654356
98.190161
98.357441
98.111739
98.238788
98.143486
98.450583
98.253641
98.103961
98.546246
98.246732
98.043648
98.063607
98.346701
98.710132
98.120552
98.289141
98.082231
98.513725
98.216855
97.981598
98.462797
97.973368
97.673439
97.825975
98.499140
98.404134
98.287632
97.443528
98.227157
96.910198
98.230079
97.254591
98.575311
97.217850
98.188170
96.999722
98.563937
98.140363
97.957909
97.393235
97.757825
96.441729
98.519942
98.095695
98.384332
98.003590
96.598242
98.730647
98.187670
97.493308
98.434352
98.491807
98.570126
97.883022
97.914491
97.997163
98.284112
97.915676
98.131340
98.985366
98.590908
98.466475
98.434108
98.514691
97.762801
97.736120
98.389409
98.700549
98.107120
98.899108
98.675969
97.679565
97.742371
96.993466
98.710381
97.913126
98.549944
96.366494
98.203830
98.341462
98.477511
98.333917
98.338376
97.588519
97.670318
98.193483
97.741992
97.875832
98.733909
98.056320
98.228724
97.620901
98.302028
97.741119
98.217920
98.733820
98.177613
97.896108
98.592646
97.573126
97.846024
97.415679
98.318387
98.035514
97.630961
98.038327
97.436133
97.947970
98.463474
97.977215
98.215696
97.882563
97.694143
97.763758
98.094742
97.958700
97.567199
98.136135
98.506997
99.473207
98.149670
97.939233
98.365663
98.438769
98.307493
97.690946
98.222923
97.785132
98.053957
98.514076
98.135404
97.676740
98.549524
97.682971
98.570773
97.464599
98.673216
98.436012
97.983549
97.758850
98.497921
97.746318
97.984785
98.799352
98.529563
97.970663
97.903056
97.756332
97.852390
98.017890
97.938271
98.278159
97.969641
97.733148
97.763929
97.913796
98.077526
97.903445
98.026013
97.976717
98.162084
97.327970
97.704329
97.890931
98.265848
98.129011
97.317759
98.420808
98.160546
98.144952
98.205258
97.912151
97.833502
97.254368
97.980545
97.923172
97.786260
97.965049
98.222835
97.959390
98.049836
97.925874
98.534071
97.928907
98.156630
98.172837
98.298568
98.130825
98.426125
98.342316
98.041233
98.362110
98.243718
98.712199
98.251411
97.987478
98.019328
98.179991
98.112082
98.090236
98.114859
98.402316
97.707392
96.949118
98.177013
98.014610
98.329655
98.137167
97.509568
96.793042
96.874621
97.076312
98.227554
96.787904
97.219587
98.226567
96.931877
97.446337
97.856527
97.463990
97.766580
95.335117
97.231406
96.845289
97.647772
96.507245
98.948057
97.115717
98.553374
98.016539
98.575331
97.417246
97.457003
96.998230
98.378414
98.126433
97.718840
98.149414
98.222739
97.692006
98.005104
97.758236
98.305748
98.107298
98.116590
98.265589
98.344003
97.910528
98.222936
97.813907
98.279843
98.670867
98.695082
97.760871
98.480740
98.250033
98.569877
97.506328
97.589540
98.126667
98.291717
97.943010
98.295376
98.438464
97.699087
97.837424
98.518811
97.242440
97.306120
97.555807
98.668985
97.861248
98.234929
97.825377
98.457745
96.811547
98.196976
97.855965
98.605486
97.465377
97.378886
96.733330
98.251941
97.460940
97.443529
97.731048
96.558151
98.328169
97.876428
97.573183
97.868659
97.503950
97.680091
96.253100
97.931808
98.124212
97.661962
97.633208
97.994179
97.521970
97.765046
98.504006
98.234307
97.791346
98.018116
97.327861
98.349866
97.992241
98.226563
97.961456
97.921057
96.957799
97.986741
98.390978
97.722101
98.444149
97.566109
97.512461
96.966763
97.097921
97.463142
98.483170
100.000000
95.081437
100.000000
100.000000
100.000000
100.000000
99.819737
98.334027
100.000000
100.000000
99.881250
99.470624
100.000000
100.000000
99.315908
99.588106
100.000000
99.115553
100.000000
100.000000
99.501679
100.000000
100.000000
100.000000
100.000000
100.000000
100.000000
100.000000
100.000000
100.000000
100.000000
99.929643
100.000000
100.000000
99.287967
100.000000
100.000000
98.053970
99.733102
100.000000
100.000000
99.531779
99.249983
100.000000
99.196323
98.845448
100.000000
98.878056
99.081292
100.000000
98.608130
98.999135
100.000000
99.802159
100.000000
98.032254
99.277180
100.000000
100.000000
99.593403
100.000000
100.000000
99.606394
100.000000
100.000000
99.635409
100.000000
100.000000
100.000000
100.000000
100.000000
100.000000
100.000000
99.133018
100.000000
100.000000
100.000000
100.000000
100.000000
100.000000
100.000000
100.000000
100.000000
100.000000
97.782681
98.710320
100.000000
99.278097
99.733380
100.000000
100.000000
96.573352
99.333193
100.000000
99.950533
100.000000
100.000000
99.825166
100.000000
100.000000
100.000000
100.000000
100.000000
99.307941
99.739306
100.000000
100.000000
100.000000
100.000000
99.951419
100.000000
100.000000
100.000000
100.000000
100.000000
99.618215
100.000000
100.000000
100.000000
99.847517
100.000000
99.963840
99.790883
99.778686
100.000000
100.000000
100.000000
99.074463
100.000000
100.000000
99.941563
100.000000
100.000000
98.041797
99.756280
99.955134
100.000000
99.802007
99.923775
97.208122
99.813617
99.846892
99.915341
100.000000
99.377438
98.743905
99.812825
99.599224
99.906008
99.330369
99.742996
99.314936
99.589343
99.402608
99.436288
99.559474
99.368336
99.582645
99.562381
99.200276
99.456147
99.408306
99.583196
97.964527
99.330380
99.821196
99.828565
99.418287
99.731142
98.922763
99.102918
99.161620
99.654566
99.292759
99.432583
97.818227
99.268243
99.160667
99.916255
99.462101
99.623644
98.954670
99.746277
99.285603
99.816577
99.432031
99.675974
98.961072
99.512515
99.360681
100.000000
99.587212
99.500580
98.808984
99.497640
99.201421
99.544461
99.318566
99.281751
98.427295
99.396953
99.262595
99.886329
99.494551
98.464991
99.113017
99.143208
99.098754
99.539701
99.087362
99.098437
98.893431
98.859217
98.951705
98.973171
99.040480
99.219317
98.933810
99.068635
98.898224
99.489835
99.216699
99.173270
98.912815
99.125079
98.988328
99.561535
99.379323
98.815870
98.287141
99.829864
99.426972
99.938448
99.785209
99.382512
97.468702
99.395147
99.579506
99.782036
99.043333
99.258531
100.000000
99.645724
98.528303
98.737315
100.000000
99.591692
98.289640
97.043108
98.731685
99.038807
97.695412
97.567150
98.041507
97.820155
97.469717
99.345576
97.567249
96.383946
96.481475
99.509920
97.960345
97.193984
99.309775
97.901362
99.535557
100.000000
97.820746
98.673316
100.000000
99.257204
94.996307
98.804521
100.000000
98.524722
98.566999
99.902567
100.000000
99.414462
99.269762
100.000000
99.010422
99.731115
99.789258
99.147536
100.000000
99.587542
99.298731
99.771588
98.918184
99.027616
99.218548
99.041744
99.753242
99.454049
97.768505
98.120506
99.203557
98.299587
97.777054
99.722182
99.207969
97.742511
97.551104
98.353827
98.215210
97.680896
97.993548
98.420087
97.829179
98.239524
97.572785
97.951601
98.454777
98.601106
98.202199
98.110173
97.746327
98.682406
97.993703
98.685564
98.939526
98.639045
99.053788
98.317307
99.763190
97.595601
98.249155
97.531759
96.922313
96.780412
96.552798
97.006236
97.119352
97.799248
97.490085
99.020909
99.109855
99.132583
98.159856
98.931878
97.840328
98.204284
98.729924
98.216760
98.708126
98.763830
98.888992
98.254122
99.174619
97.857028
98.216738
98.303283
98.594388
98.406459
99.194142
98.078826
98.956649
98.788328
98.481923
98.358664
98.954050
98.071708
98.376562
98.698966
98.402173
98.381550
99.110327
98.454884
98.979954
98.732950
99.024820
98.849227
99.148065
98.250802
98.252174
98.130604
98.342557
98.708906
98.058077
97.947619
97.798683
98.685486
97.966985
98.543776
99.105375
98.726167
98.553927
100.000000
97.806048
98.112957
99.991079
99.020783
99.264087
99.296541
99.750822
99.577381
100.000000
97.106910
97.136161
98.734158
98.792748
99.646403
95.946778
99.112468
100.000000
98.029645
97.235087
100.000000
100.000000
99.164853
97.772371
100.000000
100.000000
99.613748
95.877005
98.620440
98.792924
100.000000
99.276310
96.367637
95.505965
100.000000
100.000000
99.034994
99.083940
100.000000
100.000000
99.786806
99.317285
99.487764
100.000000
98.075612
99.218764
99.215263
97.622102
98.046457
99.602241
99.272151
94.658161
97.875011
100.000000
99.920488
98.044757
93.558055
100.000000
99.263247
98.277810
99.412518
99.724967
99.266059
93.923079
99.197438
99.441104
98.304011
97.338892
99.724883
93.884173
96.605971
97.388608
100.000000
97.229065
96.429465
95.505659
99.709280
98.793920
99.382993
98.468021
98.743500
95.499962
97.290681
96.534374
98.965491
98.102919
96.772961
94.120798
98.337366
97.115632
98.672760
98.149354
97.767745
98.563839
98.180732
97.364451
99.216105
97.783262
96.449187
97.536391
97.867600
96.583806
97.854607
97.749661
96.734212
95.510956
97.726532
97.890903
97.782855
96.931822
96.890025
95.105575
97.446226
96.459192
97.613637
97.269333
94.530072
93.494257
97.778119
97.207744
97.579647
97.624846
98.179741
94.655282
96.907155
97.093165
99.003759
98.164075
98.360283
97.314807
98.403689
97.673567
99.201524
97.383512
97.919757
95.684012
97.557435
98.416783
98.588754
96.973282
97.838601
98.383871
97.657334
97.608338
99.172071
98.613954
98.039873
95.772183
98.099030
97.658767
99.365919
98.063005
97.849425
96.595656
96.571545
98.387177
99.654608
96.007739
96.595134
98.761870
98.686398
97.241949
98.704936
98.441649
99.396671
98.947437
98.228259
97.996023
100.000000
96.913848
94.405208
94.051387
98.250760
96.396161
96.229479
97.139608
99.722760
96.057622
96.667964
96.990681
96.158499
97.563006
97.379275
94.335653
96.137686
96.865382
96.999577
96.611426
96.114725
95.735615
98.109895
96.562567
98.373209
98.217524
97.361448
96.783933
97.522976
99.482147
99.650637
97.349695
97.910241
98.607309
98.148419
97.267119
97.980740
97.933435
98.454277
94.692880
97.302259
97.413410
98.592769
97.856426
96.428272
94.814923
97.524569
97.392756
97.734058
98.254190
97.653417
95.622221
96.673913
97.671995
98.560992
97.592137
97.689245
97.990170
97.962507
96.579153
98.293267
96.077155
97.737599
96.836633
95.657582
96.808078
96.981720
96.896256
91.808390
96.880421
98.085888
96.649300
97.854830
97.620812
97.174170
93.611265
97.566545
97.885724
97.751365
96.999882
96.791639
97.754669
96.717991
98.649737
98.742712
97.625345
98.247519
96.775563
97.843744
98.050652
99.429848
97.649234
97.865211
98.461207
97.073214
97.971728
98.201581
97.534912
98.765210
95.872915
98.305602
99.061935
99.239680
98.243641
98.801753
98.584767
98.501460
97.823760
98.972163
98.753564
99.365444
98.206006
97.857549
98.444714
98.985400
99.126101
98.650119
99.049987
98.284442
98.434605
100.000000
97.743605
97.715316
97.490829
99.391926
98.918256
97.608113
97.056173
95.948333
98.164641
97.490721
97.336918
97.819665
98.496265
97.902882
96.184004
97.577927
97.496875
98.058562
97.482630
97.233995
98.848042
97.776644
97.235540
98.560606
97.057609
97.124206
97.324957
98.436218
98.338475
98.827468
97.514297
96.772978
97.346854
97.315055
98.241108
98.144738
98.033083
98.083735
96.611210
97.708806
97.632302
98.655571
97.163765
98.504979
95.777787
98.784967
98.696846
98.852507
99.267210
98.164999
96.563700
98.309343
97.974067
98.387747
97.947414
97.710863
99.166873
98.069304
98.195941
99.055138
98.954074
98.479311
97.798367
98.063582
98.099294
99.397811
98.290528
97.038906
98.948447
99.061481
98.911105
98.920081
98.342991
98.560280
97.119827
97.943866
97.996632
99.475297
98.430269
98.272869
99.029542
98.779381
98.217568
99.135603
98.290908
98.890963
97.517810
98.847152
98.535458
99.738706
98.967140
98.403489
98.039123
98.353786
98.096685
98.640703
98.054667
98.972084
100.000000
98.291194
98.747492
99.681719
98.540771
97.414596
99.716153
98.380401
98.222594
98.946002
98.665033
98.296926
98.440848
98.865432
98.022648
98.940575
98.245905
98.273137
98.112125
98.000246
98.616098
98.390842
98.201565
97.978084
98.504970
98.604547
98.519961
98.387228
97.869310
97.909146
98.072409
98.924226
99.113075
99.574519
98.916886
97.962512
95.740476
98.583975
98.683400
97.972303
98.292592
99.525342
98.567640
98.955520
98.257688
99.422624
99.591885
99.012282
97.837647
98.761183
98.153436
99.022069
98.032383
97.978245
97.755068
98.752713
98.635083
99.282671
98.236839
98.033175
99.317167
98.112510
98.895076
99.182308
98.322863
97.642784
98.413719
97.218729
98.433236
98.595735
97.875333
98.480433
97.838928
98.406473
97.984345
98.605970
98.181721
98.779780
97.135921
98.223511
98.965766
99.285963
98.224517
98.022704
97.638342
98.139150
97.858127
97.841066
97.485257
97.871205
96.267471
99.204222
98.119306
98.719834
97.465792
97.103042
95.954691
96.608803
98.024330
98.219369
97.560462
97.118608
96.930110
98.839392
98.664449
99.025830
97.709380
98.523803
98.591636
97.014237
97.027508
98.606812
98.149088
98.538146
98.473336
97.880242
97.459413
99.820671
97.515756
97.958859
97.591577
98.243571
98.279436
99.030858
99.100502
98.860243
97.647793
98.393068
97.492340
99.377457
99.366267
98.690825
96.669909
97.319008
97.202153
98.101414
97.460161
96.999067
99.627061
98.264867
97.776684
99.025037
97.882462
96.519576
94.989471
97.820529
97.422906
98.122842
97.996210
96.150269
99.262190
98.238424
98.236314
99.687189
99.235948
98.097690
97.161013
97.955190
98.770232
98.350175
98.548984
97.879341
100.000000
98.727337
98.818304
99.476543
99.563172
99.229184
97.804093
97.945154
98.219242
98.583525
99.710674
98.179976
97.466263
98.980669
98.808266
98.822357
97.907121
98.107262
99.470286
98.040925
98.393473
99.399592
98.260440
98.593335
100.000000
97.669030
97.789744
99.062134
97.393334
98.809881
99.452313
99.303319
97.586735
99.643773
97.460265
97.217184
97.737375
96.835504
97.766757
98.889201
97.747454
96.349351
95.221860
96.076385
96.162127
97.417457
96.362995
95.446914
97.152342
96.963705
96.690532
98.102450
96.823167
96.942406
96.304420
96.487090
96.459288
96.675210
96.829163
96.525742
96.654093
97.762260
97.511968
98.184845
96.960169
97.516359
96.883312
97.442361
97.052815
97.422845
96.934920
97.337851
97.121036
97.964704
97.221521
97.989944
97.170140
98.195565
96.460393
97.358080
97.843008
98.779993
98.055033
98.573407
97.827594
98.218937
98.409602
98.676257
97.501975
98.125220
99.215614
98.161850
97.830173
99.511839
97.478926
97.752109
96.574219
97.778730
97.805005
99.078006
97.740456
97.664238
97.125767
97.910439
98.240867
98.641709
97.882630
95.637635
96.746342
97.749674
98.119610
98.155976
97.832952
98.053408
94.826602
97.508451
96.750528
97.026605
97.491397
97.239915
97.007752
97.736851
97.785342
98.896070
97.736276
97.565611
95.415103
96.698514
95.759149
98.509799
96.430319
96.937583
96.141462
96.668480
97.380579
97.424840
97.648808
97.214660
96.992994
96.526214
97.301171
97.943026
96.671095
97.509715
96.525385
96.972048
96.320385
98.787953
96.690155
97.071886
96.255487
97.041422
95.522307
99.510193
97.692037
97.610351
96.617204
97.838615
97.506561
98.185247
97.772188
98.215176
97.200112
96.684389
96.707673
98.359105
97.101405
94.727787
99.169795
99.099897
98.074083
98.793280
98.324987
98.173504
96.493064
97.921226
98.411677
98.669417
96.553770
97.161566
97.041069
95.853781
96.172760
98.616593
96.215969
96.599345
95.910049
97.293548
96.884960
98.289823
96.983102
97.710014
96.311336
97.062327
97.609889
99.150777
97.954278
97.973651
98.389308
97.862646
98.016412
99.311542
97.915967
97.515570
98.450562
97.199277
98.828559
100.000000
98.323801
98.237960
97.795578
98.008364
98.596790
99.836354
98.205307
98.188788
98.988062
98.284049
97.659751
99.664762
98.292404
97.501023
97.006158
97.445362
97.846490
98.690086
97.727781
98.796519
100.000000
98.956296
98.847915
100.000000
100.000000
99.722628
98.070744
99.333015
99.220055
99.839990
99.156886
99.524682
98.453831
99.986883
100.000000
100.000000
100.000000
100.000000
99.439477
99.934754
99.758792
100.000000
99.626855
99.551415
99.064628
98.886194
97.672407
99.504897
99.064357
99.156704
97.030040
98.633406
98.882261
99.503305
98.210033
98.656323
97.806918
98.298684
98.461276
99.290843
98.622051
98.980760
96.850542
97.529296
97.146880
99.082316
98.526706
97.993125
97.330121
98.311374
98.904637
99.148731
97.838137
98.681327
97.981726
99.021319
98.481334
98.813301
98.592939
97.408123
98.998108
98.569076
98.912057
100.000000
98.748298
99.109226
97.010684
98.599052
98.316015
99.252506
98.734669
98.296518
98.055112
99.626722
100.000000
100.000000
99.469119
98.895219
99.622630
99.035219
100.000000
100.000000
100.000000
100.000000
100.000000
100.000000
100.000000
100.000000
100.000000
100.000000
100.000000
100.000000
100.000000
100.000000
100.000000
100.000000
100.000000
100.000000
100.000000
100.000000
100.000000
98.707541
98.755008
99.837274
99.181506
100.000000
99.258276
99.394785
98.613986
98.656806
99.389739
99.822730
99.640975
99.093638
98.369625
98.840824
97.874270
99.021124
97.752375
98.315811
98.544991
97.526825
97.761231
98.954156
98.055147
98.434205
95.530157
98.085339
98.828102
98.034843
98.150925
98.194407
98.295371
98.046795
98.559703
99.493888
98.229769
98.440788
98.987855
97.993779
97.637669
100.000000
97.712667
97.080727
98.008330
99.181144
97.001470
98.629914
97.676619
97.335505
98.619379
97.214480
97.881604
99.365347
97.898298
97.859876
99.366180
97.773198
97.522072
99.601878
98.208884
98.806549
99.405969
98.507203
98.612995
99.880638
98.729799
99.523807
96.610744
97.701624
98.648116
99.437025
99.629117
98.773485
95.178464
97.075577
96.809592
98.283740
96.937956
95.857159
95.938294
98.600424
98.546628
98.893564
97.864181
100.000000
95.883742
99.206826
100.000000
100.000000
100.000000
99.769246
100.000000
99.741606
100.000000
100.000000
99.368440
100.000000
98.079760
95.479900
95.549899
97.681918
96.622344
96.026245
90.153285
96.496111
96.914728
98.977148
96.577433
96.403913
94.873528
97.480577
97.669029
97.769772
95.562430
96.281386
92.522493
97.511444
96.598552
97.834709
96.310644
95.254632
95.371298
95.613040
96.320251
97.257287
97.282587
96.962052
92.843893
97.242675
96.752113
98.276786
96.256303
97.388073
97.209099
97.428031
96.583135
98.354945
96.533291
97.043466
95.812205
99.378254
96.631364
99.388097
97.010522
97.944719
95.320374
97.868691
97.971509
97.306820
98.642711
97.585809
97.940597
97.943749
99.073267
98.332313
98.184320
97.124392
98.149427
97.876908
97.402934
98.454524
96.289070
97.479665
98.615452
97.731805
97.474609
99.598929
98.445239
98.765624
94.238843
98.103363
96.354398
99.769410
99.011637
97.723233
93.287700
99.032688
99.230301
99.047988
98.661652
98.988517
95.347262
99.201327
98.040151
99.402179
96.140614
97.841222
100.000000
98.641444
95.753335
99.897036
98.732896
98.538720
100.000000
99.515570
98.127261
99.440885
100.000000
100.000000
99.683807
98.780153
99.560168
100.000000
99.384186
98.807575
96.118711
99.298884
99.941815
100.000000
99.399323
98.355593
98.120385
100.000000
100.000000
99.756064
99.562783
100.000000
100.000000
98.248721
98.968022
100.000000
98.472748
99.555002
98.128973
98.294779
100.000000
100.000000
97.227549
99.230094
100.000000
97.508955
98.150302
100.000000
98.108777
96.575152
96.680598
95.927124
95.643853
96.059050
96.161177
97.136608
95.089844
96.826143
96.873393
97.956219
97.943501
98.223396
96.408642
98.633560
98.394174
98.387363
98.709107
97.438376
98.843790
98.913041
99.225471
100.000000
99.340234
97.420464
98.400685
99.856709
99.254270
100.000000
99.206776
99.326571
98.284430
99.701683
99.226343
99.530256
99.398134
98.861574
100.000000
100.000000
99.917054
100.000000
99.881434
100.000000
99.752929
100.000000
100.000000
100.000000
100.000000
100.000000
100.000000
99.624400
100.000000
100.000000
100.000000
100.000000
100.000000
99.537588
100.000000
100.000000
98.267921
97.436145
99.599629
99.985591
97.996489
100.000000
99.313128
98.124944
99.051124
97.331119
96.914480
98.852398
98.542107
98.731636
98.880447
98.784543
99.537892
100.000000
98.927938
97.812100
98.110498
99.506794
98.389278
99.235637
97.974101
95.429706
97.496775
97.926537
97.284291
99.011810
97.299840
98.391911
97.578661
97.459468
97.988722
97.302628
98.187726
97.940011
98.523479
97.652744
97.954061
99.261234
97.922544
98.547356
95.519071
98.650630
99.153900
99.242992
98.898411
98.600154
97.619099
99.411940
99.616461
99.704703
99.015966
99.368087
98.980317
99.475353
98.621931
100.000000
98.930232
97.736394
98.484384
97.721852
98.729967
98.680659
98.463260
98.865019
95.545368
99.252322
99.062720
100.000000
99.114296
98.603687
97.651086
98.941739
98.595936
99.673179
99.475680
99.889285
96.393414
99.141547
100.000000
99.891939
99.458594
96.433612
99.223212
99.061763
99.927185
100.000000
99.973841
98.562999
95.897827
99.850945
99.663992
99.938823
99.523154
99.824152
98.917854
99.635786
99.788362
100.000000
99.387087
100.000000
98.717603
99.911111
98.923884
100.000000
99.384277
97.985045
96.527107
98.781572
99.168618
100.000000
97.306300
98.778828
98.706757
99.185021
99.246733
100.000000
99.299265
98.884919
98.556474
96.826552
98.710431
100.000000
97.251707
97.974503
98.963058
95.532320
95.955491
100.000000
98.095258
95.377056
98.359940
97.707732
98.180004
98.803581
95.980255
97.620860
97.698739
97.496886
98.185142
99.408224
96.715859
96.363045
97.657435
96.804348
95.533775
98.124389
97.687855
96.137523
93.534417
93.802194
94.389768
96.230939
94.166863
94.189529
97.861042
93.186939
92.976639
95.860299
95.058876
93.133809
96.718809
94.024676
95.190414
96.594892
96.086068
95.991408
97.401790
96.843958
93.793377
96.759291
95.247214
96.711557
96.982299
95.943790
95.138742
97.899733
94.718300
94.631594
96.845670
95.208260
95.636138
97.634416
95.986212
96.289364
98.056504
95.292171
96.087135
99.010610
96.444629
92.167157
96.256676
94.212453
96.382292
96.600185
95.858386
94.386158
94.110596
95.916148
94.576663
92.392986
91.939897
91.139001
95.271737
95.637293
95.741338
96.212350
95.432656
95.754986
94.452271
96.983463
96.921918
97.159524
96.929018
96.519515
95.832630
97.948058
97.668211
97.743561
97.266672
98.010330
95.418534
97.270034
97.218010
98.505555
96.932132
97.055375
97.330196
97.524408
97.263214
98.794537
97.728887
97.409250
93.008486
97.754115
97.852368
98.478735
97.241907
97.649096
96.285428
98.299531
97.257046
98.395538
97.676338
97.761194
94.688143
96.472094
98.062013
98.641179
97.546466
97.434846
96.602896
97.640074
97.298100
98.806547
98.322725
97.316723
96.727926
97.182078
96.835120
98.532227
98.252930
93.216723
92.232988
98.497009
98.178421
98.395005
98.029491
97.656945
97.156684
98.479274
97.760786
97.778450
98.476695
97.581335
97.570173
97.515731
97.268381
98.009053
97.194599
98.367242
98.169473
97.205881
96.449550
98.853585
96.742742
96.034832
98.605837
98.014871
97.059106
98.100050
97.273593
96.185964
97.810255
97.606809
96.825505
98.525077
97.885110
98.051141
98.305983
97.517242
97.057513
98.839634
97.037473
98.010026
98.476317
98.257930
98.174419
99.013247
97.761475
97.058969
98.451058
97.809522
98.023328
97.702199
98.485366
98.628736
96.246456
97.253830
97.067563
98.186870
96.494341
97.486594
97.560403
96.543686
96.320981
98.796825
96.074954
94.652632
96.405793
96.221833
95.598784
97.365597
97.588589
95.175320
94.497894
97.016873
96.513346
97.462114
97.307713
96.767118
96.603788
94.883724
95.474694
98.194324
96.063985
95.465478
96.932110
96.528198
96.750148
96.622541
97.221024
96.164941
96.448198
96.979175
96.464025
97.229233
96.798588
96.859839
97.357977
96.376703
96.260896
98.092301
96.516200
95.688372
97.217956
95.458651
96.243187
97.624187
96.124761
96.675132
97.032598
96.846693
96.894083
98.147630
96.376662
96.406731
95.768025
96.700595
95.978112
96.816018
96.326668
96.531654
97.229190
96.795964
97.211809
97.598421
96.165027
95.867186
96.477122
96.321425
96.495742
96.903919
95.515475
95.970970
95.727090
97.112616
97.351549
97.564086
96.399870
96.146364
97.401806
96.176035
95.209979
96.821117
96.298673
96.871218
95.528551
96.188685
95.574682
97.300220
95.524918
96.430847
96.127721
96.614139
96.409724
97.704767
96.466422
95.566424
96.546769
96.393339
97.304606
97.911212
96.308152
95.770195
96.476167
96.593146
95.758553
96.947395
96.695372
95.945629
96.644454
96.939967
96.895233
97.433044
96.726096
97.370374
94.978718
96.862484
97.243038
98.002440
97.339299
95.580669
97.220916
97.461970
97.075024
98.245661
97.523421
96.719208
96.636114
97.542552
98.267636
98.071150
97.072099
97.924101
97.215493
97.984617
98.281544
98.786033
98.168149
98.203625
98.247331
97.621754
97.467137
98.565323
97.061950
98.245959
97.282639
98.323857
97.251131
99.088007
97.912310
98.081555
97.867591
98.211972
98.467590
98.774833
97.062531
96.999643
97.454919
97.226515
96.878659
99.380042
97.474092
96.438076
96.914843
97.367344
98.155198
98.492610
97.663120
97.804584
97.722412
97.415620
97.222171
98.277692
97.107343
97.099942
95.942371
96.477258
96.905234
97.983797
96.695488
96.692092
96.416695
97.091275
97.078852
98.355474
97.854076
95.810635
95.713359
96.171964
96.643712
97.422361
95.981627
96.999293
95.866406
96.347626
96.338863
98.517948
96.194872
96.794131
96.355409
97.290269
96.757115
97.913463
96.684030
96.975630
98.046947
96.939805
97.501952
98.434075
97.214693
97.145765
96.634230
97.145736
96.955138
98.620916
96.243509
97.138780
98.243958
96.223831
96.255638
97.743030
96.865919
97.686469
97.917081
96.907915
97.052188
97.690328
95.736982
96.161506
97.550020
95.275613
95.357163
97.973549
95.836631
95.655167
92.712881
96.024110
95.797269
97.137862
95.819657
95.122640
96.440412
96.459753
97.836323
98.527764
96.600982
96.908577
94.107896
96.601169
96.506524
98.199337
97.287569
98.017896
98.125114
97.374351
98.740077
99.762179
98.329494
99.012079
98.784864
98.999333
98.523244
99.520791
99.883265
99.225177
97.321274
97.804295
98.726129
100.000000
98.191096
98.106769
100.000000
98.820321
98.702951
100.000000
99.540790
100.000000
98.866254
99.436868
100.000000
100.000000
99.723455
98.193156
100.000000
98.506636
98.406466
99.970469
99.180993
99.764878
98.667158
99.349215
98.570506
99.446111
98.082490
98.338642
98.760878
98.323370
96.101471
99.576476
97.485994
98.699446
99.070338
97.251341
94.564571
99.145089
95.792658
96.577115
96.904075
95.783128
95.774299
98.527242
96.081065
96.473622
97.761236
97.405881
97.050399
99.530844
96.626576
98.798890
99.325430
98.250254
98.295774
100.000000
98.372624
98.432854
99.238680
98.605929
98.613758
100.000000
97.910014
98.449256
100.000000
98.230953
98.736266
100.000000
97.692416
97.200967
99.242652
98.351255
97.373829
98.819031
97.448570
97.854122
99.407829
97.912306
97.668004
100.000000
97.910856
97.715915
98.754617
97.311001
96.509241
98.989713
96.876980
95.893601
96.698121
96.125275
96.098052
96.610059
95.372496
95.163584
98.555583
96.418088
96.256461
97.701133
95.831630
95.870134
95.127521
96.570304
96.027042
96.395370
94.739029
96.110929
96.545084
94.986668
95.328650
98.907297
96.217484
94.458119
96.190904
94.056008
93.256403
96.838970
94.181956
93.987136
94.187947
95.977125
94.907408
96.934438
96.001504
95.827259
96.666033
96.865848
96.185295
97.507694
95.291921
95.522322
96.645895
95.277047
94.499375
97.058692
95.054234
95.352106
94.046562
95.415493
96.016531
97.185824
96.110806
95.572308
96.847870
96.908654
95.747251
98.087404
96.779499
96.408596
96.041874
96.672463
96.471744
97.417282
96.652900
97.481967
97.085717
96.725099
97.178937
99.314937
95.009386
95.223735
95.971435
96.366697
94.630221
96.619870
95.931120
95.953378
95.823136
96.193588
95.794664
98.473864
97.637376
97.607130
95.281818
98.108441
98.867652
99.411121
98.297518
98.156870
98.949851
97.760134
98.289134
99.518169
98.068078
98.156616
98.797656
97.681855
96.673823
99.456924
96.673707
96.407322
96.055127
97.798040
97.536808
98.157120
96.952857
96.790734
97.422725
98.379454
98.387646
98.671070
97.791071
97.258990
97.498910
97.945971
98.506642
99.508217
97.262083
98.187305
96.049801
97.095598
96.806439
98.239810
97.537542
100.000000
98.438131
99.254510
99.080691
100.000000
99.626681
99.167570
97.995054
97.966660
98.027239
98.170183
97.557984
98.028935
99.010807
98.670429
98.907537
99.532115
99.643433
99.682791
98.894264
97.686336
97.608717
100.000000
98.500134
97.066904
96.305121
97.601904
97.326362
99.126838
97.431909
98.545585
98.328661
98.487926
97.938380
98.588965
97.861283
98.956951
98.148012
97.674480
98.520649
100.000000
98.433739
98.194679
97.527217
98.649856
100.000000
99.854485
98.368483
98.243503
99.926442
98.664985
98.694150
100.000000
100.000000
98.441131
97.727322
98.467090
98.168875
100.000000
98.744327
97.436388
96.748084
99.400058
97.100382
99.158938
97.238211
97.523637
99.623045
97.001011
96.573077
97.709923
97.036608
96.849175
97.200508
98.450878
98.259445
98.886591
97.499294
97.593122
98.387354
98.590428
98.677909
99.176686
98.338661
97.907183
99.146056
97.606210
97.282096
99.820401
98.993826
98.113694
97.694039
99.548363
99.962901
100.000000
98.478797
99.364085
100.000000
100.000000
99.933481
100.000000
99.610613
99.961495
100.000000
98.257692
98.189803
99.526281
98.826752
98.703915
98.977587
99.226937
98.412019
100.000000
97.779049
97.947132
97.827948
96.962308
98.305938
99.349223
98.501150
97.012341
98.883941
98.331236
98.191050
98.732280
98.683999
97.822986
97.832314
99.567586
99.256517
98.897313
99.500906
98.292243
100.000000
97.784729
98.032793
99.241220
97.804208
98.476615
97.464221
97.781421
98.260276
98.958524
98.694146
97.780661
97.672150
98.579477
98.111229
100.000000
97.838436
97.896148
97.991032
96.858494
97.506985
98.404112
97.143662
96.977847
97.667343
97.575255
97.591709
99.872056
98.052452
97.790768
96.090993
97.116808
96.551328
98.006085
96.881063
96.657011
97.835036
96.943958
97.099334
98.562143
97.404747
96.888104
96.660748
97.124409
98.856406
98.079856
97.978787
95.680385
97.334787
97.219269
97.881085
98.389613
97.661963
99.115426
98.114231
96.627556
96.412074
100.000000
100.000000
99.856684
99.982454
98.283445
99.648120
100.000000
99.305341
97.427656
99.907419
98.713623
99.484191
99.348620
97.680909
98.301371
97.118091
98.716977
96.037686
98.781499
97.701447
98.206787
97.312720
97.780267
97.496079
99.083324
96.822995
97.027794
96.465438
96.510722
96.875577
97.980172
96.446938
96.116152
96.040618
96.281599
97.295762
98.321312
96.351458
96.456959
97.660562
97.542870
97.509794
99.388253
97.154765
96.699271
96.371438
97.695460
97.808769
98.071284
97.669425
99.778268
