94.769781
93.671215
94.948925
93.696711
95.134240
93.674715
95.461786
93.868694
95.425638
93.664272
95.400665
94.217882
95.856234
93.743790
95.684314
93.605294
95.674843
94.106917
95.661710
93.869364
96.368174
93.545619
95.415080
94.150893
96.442368
93.811752
95.940001
93.870083
95.647378
94.242152
96.128109
93.661381
96.155520
93.763877
95.390401
93.889442
96.394864
93.954613
96.035304
93.481117
95.595028
94.474510
96.186528
93.851230
96.378973
93.927673
95.819401
94.155441
96.355321
94.309179
96.053151
93.931844
95.834784
94.335821
96.347944
93.962970
95.852199
95.882902
94.093341
96.326384
97.016042
94.125840
96.248164
93.696958
95.869616
93.917233
96.850805
93.938496
95.771092
93.849824
95.860676
93.876124
96.674279
94.265152
96.115601
93.419929
96.014267
94.301700
96.375859
93.991168
96.134402
94.577180
95.937419
93.526426
96.093973
94.471267
95.760371
92.971627
96.331523
94.521464
95.974841
93.829987
96.593366
93.275806
96.411128
93.881905
97.056429
93.596084
96.561888
93.633394
96.173660
94.334733
95.478580
94.734709
96.937576
93.074917
95.274754
94.996543
96.717189
92.326065
96.127524
93.956658
97.196326
93.961256
93.404765
94.052320
96.715435
95.963578
93.011859
97.954846
96.712519
94.325245
96.551287
93.996201
94.921503
95.162921
96.291904
91.245696
96.874579
93.859282
96.021842
93.684788
95.197045
94.259414
95.697457
94.243788
96.192089
93.526052
95.473188
93.604844
95.932633
92.466116
95.970562
93.025944
95.560685
93.127709
95.375923
93.207778
94.943075
93.301792
96.197810
93.277947
94.697144
92.494188
94.640052
93.505488
95.422224
92.787579
94.578711
92.518061
94.691089
92.729476
95.118905
92.326266
95.104886
92.338311
94.958654
92.546913
94.905190
93.460289
95.187997
93.114120
94.973053
93.565120
95.859252
92.222037
95.076438
95.997384
92.671571
95.374864
97.395519
93.873111
96.345358
93.308541
96.716167
94.917166
95.336481
94.270101
97.016327
95.214479
96.950505
94.977424
98.068455
93.825960
98.402832
95.144151
97.582985
96.320258
96.325997
95.357959
97.855909
93.532892
97.807951
95.698263
99.332707
93.011180
94.177024
93.444909
96.775923
94.581006
95.474807
95.738281
96.644308
95.778690
96.796283
96.026726
97.348567
96.948480
97.477075
97.131945
97.795784
97.153641
97.321740
97.106611
98.754109
96.366347
97.754819
97.955549
98.220277
96.905254
98.426404
96.720757
98.962555
96.836768
97.518844
96.720183
98.532401
97.681783
97.388855
98.287218
99.300782
97.506393
98.114618
97.026609
98.633473
97.551633
99.216021
96.750854
98.465925
97.075576
97.832045
97.196322
99.929266
96.447139
97.823462
97.210877
97.883879
97.460101
98.830214
96.787975
98.355291
97.291350
97.446383
97.238622
99.219390
97.530122
99.234364
96.564910
98.047524
98.566488
99.648266
95.858483
99.660624
98.180451
98.710379
97.143006
100.000000
98.431751
99.296366
97.157330
99.486222
97.670160
99.490916
97.294132
100.000000
97.846771
97.523154
95.695746
100.000000
96.600724
98.713390
95.848013
98.962737
95.082759
94.293871
97.402528
99.564645
98.443206
98.007816
97.218728
99.976709
98.757694
99.965199
97.179702
99.528125
98.495780
96.706945
97.383137
100.000000
97.758885
98.954718
98.291180
99.690875
98.564974
98.474192
97.108074
99.190350
97.971473
98.451946
98.651203
99.341359
96.413918
99.117630
97.790051
99.252686
97.804021
99.245256
97.290522
98.526719
96.330326
92.663805
96.078765
99.457801
96.170764
98.879757
98.245667
97.757357
96.105170
99.241719
96.096847
98.808625
98.141743
96.074188
95.418353
99.492064
96.533281
98.551268
98.541443
99.132281
97.466153
99.282830
97.624701
99.344826
97.774151
97.904635
97.270019
98.540354
98.280823
97.099985
97.384584
94.457950
95.250291
98.483571
95.488772
97.614171
96.210466
98.576228
96.146489
98.234980
95.999478
98.076606
97.606484
97.518366
95.214372
98.618448
97.255964
97.722196
96.960473
99.176566
96.784865
98.582094
97.518101
98.486845
96.797173
96.384254
96.252835
99.259879
96.355717
97.550121
97.366561
99.396939
96.816343
98.518359
96.406962
98.513376
97.751511
97.259361
96.817145
98.750471
97.531516
97.908068
97.586103
98.221584
97.431448
98.610884
96.746101
97.995217
97.601232
98.886977
97.150845
99.047258
97.551184
98.756383
97.754511
97.475619
96.468952
98.808376
98.706010
95.913831
97.253004
93.115075
95.755113
97.768418
96.137565
97.812439
96.659185
94.251128
97.029254
97.994172
97.437159
97.806293
97.352088
96.847153
96.044771
98.605811
95.880465
97.638694
97.351062
96.046425
95.810838
99.437851
96.918809
97.740035
96.943028
95.791053
94.793668
98.065772
96.032315
97.661251
95.824340
95.913877
96.105787
97.829716
95.721731
97.506649
96.052634
96.707196
93.995326
98.507150
96.008381
98.363103
96.863277
92.509225
95.946636
99.438582
96.631925
97.691420
96.918464
97.691875
95.729540
97.950398
95.934568
97.591588
95.776765
99.078169
95.820104
98.055220
98.100657
96.447781
95.068571
99.874177
95.505541
98.733873
97.046397
99.123710
98.125600
94.702388
96.818595
97.643211
96.639550
98.637880
96.458790
93.756091
95.022367
98.339485
94.990395
96.440797
96.181378
96.615971
92.681686
98.244807
96.258601
97.684674
96.937567
95.595015
94.141763
98.899767
95.370728
98.297337
96.231754
97.939886
96.015557
98.201525
96.338980
98.574681
96.994527
97.909315
96.473746
98.377959
97.064937
98.275502
97.193137
98.254994
96.890325
98.254521
96.873490
97.022972
96.647061
97.273740
96.552682
99.336021
97.577562
98.514668
97.827336
96.775213
96.026722
98.661555
98.428425
97.217170
99.182556
99.150848
96.955970
98.629890
96.802956
98.306849
97.576124
98.581629
97.173965
98.717529
97.083341
98.274025
97.745612
98.418341
97.363894
97.278648
97.554214
98.408509
97.129042
98.874559
97.415611
98.430592
97.364648
98.252185
98.014506
97.480510
97.103140
98.465764
97.214686
98.312176
97.794474
98.043859
97.424171
98.519502
96.907166
98.387476
97.745248
97.907579
97.617766
98.542505
97.116241
98.516130
97.710508
98.184776
97.339850
98.624789
97.088262
98.252101
98.004234
97.940597
97.066247
98.763829
97.357603
98.583874
97.738672
97.809628
97.126221
98.494016
98.696550
97.310153
97.886183
98.098519
97.230813
99.135877
97.169180
98.480333
97.818115
97.988331
97.342603
98.643583
97.606847
98.467445
97.539944
98.052738
97.795993
98.516504
97.222278
98.437784
97.566057
98.276177
97.450067
98.507795
97.332403
98.377475
97.450121
98.199275
97.274846
98.631587
97.708805
98.467141
97.831472
98.619430
97.381743
98.475487
97.627074
98.191584
97.527090
98.687368
97.206188
98.984553
97.762251
98.441790
97.671691
98.617349
97.391206
98.499370
97.082951
98.536890
97.529824
98.410130
96.814620
98.637456
96.898565
98.326113
96.915716
97.631025
97.372391
98.442398
98.459483
97.377616
97.415001
98.461261
97.944320
99.029445
97.324521
98.455361
97.754396
98.561197
97.657755
98.764812
97.508320
98.760929
97.352680
97.958668
97.498257
98.738807
96.963122
98.507191
97.538917
98.623467
97.348852
98.453096
97.312275
98.378419
97.374092
97.988650
97.180109
98.896861
97.147129
98.668413
97.353982
98.313158
97.482465
98.393232
97.196638
98.439484
97.104347
97.543113
96.977140
98.951794
97.224574
98.103838
97.648892
96.740149
97.305715
98.892728
97.593481
98.592555
97.531122
96.959288
97.053647
98.567122
96.680284
98.261891
97.388787
96.779741
97.083712
98.336820
98.660418
97.042846
96.889363
98.840348
97.829462
98.499666
97.487364
98.886410
97.984418
98.354660
97.057460
98.548887
97.206868
98.188361
97.281368
98.806935
97.421624
98.698939
96.883787
98.692758
96.908643
97.449826
97.393686
98.575805
97.011812
98.675550
97.317832
97.288668
96.798323
98.364216
97.443954
98.437880
97.453849
96.009974
96.343403
98.786572
96.405219
98.344436
97.248342
97.290678
96.440177
98.707438
96.606448
98.195983
97.641029
97.735532
97.083325
98.348384
97.191825
98.232345
97.369503
98.356271
97.254517
98.611435
97.618617
98.568561
97.535966
97.518730
97.476824
98.572125
98.401923
97.545147
97.779620
98.206504
97.949652
98.808219
97.361922
98.544920
97.401040
98.680086
97.575379
98.729255
96.928108
98.678414
97.964300
99.531122
97.421872
98.630026
97.264235
98.847981
97.572885
97.780818
97.511823
98.277169
96.805893
98.672423
97.148231
97.564239
97.479425
98.553899
97.266501
98.091840
97.682696
98.215983
97.015689
98.286769
97.244745
98.334124
97.213814
98.490598
97.633970
98.458081
97.034228
98.517084
97.482370
98.163743
96.925881
98.699427
97.099703
98.206385
97.416820
98.068244
97.532079
98.723320
96.913467
98.394943
97.667435
97.697219
96.945507
98.551625
98.664343
97.533043
97.555924
98.485607
97.100213
98.872580
97.558687
98.716782
97.773553
98.170982
97.315370
98.750403
97.329805
98.578678
97.692762
98.132611
97.337610
98.550092
97.295580
98.334222
97.644774
98.207550
97.440219
98.479271
97.106805
98.457453
97.425092
98.156705
96.846804
98.942087
96.632805
98.202649
97.212716
97.970782
97.116718
98.715846
96.973985
98.761132
96.782773
96.569028
97.137341
98.722526
96.758938
98.783498
96.599660
96.591722
94.614947
98.467649
97.115691
97.017197
96.754804
98.433736
94.526620
98.587773
97.389393
98.276446
97.083078
96.099755
96.569974
98.196639
98.310593
96.331720
99.379627
97.070688
97.145776
98.563157
97.329151
97.297315
97.011869
97.420242
97.097371
98.329981
96.588102
98.485660
97.302857
97.512402
96.869566
98.429265
97.243776
97.730264
97.229240
97.870048
97.338424
98.463933
96.866068
97.473118
97.271747
98.246492
97.350152
98.798116
96.721641
97.984518
97.418884
97.120450
95.959604
99.035800
95.988888
97.878974
97.532900
98.025281
96.396836
98.871804
96.905559
97.836031
97.125004
97.471683
97.761338
98.908385
97.179825
98.031418
98.034042
96.865933
97.169541
98.893406
97.063741
98.802945
97.522643
96.971383
97.189301
98.628875
98.704596
97.086607
97.170677
98.371849
96.811399
98.801750
96.710849
98.606186
97.469806
97.202476
96.522695
98.823417
96.234667
98.653647
97.497008
97.660283
96.463947
97.603852
96.763211
98.282508
97.390657
97.344883
97.147579
98.487862
97.043508
97.536322
97.245800
96.771471
96.596448
98.601561
96.176396
97.793211
97.226997
97.411425
96.049698
97.614823
96.106918
98.086582
100.000000
94.620540
99.711980
100.000000
98.000607
100.000000
98.449768
97.910412
99.723067
100.000000
98.223070
99.679126
100.000000
100.000000
98.955589
100.000000
99.871675
99.883129
100.000000
100.000000
98.975462
100.000000
99.980440
100.000000
100.000000
100.000000
99.987192
100.000000
99.931347
100.000000
99.989431
100.000000
100.000000
100.000000
99.294896
100.000000
99.974707
98.209862
99.612978
100.000000
100.000000
100.000000
99.322725
100.000000
99.351704
99.997875
100.000000
99.957212
99.074812
100.000000
98.644919
100.000000
100.000000
100.000000
99.818558
98.228209
99.387111
100.000000
99.186466
100.000000
100.000000
100.000000
99.816073
100.000000
100.000000
100.000000
100.000000
100.000000
99.805106
100.000000
99.961111
100.000000
99.552504
99.096400
100.000000
100.000000
99.951638
100.000000
100.000000
100.000000
99.511379
100.000000
100.000000
99.698387
97.883290
98.926519
100.000000
100.000000
99.586728
100.000000
99.725205
96.264761
99.191163
100.000000
99.794836
100.000000
100.000000
99.855936
100.000000
100.000000
100.000000
100.000000
100.000000
99.275757
99.415826
100.000000
100.000000
100.000000
99.710515
99.871491
100.000000
100.000000
99.796171
100.000000
99.798581
99.414401
100.000000
100.000000
99.615590
100.000000
100.000000
99.998029
99.872322
100.000000
99.958686
100.000000
99.396264
99.019071
100.000000
100.000000
99.480616
100.000000
99.587719
97.943542
99.367417
100.000000
99.825692
99.817669
99.319573
97.234969
99.364224
99.803470
100.000000
99.485988
99.471562
98.712917
99.713056
100.000000
99.393539
100.000000
99.804460
99.570698
99.378208
100.000000
99.404701
100.000000
99.328760
99.692132
99.319698
99.833415
99.211371
99.833724
99.331502
97.998864
99.034190
100.000000
99.284275
99.744422
99.234757
98.951673
98.953070
99.678330
98.939574
99.608116
99.054631
97.841115
98.934311
99.644833
99.224014
99.797662
99.179423
98.882201
98.985159
99.939269
99.075183
99.808700
99.189723
98.918158
98.829863
99.913373
99.315271
100.000000
99.100467
98.868041
98.711566
99.731487
98.890524
99.671458
98.788887
98.491629
99.142760
99.689284
99.917893
99.012425
98.464828
98.996733
98.603926
99.559812
98.604176
99.523973
98.713653
99.141950
98.344743
99.361220
98.342483
99.217252
98.670727
98.905738
98.588280
99.320818
98.429676
99.356487
98.594856
98.806651
98.691537
99.472083
98.474411
99.592768
98.227319
98.131318
99.098208
99.677359
98.746692
99.737422
98.324728
97.062440
98.296953
99.649166
98.616432
99.471583
98.750504
100.000000
98.932877
98.994057
98.098667
100.000000
98.997597
98.133408
96.583467
98.926229
98.075426
98.195263
97.028466
98.251709
97.809749
98.614835
98.244219
98.489267
96.660269
97.912151
99.907079
99.226513
98.903669
99.358335
99.164078
100.000000
100.000000
100.000000
98.778909
100.000000
99.808454
97.916611
98.524638
100.000000
98.807168
99.663319
99.856540
100.000000
99.389699
100.000000
99.698861
99.510983
99.562223
99.960457
98.788407
100.000000
98.540339
99.444495
99.391308
98.794484
98.915100
99.520825
98.099488
99.563052
98.608713
97.579827
97.660827
99.594523
97.400061
98.267871
99.052763
99.021188
97.627339
98.166473
97.621865
98.638108
97.365275
98.000688
98.275957
98.208914
97.635247
97.942227
97.356120
98.475825
98.095569
98.198523
97.069687
97.645715
98.284916
98.150092
97.940154
98.809101
98.605966
98.166050
98.420849
100.000000
97.772331
99.142262
97.449644
98.298392
97.742339
98.576882
98.008184
98.574897
98.294373
98.452060
98.789261
99.480552
98.925308
98.694451
98.236030
98.130198
97.850952
98.838461
97.594619
98.716710
97.285548
98.556129
97.419427
98.884006
97.189519
98.267216
97.150518
98.440647
97.610047
98.955753
97.333264
98.869973
97.465347
98.236235
97.450379
98.620381
97.520881
98.522072
97.679300
98.386582
97.475191
98.744052
97.678911
98.969089
97.304661
98.823460
97.720688
98.796387
97.396370
98.056226
97.060943
98.034614
97.955047
98.078369
97.336580
97.875263
98.645822
97.310556
98.658047
99.371392
97.956072
99.565624
98.354669
98.845572
96.902487
100.000000
95.115424
99.493209
96.714912
99.507895
97.916699
99.938373
96.239994
97.203375
96.685218
98.836634
98.252063
95.686383
97.207977
100.000000
96.970648
97.889447
99.771155
100.000000
97.250480
98.548504
98.556976
100.000000
97.717165
95.711454
96.058186
99.840485
99.212668
99.224316
95.456453
95.242041
100.000000
100.000000
95.924184
98.411706
100.000000
100.000000
99.135023
100.000000
98.109804
100.000000
98.003530
99.438878
98.810817
99.855320
96.678548
100.000000
98.523823
95.584287
96.773069
100.000000
100.000000
97.733199
94.631868
100.000000
99.081067
100.000000
98.269518
100.000000
99.378303
95.334215
97.324886
100.000000
95.765920
99.030362
99.520206
94.368766
94.830483
99.798036
97.453247
99.490427
97.015391
96.498181
97.800709
99.919447
97.478711
98.989361
97.508368
96.231974
95.892005
98.855951
97.199669
99.046845
96.938761
95.209282
97.279062
98.595096
97.171625
98.242994
97.173888
99.603088
96.712302
99.802832
98.027178
98.678053
97.802192
97.936185
96.557628
99.027613
97.884639
97.785309
97.767347
96.389937
95.863396
99.160100
95.889670
98.714780
97.084546
96.080234
96.382825
98.427396
98.372795
96.604054
95.967425
94.045900
97.026226
98.090737
95.914116
98.379658
96.128023
94.269432
95.183036
98.732169
96.999333
98.721149
98.344680
97.591720
97.003646
99.187786
96.518482
98.112338
97.633969
95.561605
95.310853
99.385445
95.959055
98.740259
97.177254
98.480889
95.271958
99.251268
96.867079
98.494115
97.486587
96.232392
96.269547
99.822213
96.773958
98.481561
97.170752
96.898093
95.571048
99.878748
97.545424
97.788598
96.334965
99.077551
97.138936
99.196304
97.569517
99.544931
98.938636
99.423912
96.833385
99.444862
98.464501
98.854323
95.853304
94.750702
96.882080
97.804199
96.501433
96.619890
99.903353
95.301609
95.242994
97.082818
94.658411
98.148821
97.271257
97.022219
94.961384
98.045143
96.147653
97.544509
96.491757
96.406841
95.860622
98.011416
96.728131
97.665397
96.168732
96.865903
95.274569
99.164816
95.634255
97.691007
96.806760
98.564719
94.624834
98.846610
95.083483
97.889018
95.636313
94.655293
95.746486
98.007287
96.361702
97.879941
94.977487
94.298888
95.456082
97.388777
95.917930
97.744647
96.377735
95.292034
96.121426
98.173179
96.336410
97.629138
96.108317
97.610252
95.575493
98.438226
94.717080
98.109342
95.567578
96.548920
94.435182
98.115291
97.844298
95.467552
92.474755
96.650797
95.370361
98.438729
95.876203
98.319193
96.314434
95.462154
95.681698
97.597229
95.823233
97.871289
95.554479
97.488903
94.253424
98.117701
95.487148
98.273017
96.989854
96.441869
94.443305
99.032096
96.395317
98.244611
95.669367
98.894983
94.331562
98.553097
94.768720
97.011295
96.525764
95.545218
96.344034
99.459910
96.711714
98.554196
97.785466
98.062097
97.120507
99.021223
97.333646
99.427482
97.673864
97.750524
95.775214
100.000000
96.990016
99.527561
98.164541
99.045437
97.232247
100.000000
98.908225
99.677349
98.127487
98.374281
98.412727
100.000000
98.399136
97.386105
98.105557
98.439777
97.143542
99.218017
97.669537
99.520543
97.744232
97.864074
96.977378
99.136941
97.709056
99.212347
97.743271
99.183084
96.884291
99.700369
97.808427
98.813719
97.410596
97.637469
96.466241
99.748577
96.180309
98.261974
96.834844
97.707303
95.696574
99.296876
95.884075
98.424859
96.853076
96.881179
96.867951
98.394963
97.140288
98.172074
97.681494
95.565809
96.917647
99.005915
96.968749
99.128573
97.442556
96.574810
97.121943
98.537097
97.385488
98.231915
96.927882
99.098930
97.277603
98.771722
97.574774
99.178051
97.719037
97.957441
97.881252
98.979986
99.494417
98.643600
97.516673
99.013121
98.021500
99.749517
97.950468
99.200236
98.635922
98.237800
97.621631
99.471178
98.819260
99.517324
98.253950
99.244470
97.630072
99.454084
97.852423
98.728521
98.625658
97.529099
98.235561
99.571543
98.877440
99.897815
98.407929
98.137709
97.705254
98.860941
97.757894
98.811323
98.641684
100.000000
97.009553
99.919903
98.238329
99.017288
98.150698
99.892034
97.216211
99.717193
97.493462
99.284207
98.518674
98.504309
97.586930
99.158952
97.873011
98.787857
98.279111
98.381364
96.913981
99.168241
97.814935
99.090837
98.246961
99.150395
98.088152
99.627398
98.981589
98.051375
98.370807
98.234483
96.769954
99.870148
97.123018
99.749629
97.519388
96.810106
97.607306
98.837241
97.201144
98.403706
99.109387
98.715774
97.887643
99.189364
97.603930
100.000000
98.593155
97.865993
97.533060
99.144024
97.724763
98.813213
97.693177
97.793752
97.287511
99.372276
97.892597
99.027057
97.781517
99.234778
97.207246
99.552698
98.062346
98.792472
97.390877
98.322474
96.372754
99.124783
96.844316
98.874075
98.022216
97.895250
97.550987
99.333235
98.114995
98.897328
98.767279
97.343745
97.479835
100.000000
97.823393
99.184457
98.076974
97.953635
97.664599
98.911334
98.417054
97.043349
98.629383
96.087567
97.787027
98.463791
96.062808
98.477929
97.089942
96.499489
95.587452
99.205786
97.426195
98.206495
96.652359
97.026202
97.371521
99.101371
96.830863
98.333043
98.210171
98.356565
96.123452
98.815106
96.663017
99.470598
97.542522
98.553106
95.875451
98.681339
97.073333
98.079180
97.308917
97.661916
97.207073
98.906148
97.428341
99.355556
97.980772
97.511549
97.276667
99.415740
96.666214
99.288714
97.304189
96.691753
96.641384
98.463623
96.890401
98.407314
97.176109
99.434057
96.950256
98.760657
97.012334
98.778004
97.230870
95.429164
97.148185
99.177661
99.475936
98.478377
96.901147
99.285247
97.007236
99.609612
98.355066
99.800809
98.129531
98.416948
97.126783
99.320072
97.428982
99.025833
97.602421
100.000000
97.335333
98.951724
97.561794
99.329168
98.209418
97.679203
97.301866
99.595980
97.325221
99.834795
97.387289
97.488617
97.339777
100.000000
97.161624
99.131298
98.095684
99.551255
97.284487
99.760240
97.866765
99.757536
98.136599
100.000000
96.849980
99.907707
97.920176
99.183419
98.110441
99.676677
97.639744
100.000000
97.511998
98.498749
96.481103
98.179607
95.791717
99.351894
97.127239
98.659926
96.061687
96.148766
95.097106
97.343458
98.000900
95.861282
95.421765
95.837465
94.877214
97.756086
96.769932
97.643743
96.067993
96.214765
94.806309
97.236387
95.396405
97.463119
95.052198
96.029320
95.459073
97.676954
96.109983
97.642410
96.383257
96.764624
96.417494
98.679560
96.694665
97.530226
96.907352
97.371210
96.888133
98.475134
97.073409
97.949774
97.640871
96.470980
96.327092
99.172905
96.659310
98.621541
98.233437
98.062065
97.058073
99.764433
97.282142
98.484046
98.029523
99.238415
96.720821
99.831240
97.803594
99.053370
97.843575
96.974587
96.726732
99.873319
97.509315
99.055685
97.244541
98.122193
96.039479
100.000000
98.625525
97.606014
96.948101
95.989033
95.637672
98.695847
96.607722
97.763894
97.072363
95.264564
96.532453
98.220117
95.183785
98.926170
96.510831
96.691615
95.083122
98.868968
95.972938
97.396541
96.448224
95.327173
94.293921
97.119156
94.782960
97.101913
95.261948
95.375493
95.056870
97.550277
95.044430
97.770460
95.681228
96.497715
94.710451
97.940733
95.543822
97.713623
96.275095
96.008389
95.485249
98.512230
96.194214
98.067763
96.837664
95.720204
94.306026
97.614300
96.044526
98.425392
96.628386
96.253717
97.442293
98.896124
97.376176
98.658649
97.917121
98.173241
96.519114
98.746214
99.120671
97.456742
95.676056
98.743046
96.839749
99.277321
96.405705
99.818254
97.421866
97.332042
95.779054
99.516330
96.185135
97.621840
96.741256
97.247848
93.844722
97.669431
95.424059
97.073134
93.750036
96.236761
95.493630
97.489077
94.252390
97.251026
95.099888
95.863211
95.208323
97.877463
95.892430
97.919343
95.882106
97.491295
96.346153
98.768444
95.923335
97.920744
95.881102
97.721729
95.527572
99.264017
97.558639
99.083695
97.011626
97.046948
96.862110
99.161178
96.900234
98.922738
96.671437
98.293652
97.237694
98.959284
96.741094
99.717990
97.336439
97.331666
97.147905
99.969445
99.894160
97.355945
99.316749
99.016546
97.584216
99.851980
98.829885
100.000000
98.409326
99.222166
97.701631
100.000000
98.839668
100.000000
98.615158
98.606143
97.916608
100.000000
98.616172
100.000000
98.877375
99.646496
98.441047
100.000000
98.496436
100.000000
99.577445
99.552712
97.157792
100.000000
97.851230
100.000000
98.612664
97.670397
96.995264
99.864913
97.650791
99.426013
98.108014
98.170162
96.463871
99.238069
96.894035
99.373307
97.847851
97.371748
95.564581
99.439418
97.434966
99.714126
97.382230
97.581487
96.883983
100.000000
97.902846
99.551192
98.599359
98.704035
98.709382
100.000000
100.000000
98.961490
98.328912
99.172608
97.768864
100.000000
99.058172
99.654102
98.649519
98.132132
97.795374
99.628779
98.436457
99.503647
97.772504
98.092631
97.335365
100.000000
98.363577
99.704587
98.999584
99.656326
97.570584
100.000000
99.114230
100.000000
100.000000
100.000000
99.175693
100.000000
99.582531
100.000000
100.000000
100.000000
99.281017
100.000000
99.685717
100.000000
100.000000
100.000000
99.220635
100.000000
99.635532
100.000000
98.688577
99.134451
97.486799
100.000000
97.853781
100.000000
98.563915
98.785140
97.086975
100.000000
97.504981
100.000000
98.659138
99.223651
96.718571
99.552468
98.778359
97.123540
98.807363
97.246086
96.113069
98.503588
97.075104
98.476823
97.515423
97.394783
97.223946
99.052461
96.531843
98.646456
97.656700
98.079259
96.489942
99.015534
96.808003
99.061674
96.802527
98.492427
97.597684
99.218361
98.544836
99.249136
97.172639
97.621061
97.952857
98.699808
97.240806
99.123679
97.373889
98.488164
96.413603
98.670522
97.650003
98.671745
97.016435
99.347545
97.508379
98.846346
98.391235
99.278262
98.230956
99.186848
97.788488
99.713170
98.056753
99.703207
99.048069
96.300861
97.455038
100.000000
97.622013
100.000000
97.680015
95.427490
97.288950
99.033843
99.196061
97.879065
96.454084
95.977857
98.023241
99.900100
97.783996
98.732368
100.000000
97.110745
98.624776
100.000000
100.000000
100.000000
99.942468
100.000000
98.918519
100.000000
98.772754
100.000000
100.000000
98.466823
93.720986
96.800625
94.804455
99.018381
96.480957
89.904902
94.687619
98.532565
96.868567
97.906510
95.084201
95.093389
96.808050
98.162438
95.764330
96.736793
96.153263
92.366474
96.806846
97.982099
96.990563
97.168405
94.827375
95.480895
94.527660
97.564189
95.204018
97.748190
95.785875
92.791736
95.800303
98.252200
96.321606
97.754194
96.747480
97.449367
96.775963
98.310738
98.536355
96.444005
97.589588
96.081763
97.803780
98.524749
98.347789
98.606440
98.331769
97.081025
97.340106
98.842321
96.882687
98.860864
96.978299
97.864481
96.288499
99.234199
96.729389
98.280547
96.370533
97.901683
95.622543
98.690470
97.283758
98.423598
97.019937
99.018278
96.385979
99.014241
96.317009
99.325593
96.953393
94.423371
95.361613
98.751027
97.244306
99.204711
96.839987
93.877034
97.527074
100.000000
97.064450
99.625589
97.317200
95.397171
97.050894
99.615615
97.330135
99.045815
97.722262
100.000000
97.154571
99.516696
98.183948
100.000000
98.537433
100.000000
99.026023
99.974688
100.000000
99.885325
100.000000
99.108063
96.791190
100.000000
99.541171
100.000000
98.693368
97.821009
98.459508
100.000000
99.624261
99.795022
97.729593
99.095754
99.607327
100.000000
97.438252
99.445880
99.841187
100.000000
96.218912
100.000000
99.496557
99.278220
99.307726
98.221943
96.374308
100.000000
97.989921
97.980053
97.975982
100.000000
95.828574
99.908468
98.783110
99.657422
95.916594
97.554634
96.798976
97.517302
96.913711
98.121809
97.951465
96.513222
98.216558
98.986479
99.254696
100.000000
100.000000
97.450298
99.361128
99.737595
98.514619
99.708208
98.245907
99.461938
98.467948
100.000000
100.000000
99.482886
98.001198
97.548917
98.510750
100.000000
99.014090
100.000000
98.477062
98.460862
98.543671
99.954871
97.753008
100.000000
98.658707
99.483816
98.654193
99.878121
98.615993
100.000000
99.562609
99.153003
98.213029
100.000000
98.484186
100.000000
98.747297
99.373324
97.193083
100.000000
98.147325
100.000000
100.000000
98.864656
97.597562
100.000000
98.205382
98.934100
96.233679
99.085800
98.081000
99.288789
97.022862
99.945237
97.234965
97.938497
97.276474
98.827053
95.005325
99.197865
97.706393
98.178121
98.265640
100.000000
99.257597
100.000000
98.107744
98.665853
98.255702
99.952660
100.000000
97.395151
95.566384
95.742814
97.384799
99.099156
97.727473
99.089067
98.152029
98.885327
98.107419
99.398007
97.788716
99.384004
98.228778
98.696623
97.729204
98.913755
98.722568
98.709718
98.528309
96.541518
98.787828
100.000000
99.398433
100.000000
99.682258
98.910525
99.713535
100.000000
99.530996
100.000000
99.749508
100.000000
99.447574
100.000000
100.000000
100.000000
99.743975
99.516226
98.603635
100.000000
98.209328
99.585465
99.711735
96.340939
98.724967
100.000000
99.270012
100.000000
98.196817
98.030780
98.623637
100.000000
98.320693
100.000000
99.530070
96.894657
97.404951
100.000000
100.000000
98.305922
96.842462
99.167180
98.381870
100.000000
99.015308
99.857248
98.040173
96.415014
98.172010
99.771894
98.079747
99.214936
98.651254
98.666632
98.001988
99.753923
97.810317
99.304175
99.053369
98.350374
98.101812
100.000000
98.136439
99.235705
96.668617
95.711817
95.966125
99.207766
96.496812
98.326624
96.535419
97.781965
96.016529
98.901754
97.459304
98.981867
97.114279
97.216492
95.271831
100.000000
98.755187
98.645164
98.066403
98.147776
93.319961
98.451550
96.809629
99.109971
95.771934
97.696664
95.520210
99.148895
95.776446
97.664200
97.149971
97.392673
95.415624
98.583205
99.174533
96.245516
96.202757
94.680051
92.643188
97.057367
93.873224
98.856479
94.123306
93.643196
92.673811
97.211115
92.644418
95.872666
93.236410
96.895379
90.873145
95.183653
92.098291
95.777225
91.603936
95.455532
91.083730
95.999903
91.802852
95.504094
92.956600
95.950494
95.010690
95.712686
92.657895
96.637036
94.387218
95.737573
94.699524
96.921764
95.200844
96.483086
94.448936
95.697372
94.708212
98.023399
95.491569
97.834911
95.724010
97.773628
94.468227
98.397814
95.151171
99.205031
92.079564
95.622086
93.753254
98.657419
95.524426
97.492513
95.806648
95.214515
94.761229
95.444425
94.322846
92.877372
93.705719
93.144647
93.918480
94.782897
94.360420
94.428546
94.046561
94.403663
96.176274
97.442625
96.388803
98.043535
96.390116
96.602787
96.899111
99.168378
97.064147
98.971388
98.763945
96.301217
96.413350
99.484013
97.652819
98.525773
97.442829
97.545941
96.598621
98.641334
96.904830
98.885948
97.755943
92.928654
96.805187
99.254350
97.502124
98.520011
97.775762
96.110550
96.788069
98.523199
97.515301
98.123365
98.054736
94.560145
95.752898
99.072781
97.520991
98.642528
97.402345
96.610148
96.024346
98.354982
97.373575
98.774175
96.810138
96.740003
96.740949
98.454491
99.141125
97.307473
93.520004
91.977773
96.105278
98.885606
95.917735
98.339285
97.119694
98.019856
96.967586
98.001877
96.250353
98.593928
96.110417
97.283017
95.655995
98.353757
96.085779
97.444926
97.580707
98.108357
95.793294
98.174937
96.305914
98.089475
95.867481
98.385445
96.454098
97.591518
95.943040
98.029352
96.317964
97.725825
96.343414
98.622506
96.724685
98.432497
97.808464
98.470498
97.022383
98.857475
97.276883
97.841890
97.832260
98.579093
96.820363
99.642006
97.144904
98.491542
97.112328
98.638130
96.792889
99.399820
95.982528
98.951481
97.672361
97.025885
96.327450
98.594055
98.372389
96.784586
97.729697
97.302105
94.863809
97.708370
96.274494
97.483840
95.835058
98.002273
94.641397
97.095679
95.839738
98.122316
94.749978
94.851496
95.160035
97.866789
94.301034
97.213033
95.382217
96.474367
93.893784
97.159725
95.154687
96.685147
94.861162
96.817839
95.165355
97.575774
94.858286
97.687682
95.433104
96.210991
95.375052
97.572853
95.454900
97.454068
96.512863
97.388553
95.070323
98.770696
94.684315
98.110778
95.639872
97.018125
94.548364
98.153055
95.953362
96.851779
96.520490
97.087660
96.311546
98.194127
95.893616
98.129731
96.106291
95.981868
95.692694
97.913372
97.685287
96.340219
96.774595
97.107566
94.815146
97.829984
95.165362
97.641090
95.833738
97.397523
94.657399
97.623963
95.842540
97.006721
95.653624
95.978629
94.828999
97.835881
95.168188
97.667252
96.037150
97.228623
95.094665
97.635559
95.484278
96.933489
95.903629
95.568419
95.014901
97.553456
94.907788
97.489990
96.075450
95.916140
94.533065
98.042044
94.891297
97.286754
95.576325
96.366217
94.004190
98.927784
96.307185
98.275973
96.352874
96.488899
95.913157
96.680612
94.875468
96.922830
94.300572
96.873864
94.942809
98.343761
96.110263
98.435052
96.924952
95.652607
94.444100
98.865072
98.663536
97.041647
96.148203
97.137178
95.861109
98.158491
96.010875
98.042834
95.751201
97.321905
95.661817
98.209151
96.204172
97.955480
96.802603
96.887173
96.196039
98.869438
96.775970
98.351072
97.074029
98.538733
95.519825
99.351387
97.248511
98.489424
97.363473
97.671058
96.586164
99.579799
97.666270
98.928681
97.356698
98.014801
96.268778
99.743854
95.956508
98.601356
96.989755
97.606013
94.745432
98.995583
96.920526
98.238532
95.585042
96.563331
95.547733
98.700184
96.196233
98.737120
96.388248
97.500527
96.041004
98.553344
96.546449
98.209649
96.384245
96.388957
96.081711
98.328415
97.969083
96.666690
97.289411
96.058975
95.535397
99.506229
95.946775
98.847237
95.962499
97.225629
95.206830
98.063235
94.831372
97.306499
96.489461
95.696309
94.980868
98.409395
96.327505
97.572195
95.556591
96.198781
95.305614
97.781644
94.795914
97.553506
95.572240
97.393339
94.563379
98.364314
96.299413
97.796482
96.034231
96.210187
96.166479
98.224880
96.651140
98.066390
96.687373
97.641340
95.419993
97.728435
96.326844
98.227837
97.163077
97.234100
95.321156
98.188067
95.817891
97.853741
96.807845
97.738242
93.842689
97.922356
95.657836
97.807484
95.504457
93.249902
95.139690
97.691831
97.366078
96.546282
95.791616
95.719780
94.304669
98.852180
95.536387
97.301374
95.408191
95.250370
94.094510
97.024710
95.179663
97.637307
95.839137
97.272337
95.611351
98.764792
97.123779
98.380309
97.391689
97.758829
97.309545
99.163794
96.974212
100.000000
97.700491
96.967068
96.479648
100.000000
97.270332
98.763413
97.159267
100.000000
97.933356
100.000000
98.469239
100.000000
98.678165
98.647773
97.815083
100.000000
97.913660
99.846302
97.578715
100.000000
97.661301
99.654921
97.266714
100.000000
98.284172
98.456811
97.091191
100.000000
97.856880
99.687560
98.517909
98.687233
96.575209
99.491502
97.973540
97.982491
99.156416
96.258954
93.328458
98.483007
94.997213
97.256594
95.626714
97.545267
93.565230
97.343781
94.710653
97.829543
94.629425
96.496841
95.601388
98.158320
95.291323
98.273844
95.929182
97.890166
95.137156
99.430373
96.008569
99.025531
96.596003
97.615603
96.892480
99.868166
97.684939
99.605191
97.882383
99.471875
96.689626
99.813481
96.872533
99.250104
96.795085
98.071112
97.035301
99.002987
96.780259
98.493317
96.538854
98.023868
96.361071
99.410610
96.814622
99.092572
96.707889
97.618017
97.125056
99.215738
96.510089
99.234166
97.154899
97.322837
96.312640
98.810460
98.086431
95.554896
96.020794
97.188126
97.028291
98.482336
96.092734
98.280263
95.224469
97.310349
94.956991
98.821300
95.903329
98.707222
96.893709
97.036035
94.684790
98.593246
94.742005
97.915010
95.134761
96.386697
94.042989
97.176073
94.371786
96.517305
94.126535
94.545480
94.008198
96.748571
93.916181
97.236106
94.272661
96.669450
95.379642
98.201291
95.320503
97.697220
95.430299
96.197105
94.688654
97.310910
93.990062
97.248643
94.773075
94.132708
93.485252
97.665488
94.468330
97.398199
94.736041
96.840036
95.326078
97.475918
95.589787
98.342058
95.614212
96.210056
96.080574
98.024290
97.924532
95.861871
97.448277
96.329492
94.649581
98.917849
95.343156
97.262978
95.163404
96.895004
95.055537
97.879630
95.180420
97.789618
95.488292
95.589710
93.765208
97.744056
95.551913
97.790869
96.463884
95.002696
96.012657
98.741852
95.837814
98.679562
96.817954
97.997571
95.704215
99.429852
97.137445
98.953281
97.129382
97.545801
95.712533
98.616519
97.156611
98.167589
95.673861
95.559599
96.058866
98.945561
96.268107
98.340727
96.262879
97.223167
97.010248
98.964485
96.931650
99.066144
96.755635
97.402921
96.473634
99.835028
97.291852
98.872066
97.190415
96.715652
95.974112
99.348635
99.592399
97.444063
100.000000
97.621578
97.248675
99.592184
97.845191
99.942318
98.665744
98.783526
97.476256
99.811753
97.435017
98.840190
97.855680
99.247476
98.110130
99.862739
97.349472
99.923079
98.408830
99.095519
97.144202
98.996510
97.942461
99.631914
96.518609
96.105605
97.066897
99.346219
97.420971
98.548009
97.913872
98.166956
97.240800
98.712215
96.595747
98.317529
97.534937
97.802392
97.234946
98.881804
98.239527
99.360252
97.257275
97.043314
98.097148
100.000000
97.990555
99.399162
97.899450
99.984568
97.771062
100.000000
99.718197
100.000000
98.431772
98.191425
98.541038
99.777073
100.000000
100.000000
98.104973
96.403489
98.074908
98.320979
97.112829
97.623869
97.088306
100.000000
96.734706
98.200293
96.502144
98.152294
96.391351
96.828366
96.437742
98.190238
95.861577
97.792384
96.628128
97.833141
96.928362
99.020307
96.588602
98.571997
96.924753
98.610907
96.545859
98.592098
97.625005
99.337715
96.985092
97.590044
97.429999
100.000000
98.631689
99.572747
99.256544
99.669023
98.475006
100.000000
98.358374
100.000000
99.293388
100.000000
97.125814
99.742071
97.753301
99.307975
98.077235
98.746619
98.454558
100.000000
98.527078
100.000000
98.130922
97.744050
96.942059
100.000000
100.000000
98.857520
97.323798
98.059332
96.912685
99.258311
96.984963
98.786845
98.160372
98.966050
98.547429
100.000000
97.798340
100.000000
98.626717
99.786052
97.149875
99.526336
97.476476
98.440701
97.673987
97.786762
96.406133
98.833117
97.403911
99.252299
97.412844
97.363813
97.080278
98.720607
99.224006
98.864732
98.027741
97.491542
96.324910
99.446411
96.383219
98.169359
96.457530
97.348376
96.031501
98.674853
98.480316
98.967847
96.701682
95.759763
96.360181
98.156518
96.211829
98.103413
95.969976
97.110453
95.994255
97.985644
96.367852
98.178922
97.074203
96.701083
96.086140
98.940180
97.927119
97.375407
95.939172
96.586227
95.879175
98.655705
97.041928
98.629943
99.886271
98.753372
97.071857
99.894804
99.615472
100.000000
100.000000
100.000000
98.430057
100.000000
99.200252
99.526304
98.287285
100.000000
97.676020
100.000000
97.734148
98.485248
97.742254
96.364259
97.374870
97.832085
96.295309
97.984414
97.404281
95.814661
96.104520
97.691714
96.332338
96.907131
95.648917
94.861066
94.956227
97.451408
95.628188
96.754894
95.149093
94.566215
95.000520
97.727325
95.836672
96.481854
95.396691
95.752673
95.631058
97.834434
96.691875
97.863228
96.030278
95.203819
96.634659
98.332456
98.295184
97.205474
99.010753
