95.326929
94.147801
96.136167
94.443365
96.152843
94.821747
96.360370
94.325286
96.431117
94.375675
96.380999
94.833923
96.503716
94.204629
96.655404
94.253561
96.545561
94.666034
96.370476
94.123073
97.117367
94.087407
96.173852
94.847799
96.832899
94.103566
96.757866
94.317580
96.804297
94.872758
96.536170
93.919172
97.007440
94.138939
96.523070
94.444045
96.822565
94.319650
96.943088
93.796140
96.738590
94.976451
96.559996
94.042421
97.213755
94.114427
96.622963
94.627330
96.658812
94.487084
96.963034
94.144728
96.812070
94.913032
96.584665
94.098083
96.738007
96.811212
94.526792
96.805968
97.253951
94.269569
97.204872
94.012714
96.768410
94.397444
97.135015
94.084742
96.806025
94.106053
96.792046
94.346535
96.963958
94.433286
97.022537
93.713850
97.170119
94.823620
96.680161
94.209659
97.105437
94.715088
97.092072
93.936208
96.361660
94.584493
96.676010
93.252954
97.455101
94.941688
96.203946
94.075677
97.450450
93.560842
97.441143
94.289568
97.394334
93.819469
97.532231
94.035067
97.365488
94.766564
95.864622
94.891807
97.781425
93.502145
96.853478
95.345454
97.103002
92.647428
97.389893
94.261289
98.217276
94.451013
93.668277
94.378605
97.633135
96.900428
93.497614
98.514261
97.010024
94.499210
97.477738
94.395255
96.204858
95.381001
96.703225
91.967516
97.877845
94.355051
97.179084
94.187196
95.570611
94.412275
96.998022
94.545524
96.968839
93.877611
95.997717
93.976472
96.942977
92.937209
96.686654
93.661625
95.871593
93.380456
96.482737
93.402528
95.878801
93.895056
96.652854
93.554733
95.689419
92.606938
95.762179
94.048777
96.008193
93.075350
95.714236
92.581718
95.700073
93.358716
95.647667
92.557086
96.151248
92.731874
95.990126
93.081391
95.352999
93.589562
96.417922
93.203955
96.232297
94.307604
96.272676
92.746663
96.282518
97.069220
93.764575
95.673095
97.902626
94.271681
97.564824
94.318423
97.790340
95.981323
95.644220
95.013304
98.118525
96.009212
98.211713
95.511677
98.361731
94.270871
99.644148
95.880552
98.699084
96.862633
96.719968
95.756629
98.970953
95.285720
98.660568
96.648114
99.966099
94.290709
96.686933
96.181822
99.203943
96.855931
97.332866
97.447819
98.702737
97.390119
98.935026
97.582730
98.769068
97.854394
99.255042
97.925795
99.424671
98.244736
98.055810
97.796319
99.835975
97.060586
98.783937
98.420062
98.622016
97.535313
99.142858
97.167469
99.562622
97.195098
97.858246
97.374643
99.473233
98.661970
98.059605
98.579703
99.116126
97.634924
99.184404
97.505822
99.063912
98.208655
99.283624
96.756384
99.626701
97.737609
99.298201
98.249175
100.000000
97.364370
98.941885
98.018660
98.996199
98.192738
99.564814
97.431419
99.765152
97.882985
98.617361
98.210997
99.939124
98.344851
100.000000
97.445795
99.460546
99.220808
100.000000
96.992902
100.000000
98.738970
100.000000
98.188085
100.000000
99.077805
100.000000
98.228001
100.000000
98.619936
99.783842
97.871822
100.000000
98.596521
99.180371
97.405694
100.000000
97.261417
99.349190
97.087831
100.000000
96.659046
95.129976
98.256928
99.987957
99.551370
98.700506
97.474264
100.000000
98.963556
100.000000
98.345782
100.000000
99.211326
97.233979
98.159131
100.000000
98.170702
99.817425
98.622774
100.000000
99.088924
100.000000
97.874989
100.000000
98.135409
98.684399
98.988745
100.000000
97.491935
100.000000
98.069964
99.418952
98.422722
100.000000
98.164440
99.773909
97.438352
92.875310
96.856431
100.000000
97.277365
98.786006
98.300152
97.971110
97.085103
99.588417
97.029007
99.503380
98.670327
96.294364
96.160253
100.000000
98.096410
99.560550
99.155521
99.367987
97.840493
99.660142
98.013768
99.708707
98.292364
98.260908
98.566914
99.172631
99.012400
98.323761
97.727488
94.548039
96.556225
99.161217
96.783607
98.361990
96.961280
98.416375
96.964585
99.096289
96.910756
98.714837
98.256649
97.564654
96.451563
98.922787
97.527543
98.869666
97.523356
99.359722
97.362874
98.813598
98.326880
99.194707
97.324058
96.574753
96.874567
99.350353
97.031759
98.589238
97.838040
99.567235
97.362329
98.762113
96.956111
99.251400
98.262872
97.466879
97.099106
98.919946
98.427441
98.741565
98.000722
98.370320
97.740372
98.713308
97.684405
98.767181
97.911594
98.975169
97.548015
99.386794
98.366810
99.081712
98.079695
97.603733
97.076702
99.170569
99.173198
97.027108
97.528031
93.248967
96.108979
98.675075
97.411077
98.877013
98.267749
94.954928
97.345717
99.026301
98.159367
98.990198
98.188436
97.274711
97.061129
98.930465
96.865545
98.694422
97.543921
96.020557
97.506587
99.337746
97.970950
98.687239
97.932373
95.653398
96.337389
98.524114
97.253891
98.232964
97.015847
96.159140
96.458183
98.379122
96.811365
98.393905
97.024010
97.046779
96.116155
98.714980
97.342600
98.797397
97.885507
92.305507
97.698408
98.935071
97.969088
98.631065
98.039514
97.455094
96.722535
98.486889
97.231162
98.467808
97.073778
99.309932
96.949577
98.601280
98.659608
98.049087
95.601181
99.674602
96.594266
98.693457
98.591346
99.515113
98.643884
94.592790
97.592365
99.453191
98.226041
99.521777
98.160161
93.706985
96.327243
98.884988
97.053515
98.503383
97.697165
96.711663
96.451041
98.358461
97.079870
98.692208
97.610038
95.606692
96.465407
99.227613
97.163530
98.669596
97.315384
98.134798
96.822338
98.696372
97.621094
98.968818
97.814500
98.109418
97.080141
98.732185
98.151053
98.566530
97.877387
98.399614
97.317636
98.658829
97.347700
98.328602
97.591972
97.337256
97.173535
99.686096
97.914303
98.991500
98.225814
96.808956
96.803740
98.978256
98.834218
97.920967
99.383915
99.136426
97.219654
99.177035
97.388832
98.851717
98.308523
98.700039
97.480060
99.194687
97.602577
98.827772
98.461417
98.589868
97.594990
98.396737
97.803187
98.939907
97.385592
99.046547
97.696166
98.981167
98.501612
98.906203
98.705322
97.751240
97.567103
99.054114
98.315090
98.861174
98.516083
98.293450
97.801966
99.006073
97.908050
98.851644
98.319165
98.106548
97.881980
98.933162
98.066453
98.939064
98.308112
98.378179
97.599122
99.017194
98.034177
98.716151
98.542620
98.171576
97.458015
99.005568
97.994434
98.802568
98.251817
97.987217
97.457864
98.787185
99.003875
97.958550
98.041384
98.196317
97.538793
99.317904
97.957608
98.889410
98.469859
98.104013
97.670543
98.904967
98.025292
98.743794
97.951083
98.153095
98.090881
98.879167
97.790144
98.936176
98.052047
98.408110
97.690151
98.932753
97.892214
98.782540
97.958746
98.443227
97.624169
99.016164
98.308703
98.938412
98.297384
98.779654
97.831504
98.854527
98.292382
98.680835
98.136466
98.815537
97.609353
99.240013
98.393158
98.807657
98.218423
98.854829
97.739577
98.785200
97.734649
98.885536
98.117030
98.614180
97.266064
98.931704
97.681553
98.702486
97.643361
97.891206
97.684171
98.664374
98.671943
97.893299
97.737363
98.428767
98.074853
99.298508
98.022277
98.861179
98.314715
98.595695
97.907234
99.073432
98.198682
99.045649
97.869571
98.113076
97.839791
99.193191
97.818963
98.970254
98.114930
98.783725
97.650533
98.895900
97.910491
98.892439
97.868799
98.239158
97.428637
99.332186
97.829506
99.121633
97.933665
98.573779
97.740442
98.871070
98.008800
98.870270
97.833584
97.703800
97.435153
99.182983
97.868398
98.473774
98.169538
96.894595
97.493443
99.324856
97.657636
98.958601
98.270086
97.178219
97.604985
98.956441
96.904065
98.594073
98.046110
97.076897
97.687926
98.778003
98.972839
97.829035
97.171160
98.889712
98.095997
98.821918
97.560932
99.201431
98.514195
98.448551
97.396819
99.092548
97.474879
98.755889
98.158219
98.981688
97.685168
99.191320
97.198811
99.206461
97.821564
97.671995
97.792499
99.142468
97.288289
99.151858
98.108640
97.425526
97.406753
98.883834
97.752945
98.982028
98.205134
96.238569
97.135361
99.224341
96.857910
98.955342
97.846638
97.569840
97.067388
99.109176
97.655378
98.788407
98.355153
97.971106
97.663942
98.833952
97.502081
98.761797
98.097694
98.606264
97.846826
98.964198
97.828247
98.862603
98.190684
97.813530
97.760961
98.951871
98.783122
98.284024
98.129757
98.276125
98.173231
99.124938
98.258638
98.948558
98.147095
98.801734
98.013150
99.054972
97.110712
99.042653
98.467107
99.645824
97.763281
99.023053
98.037705
99.127907
98.207866
97.900344
97.731557
98.793707
97.687307
99.155843
97.809734
97.671600
97.638497
98.976022
97.494398
98.646663
98.402729
98.414817
97.459157
98.755697
97.472121
98.829196
98.039356
98.671928
97.994473
98.935935
97.964640
98.934771
98.159933
98.337229
97.360261
99.089474
97.802792
98.678463
97.947058
98.233392
97.864315
98.995343
97.026080
98.738626
98.227780
97.944479
97.356671
98.850724
99.005743
98.248301
97.839503
98.569203
97.591177
99.261923
97.753756
99.087180
98.223216
98.321553
97.793888
99.118372
98.077045
98.958636
98.239038
98.272534
97.669021
99.046812
98.381959
98.787521
98.171220
98.329557
97.748748
98.916443
98.143696
98.945369
98.099418
98.339022
97.193972
99.358129
97.774257
98.666481
97.865423
98.165353
97.593393
98.993368
97.743499
99.031687
97.584712
96.699525
97.335945
99.051436
96.676218
99.074960
97.641502
96.774587
95.594017
99.106014
97.650295
98.981876
97.743572
98.632996
95.784727
98.936689
97.489787
98.586419
97.864851
96.374737
97.024891
98.507909
98.741296
97.468548
99.524481
97.085198
97.278073
99.151392
97.661512
98.878575
98.037494
97.529931
97.279973
98.367291
97.217082
98.701490
97.668929
97.652044
97.269909
98.948488
97.612255
98.575372
97.987391
98.219276
97.902038
99.069609
97.623979
98.354472
98.073028
98.547390
97.729718
99.227881
97.354969
98.756731
98.138612
97.392673
96.453980
99.339699
96.968704
99.168521
98.188626
98.306372
96.781428
99.143292
97.545961
98.511345
97.850645
97.736117
97.988353
99.263972
97.808855
99.060186
98.035461
97.052643
97.600983
99.064796
98.377715
98.903269
98.200243
97.207555
97.673585
98.834949
98.969618
98.345786
97.359039
98.374082
97.378916
98.973254
97.192179
98.831003
98.164154
97.263491
96.954060
99.103525
96.867327
98.963655
98.292970
97.739228
96.763246
98.650432
97.244602
98.376509
97.598827
97.466843
97.499638
99.066782
97.250743
98.733672
98.008030
97.094339
97.179592
99.142522
97.082091
98.718613
97.934638
97.608362
96.820061
98.597954
97.573923
99.168640
100.000000
95.073314
100.000000
100.000000
99.943637
100.000000
99.829749
98.359560
100.000000
100.000000
100.000000
100.000000
100.000000
100.000000
100.000000
100.000000
100.000000
100.000000
100.000000
100.000000
100.000000
100.000000
100.000000
100.000000
100.000000
100.000000
100.000000
100.000000
100.000000
100.000000
100.000000
100.000000
100.000000
100.000000
100.000000
100.000000
100.000000
98.471375
99.689250
100.000000
100.000000
100.000000
100.000000
100.000000
99.481958
100.000000
100.000000
100.000000
100.000000
100.000000
99.686682
100.000000
100.000000
100.000000
100.000000
98.513668
100.000000
100.000000
99.865237
100.000000
100.000000
100.000000
100.000000
100.000000
100.000000
100.000000
100.000000
100.000000
100.000000
100.000000
100.000000
100.000000
100.000000
99.299730
100.000000
100.000000
100.000000
100.000000
100.000000
100.000000
100.000000
100.000000
100.000000
100.000000
98.032311
99.016567
100.000000
100.000000
100.000000
100.000000
100.000000
96.386310
99.666441
100.000000
100.000000
100.000000
100.000000
100.000000
100.000000
100.000000
100.000000
100.000000
100.000000
99.339499
99.980130
100.000000
100.000000
100.000000
100.000000
100.000000
100.000000
100.000000
100.000000
100.000000
100.000000
99.571845
100.000000
100.000000
99.968635
100.000000
100.000000
100.000000
100.000000
100.000000
100.000000
100.000000
99.851984
99.144917
100.000000
100.000000
99.840229
100.000000
99.947391
98.055024
99.668012
100.000000
100.000000
100.000000
99.723798
97.403311
99.792276
100.000000
100.000000
99.921999
99.640999
98.910621
100.000000
100.000000
99.664092
100.000000
100.000000
99.736463
99.321641
100.000000
99.829345
100.000000
99.782715
99.778086
99.264946
100.000000
99.776196
100.000000
100.000000
98.224289
99.033737
100.000000
99.580205
100.000000
99.596018
99.202831
98.902113
100.000000
99.298846
99.983297
99.389061
97.974736
98.461099
100.000000
99.736619
100.000000
99.863496
98.982674
99.001195
100.000000
98.886720
100.000000
99.579640
99.109730
98.944771
100.000000
99.196259
100.000000
99.499187
98.916576
98.659131
100.000000
98.792467
100.000000
99.426556
98.627061
98.698832
100.000000
100.000000
99.710326
98.713977
99.169286
98.535940
99.953999
99.120594
99.923794
99.244474
99.223041
98.320017
99.879165
99.014905
99.788021
99.222680
99.014375
98.715299
99.882745
99.186404
99.901405
99.217217
98.998804
98.640959
99.972620
99.109117
100.000000
98.882750
98.301128
99.141551
100.000000
99.561262
100.000000
99.145728
97.217873
98.292387
100.000000
99.279772
99.981101
99.327530
100.000000
99.027054
99.600414
98.714601
100.000000
99.534850
98.293098
97.425323
99.326622
98.484141
98.700969
98.451501
99.079583
98.829531
99.700371
99.222652
99.547259
98.098947
98.744721
100.000000
100.000000
100.000000
100.000000
100.000000
100.000000
100.000000
100.000000
99.213597
100.000000
100.000000
98.078538
99.181224
100.000000
99.354123
100.000000
100.000000
100.000000
99.535082
100.000000
100.000000
100.000000
100.000000
100.000000
98.981577
100.000000
98.989778
100.000000
100.000000
99.486727
99.313407
100.000000
98.503344
100.000000
99.099701
98.190112
97.944903
100.000000
97.889472
98.857392
99.541440
99.643481
97.937727
98.962306
98.081421
99.140037
97.828912
98.534865
98.655621
99.200387
98.085243
98.556164
97.873450
98.974068
98.542588
99.296591
97.591524
98.290198
98.795438
98.657678
98.107041
99.680702
99.034572
98.519329
99.010046
100.000000
97.810026
99.901818
97.702014
98.630200
98.329605
99.132626
98.356929
99.611165
98.600855
98.899775
99.298790
99.931963
99.234421
99.215267
98.615230
99.171971
98.306592
99.279535
97.825168
99.524990
97.721834
99.102737
98.118489
99.461513
97.521718
99.260908
97.636239
99.088371
98.387101
99.621057
97.681866
99.782108
97.931076
98.804757
97.999050
99.263707
97.897293
99.568028
98.141292
98.989608
97.983194
99.309212
97.897629
99.879815
97.638098
99.204326
98.372018
99.351683
97.915628
99.125055
97.487469
98.460899
98.665666
98.759777
97.676065
98.710470
99.408858
97.745181
99.213122
99.596952
97.932387
100.000000
98.618805
99.187217
97.330313
100.000000
96.593272
100.000000
97.549180
100.000000
98.663829
100.000000
96.900812
97.795590
98.107658
99.915480
99.133110
96.081548
97.942709
100.000000
97.039778
98.938207
100.000000
100.000000
97.864440
100.000000
99.595570
100.000000
98.650503
95.949120
97.296662
100.000000
100.000000
100.000000
97.012783
96.017916
100.000000
100.000000
97.972948
99.689816
100.000000
100.000000
100.000000
100.000000
99.455693
100.000000
99.680578
100.000000
100.000000
100.000000
99.040198
100.000000
99.559223
96.194309
98.017079
100.000000
100.000000
98.835618
95.167621
100.000000
100.000000
100.000000
98.889681
100.000000
99.830457
96.000300
98.672528
100.000000
98.190063
99.916665
100.000000
94.737831
96.809860
100.000000
99.180936
100.000000
98.108456
97.124214
98.845530
100.000000
98.501341
100.000000
98.421150
96.527799
97.781304
100.000000
97.911077
100.000000
97.780107
95.704936
98.987332
100.000000
97.869490
99.881762
98.590990
99.899238
98.216634
99.791264
98.907692
99.737846
97.686752
98.467803
97.808513
99.814379
98.420387
99.885749
98.264766
96.672080
97.182098
99.592601
97.223852
98.998262
97.486664
96.216971
98.514744
98.959979
98.866885
97.700414
95.832553
94.050567
97.332775
98.800770
97.094853
98.501249
97.479866
94.380774
96.837614
99.231760
98.704225
99.491004
98.585478
97.480953
97.764302
98.509812
97.643326
99.150678
98.003821
95.504456
96.167084
99.927575
97.987418
99.469622
98.191565
98.485997
96.281806
99.703620
98.062586
100.000000
98.506228
96.411553
97.270481
100.000000
98.019049
100.000000
97.872965
96.918013
97.336798
100.000000
98.150479
99.038975
97.814631
99.072265
97.760463
100.000000
98.477074
100.000000
99.495430
99.552531
97.811121
100.000000
98.859682
99.649472
97.276520
95.384766
98.278383
99.111320
98.344361
97.928087
100.000000
95.983664
96.982445
98.969942
96.697093
99.025805
98.137563
97.053678
96.402339
98.656295
96.787058
98.405871
97.187839
97.058763
96.748528
99.338090
97.757688
98.992869
96.940128
97.503603
96.073951
99.956161
97.552875
99.636773
97.817804
98.818007
96.541569
99.618554
96.821988
99.369212
97.055991
94.899150
96.349013
99.878402
98.028612
99.941178
96.622292
95.123404
95.974164
99.338737
97.137113
99.412805
97.927953
96.351665
97.024363
99.949754
97.574206
99.569300
97.940555
98.608344
97.659739
100.000000
97.152722
99.472703
98.664028
97.759076
97.246100
99.474453
99.295830
97.219176
93.411614
96.868234
96.966601
99.616955
97.230899
99.518843
97.447508
96.046270
97.467183
99.957055
97.391160
99.834662
97.676265
98.244788
95.654357
99.890488
96.956125
100.000000
98.495334
97.287736
96.253475
100.000000
98.165654
100.000000
97.837845
99.183827
96.530445
99.886576
96.890281
98.915514
98.433677
96.338299
97.890010
100.000000
97.987889
100.000000
99.240072
98.754886
98.525859
100.000000
98.842393
100.000000
99.135952
98.319448
97.542475
100.000000
98.659446
100.000000
99.321512
99.497739
98.574825
100.000000
100.000000
100.000000
99.534995
98.788666
99.483742
100.000000
99.603772
98.343310
98.389885
98.738733
98.164131
99.671014
98.263754
99.998991
98.319281
98.033357
98.051312
99.925740
98.909227
99.881120
99.087570
99.569664
98.255350
100.000000
98.402036
99.998169
98.697547
98.152043
98.424709
100.000000
98.596940
99.952470
98.465691
98.011482
97.767442
100.000000
98.293575
100.000000
99.202047
97.354998
98.857731
99.825376
98.816495
99.687037
99.169831
96.480601
98.487318
100.000000
98.348282
100.000000
99.096172
97.212636
98.582773
99.919543
98.847534
99.794342
98.712390
99.817173
98.454874
99.913964
98.709143
100.000000
99.024330
98.826747
98.818306
99.917822
100.000000
99.182217
97.817515
99.130536
99.099070
100.000000
98.511941
99.737854
99.056888
98.342723
98.550329
100.000000
99.081557
100.000000
98.989144
99.563368
98.681879
100.000000
98.352172
99.656722
99.101363
97.848730
98.917683
100.000000
99.357570
100.000000
98.710820
98.504232
98.357087
99.716863
98.278282
99.326278
99.548412
100.000000
98.793198
100.000000
99.435911
99.926516
98.696330
100.000000
98.939031
100.000000
98.715956
100.000000
99.051651
98.768169
98.999618
99.769664
98.544380
99.876578
98.912412
98.644286
98.119946
99.608975
98.279650
99.436838
98.731421
99.365317
98.736810
100.000000
99.810185
98.829899
98.616518
98.512606
98.565487
100.000000
98.709320
100.000000
98.706918
96.965076
98.428580
99.971394
98.521913
99.681693
99.662760
99.195042
98.744156
99.745351
98.699756
100.000000
99.106068
98.047953
98.469258
99.910604
98.622536
99.334425
98.551087
98.153978
98.133920
100.000000
98.376132
99.480759
98.637607
99.608424
98.178883
100.000000
98.548698
99.234033
98.450989
98.651931
97.783224
99.767353
98.041230
99.443546
98.795594
98.216668
98.269986
100.000000
98.481547
100.000000
99.301765
97.679938
98.189029
100.000000
99.113430
100.000000
99.240174
98.360896
99.083829
100.000000
99.810470
98.364770
99.046091
96.455450
99.112049
99.796322
97.991942
99.494348
98.786016
96.851569
97.299502
100.000000
98.545905
99.166496
98.451211
97.408967
98.637707
100.000000
97.978186
99.208012
99.688621
98.936237
97.683659
100.000000
98.366725
100.000000
99.027473
99.093686
97.924523
100.000000
98.690213
99.339819
98.656844
98.115059
98.416159
100.000000
98.545139
100.000000
99.459738
98.025684
98.986246
100.000000
98.700460
100.000000
99.379776
97.265058
98.349126
100.000000
98.342194
100.000000
98.739308
100.000000
98.833617
100.000000
98.727151
100.000000
98.402468
96.244256
98.512278
99.609150
100.000000
99.084701
97.379508
99.641897
98.874367
100.000000
99.073447
100.000000
99.341386
98.783959
98.428804
100.000000
98.952389
100.000000
99.157306
100.000000
98.509138
100.000000
99.149415
100.000000
99.542843
98.169842
98.744004
100.000000
98.915867
100.000000
98.787590
97.732544
99.001068
100.000000
98.359683
99.463626
98.589538
99.784937
98.327883
100.000000
99.115857
100.000000
99.411346
100.000000
98.467799
100.000000
99.149116
100.000000
99.372352
100.000000
99.700326
100.000000
99.507725
100.000000
98.713010
98.296174
98.029808
100.000000
98.921015
100.000000
98.822502
96.629306
97.326159
99.406284
99.715167
97.928750
96.640046
96.800354
97.412062
99.804543
98.274658
99.226632
97.890278
97.191249
96.877971
99.353302
97.037010
99.712066
97.322604
96.987184
96.805948
99.413586
97.415324
99.373409
98.004468
97.213850
97.693234
99.568269
97.453046
98.816236
97.932309
97.121101
97.942655
99.808369
98.254599
99.533002
98.710705
96.677668
97.600140
99.695885
97.857681
99.766970
98.313222
97.858014
98.043072
100.000000
98.342260
100.000000
98.878911
99.389884
97.890216
100.000000
98.698532
100.000000
98.753445
96.991967
97.927328
100.000000
98.486491
100.000000
98.547831
98.227923
97.994947
100.000000
99.882347
98.472873
96.713539
96.624108
97.127538
100.000000
97.954388
99.282253
98.415264
95.932898
97.770598
99.529129
96.954651
100.000000
98.076552
97.447735
97.086118
100.000000
98.115174
99.630082
98.331250
95.915783
97.123678
99.454930
97.492695
98.929418
97.249014
96.362952
96.795660
99.636913
96.898474
99.295945
97.263812
97.467265
96.565690
99.223325
97.099917
98.978850
97.386567
96.728223
96.825229
99.935663
97.605160
100.000000
98.266846
96.246194
96.726754
98.987472
97.942201
99.635786
98.167120
96.691706
98.295936
100.000000
98.131431
100.000000
98.976065
98.516290
97.752193
99.912879
100.000000
98.325513
96.027518
99.121025
98.398188
100.000000
98.311632
100.000000
98.274056
97.600291
97.983086
100.000000
98.448528
100.000000
99.471934
97.496396
96.863089
99.942361
98.151319
99.062858
97.577699
97.292219
97.609995
100.000000
97.688504
99.794881
98.112193
97.108320
97.644431
100.000000
98.339212
100.000000
98.906928
98.789503
98.570205
100.000000
98.969304
100.000000
98.931829
98.865688
98.014360
100.000000
99.783410
100.000000
99.704486
98.406052
98.820148
100.000000
99.445466
100.000000
99.369444
99.706229
99.358353
100.000000
99.012213
100.000000
100.000000
98.808074
99.624905
100.000000
100.000000
99.966084
100.000000
100.000000
99.315939
100.000000
100.000000
100.000000
100.000000
99.892898
99.590424
100.000000
100.000000
100.000000
100.000000
99.343292
99.274520
100.000000
99.926011
100.000000
100.000000
100.000000
100.000000
100.000000
99.918856
100.000000
100.000000
100.000000
99.314729
100.000000
99.252486
100.000000
100.000000
98.401182
98.743421
100.000000
98.994137
100.000000
99.616469
98.995742
98.439168
100.000000
98.616476
100.000000
99.867175
98.216651
97.980082
100.000000
99.026250
100.000000
99.321614
98.566104
98.839432
100.000000
99.758596
100.000000
100.000000
99.688791
100.000000
100.000000
100.000000
100.000000
99.166265
99.512603
99.530764
100.000000
100.000000
100.000000
99.949470
98.639781
99.591128
100.000000
99.707390
100.000000
99.438326
98.813702
99.041125
100.000000
99.911939
100.000000
100.000000
100.000000
99.216085
100.000000
100.000000
100.000000
100.000000
100.000000
100.000000
100.000000
100.000000
100.000000
100.000000
100.000000
100.000000
100.000000
100.000000
100.000000
100.000000
100.000000
100.000000
100.000000
100.000000
100.000000
100.000000
99.500204
99.433497
100.000000
99.702348
100.000000
100.000000
99.276857
98.904199
100.000000
99.516772
100.000000
100.000000
99.743008
99.799996
100.000000
100.000000
99.435550
99.611583
98.298484
98.015597
100.000000
99.606156
100.000000
99.785316
98.018689
99.171037
100.000000
99.726729
100.000000
100.000000
98.917815
99.309984
100.000000
100.000000
100.000000
100.000000
99.471270
99.896859
100.000000
100.000000
100.000000
100.000000
98.773796
100.000000
100.000000
99.514853
100.000000
100.000000
99.512114
99.122645
100.000000
99.999735
100.000000
99.628666
100.000000
99.688766
100.000000
100.000000
100.000000
100.000000
100.000000
99.705283
100.000000
100.000000
100.000000
100.000000
97.251871
99.481848
100.000000
100.000000
100.000000
100.000000
96.635904
98.803474
100.000000
100.000000
99.580951
97.318892
96.613947
99.997361
100.000000
99.169551
99.666807
100.000000
97.402190
100.000000
100.000000
100.000000
100.000000
100.000000
100.000000
100.000000
100.000000
100.000000
100.000000
100.000000
99.240864
95.601223
99.600789
97.560391
100.000000
98.548895
91.012244
96.629681
99.835967
98.638064
99.344633
97.529798
95.706152
97.518216
100.000000
97.662090
98.423317
98.200150
92.867514
98.224109
100.000000
98.740615
99.208948
97.303869
96.133924
95.970389
99.444972
97.455636
99.093885
97.159729
93.461412
96.948425
99.386689
97.548013
98.822840
97.635594
98.430981
97.556432
99.434846
99.595683
97.961225
97.970460
96.232488
98.372760
98.787883
98.583383
99.522117
98.539177
97.172207
97.587162
99.621193
97.465670
99.593232
98.023633
98.098828
97.165671
100.000000
97.255231
99.219087
97.628623
98.100212
97.128140
99.578424
97.909575
98.792311
97.846731
99.314883
97.489734
99.250355
97.961944
99.732765
97.759018
94.895000
97.296045
99.668777
98.627800
100.000000
97.907102
94.071997
98.731048
100.000000
98.438378
100.000000
98.301353
95.764195
98.328354
100.000000
98.610373
100.000000
98.860494
100.000000
98.389019
100.000000
99.281612
100.000000
99.572500
100.000000
99.686587
100.000000
100.000000
100.000000
100.000000
99.625133
98.195296
100.000000
100.000000
100.000000
99.699881
98.639231
99.694094
100.000000
100.000000
100.000000
98.891695
99.768926
100.000000
100.000000
99.014870
100.000000
100.000000
100.000000
97.672752
100.000000
100.000000
100.000000
100.000000
99.115725
98.046096
100.000000
99.207228
100.000000
99.778057
100.000000
97.912403
100.000000
99.844496
100.000000
97.595755
98.702935
98.044409
98.604097
98.445112
99.304951
99.249711
97.248121
99.698026
100.000000
100.000000
100.000000
100.000000
98.137021
100.000000
100.000000
100.000000
100.000000
99.799162
99.972397
99.882445
100.000000
100.000000
100.000000
98.500069
98.134119
100.000000
100.000000
100.000000
100.000000
100.000000
99.179807
100.000000
100.000000
99.547021
100.000000
100.000000
100.000000
100.000000
100.000000
100.000000
100.000000
100.000000
100.000000
100.000000
100.000000
100.000000
100.000000
100.000000
100.000000
100.000000
100.000000
100.000000
100.000000
100.000000
100.000000
100.000000
100.000000
100.000000
100.000000
99.866520
100.000000
100.000000
100.000000
100.000000
100.000000
100.000000
99.494516
100.000000
100.000000
99.825550
100.000000
100.000000
100.000000
100.000000
100.000000
100.000000
100.000000
100.000000
100.000000
100.000000
100.000000
100.000000
100.000000
97.784788
97.578062
100.000000
100.000000
100.000000
100.000000
100.000000
100.000000
100.000000
100.000000
100.000000
100.000000
100.000000
100.000000
100.000000
100.000000
100.000000
100.000000
100.000000
97.457067
100.000000
100.000000
100.000000
100.000000
100.000000
99.405313
100.000000
100.000000
100.000000
100.000000
100.000000
100.000000
100.000000
100.000000
100.000000
100.000000
100.000000
99.687820
99.699992
100.000000
99.426444
100.000000
100.000000
96.487019
99.508755
100.000000
100.000000
100.000000
99.683330
98.219313
100.000000
100.000000
99.804394
100.000000
100.000000
97.109663
99.296656
100.000000
100.000000
99.920721
97.409449
99.413037
99.506077
100.000000
100.000000
100.000000
99.987815
96.666718
100.000000
100.000000
99.933690
100.000000
100.000000
99.324181
99.909747
100.000000
99.868177
100.000000
100.000000
99.096525
100.000000
100.000000
100.000000
100.000000
99.183275
96.726447
99.294804
100.000000
99.376084
100.000000
99.478505
98.990492
99.653651
100.000000
100.000000
100.000000
100.000000
98.504336
99.319760
100.000000
100.000000
100.000000
100.000000
99.632504
98.468499
100.000000
100.000000
100.000000
99.159651
99.395690
99.516517
100.000000
99.437878
100.000000
100.000000
99.213650
99.690698
100.000000
100.000000
99.630610
98.343291
96.728478
97.328524
100.000000
98.183336
100.000000
99.061446
95.614816
97.308119
100.000000
97.433759
99.407101
97.425576
99.207405
96.427879
99.243357
97.021729
99.023152
96.498171
98.257028
96.273409
100.000000
97.251122
99.304190
97.744901
98.320184
98.827372
99.216472
96.909982
99.546789
98.268627
97.746355
97.960052
100.000000
98.577094
99.515426
97.758092
97.491487
98.002439
100.000000
98.477935
100.000000
98.858221
99.195860
98.071216
100.000000
98.605412
100.000000
96.022682
97.357371
97.941099
100.000000
98.633490
100.000000
99.159008
97.335342
97.638310
98.634063
96.300924
94.800778
94.733771
94.798862
95.714118
97.238323
95.921647
96.850284
95.917671
95.320165
97.745486
98.683885
98.495375
98.935182
98.487664
96.798324
98.209573
99.141313
97.574125
98.348355
99.087474
95.961451
97.758867
99.332057
98.213922
98.515859
98.183261
97.499492
97.794512
99.490609
98.591304
99.363400
98.573976
93.142192
97.982799
99.645228
98.728737
99.013207
98.641247
96.319801
98.228734
99.016589
98.082644
99.681881
98.718498
94.666032
97.024469
99.656151
98.585420
99.241500
98.269182
96.849187
97.133719
98.959088
98.149988
99.137342
97.668048
97.081834
97.536090
98.311827
99.329639
98.087535
93.464600
91.809093
96.812887
99.227138
97.483024
99.160165
97.787743
97.907379
97.575631
98.931818
97.404233
99.384686
97.545135
97.473290
97.092842
99.030026
97.480049
98.689420
98.371264
98.408015
97.159964
99.133469
97.445668
98.932442
97.163567
98.693845
97.098242
98.761512
96.925469
99.147578
97.336706
97.916228
97.070573
99.434525
97.496261
99.357038
98.173550
98.552673
97.670460
99.526968
98.095246
99.160960
98.116888
98.610018
97.707626
100.000000
97.746781
99.514649
97.932117
98.664630
97.600693
100.000000
97.149026
99.752111
98.414200
97.051462
97.244939
100.000000
99.571977
98.148155
98.387545
97.772314
95.757203
99.249996
97.576628
99.449093
97.148464
98.639663
96.223785
98.950624
97.271839
99.697563
96.413945
95.413295
96.551388
99.293328
96.527561
99.327989
97.597720
97.172343
95.341739
98.458280
97.098964
98.562703
96.394110
97.421703
96.318140
99.195718
96.282286
99.177054
96.958396
97.028267
96.165636
99.022366
96.511050
98.559388
97.222210
97.560473
96.127902
99.294635
96.881494
99.066761
96.696511
97.332009
95.653223
99.578450
96.898434
98.875390
97.547572
97.510525
96.720367
99.869592
97.090303
99.235850
96.982002
96.472772
96.503564
99.370599
99.338157
97.192510
97.536743
97.409987
96.258345
98.651451
96.509604
98.436772
96.371304
97.607642
95.912062
99.038475
96.648554
98.177249
96.486251
96.372126
96.162155
99.076361
96.797966
98.488986
96.682954
97.758054
96.265889
98.701605
96.780769
98.342697
96.740065
96.147120
96.207818
98.720494
96.319036
98.257019
96.818912
96.487713
95.971258
98.910381
96.529813
98.463053
96.099506
96.932613
95.738762
99.762856
97.659128
98.516752
97.031090
97.051026
97.030436
98.117714
96.596866
98.311028
96.151587
97.323498
96.031418
99.412450
96.928635
98.840522
97.954694
95.927993
96.208727
99.828144
99.594806
97.598739
96.663682
97.331093
96.979176
99.387129
97.163450
98.935146
97.410080
98.013515
96.827877
99.112388
97.193345
98.730824
97.681568
97.350922
97.150271
99.569122
97.540600
99.233392
98.450528
98.677569
97.186128
99.960148
98.260846
99.241269
98.260201
97.674486
97.669464
100.000000
98.582821
100.000000
98.243190
98.079545
97.871393
100.000000
97.602683
99.695633
98.409853
97.679031
96.836048
100.000000
98.372968
99.596251
97.742688
97.091930
97.628725
100.000000
97.813650
100.000000
98.477901
98.132471
97.664998
100.000000
98.161049
99.800635
98.438642
97.141457
97.827794
100.000000
99.762943
98.311479
98.009503
96.865560
98.380669
100.000000
98.616021
100.000000
98.560809
98.054952
98.119005
99.747288
98.142473
99.352086
99.096964
96.579569
97.662131
100.000000
98.578168
99.647080
98.360668
97.237314
98.047534
99.335431
97.559130
99.611283
98.129821
98.520144
97.290143
100.000000
98.175150
99.719664
98.029402
97.183163
97.703656
99.767310
97.848669
99.575293
98.323157
98.298807
96.831663
99.168477
97.517303
99.700826
98.422308
98.009685
96.640423
99.340786
97.380557
99.130833
97.685542
98.105518
95.589889
99.171587
97.666636
98.970350
97.023963
93.661308
97.027297
99.110591
99.243345
98.246411
96.384434
95.975581
96.566356
99.953793
97.572597
99.330472
97.953605
95.483503
96.714367
98.922572
97.504657
99.399985
97.965389
98.236715
97.281967
100.000000
98.561009
100.000000
99.116992
98.612407
98.689779
100.000000
98.352289
100.000000
99.430270
97.467941
97.377384
100.000000
99.626946
100.000000
99.684792
100.000000
99.350836
100.000000
100.000000
100.000000
100.000000
99.281428
99.470091
100.000000
100.000000
100.000000
100.000000
100.000000
99.716653
100.000000
99.537545
100.000000
100.000000
99.650783
98.954889
100.000000
99.791780
100.000000
100.000000
99.921527
99.777011
100.000000
100.000000
100.000000
100.000000
97.965386
98.702621
100.000000
98.744548
100.000000
100.000000
99.701123
98.568731
100.000000
99.384821
100.000000
98.631143
98.652245
98.955351
100.000000
99.655006
100.000000
99.985803
100.000000
99.789497
100.000000
100.000000
100.000000
100.000000
99.762045
100.000000
100.000000
100.000000
100.000000
100.000000
100.000000
100.000000
100.000000
100.000000
100.000000
100.000000
100.000000
100.000000
100.000000
100.000000
100.000000
99.965087
100.000000
99.659444
100.000000
100.000000
100.000000
99.839872
99.532453
100.000000
100.000000
99.435701
100.000000
100.000000
99.067559
99.317169
100.000000
100.000000
98.813903
97.748256
98.536833
99.027175
100.000000
98.630983
100.000000
97.797931
98.628303
98.289682
100.000000
98.388363
100.000000
99.109845
97.888156
97.526821
100.000000
98.034904
100.000000
98.218977
97.319104
96.517854
99.519138
97.540890
99.647488
96.887003
95.622663
96.771136
98.954718
97.024138
99.457090
96.935415
97.782177
97.756847
100.000000
97.718066
99.814641
97.761407
97.327395
96.638200
99.235308
96.839895
99.215288
96.623942
95.109590
96.070522
99.529116
96.769958
99.012503
96.889532
98.072271
97.437891
99.386005
97.398246
100.000000
97.733142
97.520095
97.639508
99.742799
99.803973
97.900013
98.539136
96.928568
97.626352
100.000000
98.064594
98.757981
97.839796
97.409809
97.717651
99.927390
98.237363
100.000000
98.268399
96.626549
97.259513
100.000000
98.594626
99.605812
98.889118
96.203527
98.355255
100.000000
98.712379
100.000000
99.267818
99.167478
98.915719
100.000000
99.372797
100.000000
99.384784
98.614036
98.358787
100.000000
99.504064
100.000000
97.776311
96.302693
98.676314
100.000000
98.858294
100.000000
98.510933
98.179031
98.692973
100.000000
98.996848
100.000000
98.839218
98.342236
98.625832
100.000000
99.262479
100.000000
99.175446
97.405117
97.931663
100.000000
100.000000
99.055568
100.000000
98.384476
98.981517
100.000000
99.832775
100.000000
100.000000
99.545162
99.137947
100.000000
99.105621
100.000000
99.487348
99.846875
99.176592
100.000000
99.264412
100.000000
99.935461
99.701975
98.291201
100.000000
99.774456
100.000000
98.330641
96.817714
98.559360
100.000000
98.981274
100.000000
99.867189
98.829797
98.885438
100.000000
98.470271
100.000000
99.165586
98.502369
98.616214
100.000000
99.922049
100.000000
99.316214
97.808337
99.120801
100.000000
99.927339
100.000000
99.784440
100.000000
99.612246
100.000000
100.000000
100.000000
100.000000
99.016481
99.902676
100.000000
100.000000
100.000000
98.754534
96.839391
100.000000
99.931411
99.186738
99.693111
98.860340
100.000000
98.454998
99.717283
98.484670
100.000000
98.826523
97.679902
98.732298
99.936583
98.423803
99.648932
98.806120
98.833667
98.969261
100.000000
98.920928
100.000000
99.346529
99.542175
98.705244
100.000000
99.634866
100.000000
99.137179
98.413744
99.703920
100.000000
100.000000
100.000000
100.000000
100.000000
100.000000
100.000000
100.000000
100.000000
100.000000
100.000000
99.568327
100.000000
99.706781
100.000000
99.906285
99.670474
100.000000
100.000000
100.000000
100.000000
100.000000
98.543235
98.939522
100.000000
100.000000
100.000000
98.225405
99.133972
98.720905
100.000000
99.152701
100.000000
99.975907
99.695810
100.000000
100.000000
99.783170
100.000000
100.000000
100.000000
99.929912
100.000000
99.989143
100.000000
99.730713
98.881497
98.925695
100.000000
99.659747
100.000000
99.816112
98.450792
99.776665
100.000000
100.000000
100.000000
100.000000
98.472121
99.390369
100.000000
99.337067
100.000000
99.746892
98.558597
99.154791
100.000000
100.000000
100.000000
99.230101
97.063519
99.005146
99.966918
98.589899
99.969357
98.681526
98.445782
98.624886
99.949340
98.790657
100.000000
99.246898
98.199057
98.896045
100.000000
99.817187
99.216557
97.098879
97.757696
99.039607
100.000000
99.211772
100.000000
100.000000
99.889848
99.590620
100.000000
100.000000
100.000000
100.000000
100.000000
100.000000
100.000000
100.000000
100.000000
100.000000
100.000000
100.000000
100.000000
100.000000
100.000000
100.000000
98.065830
100.000000
100.000000
99.854017
100.000000
100.000000
97.839045
99.683299
100.000000
99.546535
99.313517
99.038263
96.762592
97.787542
100.000000
98.703543
99.224120
98.122706
96.280549
97.822907
99.945965
98.231097
98.863196
97.891696
97.668698
98.222514
100.000000
99.078803
100.000000
98.524753
96.891056
98.557107
100.000000
100.000000
99.225412
100.000000
