96.180842
96.554022
96.480940
97.224693
95.675150
95.618649
95.270652
95.407199
95.838536
95.779242
95.835074
96.105210
96.186576
96.022304
95.946890
96.608494
96.061715
96.073099
96.036477
95.743218
96.105520
95.991625
95.380149
96.247564
96.559778
96.064423
95.991117
96.772440
95.928743
95.993134
96.241785
95.581388
95.670392
96.274457
95.493815
95.634870
96.335338
96.008380
95.576519
96.068984
95.723715
96.168354
95.956484
95.650777
95.991148
96.500699
95.767267
95.870378
96.058993
96.044060
95.690911
96.518232
95.712982
95.912458
95.460298
95.599180
95.615603
95.797779
95.520086
95.693147
97.240938
96.087035
96.202305
97.042504
95.880174
95.818968
96.290964
96.163868
96.221950
96.446862
96.161806
96.040373
96.934444
96.502146
96.481132
96.495694
96.795707
96.875552
96.635083
96.085588
96.022504
97.487122
96.234875
95.677565
96.296062
97.137115
95.684086
96.248093
96.772311
96.798076
96.163977
96.738335
97.156090
97.321835
96.950533
96.349015
97.592107
96.211451
96.574186
96.930933
97.151549
97.034714
95.848683
97.135461
96.995985
97.037930
95.334289
97.694638
97.123249
95.493935
95.968840
98.299526
97.197559
96.396888
93.419047
97.387046
96.582492
96.386086
95.270965
97.888844
96.963048
96.993891
96.888229
97.508346
95.830447
98.058093
96.063416
95.587183
97.816971
98.034481
96.595218
96.162612
95.738484
96.831194
96.198439
98.029000
96.710282
95.880575
95.738346
95.975682
95.953859
96.041367
96.354740
95.811531
95.640750
95.974892
95.508783
96.698227
95.277487
95.366684
96.471840
95.500614
95.329330
95.952977
95.446715
95.971446
95.851726
94.929377
94.134724
95.918454
94.887416
94.720077
95.480541
94.732151
95.612082
96.114915
95.682481
95.193191
95.401542
95.237793
94.369225
96.303544
94.149215
96.045357
95.908355
95.408840
95.393660
97.392424
95.445051
95.577345
98.119668
97.016605
95.873214
98.362149
96.560767
97.345257
95.084573
97.919194
97.348166
98.879220
97.038154
97.800525
98.684844
97.322719
99.535902
99.612377
98.454445
98.972791
96.788617
98.093574
97.940662
98.213569
97.846070
98.610967
99.550113
95.252833
95.784886
98.397706
98.271654
97.141120
96.605444
97.712168
97.356919
98.625287
98.291951
98.153975
98.585725
98.135980
97.658995
99.141568
98.691486
99.043549
97.896297
98.423822
99.172663
98.574932
98.443318
99.330476
98.327151
98.507142
98.129386
98.735583
98.725447
97.936372
97.061415
98.616220
98.435054
98.443889
98.747431
98.249018
98.542541
97.728639
97.444886
98.432377
97.297329
98.345266
98.021173
97.994246
98.359400
99.111709
97.985078
98.811583
100.000000
98.554109
98.228547
99.811125
98.489695
99.266593
99.548986
98.655928
98.864273
99.873845
98.113774
98.966190
100.000000
99.614757
99.464911
99.541802
98.820721
100.000000
100.000000
98.659413
99.431335
100.000000
99.317254
99.146337
100.000000
100.000000
99.619114
100.000000
100.000000
99.975865
100.000000
99.571492
99.903230
100.000000
97.379157
97.522278
100.000000
98.817384
97.938399
99.048671
99.975011
97.811319
94.658723
99.604496
100.000000
99.171926
100.000000
97.561181
99.578555
99.948618
99.996313
99.882473
99.288539
99.689275
96.672496
99.722958
100.000000
100.000000
99.061803
99.420517
100.000000
100.000000
99.354971
99.670523
99.966123
99.029394
98.751253
100.000000
99.484557
99.435287
99.982276
99.021027
99.439428
99.312727
98.851445
100.000000
99.619927
98.224886
92.930887
98.934597
99.041848
98.794902
98.368618
99.715270
97.903572
99.006268
98.779172
98.613306
99.608874
99.828906
96.062231
98.204708
99.539982
99.074341
98.391393
99.645681
99.235218
98.664987
98.669299
99.426052
99.181829
99.052966
98.111927
99.218358
98.840380
98.788130
99.417946
97.613824
94.405999
98.275915
99.048824
99.207464
97.738730
97.643829
98.006359
98.538124
98.341858
98.084442
98.235704
99.366079
97.577858
97.988348
97.769305
99.582055
98.223926
98.258402
99.474788
98.329075
98.179654
99.499052
99.109620
98.055926
96.794754
98.452032
99.326974
98.699957
98.129457
98.389703
99.667431
98.387930
98.322594
99.001181
99.117447
99.056077
97.625397
98.183274
98.345211
99.268381
98.296246
98.374584
98.537647
98.603763
98.292524
98.872969
98.596858
98.657883
99.182370
98.616368
98.729904
99.405696
98.350604
98.452912
97.777984
98.525137
98.730782
98.740098
98.134142
97.704670
93.196479
98.071690
98.405881
98.906966
98.278676
98.295132
94.508938
99.431144
98.538214
98.575026
98.364930
98.912653
97.297407
98.673128
98.946927
98.439153
98.561384
98.537035
96.290012
99.024645
98.502092
99.539251
97.587111
98.733451
95.865665
98.378591
98.377740
98.533578
98.242388
98.006876
96.534513
97.941744
98.221818
98.448648
98.226395
98.256632
97.509174
97.982587
98.736871
98.528389
98.362698
99.087977
92.771618
99.085480
98.644139
98.585252
97.751212
98.450592
97.774325
98.604992
98.374763
98.615692
98.244895
97.699346
99.393906
98.089622
98.078137
98.350473
98.124405
95.625530
99.752569
97.981840
98.266563
99.434421
98.449402
99.089629
94.996446
98.764002
98.301629
98.896650
98.516535
98.636373
93.891209
98.032098
98.101056
97.869435
97.774258
97.783956
96.900821
98.047559
98.121199
98.712885
98.942660
98.652898
95.807598
98.546203
99.137243
98.651488
98.921595
97.946081
98.244051
98.213955
98.431874
98.571075
99.106776
98.276863
98.308255
97.976419
98.258824
99.156119
98.342646
98.479365
98.613092
98.072709
97.902281
98.716211
97.851646
97.879036
97.658699
98.695201
99.035626
99.364334
98.061874
98.718213
97.204260
98.741779
98.724808
98.374598
98.319841
99.105180
99.124403
98.289668
98.314996
98.281222
98.018838
98.260406
97.747731
98.237511
98.359448
98.254669
98.222962
98.643904
98.479136
98.538157
98.329905
99.436253
98.707811
98.421146
99.012610
98.706435
98.475315
99.390237
98.537384
99.217458
97.775822
98.561182
98.328280
98.966108
98.581179
99.020725
98.335692
98.661990
98.570514
98.868906
98.793076
98.967629
98.263678
98.735105
98.464051
98.982811
98.639579
98.657001
98.466428
98.372655
98.423916
98.738282
98.204845
99.069293
98.264354
98.749480
98.592362
99.075728
98.505794
98.638435
98.044822
98.537819
98.463343
98.902960
98.353359
97.978914
98.287697
98.780039
99.200459
99.057734
98.641322
98.996428
97.947194
98.694548
98.490433
98.641546
98.564590
98.682273
98.260239
98.959547
98.494111
98.730309
98.699650
98.921385
98.568322
98.731563
98.647950
99.013679
98.652673
98.721775
98.607066
98.748526
98.656093
99.307831
98.825758
98.933416
98.987398
98.511469
98.344316
99.155354
98.366688
98.698648
99.085109
98.273805
98.496557
99.304177
98.441547
98.585458
99.110609
98.390098
98.266858
98.793978
98.611938
98.892190
98.778019
98.575841
98.294987
98.989881
98.267643
98.153129
97.710632
98.596300
98.300886
98.483096
98.141401
97.553941
98.382101
98.988835
98.886373
98.875092
98.478034
98.533819
98.049314
98.663094
98.620804
98.742885
98.887702
98.644493
98.139706
98.779812
98.960354
98.915302
98.930869
98.857647
98.873447
98.832607
98.593446
99.057530
98.877938
98.678040
98.408513
98.651064
99.098834
99.005555
98.939216
98.784518
98.724585
98.523473
98.093464
99.078718
98.408891
98.372669
97.948240
98.745236
98.669579
98.690115
97.721358
98.576664
97.029969
98.486117
98.404763
99.052470
98.270833
98.592255
97.175601
98.797870
98.381392
98.581185
98.083254
98.478505
96.697262
98.831919
98.434027
98.980932
98.288459
96.869545
98.931269
98.700857
98.174993
98.910493
98.944346
98.983459
98.205112
98.226154
98.226835
98.503820
98.183187
98.719983
99.073126
99.139717
98.691350
99.099523
98.865420
98.126077
97.786207
98.986458
98.938004
98.946240
99.140112
99.284739
97.734310
98.336629
97.769046
99.311624
98.155884
99.030304
96.364501
98.410771
98.564425
98.472991
98.367883
98.604545
97.614674
98.032409
98.479344
98.352157
98.205033
98.968565
97.898707
98.679288
98.079124
98.918987
98.214232
98.494041
98.624614
98.478312
98.226148
98.909062
98.339553
98.491995
97.679999
98.765719
98.541142
98.530392
98.583651
97.908559
98.254201
99.086929
98.648629
98.953733
98.562102
98.466874
98.296956
98.783999
98.520883
98.356271
98.672059
99.125134
99.722974
98.804839
98.619679
99.059482
98.991495
98.858796
97.956018
98.827819
98.485171
98.824385
99.035456
98.563935
97.857183
98.967327
98.642207
99.175578
98.419575
99.063877
98.545139
98.259931
97.960293
98.683848
98.449409
98.479149
98.846713
98.753910
98.194850
98.578086
98.393824
98.507495
98.319197
98.427288
98.705579
98.924172
98.124334
98.240761
98.313263
98.689862
98.597551
98.827023
98.483963
98.711656
97.822466
98.351571
98.456577
98.900030
98.676277
97.700379
98.566304
98.775991
98.759526
98.987590
98.667622
98.570017
97.731298
98.487163
98.413738
98.485863
98.409318
98.778495
98.214596
98.615380
98.544202
99.126993
98.523856
98.740120
98.369072
98.727836
98.608473
98.924243
98.732758
98.696033
98.538871
98.645008
99.145843
98.869805
98.350659
98.353019
98.273936
98.500897
98.555607
98.885136
98.864086
98.180586
96.964856
98.576911
98.446000
99.024687
98.577627
98.009327
96.953164
98.266780
97.778705
99.080238
97.138827
97.584891
98.570902
97.866086
98.228368
98.683079
97.730175
98.056572
95.419579
98.020522
97.831975
97.952426
97.590564
99.138125
97.274713
98.973177
98.313997
99.063798
98.180720
98.474128
97.074396
99.012316
98.214746
98.655447
98.549271
98.605629
97.672550
98.549658
98.440002
98.976345
98.665721
98.640812
98.268832
98.902884
98.479224
98.882102
98.449405
98.803722
98.624016
99.220980
98.247436
99.095968
98.447796
98.780861
97.502571
98.225947
98.901466
98.807087
98.748044
98.717205
98.402618
98.150798
98.335848
98.958250
98.154887
98.184710
97.735530
99.104228
98.528527
99.068091
98.478475
99.020098
97.080144
98.562001
98.146514
99.080930
98.182443
98.291252
96.962633
98.912966
98.309532
98.393043
98.519733
97.159086
98.519162
98.430712
98.151013
98.380668
98.134405
98.207993
96.527550
98.199062
98.427218
97.871665
98.273607
98.534632
97.578976
98.430856
98.685218
98.895395
98.446093
98.606591
97.445280
98.942965
98.646359
98.962083
98.598082
98.481009
97.053467
98.649587
98.622201
98.456056
99.011165
98.587915
97.550008
97.871516
98.009573
98.925980
99.033289
100.000000
95.092650
100.000000
100.000000
100.000000
100.000000
100.000000
98.515243
100.000000
100.000000
100.000000
100.000000
100.000000
100.000000
100.000000
100.000000
100.000000
100.000000
100.000000
100.000000
100.000000
100.000000
100.000000
100.000000
100.000000
100.000000
100.000000
100.000000
100.000000
100.000000
100.000000
100.000000
100.000000
100.000000
100.000000
100.000000
100.000000
98.398794
100.000000
100.000000
100.000000
100.000000
99.834294
100.000000
99.916806
99.760098
100.000000
99.700069
99.835247
100.000000
99.747115
100.000000
100.000000
100.000000
100.000000
98.309987
100.000000
100.000000
100.000000
100.000000
100.000000
100.000000
100.000000
100.000000
100.000000
100.000000
100.000000
100.000000
100.000000
100.000000
100.000000
100.000000
100.000000
99.416976
100.000000
100.000000
100.000000
100.000000
100.000000
100.000000
100.000000
100.000000
100.000000
100.000000
98.012302
99.023535
100.000000
100.000000
100.000000
100.000000
100.000000
96.653944
100.000000
100.000000
100.000000
100.000000
100.000000
99.988293
100.000000
100.000000
100.000000
100.000000
100.000000
99.428329
100.000000
100.000000
100.000000
100.000000
100.000000
100.000000
100.000000
100.000000
100.000000
100.000000
100.000000
99.597661
100.000000
100.000000
100.000000
100.000000
100.000000
100.000000
100.000000
100.000000
100.000000
100.000000
100.000000
99.118656
100.000000
100.000000
100.000000
100.000000
100.000000
98.063533
99.932941
99.972378
100.000000
99.809331
99.958708
97.235765
100.000000
100.000000
100.000000
100.000000
99.450504
98.939734
100.000000
100.000000
100.000000
99.850477
100.000000
99.629237
99.984044
99.966354
99.836648
100.000000
99.931982
99.680059
99.977088
99.810379
100.000000
99.973549
100.000000
98.067419
99.777683
100.000000
100.000000
99.821953
100.000000
99.013632
99.663743
99.690949
100.000000
99.530760
99.619064
97.954983
99.786392
99.677075
100.000000
99.861855
100.000000
99.047257
100.000000
99.633923
100.000000
99.780761
99.958053
99.092488
99.900824
99.728341
100.000000
99.985514
99.875084
99.009493
99.785216
99.587275
99.951228
99.878214
99.803660
98.676828
99.811564
99.670381
100.000000
99.897715
98.692689
99.293932
99.702461
99.851469
100.000000
99.853309
99.515012
99.192967
99.069431
99.515134
99.172980
99.553751
99.708331
99.105287
99.548179
99.383485
99.931093
99.608115
99.638681
99.055565
99.612626
99.507212
100.000000
100.000000
99.534479
98.389315
99.998747
99.654962
100.000000
99.919009
99.929181
97.547181
99.874653
99.720600
100.000000
99.324691
99.864055
100.000000
100.000000
99.183258
99.366496
100.000000
100.000000
98.486721
97.659600
99.348933
99.636888
98.859772
99.494340
99.465652
99.794982
99.522869
100.000000
99.514731
99.072421
97.904631
100.000000
99.440918
98.754448
100.000000
99.232677
100.000000
100.000000
99.404761
100.000000
100.000000
100.000000
96.264819
100.000000
100.000000
99.712289
99.881330
100.000000
100.000000
100.000000
100.000000
100.000000
99.874893
100.000000
100.000000
100.000000
100.000000
100.000000
100.000000
100.000000
99.422980
99.821055
99.825446
99.890474
100.000000
99.987303
98.092034
98.958910
99.839215
99.067588
98.522992
100.000000
99.639565
98.488710
98.392716
99.150976
99.076092
98.240581
98.497485
99.204372
98.555539
98.997245
98.293603
98.194629
98.964865
98.961162
98.427952
98.666492
98.171459
99.264195
98.403171
98.905942
99.099635
99.018721
99.176544
98.621448
100.000000
98.630875
99.189154
98.815761
98.199573
98.103233
97.593686
98.303102
98.389559
98.911605
98.641770
99.778557
99.764087
100.000000
99.229643
99.870974
98.880068
98.950325
99.184249
98.750210
99.231219
99.269838
99.307694
98.871733
99.430162
98.652547
98.744894
99.130682
99.187148
98.968570
99.642235
98.891100
99.582837
99.516088
99.124173
98.841896
99.304882
98.576766
98.874415
99.215888
98.796586
98.571707
99.250913
98.883928
99.372371
99.220621
99.398053
99.022210
99.329283
98.821357
98.480373
98.885639
98.347818
98.840688
98.152661
98.301175
98.172022
98.925903
98.363506
98.753301
99.576469
99.475998
99.604083
100.000000
99.074756
99.042464
100.000000
100.000000
100.000000
100.000000
100.000000
100.000000
100.000000
98.244821
98.359606
99.980831
99.867535
100.000000
96.481282
100.000000
100.000000
99.358014
98.654507
100.000000
100.000000
99.916641
98.863534
100.000000
100.000000
100.000000
96.178100
99.680547
100.000000
100.000000
100.000000
97.669452
96.171102
100.000000
100.000000
100.000000
100.000000
100.000000
100.000000
100.000000
100.000000
100.000000
100.000000
100.000000
100.000000
100.000000
100.000000
100.000000
100.000000
100.000000
95.856880
99.235546
100.000000
100.000000
100.000000
94.592848
100.000000
100.000000
100.000000
100.000000
100.000000
100.000000
94.931251
100.000000
100.000000
99.498081
99.419342
100.000000
94.604068
98.520745
99.334035
100.000000
99.049608
98.989390
96.452080
100.000000
99.260030
100.000000
99.442477
100.000000
96.202582
98.950909
98.515072
100.000000
98.989509
98.492344
95.179798
99.640989
98.688419
99.820107
99.060589
98.371022
99.433910
99.469946
98.902569
99.947674
98.702829
97.569488
98.109738
98.972789
97.651756
98.926850
98.453695
98.110117
95.940692
98.720310
98.744137
98.382619
97.947464
97.688110
95.451460
98.497172
97.633039
98.236235
98.021580
95.052058
93.826743
98.290774
98.080939
98.470802
98.342353
98.291984
94.683027
97.941544
98.134862
99.040921
98.907326
98.626084
97.447650
98.430951
98.908333
99.385789
98.432028
98.777085
95.717306
98.161923
99.040220
99.259139
98.789396
98.997805
98.465848
98.494659
98.021009
100.000000
99.268245
99.152312
96.283948
99.131851
98.934545
100.000000
99.272456
98.623831
96.947465
98.099546
99.388378
100.000000
98.184622
98.273389
99.065572
99.354626
98.245922
99.552990
99.410617
100.000000
99.443537
99.148650
98.947224
100.000000
98.325397
97.313566
94.692865
99.488926
98.191335
98.036849
98.709098
100.000000
96.489888
98.377470
98.728865
98.302074
99.014498
99.415473
95.773771
98.007586
98.364867
98.497830
98.229346
97.764291
96.713176
99.234856
98.145531
99.453895
99.172127
98.336224
97.447656
98.073089
99.937346
100.000000
99.106606
98.893161
98.880674
98.675847
98.569692
99.262902
99.350684
99.253688
95.139195
98.299385
98.407964
99.960912
99.144492
98.368304
95.188742
98.316906
98.364302
98.757747
98.988331
98.774916
96.261190
97.980143
98.973544
99.747179
98.201827
98.330377
98.355862
99.471997
98.320054
99.287684
97.517949
98.949249
97.444188
97.792442
98.116097
98.682860
98.101313
92.491617
97.284638
99.073869
98.406890
99.006502
99.219645
99.234250
95.085577
99.387507
99.200825
99.580800
98.318590
98.497416
98.590629
99.141329
99.971467
100.000000
99.322066
99.883535
97.435324
98.898828
99.000822
100.000000
99.315445
99.476846
99.297019
98.724841
99.731665
100.000000
98.879053
99.988216
96.587291
99.986428
100.000000
100.000000
99.689569
100.000000
99.132504
99.787740
99.337648
100.000000
100.000000
99.860791
98.717793
99.695862
99.824293
100.000000
100.000000
100.000000
99.720721
99.687391
99.924258
100.000000
99.173621
99.391236
98.651587
100.000000
100.000000
99.021848
98.516585
97.688599
99.115849
98.787504
98.895530
99.314176
99.552297
99.049995
97.417308
98.857200
98.793115
99.491458
98.768298
98.593417
99.510774
99.262769
98.974520
99.602892
98.351261
98.443080
97.937441
99.461548
99.485887
100.000000
99.211653
98.826671
97.891995
98.914792
99.702985
100.000000
99.732436
99.731722
97.512976
99.377333
98.915413
100.000000
98.853701
99.711243
96.612178
99.713290
99.573616
100.000000
100.000000
99.216584
97.287697
99.295593
98.972234
99.623377
99.096107
98.912558
99.895820
99.134533
99.199030
100.000000
99.975121
99.554304
98.720365
99.137686
99.366077
100.000000
99.546248
97.832963
99.312970
99.885670
99.517787
99.658294
99.210192
99.760118
97.689495
99.175074
98.937564
100.000000
99.286765
99.079756
99.387974
99.801182
99.434808
100.000000
99.179075
99.673715
97.790931
99.679917
99.461800
100.000000
99.881691
99.189337
98.285999
98.845901
98.680631
99.203596
98.903720
99.851802
100.000000
99.213534
99.499208
100.000000
99.318862
98.503348
100.000000
99.343798
99.097334
99.808128
99.757810
99.493684
98.786715
99.669578
98.851499
99.674915
99.169229
99.146499
98.579863
98.867746
99.325464
99.251668
99.032229
99.023574
99.071048
99.453661
99.186248
98.987387
98.485718
98.388986
98.413852
99.864065
99.950341
100.000000
100.000000
99.204981
96.326583
99.490318
99.538479
99.055390
99.241456
100.000000
98.998237
99.560239
98.968829
100.000000
100.000000
99.822325
98.156140
99.535823
99.014148
99.716950
98.855000
98.854639
98.086414
99.266088
99.220966
99.991719
98.843049
98.851843
99.601510
99.065664
99.637883
99.955064
99.083193
98.568958
98.673129
98.204921
99.200520
99.369439
98.759378
99.168588
98.129902
98.991124
98.659531
99.473185
98.913572
99.624942
97.478845
99.286482
99.896490
100.000000
99.007826
99.216771
98.138924
99.662778
99.420152
98.983054
98.727346
98.583051
96.592758
100.000000
99.116505
99.612487
99.035679
98.754016
96.497075
97.969904
99.195050
99.688782
98.735696
98.750860
97.434538
99.841500
99.765912
99.585091
98.859348
99.983783
98.908316
98.763789
98.881491
99.954118
99.749068
99.354983
99.082975
99.070807
99.029358
100.000000
98.975050
99.225146
98.046727
99.272658
99.225582
100.000000
99.856038
99.839838
97.996491
99.990142
99.636096
100.000000
100.000000
99.845930
97.178231
98.896273
98.828642
99.495374
98.770680
98.497035
100.000000
99.172685
98.808340
99.731200
99.055242
97.998596
95.869110
98.990707
99.003134
99.573464
99.520787
97.128708
99.729617
99.428513
99.434809
100.000000
100.000000
99.278335
98.017585
99.097363
99.684064
99.441714
99.531093
99.366868
100.000000
99.136456
99.246447
100.000000
99.914588
100.000000
98.141320
99.272312
99.216147
100.000000
100.000000
99.189757
97.872982
99.916987
99.736358
99.637170
98.888992
99.080869
99.828969
99.235312
99.683687
100.000000
99.350558
99.334530
100.000000
99.108885
99.206600
99.728609
98.929730
99.770532
99.740950
100.000000
99.392860
100.000000
99.221276
99.003318
98.216973
98.668561
99.976189
100.000000
99.890841
98.809014
96.615054
98.352427
98.132773
99.085485
98.272599
96.462817
97.485434
98.602633
98.436706
99.437521
97.934727
98.051183
96.909773
98.134458
97.971973
98.123946
98.347826
97.923240
97.227523
98.616841
98.407882
99.399045
98.756815
98.823368
97.603422
98.857026
98.071436
99.034292
97.956651
98.296359
97.808969
98.901448
98.897354
98.812441
98.560627
99.256655
96.990801
98.689996
98.855363
99.936412
99.140349
99.362998
98.256436
99.028212
99.356992
99.807177
98.733933
98.885585
99.563621
99.376576
98.719155
100.000000
98.776241
99.389951
97.181599
98.939543
99.137629
100.000000
99.111162
99.349042
98.102086
99.261042
99.132066
99.867378
98.928547
96.819231
97.153708
98.883457
99.508217
99.409868
98.712920
99.287374
95.532487
98.823216
98.314899
98.963739
99.325185
99.052896
97.711419
99.075456
98.740036
100.000000
98.780238
98.630934
96.333480
98.273140
97.580566
99.861790
98.035741
98.000253
96.601588
98.696233
98.792807
98.850519
99.015324
98.602259
97.744528
97.926614
98.492389
99.194321
98.424891
98.465122
97.195817
98.275421
97.859192
99.628231
98.763426
98.638629
96.583510
98.125968
96.749714
100.000000
98.633690
99.321703
97.057325
99.375918
98.929483
99.826772
98.917346
99.560791
98.138407
98.451346
98.910987
100.000000
99.132741
95.739338
99.820440
99.976735
99.105759
100.000000
99.616905
99.532364
97.194291
99.915917
100.000000
100.000000
99.012832
99.140508
97.742101
98.056957
97.772163
100.000000
98.333905
98.825139
97.012083
99.266907
98.838087
99.967815
99.112735
99.538561
97.621852
99.612993
99.475243
100.000000
99.547286
99.705480
99.074164
99.579236
99.705838
100.000000
100.000000
99.508152
99.225642
99.325678
100.000000
100.000000
100.000000
100.000000
98.623130
99.871153
100.000000
100.000000
100.000000
100.000000
99.819157
100.000000
99.741936
100.000000
100.000000
100.000000
98.582013
99.841473
100.000000
100.000000
99.994048
100.000000
100.000000
100.000000
100.000000
100.000000
100.000000
100.000000
99.224724
100.000000
100.000000
100.000000
100.000000
100.000000
99.469594
100.000000
100.000000
100.000000
100.000000
100.000000
100.000000
100.000000
100.000000
100.000000
100.000000
100.000000
100.000000
100.000000
99.790530
100.000000
100.000000
100.000000
98.373001
100.000000
100.000000
100.000000
99.991657
99.987937
99.056195
99.596107
99.727308
100.000000
100.000000
100.000000
97.855360
99.186107
99.375900
100.000000
100.000000
99.896048
98.570265
100.000000
100.000000
100.000000
100.000000
100.000000
99.485488
100.000000
100.000000
100.000000
100.000000
98.824295
99.586211
100.000000
100.000000
100.000000
100.000000
100.000000
98.124999
100.000000
100.000000
100.000000
100.000000
99.874165
98.980202
100.000000
100.000000
100.000000
100.000000
100.000000
100.000000
100.000000
100.000000
100.000000
100.000000
100.000000
100.000000
100.000000
100.000000
100.000000
100.000000
100.000000
100.000000
100.000000
100.000000
100.000000
100.000000
100.000000
100.000000
100.000000
100.000000
100.000000
100.000000
100.000000
99.477273
100.000000
100.000000
100.000000
100.000000
100.000000
99.363827
100.000000
100.000000
100.000000
100.000000
100.000000
99.540836
100.000000
99.872243
100.000000
99.767738
98.992512
99.259624
99.424657
99.936497
100.000000
100.000000
99.884654
97.128436
99.764577
100.000000
99.894439
99.723610
100.000000
99.222711
99.868908
100.000000
100.000000
99.760125
100.000000
99.777591
99.603063
99.845836
100.000000
100.000000
99.364113
98.883432
100.000000
99.500727
100.000000
99.866204
99.210638
99.448724
99.087126
99.404041
100.000000
99.510542
99.420192
100.000000
99.800195
99.937367
100.000000
100.000000
100.000000
100.000000
100.000000
100.000000
100.000000
100.000000
100.000000
97.195570
99.479423
100.000000
100.000000
100.000000
100.000000
96.287002
99.071983
99.379092
99.922213
99.588503
96.978322
96.866045
100.000000
100.000000
100.000000
99.355694
100.000000
97.132351
100.000000
100.000000
100.000000
100.000000
100.000000
100.000000
100.000000
100.000000
100.000000
100.000000
100.000000
99.134516
98.099397
98.135419
99.271589
99.167575
98.076608
90.985488
97.858515
98.518271
99.556433
98.134408
98.355508
95.525909
98.731247
98.723389
98.746063
97.359300
98.090482
92.947742
99.122004
98.428581
99.802251
97.404578
97.038153
96.343623
97.340426
97.916525
98.598262
98.178111
98.132806
93.677893
98.445404
97.795132
99.331442
97.346400
98.237354
98.250616
98.402299
98.105706
99.141625
97.948941
97.934235
96.332557
99.728062
97.739222
99.946189
98.002966
98.665461
96.286893
98.718488
98.788645
98.501475
99.307334
98.421486
98.296128
99.116782
99.587499
99.357762
98.485042
97.637810
98.403568
99.137111
98.748754
99.455862
97.764491
97.864572
99.264965
98.795563
98.044711
99.973641
99.299354
99.905379
94.474229
98.916837
98.211143
100.000000
99.862147
98.708427
93.938296
99.933416
100.000000
100.000000
100.000000
99.934097
95.715999
100.000000
99.151689
100.000000
98.228842
98.971402
100.000000
100.000000
98.082731
100.000000
99.950693
99.839134
100.000000
100.000000
100.000000
100.000000
100.000000
100.000000
100.000000
100.000000
100.000000
100.000000
100.000000
100.000000
97.340944
100.000000
100.000000
100.000000
100.000000
100.000000
99.546966
100.000000
100.000000
100.000000
100.000000
100.000000
100.000000
99.630115
100.000000
100.000000
100.000000
100.000000
98.492461
99.983167
100.000000
100.000000
99.490024
100.000000
100.000000
99.118732
100.000000
100.000000
99.658120
98.232178
98.287924
97.524123
97.316286
97.995471
98.108429
98.800165
96.449659
98.677007
98.673943
99.708156
99.691761
100.000000
97.304087
100.000000
99.871277
99.899800
100.000000
99.156078
99.620682
100.000000
100.000000
100.000000
100.000000
98.310143
98.611538
100.000000
100.000000
100.000000
100.000000
100.000000
98.758744
100.000000
100.000000
100.000000
100.000000
100.000000
100.000000
100.000000
100.000000
100.000000
100.000000
100.000000
100.000000
100.000000
100.000000
100.000000
100.000000
100.000000
100.000000
100.000000
100.000000
100.000000
100.000000
100.000000
100.000000
100.000000
100.000000
100.000000
100.000000
100.000000
100.000000
100.000000
100.000000
100.000000
100.000000
100.000000
100.000000
100.000000
100.000000
100.000000
100.000000
100.000000
100.000000
100.000000
100.000000
100.000000
100.000000
100.000000
100.000000
100.000000
100.000000
100.000000
100.000000
97.299385
98.360692
100.000000
100.000000
100.000000
99.677233
100.000000
99.830585
100.000000
100.000000
100.000000
100.000000
100.000000
99.988152
100.000000
100.000000
100.000000
100.000000
100.000000
96.940585
100.000000
100.000000
100.000000
100.000000
100.000000
98.783433
100.000000
100.000000
100.000000
100.000000
100.000000
100.000000
100.000000
100.000000
100.000000
100.000000
99.308722
99.417300
99.665946
100.000000
100.000000
99.656567
99.967496
96.166510
100.000000
100.000000
100.000000
100.000000
99.884048
97.940271
100.000000
99.607303
100.000000
100.000000
100.000000
96.718310
100.000000
100.000000
100.000000
100.000000
97.276609
99.545499
100.000000
100.000000
100.000000
100.000000
99.412448
96.675252
100.000000
100.000000
100.000000
100.000000
100.000000
99.213015
100.000000
100.000000
100.000000
100.000000
100.000000
99.145784
100.000000
100.000000
100.000000
100.000000
99.450039
97.013410
100.000000
100.000000
100.000000
100.000000
100.000000
99.387117
100.000000
100.000000
100.000000
100.000000
100.000000
98.964747
100.000000
100.000000
100.000000
100.000000
100.000000
99.954563
99.258954
99.690819
100.000000
100.000000
99.441996
99.409898
100.000000
100.000000
100.000000
98.931203
100.000000
99.605634
100.000000
100.000000
100.000000
99.965570
98.510743
98.508849
100.000000
99.933711
100.000000
100.000000
99.713344
95.622316
98.876637
98.720294
99.789872
99.105107
98.918109
99.433819
97.448902
97.855420
99.832922
98.670842
97.970771
98.850881
98.075654
98.839334
99.823802
99.196855
98.908299
98.846323
99.946688
97.989000
99.491630
99.047497
99.394707
98.427435
99.306422
99.046092
100.000000
98.556490
98.585383
98.277387
98.158446
98.170712
100.000000
98.557349
99.149309
99.724671
98.594079
99.344340
100.000000
100.000000
96.712791
97.708565
97.811157
99.124808
99.789988
99.026889
97.901278
96.657484
99.159406
98.315828
95.080489
94.694507
93.268943
95.866342
97.044386
96.813326
97.321756
96.733333
97.253159
95.128263
97.881421
97.698003
98.129578
97.688044
97.689081
96.543476
98.484418
98.295269
98.663071
98.038781
98.585135
95.864589
98.206590
98.547340
99.013220
98.027713
98.072099
97.610993
98.166553
98.015260
99.140728
98.662038
98.352494
93.230317
98.369789
98.555339
99.314644
97.963911
98.835833
96.517267
98.912117
97.652575
99.297540
98.436842
98.734607
94.899026
97.630986
98.681092
99.669270
98.241109
98.638850
96.980881
98.625244
98.245620
99.568454
98.893518
98.307043
97.263640
98.136694
97.928477
99.076176
99.066086
93.616040
92.301396
99.076385
99.202633
99.065287
99.063486
98.110009
97.603148
98.906420
98.455670
97.812595
99.158162
98.501153
97.530476
98.162157
97.966095
98.920879
98.025138
99.315585
98.502891
98.273172
97.310973
99.692434
97.828472
97.603864
98.930657
98.670660
97.771099
98.947419
98.408873
97.749316
98.190278
98.528973
98.275925
99.639740
98.670993
99.039198
98.709642
98.500423
98.163088
99.649427
97.887978
98.859061
98.874021
99.141478
98.948150
99.854734
98.529069
98.538098
98.870903
98.906743
99.182631
98.875173
99.215408
99.369383
96.920673
98.233934
98.343072
98.993506
98.430672
98.209923
98.258148
97.559563
96.902178
99.904351
97.377391
96.682723
97.476628
98.243948
97.375507
98.646133
98.508510
96.526114
95.182773
98.426275
98.420818
98.361130
98.836352
98.402739
97.143345
96.722783
97.079425
99.079484
97.650563
96.787770
97.399571
98.135995
98.181556
98.478395
98.802205
98.082916
97.123736
97.583204
97.539593
98.545887
97.856986
98.057652
97.867761
97.754592
97.758527
98.876255
97.990977
96.732199
97.567904
97.025015
97.664055
98.477217
97.513743
98.140519
97.462349
97.710632
97.842257
98.928789
97.856987
97.845670
96.263305
98.237995
97.476700
97.831667
97.328607
97.187719
97.611219
97.697250
98.089043
98.830621
97.613284
97.415787
97.120870
97.277561
97.774539
98.208886
97.490886
97.424904
96.437358
97.741466
97.867391
98.440854
97.666466
97.512419
97.798544
97.512577
96.848362
98.089332
97.396376
97.798227
96.215062
97.135534
97.385740
98.500053
97.401419
97.738361
96.677805
97.158371
97.732854
98.554675
97.657816
97.154301
97.067460
97.369683
98.324000
99.029454
97.187782
96.919885
97.110199
97.929178
96.817548
97.868945
97.685608
97.014287
97.176218
97.842792
97.735913
98.642936
97.767786
98.190421
95.644353
98.316266
98.125683
98.943017
98.115611
96.287369
97.758015
98.685224
98.324712
99.375093
98.699162
98.179969
97.623459
98.184192
98.646381
98.584891
98.260218
98.538387
97.652959
99.151403
99.313108
100.000000
98.656168
99.113127
99.013556
99.115747
98.913284
99.655477
98.429361
98.687523
97.907814
99.381890
98.942902
99.765313
99.104763
98.754839
98.250681
98.965659
99.483240
99.199359
98.749307
98.919198
97.612435
97.701701
98.031016
100.000000
98.977913
98.682773
97.286942
99.082709
99.165407
99.879426
99.301537
99.361951
98.458711
98.972706
98.269966
100.000000
98.850027
98.438200
96.928265
97.743601
98.263928
99.521845
99.033914
97.341837
97.486376
99.550866
99.662453
100.000000
100.000000
98.692698
97.245890
97.830078
98.664858
98.602595
98.040524
98.900121
96.785825
98.368805
98.285165
99.879376
98.324122
98.131665
97.315577
98.587883
98.505082
99.399950
98.427745
98.714618
98.860964
98.169767
98.709377
99.684367
98.435945
98.693553
97.507462
98.334446
98.133035
99.772616
98.098639
99.122912
98.852069
97.457188
97.050294
99.106943
98.045137
98.755245
98.620436
97.839448
98.171563
98.593823
97.548422
97.890631
98.267100
96.529673
96.615844
99.363758
97.191981
97.001490
93.333957
97.830472
98.130022
98.735013
98.153422
95.889080
97.149690
97.850440
99.346249
100.000000
98.097068
98.239858
95.173129
98.347499
98.331756
99.174809
99.316674
99.521532
98.912776
99.036851
99.661586
100.000000
99.740763
100.000000
99.311553
100.000000
99.626151
100.000000
100.000000
100.000000
97.962990
99.565215
100.000000
100.000000
100.000000
99.994247
100.000000
100.000000
100.000000
100.000000
100.000000
100.000000
99.378881
100.000000
100.000000
100.000000
100.000000
100.000000
100.000000
100.000000
100.000000
100.000000
100.000000
100.000000
99.620367
100.000000
100.000000
100.000000
100.000000
100.000000
99.543213
100.000000
98.999056
100.000000
100.000000
99.608711
99.737742
100.000000
99.952297
100.000000
99.745474
100.000000
99.428171
99.766395
99.721042
100.000000
99.920988
100.000000
99.351070
100.000000
100.000000
100.000000
100.000000
100.000000
100.000000
100.000000
100.000000
100.000000
100.000000
100.000000
100.000000
100.000000
100.000000
100.000000
100.000000
100.000000
100.000000
100.000000
100.000000
100.000000
100.000000
100.000000
100.000000
100.000000
100.000000
100.000000
100.000000
100.000000
100.000000
100.000000
100.000000
100.000000
100.000000
100.000000
99.937720
100.000000
100.000000
100.000000
99.860524
99.655413
98.995672
99.924566
99.800895
100.000000
99.248034
96.958413
99.262990
99.172982
98.894297
100.000000
99.330854
99.243362
97.775474
99.378604
99.475096
99.607528
98.509596
98.835811
98.146079
98.479657
98.959638
100.000000
98.813823
98.276236
97.424550
97.383644
97.166169
99.855283
97.279446
96.721878
95.580984
98.217674
98.134599
99.176808
99.081794
98.652412
97.921723
99.072795
98.718652
99.975468
98.065069
98.383754
97.739637
98.338745
96.957055
98.924643
98.015562
97.548205
95.488790
97.807807
98.201504
99.091922
98.228319
97.842456
98.052059
98.859663
98.049567
100.000000
99.033165
98.576514
97.386382
98.876182
98.713818
99.485204
98.797217
98.655731
97.977514
99.603443
99.278819
100.000000
98.316278
97.945145
97.186171
98.865768
97.527943
98.812223
98.514284
98.524814
96.931934
98.609253
98.913713
100.000000
99.662674
99.927233
96.461955
99.970346
100.000000
100.000000
100.000000
100.000000
99.892964
99.909802
100.000000
100.000000
100.000000
100.000000
99.420222
100.000000
98.937578
100.000000
98.961344
98.779749
96.942961
100.000000
99.616518
100.000000
99.634285
99.543550
98.853497
100.000000
100.000000
100.000000
99.669299
99.749659
98.852889
99.867672
100.000000
100.000000
98.807308
99.440916
97.508869
99.051938
99.421410
99.868960
99.775436
100.000000
99.152369
100.000000
100.000000
100.000000
100.000000
100.000000
98.956836
100.000000
100.000000
100.000000
99.697141
99.982743
99.979859
100.000000
100.000000
100.000000
100.000000
100.000000
99.860468
99.358594
99.257220
100.000000
100.000000
98.615739
96.877840
99.543409
99.475476
100.000000
99.060161
99.937647
98.931401
99.798876
99.222548
99.715721
99.187367
100.000000
98.560546
99.300933
99.750337
100.000000
99.634948
99.333137
97.960586
99.865487
100.000000
100.000000
99.806782
99.690200
100.000000
100.000000
100.000000
100.000000
100.000000
100.000000
98.429316
99.993121
99.802954
100.000000
100.000000
98.310848
97.492776
100.000000
99.504466
100.000000
99.477595
99.184518
100.000000
99.137877
98.965529
99.752833
99.373971
99.189151
98.056855
99.913263
99.630292
100.000000
99.489100
99.597133
99.036790
100.000000
99.930670
100.000000
99.758364
99.952945
99.714037
99.254330
99.514206
100.000000
100.000000
99.675696
98.562020
100.000000
100.000000
100.000000
100.000000
100.000000
100.000000
100.000000
100.000000
100.000000
100.000000
100.000000
100.000000
99.978871
99.907964
100.000000
100.000000
100.000000
99.690702
100.000000
100.000000
100.000000
100.000000
99.736977
98.564135
98.693416
100.000000
100.000000
100.000000
97.914382
99.503801
99.730198
100.000000
100.000000
100.000000
99.989959
98.917588
100.000000
100.000000
100.000000
100.000000
100.000000
100.000000
100.000000
100.000000
100.000000
100.000000
100.000000
98.843604
99.483831
99.468756
100.000000
99.804769
100.000000
98.643383
100.000000
99.310534
100.000000
99.923244
100.000000
98.693614
99.458624
100.000000
100.000000
99.569160
99.703093
99.005127
99.521559
99.493204
100.000000
99.955364
99.535662
97.484655
99.812073
99.186340
99.781906
99.448783
99.482123
98.833348
99.033812
98.798633
100.000000
99.445481
99.633226
98.376540
99.154198
100.000000
99.534525
99.680045
97.190992
98.127679
99.284639
99.685490
100.000000
99.743633
100.000000
99.676863
99.484657
99.323261
100.000000
100.000000
100.000000
100.000000
100.000000
100.000000
100.000000
100.000000
100.000000
100.000000
100.000000
100.000000
100.000000
100.000000
100.000000
98.316845
100.000000
99.205418
100.000000
99.743550
100.000000
98.252843
100.000000
99.659047
100.000000
99.025312
99.120311
97.406925
98.766803
99.167151
100.000000
99.049776
98.232448
96.874118
98.842704
99.698695
99.840318
98.794671
98.784588
98.434196
99.372508
99.360841
100.000000
99.524623
99.234525
97.429637
99.939737
99.777604
100.000000
99.829789
100.000000
