96.565473
97.286375
97.249135
98.003793
96.588507
96.587210
95.904628
96.498397
95.955680
96.366227
95.977561
96.260262
96.403608
96.482480
96.469591
96.652507
96.579468
96.165576
96.246920
96.188218
96.493072
96.434065
95.782323
96.213174
96.591046
96.090641
95.963087
96.833588
96.345240
96.405041
96.462787
96.531300
96.314537
97.169124
96.135307
96.133566
96.723056
96.576809
96.152304
96.570329
96.246236
96.709729
96.186179
96.130809
96.490558
96.974475
96.336518
96.370443
96.482413
96.580233
96.271489
97.386896
96.373525
96.557070
96.042961
96.147831
96.182316
96.400751
96.237429
96.027509
97.240938
96.533546
96.596648
97.453693
96.413886
96.372901
96.500949
96.223561
96.345046
97.050942
96.764954
96.559221
97.068610
96.983141
96.528684
96.993176
96.897366
96.988756
96.805893
96.545592
96.666238
98.276848
96.733593
96.217396
96.476513
97.580943
96.285918
97.246272
97.397614
97.364510
96.412205
96.360751
96.734811
97.744119
97.088400
96.852983
97.782365
96.739415
97.295579
97.996226
96.843270
96.728115
96.187343
97.720502
97.590309
97.511022
96.442231
98.170963
97.357595
95.521644
96.062734
98.822542
97.229752
97.049351
93.629997
97.369406
97.180723
97.016930
96.012363
98.137926
97.159144
97.502131
97.496248
98.035917
95.950876
98.207227
96.565901
95.656480
97.784591
98.075073
97.232671
96.789527
95.996659
96.929041
96.290417
98.576829
96.870337
96.512617
96.428834
96.799256
96.704923
97.213305
97.074817
96.005943
96.111723
96.026671
96.215519
97.210313
95.869593
95.955968
96.710063
95.617642
94.917846
96.530617
95.044160
96.127229
96.287722
95.538628
95.341570
96.428351
95.534112
95.350631
95.914990
95.396937
95.748637
96.651992
95.723693
95.250817
95.602475
96.299564
95.573240
96.779178
95.303316
96.568738
96.190775
95.396168
95.348942
97.783220
95.433795
95.822016
98.119668
97.483505
96.565336
98.758833
97.223831
97.887102
95.291884
97.918047
97.343567
99.378574
97.685917
97.783548
98.723023
98.018718
99.563459
100.000000
98.479826
99.049468
97.179009
98.715749
98.370458
98.210068
98.384651
99.097898
99.749391
95.950435
97.194601
99.423965
99.251730
98.227922
97.316940
98.376619
97.974481
99.115561
98.492192
98.479251
99.102775
98.733012
98.246163
99.858458
98.562205
98.800986
98.326979
99.069165
99.129466
98.937941
98.389855
99.282493
98.606817
98.500340
98.871892
99.275037
99.576647
98.656295
97.420387
99.038472
99.053793
98.890005
99.128449
98.566643
98.797761
98.158427
98.168237
99.096767
98.070408
99.035088
98.473658
98.498232
98.417150
99.453598
98.525957
99.483368
100.000000
98.980688
98.609261
100.000000
98.944583
99.579412
99.831318
99.064962
99.252789
100.000000
98.455494
99.317068
100.000000
99.743746
99.772511
99.850328
99.164447
100.000000
100.000000
99.063562
99.717284
100.000000
99.644275
99.521962
100.000000
100.000000
99.658008
100.000000
100.000000
100.000000
100.000000
99.936181
100.000000
100.000000
98.393833
98.576065
100.000000
99.508450
98.440870
99.767115
100.000000
98.328170
95.225233
100.000000
100.000000
99.524300
100.000000
97.859448
99.761626
100.000000
100.000000
100.000000
99.820425
100.000000
97.016948
100.000000
100.000000
100.000000
99.379346
99.781688
100.000000
100.000000
99.653261
100.000000
100.000000
99.605671
98.962186
100.000000
99.743368
100.000000
100.000000
99.526987
99.666882
99.638427
99.221077
100.000000
99.926667
98.601472
93.080087
99.433408
99.547843
99.477035
98.792139
99.974712
98.066625
99.312692
99.022071
99.267434
99.890800
100.000000
96.308425
98.537846
99.810594
99.658178
98.754728
99.901025
99.326249
99.129719
99.105560
99.691485
99.373702
99.289943
98.184331
99.397191
99.059839
98.808267
99.670428
97.692808
94.461848
98.920382
99.533633
99.440249
98.413219
98.330627
98.202497
99.004255
98.881096
98.412691
98.486750
99.345371
97.716433
98.288202
98.265536
99.833084
98.646875
98.705831
99.597519
98.747692
98.556423
99.708415
99.422629
98.472486
96.792929
98.654632
99.433360
99.180428
98.345598
98.534418
99.694559
98.974869
98.993788
99.426413
99.264841
99.211947
97.686472
98.365411
98.911515
99.280415
98.819397
98.589177
98.550996
98.904866
98.647163
99.134437
98.868839
98.838369
99.213912
98.990554
99.036331
99.594618
98.580529
98.835048
97.830188
98.770198
99.163767
99.072361
98.634501
97.794151
93.331181
98.642226
98.446245
99.650995
98.786043
98.980956
94.602760
99.617392
98.577577
99.356991
98.695567
99.251162
97.533665
99.030591
99.149020
98.843934
99.153294
99.115649
96.388782
99.280268
99.118570
100.000000
98.436553
99.041837
95.880969
98.578136
98.715977
98.889692
98.498044
98.296261
96.656565
98.244536
98.449161
99.031358
98.493351
98.528899
97.685094
98.375563
99.058026
99.173508
98.912263
99.592521
92.841512
99.369082
98.610616
99.512195
98.147942
98.677617
97.900105
98.657488
98.398203
99.236621
98.576630
98.108892
99.677454
98.426754
98.132930
99.002566
98.445841
96.097864
99.929062
98.677786
98.858571
99.867812
99.010680
99.338474
95.007849
99.000680
98.648386
99.067446
98.819662
98.888771
94.004246
98.640284
98.677238
98.576963
98.275048
98.333962
96.885052
98.378732
98.453116
99.255766
99.163885
98.896724
95.846138
98.819121
99.385040
99.509471
99.050953
98.250050
98.207967
98.278463
98.483912
99.266247
99.099637
99.036021
98.318999
98.386970
98.510187
99.531359
98.360336
98.727915
98.748382
98.446258
98.396550
99.184902
98.338751
98.302471
97.749324
99.119245
99.487751
99.593210
98.367149
98.927805
97.237584
98.933363
98.898556
98.706881
98.724293
99.273554
99.272124
98.770257
98.748260
98.881589
98.593699
98.735438
98.225861
98.732357
98.837715
98.742303
98.683082
99.008951
98.661020
98.813498
98.582307
99.625290
98.922995
98.770232
99.132516
98.895538
98.728305
99.389261
98.760547
99.326558
97.823190
98.774679
98.617774
99.158236
98.760056
99.207421
98.397337
98.804436
98.604687
99.085786
98.774480
99.304374
98.267418
99.002351
98.641703
99.364650
98.869040
99.046775
98.602261
98.828892
98.938441
99.390790
98.794078
99.165048
98.370093
99.027793
99.078327
99.328817
98.763337
99.010256
98.143678
99.021907
98.909170
99.100092
98.576870
98.152598
98.296881
98.764407
99.171635
98.834849
99.006981
99.335790
97.964589
98.883679
98.549655
99.074005
98.623843
98.913800
98.320616
99.428252
99.092245
99.380374
98.923596
98.915735
98.611209
99.124920
99.061906
99.218421
98.890663
98.912580
98.640524
99.102035
99.062339
99.488983
99.031795
99.157173
99.029068
99.073218
98.915993
99.339140
98.732063
98.912404
99.132177
98.653478
98.840595
99.492297
98.798857
98.903037
99.149203
98.778782
98.627992
99.284026
98.917635
99.120397
98.841086
98.797511
98.680102
99.278493
98.686430
98.433959
97.963338
99.037529
98.742363
98.909955
98.378637
97.849774
98.493543
99.188596
99.087642
99.102048
98.669625
98.704590
98.078366
98.901001
98.879376
98.983393
99.054182
98.829723
98.223227
99.087280
99.181662
99.137545
99.099119
99.021085
98.919601
98.998882
98.791016
99.258339
99.024338
98.854390
98.385206
99.015762
99.356553
99.236961
99.252049
98.962271
98.715957
98.859209
98.454636
99.480382
98.600262
98.753196
97.935858
99.179395
99.040978
99.288373
98.171524
99.022685
97.117164
98.945461
98.444859
99.575995
98.243152
98.851709
97.272835
99.192651
98.811419
98.838656
98.574998
98.944861
96.960373
99.063647
98.704869
99.169194
98.471384
96.994608
99.012828
99.125573
98.849434
99.166416
99.104186
98.995278
98.189876
98.834263
98.800314
98.756939
98.743594
98.909054
99.087639
99.118849
99.061506
99.094456
99.289282
98.657040
97.792462
99.158735
99.111383
99.191648
99.273446
99.441817
97.707758
98.725366
98.262591
99.498090
98.620097
99.181062
96.365140
98.824477
98.960329
98.968123
98.834273
98.769864
97.621223
98.642658
99.064530
99.147905
98.672906
99.082237
98.067450
98.873450
98.636822
99.151587
98.800610
98.662520
98.689261
98.672605
98.423522
99.341249
98.732547
98.896319
97.885964
99.154970
98.949139
98.926694
99.002405
98.153677
98.378018
99.308566
98.858788
99.369532
98.803907
98.714607
98.535892
99.221326
99.140410
98.867959
98.901372
99.138598
99.793595
99.031926
98.805262
99.038685
99.156080
99.013880
98.000305
98.987475
98.675523
99.253243
99.234708
98.996401
97.859438
99.188141
98.634811
99.373322
98.438194
99.207929
98.565860
98.826489
98.415760
99.378735
98.704413
98.678034
98.911059
99.265576
98.819723
99.298438
98.815746
98.835916
98.506182
98.662816
98.930020
98.944680
98.502230
98.631411
98.452500
99.120106
98.983540
99.289695
98.683014
98.919941
98.153915
99.014547
99.082495
99.114999
98.980296
97.919776
98.632070
98.812924
98.720714
98.995014
98.817328
98.735643
97.794658
98.891675
98.828856
98.700152
98.809161
98.995623
98.315573
98.967964
98.882200
99.359279
98.743128
98.908907
98.467300
99.013655
98.941051
99.118139
98.894693
98.934072
98.557094
98.994021
99.393163
99.109686
98.713626
98.696377
98.300871
98.853238
98.889235
99.104675
99.207897
98.617973
97.027431
99.003834
98.938611
99.249945
99.028374
98.553032
96.940993
98.254140
98.370767
99.377106
98.215122
98.354452
98.654040
98.200223
98.504083
98.920332
98.424899
98.554242
95.821188
98.311730
98.126858
98.524286
97.910879
99.232735
97.376751
99.203842
98.749322
99.479330
98.613089
98.734559
97.284810
99.473046
98.921355
98.971676
98.767376
98.806409
97.708205
98.992800
98.857062
98.940355
99.056231
98.662485
98.273621
99.035951
98.720160
98.889007
98.682192
98.995583
98.642560
99.353264
98.865424
99.337072
99.005777
99.078962
97.524940
98.376081
99.100470
99.063758
98.896227
99.088111
98.440890
98.416493
98.506002
99.165948
98.430562
98.630894
97.793835
99.452731
98.751604
99.501162
98.754884
99.165901
97.185510
99.196362
98.893849
99.562103
98.733978
98.487144
97.237623
99.092369
98.526230
98.661176
98.670020
97.151277
98.665319
98.863385
98.629919
99.179227
98.647121
98.726276
96.961362
98.958422
99.116886
98.728204
98.551491
99.014228
97.789708
98.680161
98.924234
99.110755
98.678392
98.821412
97.583743
99.208924
98.912458
99.226084
99.263785
99.111015
97.090069
98.681788
98.686536
98.977603
99.026531
98.816388
97.620763
98.537483
98.461035
99.636417
99.512901
100.000000
95.190986
100.000000
100.000000
100.000000
100.000000
100.000000
98.613606
100.000000
100.000000
100.000000
100.000000
100.000000
100.000000
100.000000
100.000000
100.000000
100.000000
100.000000
100.000000
100.000000
100.000000
100.000000
100.000000
100.000000
100.000000
100.000000
100.000000
100.000000
100.000000
100.000000
100.000000
100.000000
100.000000
100.000000
100.000000
100.000000
98.571942
100.000000
100.000000
100.000000
100.000000
100.000000
100.000000
100.000000
100.000000
100.000000
100.000000
100.000000
100.000000
100.000000
100.000000
100.000000
100.000000
100.000000
98.378629
100.000000
100.000000
100.000000
100.000000
100.000000
100.000000
100.000000
100.000000
100.000000
100.000000
100.000000
100.000000
100.000000
100.000000
100.000000
100.000000
100.000000
99.494075
100.000000
100.000000
100.000000
100.000000
100.000000
100.000000
100.000000
100.000000
100.000000
100.000000
98.104749
99.023535
100.000000
100.000000
100.000000
100.000000
100.000000
96.680817
100.000000
100.000000
100.000000
100.000000
100.000000
100.000000
100.000000
100.000000
100.000000
100.000000
100.000000
99.440965
100.000000
100.000000
100.000000
100.000000
100.000000
100.000000
100.000000
100.000000
100.000000
100.000000
100.000000
99.617456
100.000000
100.000000
100.000000
100.000000
100.000000
99.991214
100.000000
100.000000
100.000000
100.000000
100.000000
99.148989
100.000000
100.000000
100.000000
100.000000
100.000000
98.078809
100.000000
100.000000
100.000000
100.000000
100.000000
97.335709
100.000000
100.000000
100.000000
100.000000
99.523468
99.019870
100.000000
100.000000
100.000000
100.000000
100.000000
99.703922
100.000000
99.908174
100.000000
100.000000
100.000000
99.715466
100.000000
99.843173
100.000000
100.000000
100.000000
98.064024
100.000000
100.000000
100.000000
99.812816
100.000000
99.068999
99.580559
99.602521
99.885534
99.709603
99.793676
97.983986
99.713018
99.633250
100.000000
99.872217
100.000000
99.052498
100.000000
99.850656
100.000000
99.971269
99.969267
99.081174
99.879157
99.727642
100.000000
100.000000
100.000000
99.026633
100.000000
99.579052
100.000000
99.894563
99.844319
98.743365
100.000000
99.912482
100.000000
100.000000
98.780617
99.293932
99.863085
99.857918
100.000000
99.839915
99.857772
99.186366
99.408005
99.664081
99.459763
99.812347
99.950071
99.114114
99.738909
99.632606
100.000000
99.804927
99.832172
99.066779
99.804975
99.717334
100.000000
100.000000
99.528241
98.400545
100.000000
100.000000
100.000000
100.000000
99.924424
97.534483
100.000000
100.000000
100.000000
99.942645
99.827117
100.000000
100.000000
99.483720
99.637129
100.000000
100.000000
98.498658
98.303899
99.663708
100.000000
99.283093
100.000000
100.000000
100.000000
100.000000
100.000000
100.000000
100.000000
98.641231
100.000000
100.000000
100.000000
100.000000
99.875370
100.000000
100.000000
100.000000
100.000000
100.000000
100.000000
96.858658
100.000000
100.000000
100.000000
100.000000
100.000000
100.000000
100.000000
100.000000
100.000000
100.000000
100.000000
100.000000
100.000000
100.000000
100.000000
100.000000
100.000000
99.538114
100.000000
100.000000
100.000000
100.000000
100.000000
98.322891
99.282872
100.000000
99.633229
98.850339
100.000000
99.817025
98.942120
98.718706
99.676739
99.247003
98.573328
98.698842
99.476099
99.001963
99.242162
98.558916
98.433945
99.108036
99.193169
98.721622
98.985598
98.460081
99.577496
98.748847
99.247459
99.440412
99.491197
99.563903
98.994392
100.000000
98.919942
99.553354
99.455566
98.756492
98.688696
98.045803
98.642355
98.760041
99.382857
98.932398
100.000000
99.885789
100.000000
99.458901
100.000000
99.161443
99.212559
99.345236
99.213467
99.617723
99.732542
99.547284
99.113335
99.603313
98.861290
99.113378
99.136782
99.493127
99.302846
99.671231
99.032015
99.749759
99.786783
99.341167
99.202654
99.478095
98.899661
99.167375
99.708372
99.306907
99.058404
99.469556
99.208906
99.603008
99.720751
99.686966
99.273746
99.449609
99.044926
98.770306
99.227967
98.858643
99.148532
98.413055
98.619216
98.507922
99.239323
98.708487
98.992412
99.576469
99.719154
99.649200
100.000000
99.361697
99.322634
100.000000
100.000000
100.000000
100.000000
100.000000
100.000000
100.000000
98.591552
98.686631
100.000000
100.000000
100.000000
96.657344
100.000000
100.000000
99.721109
99.056864
100.000000
100.000000
100.000000
99.676413
100.000000
100.000000
100.000000
96.310106
100.000000
100.000000
100.000000
100.000000
98.793608
96.369667
100.000000
100.000000
100.000000
100.000000
100.000000
100.000000
100.000000
100.000000
100.000000
100.000000
100.000000
100.000000
100.000000
100.000000
100.000000
100.000000
100.000000
96.086562
100.000000
100.000000
100.000000
100.000000
94.870576
100.000000
100.000000
100.000000
100.000000
100.000000
100.000000
95.538887
100.000000
100.000000
100.000000
99.925501
100.000000
94.796280
99.451179
100.000000
100.000000
99.956663
99.409749
96.663521
100.000000
100.000000
100.000000
99.865534
100.000000
96.369682
99.824484
99.466595
100.000000
99.747439
98.959230
95.348314
100.000000
99.390693
100.000000
99.499526
99.640233
99.937896
99.929292
99.289601
100.000000
99.359921
98.490769
98.379544
99.326962
98.524599
99.368890
99.135278
98.515076
96.290797
99.055713
99.043418
98.799239
98.286568
98.257770
95.655577
98.809079
98.019157
98.537164
98.534195
95.163954
93.950651
98.689560
98.353544
98.979329
98.556461
98.908167
94.683089
98.572693
98.473566
99.615806
99.119427
98.905876
97.620035
99.002100
98.918314
99.654003
99.057527
98.978529
95.700517
98.490886
99.070940
99.594281
98.798895
99.348081
98.572520
99.100306
98.699302
100.000000
99.812960
99.501389
96.359932
99.490582
99.362238
100.000000
99.562557
99.013729
96.987506
98.966740
100.000000
100.000000
98.647419
98.697578
99.104765
99.995328
99.048352
100.000000
99.891261
100.000000
99.604287
99.515643
99.665324
100.000000
98.746095
97.811135
95.152700
100.000000
98.606673
98.496670
99.462097
100.000000
96.632011
99.068417
99.080571
98.684892
99.332227
99.803986
96.084639
98.320505
98.675330
98.841833
98.615149
98.080797
96.887519
99.501051
98.555676
99.772665
99.232070
98.735983
97.567138
98.807477
100.000000
100.000000
99.167957
99.342238
99.123480
99.733553
99.326489
100.000000
100.000000
99.684500
95.301128
98.741918
99.245760
100.000000
99.538264
98.427733
95.405995
98.909095
99.001522
99.171975
99.401578
99.138703
96.509313
98.444182
99.420990
100.000000
99.076080
99.252633
98.808783
99.874075
98.859287
100.000000
98.551729
99.830016
97.964430
98.867377
98.608024
99.530075
98.614300
93.105206
97.470788
99.545769
98.932353
99.853651
99.587596
99.298546
95.411221
100.000000
100.000000
100.000000
99.561756
99.381953
98.672797
99.159992
99.979361
100.000000
99.186173
99.896146
97.598151
99.303716
99.779346
100.000000
100.000000
99.837885
99.523267
99.850669
100.000000
100.000000
99.574003
100.000000
96.930650
100.000000
100.000000
100.000000
100.000000
100.000000
99.420711
100.000000
100.000000
100.000000
100.000000
100.000000
98.913442
100.000000
100.000000
100.000000
100.000000
100.000000
99.992347
100.000000
100.000000
100.000000
100.000000
100.000000
98.921405
100.000000
100.000000
99.599059
98.868478
98.014177
99.137278
99.023632
98.949450
99.567287
99.790605
99.127421
97.697056
99.242099
99.369672
99.773339
99.592615
99.510395
99.639596
99.556531
99.391934
100.000000
99.115649
99.454783
98.167733
100.000000
100.000000
100.000000
99.561327
99.236335
98.243697
99.709836
100.000000
100.000000
100.000000
100.000000
97.657403
99.679034
99.434869
100.000000
99.464708
100.000000
96.717842
100.000000
100.000000
100.000000
100.000000
100.000000
97.355593
100.000000
99.689586
100.000000
99.594772
99.436299
100.000000
99.603955
99.809146
100.000000
100.000000
99.917359
98.873497
99.615092
99.534258
100.000000
99.781577
97.946766
99.502115
100.000000
100.000000
100.000000
99.677692
99.882254
97.990214
99.459896
99.472774
100.000000
99.729394
99.496327
99.591175
99.822877
99.481178
100.000000
99.619635
100.000000
97.885063
100.000000
99.941479
100.000000
100.000000
99.655814
98.553792
99.379228
99.214594
99.970193
99.180783
100.000000
100.000000
99.757009
100.000000
100.000000
99.778573
99.156011
100.000000
99.899880
99.613264
100.000000
99.956583
99.697788
98.875079
100.000000
99.356780
99.939734
99.608267
99.609482
98.684521
99.133050
99.534088
99.777029
99.284359
99.258016
99.253984
99.725077
99.674005
99.446420
99.020344
98.544145
98.563864
100.000000
100.000000
100.000000
100.000000
99.524822
96.660358
99.749699
99.582559
99.600568
99.517001
100.000000
99.088904
100.000000
99.495611
100.000000
100.000000
100.000000
98.244443
99.784848
99.238579
99.980274
99.078652
99.150532
98.197535
99.631062
99.820908
100.000000
99.484831
99.286339
99.664706
99.294403
99.850566
100.000000
99.279184
98.842309
98.719299
98.757102
99.389319
99.619958
99.012793
99.412848
98.193426
99.495247
99.149980
99.707141
99.435456
99.884584
97.578321
99.310696
100.000000
100.000000
99.866973
100.000000
98.157104
99.669988
99.413784
99.303574
98.815194
98.896439
96.698315
100.000000
99.683363
100.000000
99.380559
99.094760
96.785904
98.363408
99.575393
100.000000
98.996642
99.054927
97.564197
100.000000
100.000000
100.000000
99.505668
100.000000
99.109333
99.140452
99.200114
99.963625
100.000000
99.962757
99.061451
99.716919
99.371464
100.000000
99.284106
99.483748
98.168313
99.800781
99.827443
100.000000
100.000000
100.000000
98.191461
100.000000
99.606692
100.000000
100.000000
100.000000
97.354159
99.717693
99.661885
99.781485
99.745981
99.488442
100.000000
99.931168
99.637476
100.000000
99.681281
98.377370
96.136292
99.565808
99.639992
100.000000
100.000000
97.291186
99.932448
100.000000
100.000000
100.000000
100.000000
100.000000
98.381847
100.000000
100.000000
100.000000
100.000000
99.982315
100.000000
99.898216
99.989497
100.000000
100.000000
100.000000
98.293098
99.756906
99.961048
100.000000
100.000000
99.634289
97.949881
100.000000
100.000000
100.000000
99.164625
99.327280
99.886883
99.501155
99.929885
100.000000
99.684764
99.872262
100.000000
99.682731
99.774877
100.000000
99.532230
100.000000
99.967406
100.000000
100.000000
100.000000
99.504228
99.343321
98.340861
99.608112
100.000000
100.000000
100.000000
99.257893
97.146836
98.815460
99.414095
99.896562
99.123706
96.632383
97.990000
99.135679
98.911078
100.000000
98.858595
98.989122
97.592020
98.654217
98.440807
98.990597
98.802171
98.398740
97.665800
99.042308
99.165770
99.828025
99.470436
99.222858
97.907839
98.842341
98.475839
99.443424
98.740950
98.952922
97.967151
99.538529
98.985515
99.550064
98.981422
99.672582
97.511223
99.392608
99.235466
100.000000
99.528532
99.730082
98.575892
99.690711
99.903536
100.000000
99.452548
99.851408
99.774737
99.365292
99.161208
100.000000
99.531217
100.000000
97.427590
99.378601
99.553020
100.000000
99.521005
99.427962
98.454381
99.737895
99.902534
100.000000
99.637882
97.134357
97.557313
99.346415
99.905856
100.000000
99.537708
99.708517
96.016227
99.250265
98.733717
99.350996
99.790091
99.433472
97.911984
99.109820
99.196578
100.000000
98.739026
99.123772
96.498285
98.761509
98.495952
100.000000
98.569215
98.854635
96.932164
99.100728
99.520710
99.345870
99.331069
98.652012
97.938356
98.762959
99.171870
99.660382
98.879642
98.882619
97.334046
99.016668
98.708111
100.000000
99.177943
99.057248
96.692270
98.873953
98.215140
100.000000
99.702709
99.691891
97.074268
99.688541
99.294658
100.000000
99.400488
100.000000
98.627609
99.330263
99.369209
100.000000
99.556266
96.166255
100.000000
100.000000
99.849772
100.000000
100.000000
99.923608
97.621284
100.000000
100.000000
100.000000
99.482248
100.000000
98.091454
99.195563
98.911152
100.000000
99.513004
99.450695
97.496345
100.000000
99.759527
100.000000
99.875144
100.000000
97.631908
100.000000
99.917397
100.000000
100.000000
100.000000
99.518736
100.000000
100.000000
100.000000
100.000000
100.000000
99.602407
100.000000
100.000000
100.000000
100.000000
100.000000
98.846511
100.000000
100.000000
100.000000
100.000000
100.000000
99.995953
100.000000
100.000000
100.000000
100.000000
100.000000
98.828852
100.000000
100.000000
100.000000
100.000000
100.000000
100.000000
100.000000
100.000000
100.000000
100.000000
100.000000
100.000000
100.000000
100.000000
100.000000
100.000000
100.000000
100.000000
100.000000
100.000000
100.000000
100.000000
100.000000
100.000000
100.000000
100.000000
100.000000
100.000000
100.000000
100.000000
100.000000
100.000000
100.000000
100.000000
100.000000
98.774416
100.000000
100.000000
100.000000
100.000000
100.000000
99.247392
100.000000
100.000000
100.000000
100.000000
100.000000
98.324543
100.000000
100.000000
100.000000
100.000000
100.000000
98.827386
100.000000
100.000000
100.000000
100.000000
100.000000
99.790399
100.000000
100.000000
100.000000
100.000000
99.088366
99.746194
100.000000
100.000000
100.000000
100.000000
100.000000
98.400332
100.000000
100.000000
100.000000
100.000000
100.000000
99.156688
100.000000
100.000000
100.000000
100.000000
100.000000
100.000000
100.000000
100.000000
100.000000
100.000000
100.000000
100.000000
100.000000
100.000000
100.000000
100.000000
100.000000
100.000000
100.000000
100.000000
100.000000
100.000000
100.000000
100.000000
100.000000
100.000000
100.000000
100.000000
100.000000
99.654797
100.000000
100.000000
100.000000
100.000000
100.000000
99.534410
100.000000
100.000000
100.000000
100.000000
100.000000
99.719954
100.000000
100.000000
100.000000
100.000000
99.791420
99.668745
100.000000
100.000000
100.000000
100.000000
100.000000
97.720696
100.000000
100.000000
100.000000
100.000000
100.000000
99.552389
100.000000
100.000000
100.000000
100.000000
100.000000
100.000000
100.000000
100.000000
100.000000
100.000000
100.000000
99.081086
100.000000
100.000000
100.000000
100.000000
100.000000
99.718223
99.931183
100.000000
100.000000
100.000000
100.000000
100.000000
100.000000
100.000000
100.000000
100.000000
100.000000
100.000000
100.000000
100.000000
100.000000
100.000000
100.000000
97.478209
99.878863
100.000000
100.000000
100.000000
100.000000
96.454065
99.749092
99.729607
100.000000
99.951175
97.114029
96.865232
100.000000
100.000000
100.000000
99.694927
100.000000
97.227615
100.000000
100.000000
100.000000
100.000000
100.000000
100.000000
100.000000
100.000000
100.000000
100.000000
100.000000
99.392406
99.083529
98.659007
100.000000
100.000000
99.095298
91.457061
98.865304
99.011832
100.000000
98.822965
98.906706
96.045186
99.661177
99.560977
99.610904
98.341178
99.086887
93.319308
99.626874
98.915351
100.000000
98.339394
97.591682
96.637970
98.155076
98.702821
99.288063
98.843174
98.586324
94.008885
98.847816
98.582037
99.328916
98.072407
98.556314
98.457833
98.736650
98.435662
99.380438
98.309997
98.080194
96.419045
99.960169
98.127316
100.000000
98.432032
99.231691
96.721328
99.242163
99.297761
99.136173
99.552212
98.743781
98.451562
99.394915
99.996374
99.380122
98.973479
98.265831
98.419024
99.184784
98.720212
99.759071
98.165542
98.634537
99.423671
99.419246
99.187089
100.000000
99.975676
100.000000
94.911632
99.339074
98.231135
100.000000
100.000000
99.546101
94.309107
100.000000
100.000000
100.000000
100.000000
100.000000
96.163349
100.000000
99.611986
100.000000
98.861022
99.843040
100.000000
100.000000
99.369945
100.000000
100.000000
100.000000
100.000000
100.000000
100.000000
100.000000
100.000000
100.000000
100.000000
100.000000
100.000000
100.000000
100.000000
100.000000
98.038634
100.000000
100.000000
100.000000
100.000000
100.000000
99.755339
100.000000
100.000000
100.000000
100.000000
100.000000
100.000000
100.000000
100.000000
100.000000
100.000000
100.000000
99.170473
100.000000
100.000000
100.000000
100.000000
100.000000
100.000000
99.599224
100.000000
100.000000
100.000000
98.934757
98.539209
97.979484
98.000765
98.322840
98.382437
99.391574
96.906252
99.360956
99.304518
100.000000
100.000000
100.000000
97.768210
100.000000
100.000000
100.000000
100.000000
99.845359
99.705006
100.000000
100.000000
100.000000
100.000000
98.620058
98.805303
100.000000
100.000000
100.000000
100.000000
100.000000
99.069317
100.000000
100.000000
100.000000
100.000000
100.000000
100.000000
100.000000
100.000000
100.000000
100.000000
100.000000
100.000000
100.000000
100.000000
100.000000
100.000000
100.000000
100.000000
100.000000
100.000000
100.000000
100.000000
100.000000
100.000000
100.000000
100.000000
100.000000
100.000000
100.000000
100.000000
100.000000
100.000000
100.000000
100.000000
100.000000
100.000000
100.000000
100.000000
100.000000
100.000000
100.000000
100.000000
100.000000
100.000000
100.000000
100.000000
100.000000
100.000000
100.000000
100.000000
100.000000
100.000000
98.024702
98.739797
100.000000
100.000000
100.000000
100.000000
100.000000
100.000000
100.000000
100.000000
100.000000
100.000000
100.000000
100.000000
100.000000
100.000000
100.000000
100.000000
100.000000
97.236598
100.000000
100.000000
100.000000
100.000000
100.000000
99.044247
100.000000
100.000000
100.000000
100.000000
100.000000
100.000000
100.000000
100.000000
100.000000
100.000000
100.000000
99.541154
100.000000
100.000000
100.000000
100.000000
100.000000
96.297982
100.000000
100.000000
100.000000
100.000000
100.000000
98.050732
100.000000
100.000000
100.000000
100.000000
100.000000
96.892114
100.000000
100.000000
100.000000
100.000000
97.418758
99.703804
100.000000
100.000000
100.000000
100.000000
100.000000
96.649937
100.000000
100.000000
100.000000
100.000000
100.000000
99.490318
100.000000
100.000000
100.000000
100.000000
100.000000
99.358608
100.000000
100.000000
100.000000
100.000000
100.000000
97.147420
100.000000
100.000000
100.000000
100.000000
100.000000
99.877588
100.000000
100.000000
100.000000
100.000000
100.000000
99.270847
100.000000
100.000000
100.000000
100.000000
100.000000
100.000000
100.000000
100.000000
100.000000
100.000000
100.000000
100.000000
100.000000
100.000000
100.000000
100.000000
100.000000
100.000000
100.000000
100.000000
100.000000
100.000000
99.088805
98.906051
100.000000
100.000000
100.000000
100.000000
100.000000
96.281879
100.000000
100.000000
100.000000
100.000000
100.000000
100.000000
99.199500
98.733906
100.000000
99.980609
99.533546
99.337862
99.544451
100.000000
100.000000
100.000000
100.000000
99.340523
100.000000
98.733910
100.000000
99.613622
100.000000
98.833947
99.890091
99.755046
100.000000
99.668415
99.179566
98.412615
99.344649
99.428837
100.000000
99.740414
100.000000
100.000000
100.000000
100.000000
100.000000
100.000000
97.444750
98.229138
98.669134
100.000000
100.000000
99.737809
99.414796
97.516462
100.000000
100.000000
96.226235
95.766247
94.498249
95.921358
97.538392
97.442475
97.889298
97.416218
97.535960
95.176326
98.078677
98.286929
98.435078
98.102851
98.043168
96.691958
99.287435
99.027655
98.976176
98.259575
98.911741
96.032889
98.537425
98.746953
99.041070
98.577561
98.636248
97.613690
98.749210
98.377129
99.646649
98.906469
98.668103
93.319356
98.953541
99.121245
99.519955
98.581545
98.868600
96.631802
99.106877
98.318461
99.277056
99.328542
99.250524
95.000742
98.021993
99.185005
99.968075
98.805061
98.906474
97.190230
98.892372
98.583841
99.805662
99.144696
98.663596
97.434539
98.708441
98.569820
99.338503
98.980687
93.794537
92.491086
99.321744
99.463387
99.392636
99.286958
99.031946
97.900879
99.488734
98.696195
98.776763
99.518920
98.910301
97.838685
98.832583
98.842756
99.521262
98.924309
99.343678
98.610662
98.916553
98.018689
99.658622
98.420864
97.970029
99.007887
98.979980
97.788355
99.270083
98.731561
98.483210
98.183522
99.054306
98.595523
99.912107
98.968527
99.138949
98.843657
99.061862
98.764319
100.000000
98.801776
99.295009
98.947863
99.395229
98.981697
100.000000
98.839179
99.065337
98.960280
99.450030
99.212806
99.561700
99.300847
99.694335
97.242242
99.244837
99.129322
99.575896
98.830670
98.559354
98.231155
97.962846
97.715874
99.886684
98.330697
97.640862
97.778398
98.654136
98.253576
99.342537
99.566938
98.013251
95.443837
99.203491
98.811419
99.392788
99.258746
98.927608
97.444452
97.699957
97.966721
99.862351
98.539233
97.802663
97.768695
98.554709
98.552445
98.898751
98.869824
98.537242
97.435027
98.232556
97.955356
98.915798
98.594531
98.437274
98.155713
98.525597
98.237471
99.523506
98.050365
97.258257
97.825370
97.936005
98.344204
98.882793
97.980722
98.339990
97.855912
98.813834
98.905676
99.293577
98.266822
97.876387
96.586149
98.264556
98.285575
98.198244
98.096983
97.168653
97.812434
98.404199
98.426148
98.836255
98.024291
97.824521
97.402545
98.098456
98.192730
98.620033
97.577932
97.884224
96.727996
98.448030
98.519481
99.133522
97.760091
97.935964
97.943474
98.272011
97.727581
98.435571
97.453703
97.888293
96.395693
98.271543
98.132210
98.821487
97.747875
98.120091
96.741788
97.554527
97.967587
98.963026
98.000864
97.987278
97.122777
97.813731
98.772811
99.803802
98.105199
98.278843
97.220990
98.642107
97.760798
98.612386
98.128795
97.856892
97.812347
98.675113
98.543786
99.056887
98.233643
98.626319
96.087959
98.687918
98.845172
98.932896
98.817098
96.653938
97.887607
99.086030
98.706984
99.775166
98.967478
98.556674
97.754846
98.843807
99.234997
99.211473
98.947138
99.160429
97.927149
99.073722
99.340796
100.000000
99.297959
99.677889
99.112411
99.178729
99.005326
100.000000
99.086052
99.373441
98.147194
99.429362
98.979024
100.000000
99.547089
99.423678
98.540013
99.998230
100.000000
99.902586
99.153814
99.303305
97.968770
99.152108
99.008722
100.000000
99.358875
99.186156
97.442542
100.000000
100.000000
100.000000
100.000000
99.769964
98.645746
99.429011
98.875235
100.000000
99.286119
99.796551
97.214591
99.325781
99.254453
100.000000
99.128710
98.031588
97.578545
100.000000
100.000000
100.000000
100.000000
99.711922
97.601422
98.872990
99.233853
99.530959
98.637846
99.955204
97.205492
99.363002
98.940223
100.000000
98.924623
99.138203
97.726742
99.490889
99.383135
100.000000
99.418246
99.231200
99.286938
99.096715
99.504701
100.000000
99.182365
99.087278
97.741904
99.001936
98.997874
99.783821
98.508332
99.127755
99.027880
98.357370
98.297228
99.427037
98.839399
99.336146
98.624935
98.629677
98.937748
99.006535
98.041169
98.367496
98.446014
97.641131
97.623136
99.793423
98.195073
98.081001
93.584302
98.791024
98.621536
99.237052
98.722488
96.588532
97.431835
98.919801
100.000000
100.000000
99.197385
99.281810
95.530543
98.937219
98.828071
99.679299
99.391626
99.957559
99.103426
99.875746
100.000000
100.000000
100.000000
100.000000
99.665402
100.000000
100.000000
100.000000
100.000000
100.000000
97.981638
100.000000
100.000000
100.000000
100.000000
100.000000
100.000000
100.000000
100.000000
100.000000
100.000000
100.000000
99.820647
100.000000
100.000000
100.000000
100.000000
100.000000
100.000000
100.000000
100.000000
100.000000
100.000000
100.000000
100.000000
100.000000
100.000000
100.000000
100.000000
100.000000
99.838952
100.000000
100.000000
100.000000
100.000000
100.000000
100.000000
100.000000
100.000000
100.000000
100.000000
100.000000
99.861823
100.000000
100.000000
100.000000
100.000000
100.000000
99.870162
100.000000
100.000000
100.000000
100.000000
100.000000
100.000000
100.000000
100.000000
100.000000
100.000000
100.000000
100.000000
100.000000
100.000000
100.000000
100.000000
100.000000
100.000000
100.000000
100.000000
100.000000
100.000000
100.000000
100.000000
100.000000
100.000000
100.000000
100.000000
100.000000
100.000000
100.000000
100.000000
100.000000
100.000000
100.000000
100.000000
100.000000
100.000000
100.000000
100.000000
100.000000
99.709019
100.000000
100.000000
100.000000
100.000000
97.729084
99.809703
100.000000
100.000000
100.000000
100.000000
99.895349
98.656303
99.926964
100.000000
100.000000
99.880834
100.000000
98.732093
99.041249
99.044615
100.000000
99.624440
99.118748
98.022854
98.993927
98.749252
100.000000
98.900744
98.900122
96.556067
99.487796
98.672948
100.000000
99.715902
99.226110
98.648708
100.000000
99.890592
100.000000
99.324111
98.961629
98.327991
98.903582
98.212479
99.501508
98.512666
98.491791
95.850684
98.786644
99.160380
99.607908
99.183357
98.864641
98.638127
99.426744
98.670834
100.000000
99.640512
99.286344
98.123895
99.500831
99.705205
100.000000
99.466406
99.052635
98.438167
100.000000
99.965334
100.000000
98.978304
98.506920
97.806185
99.440194
99.531877
100.000000
99.807946
99.739077
97.238157
99.606417
99.950999
100.000000
100.000000
100.000000
97.012310
100.000000
100.000000
100.000000
100.000000
100.000000
100.000000
100.000000
100.000000
100.000000
100.000000
100.000000
99.704538
100.000000
99.904448
100.000000
99.493704
99.834503
97.418517
100.000000
100.000000
100.000000
100.000000
100.000000
99.140320
100.000000
100.000000
100.000000
100.000000
100.000000
99.084612
100.000000
100.000000
100.000000
99.763146
100.000000
97.804569
100.000000
100.000000
100.000000
100.000000
100.000000
99.152369
100.000000
100.000000
100.000000
100.000000
100.000000
99.205054
100.000000
100.000000
100.000000
100.000000
100.000000
100.000000
100.000000
100.000000
100.000000
100.000000
100.000000
99.990525
99.758483
100.000000
100.000000
100.000000
99.472816
97.191509
100.000000
99.920134
100.000000
99.511876
100.000000
99.155776
100.000000
99.901020
100.000000
99.905079
100.000000
98.829917
99.669062
100.000000
100.000000
100.000000
100.000000
98.149770
100.000000
100.000000
100.000000
100.000000
100.000000
100.000000
100.000000
100.000000
100.000000
100.000000
100.000000
98.781705
100.000000
100.000000
100.000000
100.000000
98.764683
97.754699
100.000000
99.849577
100.000000
99.903185
100.000000
100.000000
99.535402
99.381951
100.000000
100.000000
99.976893
98.236725
100.000000
99.938704
100.000000
99.836982
100.000000
99.353007
100.000000
100.000000
100.000000
100.000000
100.000000
99.987453
100.000000
99.895735
100.000000
100.000000
100.000000
98.841546
100.000000
100.000000
100.000000
100.000000
100.000000
100.000000
100.000000
100.000000
100.000000
100.000000
100.000000
100.000000
100.000000
100.000000
100.000000
100.000000
100.000000
100.000000
100.000000
100.000000
100.000000
100.000000
100.000000
98.778922
99.640836
100.000000
100.000000
100.000000
98.352608
99.793246
100.000000
100.000000
100.000000
100.000000
100.000000
99.551442
100.000000
100.000000
100.000000
100.000000
100.000000
100.000000
100.000000
100.000000
100.000000
100.000000
100.000000
99.192878
100.000000
100.000000
100.000000
100.000000
100.000000
99.007541
100.000000
100.000000
100.000000
100.000000
100.000000
99.116771
100.000000
100.000000
100.000000
100.000000
100.000000
99.299683
100.000000
100.000000
100.000000
100.000000
100.000000
97.658549
100.000000
99.561160
100.000000
99.759347
99.862757
99.071737
99.758046
99.558785
100.000000
100.000000
99.895945
98.520736
99.865440
100.000000
100.000000
99.952101
97.337300
98.257432
99.715516
99.965407
100.000000
100.000000
100.000000
99.782357
100.000000
100.000000
100.000000
100.000000
100.000000
100.000000
100.000000
100.000000
100.000000
100.000000
100.000000
100.000000
100.000000
100.000000
100.000000
100.000000
100.000000
98.717898
100.000000
100.000000
100.000000
100.000000
100.000000
98.950953
100.000000
100.000000
100.000000
100.000000
100.000000
97.876954
99.701782
100.000000
100.000000
99.567016
99.210232
97.310863
98.866169
99.732615
100.000000
99.382213
99.287917
98.846731
100.000000
99.894644
100.000000
99.624236
99.726784
98.017755
100.000000
100.000000
100.000000
100.000000
100.000000
