94.647434
93.686453
95.287758
93.787684
95.409828
94.080831
95.556025
94.068790
95.720390
94.043258
95.795682
94.481607
96.234492
93.994139
96.098965
93.910951
95.939945
94.263148
96.061397
94.027010
96.723248
93.667889
95.717775
94.366133
96.635931
93.959627
96.244996
94.066408
96.255428
94.536743
96.473337
93.893575
96.416277
93.951930
95.881447
93.984175
96.657366
94.125456
96.323927
93.687193
96.070095
94.642814
96.307386
93.937701
96.685603
94.013600
96.256749
94.332386
96.351717
94.382618
96.482405
93.905895
96.276479
94.507280
96.304925
93.914344
96.230327
96.330033
94.215561
96.642928
97.095767
94.056127
96.698459
93.882405
96.400423
94.070462
96.790831
93.861836
96.335614
93.947558
96.193521
94.040636
96.623364
94.224785
96.324022
93.497387
96.443825
94.462150
96.439379
94.060749
96.420038
94.624646
96.438159
93.524730
96.125212
94.564571
96.190796
93.144877
96.854651
94.676631
95.971016
93.824739
97.095185
93.517878
97.002449
94.024540
97.138982
93.582168
97.158668
93.799527
96.701924
94.329792
95.559070
94.774651
97.329432
93.339475
96.044543
94.902291
96.767013
92.466277
96.778050
94.125953
97.806470
94.380493
93.377191
94.069408
97.249371
96.378560
93.241095
98.265799
96.826712
94.308517
96.988299
94.026344
95.511869
95.273243
96.501659
91.401469
97.111221
94.071396
96.427831
93.920795
95.346438
94.317925
96.100103
94.356714
96.482159
93.726383
95.817011
93.761234
96.455186
92.525533
96.072041
93.197996
95.710560
93.143823
95.903903
93.210838
95.327633
93.472086
96.303633
93.289367
95.260841
92.418553
94.904023
93.604571
95.681712
92.825440
95.150954
92.446217
94.955314
92.840708
95.358930
92.370067
95.647662
92.547908
95.031858
92.702638
95.092936
93.652794
95.685889
93.168893
95.375190
94.108207
96.039751
92.524869
95.452297
96.361311
93.044711
95.487920
97.925087
94.122828
96.855088
93.989831
96.933973
95.395001
95.671211
94.608289
97.339556
95.435041
97.222038
95.179891
98.212317
93.903802
98.768490
95.307429
98.082116
96.618965
96.420289
95.738277
98.336615
94.556069
98.117794
96.171430
99.592163
93.640460
95.177015
95.319954
98.172473
95.951664
96.581579
96.832430
97.824001
96.768475
97.731850
96.751695
97.974446
97.708935
98.167141
97.654432
98.499055
97.722267
97.822981
97.535496
99.500105
96.942315
98.662887
98.384266
98.669984
97.235749
99.299891
97.157722
99.216945
96.845292
97.591437
97.075297
98.525702
98.324472
97.693425
98.324962
99.134985
97.268061
98.757576
97.089572
98.560551
97.823943
99.033497
96.692665
98.474750
97.212279
98.591079
97.465253
100.000000
96.773709
98.684558
97.369565
98.357811
97.941387
99.193756
96.765626
99.122322
97.505655
98.453862
97.825695
99.611195
97.792158
99.475290
96.618924
98.243284
98.801512
99.749953
96.549234
99.512866
98.310378
99.296238
97.628487
100.000000
98.645610
99.692943
97.241993
99.649094
98.195122
99.513365
97.633384
100.000000
98.203967
98.443793
96.700677
100.000000
96.623433
98.895748
95.831535
99.827986
96.186944
94.785924
97.953543
99.634205
99.190125
98.347830
97.308008
99.812906
98.503190
100.000000
97.275567
99.738534
98.951330
97.173103
97.938875
100.000000
97.828866
99.440168
98.268317
100.000000
98.842194
99.391002
97.692192
99.892451
97.720900
98.302375
98.874301
99.356236
97.085515
99.725807
97.667302
99.054968
97.993027
99.851788
97.996200
99.484920
95.825070
92.587472
96.605355
99.170730
96.712734
98.281564
98.141519
97.991613
96.833035
98.619418
96.685987
99.237378
98.048353
95.940275
95.362534
99.959646
97.002453
98.612428
98.872921
98.948234
97.516154
99.428440
97.743720
98.884031
98.381202
98.213869
97.898671
99.118624
99.103084
96.845956
97.693402
94.610691
95.003292
99.545169
95.764752
97.783559
96.818979
98.304561
96.136279
98.618474
96.154314
98.301203
97.743480
97.372693
95.731053
98.580016
97.326083
98.447737
97.112670
99.227003
96.998826
98.420146
97.562161
98.910008
96.737188
96.445697
96.366357
99.105762
96.566549
98.241556
97.430313
99.487551
97.081289
98.459416
96.513787
98.978607
97.811756
97.364891
97.007341
98.583666
98.113846
98.340804
97.413449
98.236215
97.595671
98.305698
97.329576
98.481872
97.426848
98.840733
97.258113
99.306231
97.867689
98.455714
97.548433
97.531975
96.533305
99.171732
98.319949
96.797569
97.571592
93.304787
95.490329
98.515953
96.308366
98.529258
97.692337
94.578053
96.680662
98.872544
97.389554
98.569240
97.851026
97.161210
96.342773
98.741002
96.089343
98.455178
97.148042
95.949889
96.148743
99.200348
97.038627
97.768618
97.891067
95.622001
94.883194
98.622406
95.979496
98.383251
96.442149
96.423074
95.722415
98.451528
95.829727
98.133466
96.801583
97.173728
94.769032
98.894074
95.752704
99.067550
97.615185
92.395404
96.958690
99.167677
96.728584
97.644412
96.801243
97.565369
95.913373
98.613009
95.949442
98.432145
96.863589
99.504342
96.590637
98.315752
98.420593
97.524892
95.837165
99.512902
96.092185
98.334616
98.063615
98.665678
97.857841
94.525420
97.135175
98.832205
97.000035
97.917974
97.673237
93.637918
96.065960
98.252619
95.646442
97.896195
96.584904
96.624052
94.656440
98.562976
96.011831
98.881521
97.287225
95.499600
95.047747
98.962563
95.724357
98.382668
96.549753
97.960847
96.322931
98.351902
96.539857
98.715993
97.192523
97.924896
96.658712
98.530406
97.214108
98.319422
97.437441
98.303356
97.026296
98.376550
96.884232
98.010331
96.860696
97.257603
96.827665
99.257913
97.737633
98.393942
98.194434
96.794705
96.562097
98.954630
98.711917
97.448866
99.090437
99.296826
97.264337
98.268346
96.833418
98.007695
98.123112
98.747196
97.396028
98.818869
97.308951
98.419949
98.186851
98.227398
97.350263
97.949120
97.575699
98.257162
97.841564
99.019857
97.592014
98.305353
97.509425
97.998169
97.944644
97.387838
97.248159
98.761634
97.481374
98.253505
98.469009
98.234454
97.618270
99.247897
97.188981
98.353891
97.820762
98.115003
97.739192
99.243514
97.377431
98.393262
98.458423
98.445859
97.649046
98.487588
97.188271
98.018036
97.938419
97.830253
97.254147
98.844042
97.175991
98.300255
98.307059
97.967238
97.187856
98.964763
99.109536
97.306663
98.052954
98.298605
97.382277
99.518854
96.980961
99.022177
98.386118
98.224651
97.465357
98.951689
97.495060
98.708797
97.781703
98.221149
98.024060
98.162412
97.169240
98.983318
97.562994
98.391422
97.652672
98.968051
97.410340
98.087032
98.059890
98.422409
97.394460
99.062626
97.688879
98.204339
98.272258
98.789676
97.609631
98.765826
98.149451
98.631181
97.883297
98.838871
97.282604
99.134334
97.671319
98.630210
97.942457
98.845159
97.477404
98.748833
97.053730
98.801923
97.867308
98.629126
96.904054
98.781511
96.812126
98.552802
97.408853
97.834782
97.623771
98.590948
98.594994
97.361541
97.688851
98.451319
97.884546
99.339579
97.297950
98.827506
98.107415
98.576569
97.639158
98.935431
97.455593
98.960041
97.613510
98.107468
97.568108
99.088677
97.020710
98.879762
97.867190
98.750017
97.485776
98.135108
97.298123
98.881869
97.392832
98.199375
97.325311
99.280065
96.961427
98.268559
97.815996
98.477727
97.615156
98.683159
97.694740
98.728043
97.544436
97.665440
96.900067
99.098455
97.162445
98.320474
97.788572
96.880713
97.358083
99.138586
97.388744
98.866857
97.895465
97.117844
97.155870
98.742958
96.583713
98.427587
97.778138
97.050681
97.217101
98.604026
98.781387
97.006645
97.110064
98.848079
97.783456
98.616789
97.357183
98.999697
98.184318
98.368685
97.256813
98.108149
97.075676
98.648647
97.254741
98.882298
97.508395
98.958901
97.471171
98.996731
97.465773
97.596598
97.669285
98.243782
96.870568
99.024923
97.222856
97.415843
97.073930
98.494826
97.860326
98.748760
97.746159
96.128029
96.756741
99.086359
96.035512
97.895147
97.728378
97.520564
96.858628
99.024773
96.557246
97.782167
98.144911
97.858680
97.341880
98.720705
97.166693
97.872251
97.886126
98.522147
97.322226
98.783395
97.896934
98.704580
97.679847
97.664773
97.647261
98.864727
98.666698
98.050131
98.030872
98.284651
97.961735
99.059079
97.251962
98.886833
97.753710
98.796420
97.675035
98.982747
96.848555
99.011720
98.269855
99.604654
97.458256
98.141004
97.142941
99.082946
97.446955
97.885627
97.612188
98.750066
96.832739
98.344829
97.695449
97.695741
97.498614
98.940650
97.231833
97.803084
98.140817
98.486472
97.347128
98.761578
97.248970
97.983207
97.862104
98.756342
97.864651
98.894700
97.067745
98.144355
97.963937
98.364312
97.293285
99.049236
97.045453
97.812945
97.897932
98.309335
97.524016
98.762436
97.482972
98.546203
97.902293
97.992716
97.165222
98.607811
98.748595
97.920162
97.799216
98.427319
97.363468
98.977518
97.259431
98.196439
97.863045
98.229969
97.603923
98.938849
97.100843
98.047367
97.977711
98.219690
97.460606
98.917004
97.430496
98.099742
97.932496
98.312696
97.585189
99.001089
97.290995
98.203173
98.017761
98.357804
97.031479
99.366932
96.792624
97.823667
97.826479
98.168613
97.493396
98.914832
96.685653
98.205242
97.135014
96.682839
97.238797
98.972403
96.090483
97.949363
97.306819
96.759349
94.718461
99.048163
96.984855
97.779401
96.607744
98.636199
95.488373
98.938287
96.890199
97.627994
97.486070
96.388707
96.900768
98.522364
97.846031
96.025579
99.656187
97.148503
97.299131
99.048243
97.328745
97.960124
97.684766
97.605270
97.147852
98.845673
96.919524
98.390014
97.849628
97.725854
97.126937
98.799853
97.242934
98.288537
97.714056
98.106053
97.664858
98.878916
97.151117
97.981434
97.682821
98.433940
97.372374
99.061701
96.978940
98.306178
97.736740
97.353859
95.988705
99.213975
96.356534
98.200557
97.854596
98.305803
96.685742
99.047242
97.118823
97.992495
97.501668
97.683154
97.871813
99.131587
97.307190
98.319291
98.279631
97.054121
97.436026
98.982484
97.119776
98.088532
97.744459
97.172776
97.344778
98.740602
98.952167
98.069727
97.359691
98.524813
97.435763
98.023224
96.804256
97.874191
97.726744
97.332121
96.862060
98.935117
96.359681
97.996403
97.841707
97.762155
96.333363
98.957828
96.966625
97.947688
97.791256
97.535856
97.257447
98.805857
96.872420
98.239519
97.618276
96.994346
97.013464
99.038754
96.560135
98.298427
97.788685
97.477630
96.420785
98.195443
96.898720
98.687665
100.000000
94.849643
99.993181
100.000000
98.554763
100.000000
98.873357
98.098695
100.000000
100.000000
98.675629
99.996897
100.000000
100.000000
99.323015
100.000000
100.000000
100.000000
100.000000
100.000000
99.259224
100.000000
100.000000
100.000000
100.000000
100.000000
100.000000
100.000000
100.000000
100.000000
100.000000
100.000000
100.000000
100.000000
99.663641
100.000000
100.000000
98.333555
100.000000
100.000000
100.000000
100.000000
99.726166
100.000000
99.573038
100.000000
100.000000
100.000000
99.431175
100.000000
99.165066
100.000000
100.000000
100.000000
100.000000
98.369947
99.702041
100.000000
99.548147
100.000000
100.000000
100.000000
99.979902
100.000000
100.000000
100.000000
100.000000
100.000000
100.000000
100.000000
100.000000
100.000000
99.838339
99.204032
100.000000
100.000000
100.000000
100.000000
100.000000
100.000000
99.837306
100.000000
100.000000
100.000000
97.932123
98.979679
100.000000
100.000000
99.952384
100.000000
100.000000
96.370780
99.532300
100.000000
100.000000
100.000000
100.000000
100.000000
100.000000
100.000000
100.000000
100.000000
100.000000
99.347808
99.648594
100.000000
100.000000
100.000000
99.873448
99.978280
100.000000
100.000000
100.000000
100.000000
100.000000
99.482822
100.000000
100.000000
99.751379
100.000000
100.000000
100.000000
100.000000
100.000000
100.000000
100.000000
99.616243
99.099519
100.000000
100.000000
99.697584
100.000000
99.750830
97.982580
99.585080
100.000000
100.000000
99.911305
99.547101
97.330872
99.486110
99.888455
100.000000
99.688473
99.556442
98.835031
99.991685
100.000000
99.639622
100.000000
100.000000
99.650199
99.554974
100.000000
99.483560
100.000000
99.483014
99.716880
99.527817
99.963950
99.386767
99.935926
99.479846
98.079115
99.296550
100.000000
99.424727
99.961866
99.460762
99.057473
98.684495
99.902910
99.147291
99.841503
99.218323
97.924923
98.632639
99.834603
99.352545
99.967155
99.528754
98.934487
99.091550
100.000000
99.290478
99.904161
99.390805
98.957375
99.021740
100.000000
99.553479
100.000000
99.324101
98.850053
98.878002
99.887588
99.092372
99.825139
98.922900
98.471115
99.313915
99.835899
100.000000
99.384942
98.522156
99.131868
98.960564
99.795491
98.988581
99.767847
99.117822
99.227668
98.588178
99.530408
98.669227
99.456527
98.951813
99.002166
98.829297
99.504951
98.727186
99.479815
98.819088
98.935028
99.067728
99.720373
98.835016
99.804939
98.601243
98.247833
99.315728
99.910742
99.058844
99.976914
98.603058
97.159196
97.602525
99.820314
98.923470
99.668790
98.962589
100.000000
98.633515
99.288915
98.374257
100.000000
99.230491
98.237913
97.042387
99.274936
98.265729
98.672916
97.711170
98.819233
98.499329
99.351943
98.792891
99.180675
97.439584
98.308825
100.000000
99.824900
99.615100
100.000000
99.641195
100.000000
100.000000
100.000000
98.980399
100.000000
99.961488
98.167936
98.900547
100.000000
99.172997
100.000000
100.000000
100.000000
99.383240
100.000000
99.848431
99.946374
99.858204
100.000000
98.711127
100.000000
98.842945
99.857222
99.732732
99.206499
99.133669
100.000000
98.495238
100.000000
98.947120
97.943657
97.776819
99.850300
97.677639
98.446196
99.353121
99.357911
97.724717
98.391130
97.840034
98.866537
97.545557
98.220314
98.421097
98.691439
97.819175
98.483231
97.704981
98.742647
98.261269
98.700440
97.386101
98.123425
98.518980
98.428582
97.968973
99.205579
99.061094
98.445329
98.767566
100.000000
97.704660
99.450389
97.383145
98.626083
97.952588
98.757658
98.061638
98.948518
98.482929
98.823624
98.987173
99.639209
99.016590
99.140778
98.435879
98.490482
98.019657
98.976758
97.588092
99.029186
97.565081
98.879251
97.632896
99.109268
97.207696
98.619553
97.432686
98.841153
97.845555
99.192119
97.353924
99.180112
97.698509
98.477482
97.629743
98.811320
97.558275
98.833352
97.855542
98.699089
97.627534
98.838514
97.549779
99.199997
97.462740
99.103285
97.823720
98.843732
97.557220
98.288861
97.175441
98.178140
98.034573
98.150261
97.266320
98.112637
98.837094
97.442499
98.801925
99.420987
98.111790
99.791908
97.993455
99.199686
97.308632
100.000000
95.549071
99.620352
96.861320
99.665720
98.075426
100.000000
96.597655
97.429279
96.873308
99.005909
98.493544
95.772828
97.683562
100.000000
96.704019
98.404605
100.000000
100.000000
97.008537
99.001239
98.970107
100.000000
98.265231
95.925591
96.560167
100.000000
100.000000
100.000000
95.204129
95.609321
100.000000
100.000000
96.866949
99.101843
100.000000
100.000000
99.865624
100.000000
98.942873
100.000000
98.855354
99.836194
99.544879
100.000000
97.562004
100.000000
99.194866
95.887074
97.799231
100.000000
100.000000
98.564436
94.975696
100.000000
99.378775
100.000000
97.816872
100.000000
100.000000
95.747632
98.059108
100.000000
96.714861
98.692693
98.992934
94.602428
96.902935
99.542597
98.265655
99.352703
97.072250
96.304628
98.745476
99.729897
97.533042
98.834551
97.633765
96.051068
96.843321
99.959075
97.230160
99.050413
96.770856
95.107465
98.249899
99.558417
97.822384
99.396657
98.129928
99.767687
97.532718
99.706195
98.127666
99.768016
97.577320
98.330706
96.428903
98.705255
97.062986
98.923465
97.199254
96.377228
95.653983
99.697752
96.434708
97.998322
97.639853
96.225279
96.554843
99.280314
99.293935
95.789233
96.012798
94.104667
96.973647
98.710318
96.554475
98.395574
96.780368
94.330213
94.919731
99.074341
97.719724
99.641162
97.605634
97.311608
97.015811
98.689673
97.188993
98.700798
97.342497
95.690922
95.627969
99.360796
97.233645
98.707164
97.317486
98.399213
95.960321
98.894117
97.611630
99.500724
97.306504
96.189699
96.959560
99.610552
97.107864
99.525634
97.151171
96.730057
95.260620
100.000000
97.655210
98.164068
97.612207
99.029349
96.856592
99.734037
97.947384
99.399531
99.027052
99.396161
97.149780
99.496114
98.542513
98.758119
97.114863
95.121455
97.211004
98.109152
98.060648
97.519850
99.982182
95.430694
95.523479
98.502444
96.090075
98.577480
97.430010
96.950740
95.828277
97.630839
96.180749
97.757504
96.577865
96.504239
96.103979
98.812746
97.348203
98.593362
96.448680
97.247050
95.617613
99.116920
96.643289
98.782079
96.909437
98.595723
96.086919
99.015230
95.706228
98.481885
95.980201
94.637338
95.998447
99.107247
96.816856
99.131635
95.567715
94.911747
95.808215
98.564170
96.522388
98.273731
97.303979
96.040563
96.588848
99.287936
96.709921
98.810034
97.062685
98.411822
96.610502
99.763116
96.333419
98.175354
97.260467
97.377681
96.160118
98.274051
98.089736
96.008560
92.867789
97.106467
96.800196
98.485762
95.797714
98.420342
96.344800
96.025903
97.070905
98.908844
96.224506
98.188833
96.981328
97.815627
95.358458
99.188988
95.777234
99.323626
98.019380
96.964804
95.974056
99.430795
96.952450
98.675622
96.586896
98.958216
95.023606
98.988972
96.062531
98.260089
97.506953
95.834298
97.163034
99.532641
96.965597
99.506742
98.109912
98.440454
97.930538
100.000000
97.755685
100.000000
98.589078
98.022567
96.464262
100.000000
97.069962
99.583308
98.790394
99.182682
97.737324
100.000000
99.115985
99.764035
98.990652
98.457477
98.897310
100.000000
98.879209
97.778235
98.264031
98.660584
97.796721
99.133622
97.693825
99.483968
97.837890
97.977561
97.423579
99.688017
98.422742
99.333542
98.153846
99.556757
97.440386
100.000000
98.274524
99.550678
98.119879
98.036522
97.309237
99.945233
97.753165
99.290597
97.504927
97.849414
96.362429
99.618429
96.655475
99.408215
98.238173
97.053679
97.470854
99.249295
98.047366
99.221656
98.215417
96.218621
97.487704
99.836617
97.236531
99.893581
98.530401
97.032860
97.782346
99.403543
98.275827
99.258082
98.168686
99.750753
97.766949
99.578927
98.011086
99.988573
98.639085
98.687634
98.239094
99.488600
100.000000
98.674033
97.726167
98.871093
98.135311
99.877463
98.055824
99.385149
98.678977
98.128332
97.661651
99.807113
98.767906
99.437324
98.638106
99.410032
97.842250
99.856055
97.901032
99.233530
98.726198
97.690765
97.903295
100.000000
98.888161
99.958886
98.386277
98.394479
97.487429
99.464687
97.845554
98.843303
99.243679
100.000000
97.233510
100.000000
98.644472
99.342240
98.014905
100.000000
98.051369
99.569445
98.035292
99.604920
98.300095
98.562388
98.202619
99.224089
97.961096
99.341201
98.451846
98.427250
97.427307
99.276595
97.903562
99.144434
98.312301
99.170579
98.597997
99.948191
99.004036
98.052541
98.501438
98.426186
97.131394
100.000000
97.610764
99.922065
98.236565
97.031135
97.962964
99.442336
97.810041
99.052811
99.079518
98.980577
98.365434
99.240570
98.117196
99.986406
98.580065
97.944999
97.901279
99.528943
98.020584
98.712745
98.314694
98.118834
97.590682
99.810396
97.894873
98.997641
98.389762
99.521049
97.594373
100.000000
97.985120
98.686263
98.084221
98.512077
96.904454
99.521723
97.295466
98.751228
98.447393
98.046263
97.691446
99.645805
98.021480
99.450796
99.000710
97.498067
97.605684
100.000000
98.412226
99.828582
98.704151
98.203133
98.362101
99.658042
99.142162
97.973170
98.859378
96.323718
98.132995
99.153787
96.963132
98.655734
97.791312
96.683022
95.818358
99.767949
97.687473
98.808276
97.345124
97.259803
97.516778
99.763706
97.047634
99.050113
98.827606
98.674718
96.952447
99.488314
97.298190
99.421091
98.308413
98.805003
96.838222
99.309353
97.772972
98.572405
97.896808
97.928583
97.468902
99.439054
97.765500
99.948210
98.663898
97.749551
97.911762
99.987233
97.774604
99.920490
98.285171
96.992575
97.400645
98.991334
97.513301
99.094725
97.377176
99.736742
97.972207
99.311535
97.811816
99.297189
97.472266
95.826175
97.385965
99.669187
100.000000
98.339146
97.255126
99.560867
97.850250
100.000000
98.206650
99.714903
98.846080
98.715068
97.725404
99.787058
98.150767
99.639860
98.340484
100.000000
97.852880
99.538417
98.243839
99.942237
98.757568
97.954447
97.933666
99.571866
98.003225
100.000000
97.877683
97.557610
98.132179
99.991869
97.741116
99.058306
98.041709
99.559997
97.696721
100.000000
98.302282
99.721915
98.583270
100.000000
97.686733
100.000000
97.977108
99.763590
98.710469
99.830572
98.687276
100.000000
98.448265
99.255956
97.659359
98.085346
96.903081
99.540076
97.786868
99.150175
96.952817
96.053275
96.210789
97.556277
98.193170
96.478691
95.748363
96.489824
96.283011
98.793395
97.438884
98.040928
97.212208
96.864711
96.390753
98.246215
96.416569
98.475912
96.159509
96.678165
96.289708
98.718333
96.659125
98.771124
97.501699
97.230339
96.387895
99.195252
96.932676
97.948834
97.204777
97.174172
97.393557
99.413288
97.442644
99.107794
98.317752
96.589282
96.369859
99.611425
97.473725
99.352784
98.094165
97.794055
97.201419
99.974638
97.730258
99.665970
98.140737
99.084572
97.013556
100.000000
98.121922
99.468877
97.875527
96.671056
97.041356
100.000000
97.423818
99.488120
97.608389
97.805014
97.092399
99.295684
99.584949
97.902144
96.385924
96.113230
96.478115
99.332336
97.186408
98.401512
97.434601
95.331116
97.297173
98.292304
96.276344
98.815829
96.701652
96.883309
96.106519
99.413407
97.206319
98.478313
97.469765
95.883592
96.007990
98.356657
96.328200
97.784208
96.527079
95.893549
96.256337
98.488470
96.406131
98.809589
96.399651
97.170848
95.464791
99.136222
96.492019
98.070190
97.112636
96.531745
95.964411
99.403006
96.959338
99.010811
97.115727
96.104674
95.221136
98.027131
96.652738
98.720862
97.291757
96.324216
97.541167
99.349256
97.627173
99.368940
98.233843
98.212606
97.243511
99.219116
99.380586
97.839494
95.757535
98.763453
97.519220
99.175395
97.132492
99.517082
98.140381
97.649059
97.222839
100.000000
96.924072
98.891280
98.168639
97.568936
95.633276
98.786679
97.027831
98.429051
95.612292
96.833594
96.294113
98.747941
95.976990
98.596171
96.680573
96.481113
96.826156
98.766376
96.781597
98.514011
96.801636
98.165907
97.343597
99.900359
97.700658
99.542083
97.477799
98.214232
96.999086
100.000000
98.600191
100.000000
98.099083
97.904411
97.651328
100.000000
98.076127
99.963301
97.793130
98.938246
98.176599
100.000000
97.559072
100.000000
98.681393
97.964074
98.470475
100.000000
100.000000
98.634903
99.965784
99.542251
98.161696
100.000000
99.065453
100.000000
99.427669
99.089322
98.400428
100.000000
99.763032
100.000000
99.623349
98.921916
98.367811
100.000000
99.377958
100.000000
99.549829
99.953861
98.960732
100.000000
98.545541
100.000000
100.000000
99.748839
98.261427
100.000000
97.790082
100.000000
99.470073
97.913485
97.439203
100.000000
97.738561
100.000000
98.857113
98.416522
97.096711
100.000000
97.299607
100.000000
99.001548
97.876507
96.128446
100.000000
97.678690
99.999651
98.437729
98.140992
97.511525
100.000000
98.103277
100.000000
99.365184
99.209430
99.531271
99.915502
99.810457
98.925666
98.780630
99.437559
98.901171
100.000000
99.531799
100.000000
99.589698
98.704702
98.527242
100.000000
99.205871
100.000000
98.641290
98.661039
97.891787
100.000000
99.299800
100.000000
99.222039
99.868555
98.302559
100.000000
99.934243
100.000000
100.000000
100.000000
99.963302
100.000000
100.000000
100.000000
100.000000
100.000000
99.982957
100.000000
100.000000
100.000000
100.000000
100.000000
100.000000
100.000000
100.000000
100.000000
98.987118
99.264418
98.667971
100.000000
98.430551
100.000000
99.415804
99.001376
97.844350
100.000000
98.541792
100.000000
99.574900
99.323962
97.960712
100.000000
99.586755
98.043680
99.170489
97.582594
97.143872
99.877979
98.445035
99.722364
98.678992
97.580827
98.151772
100.000000
98.173463
99.605466
98.552095
98.712433
98.401494
99.698220
98.825392
99.840931
98.780810
99.066560
98.499210
100.000000
99.699338
100.000000
98.700370
98.229707
98.803439
99.799395
98.349598
100.000000
98.748059
99.035377
97.804177
99.655475
98.742494
99.742555
98.108926
99.850695
98.588907
99.749058
99.250454
100.000000
98.951970
99.629630
98.804368
100.000000
98.941680
100.000000
99.830641
96.752234
97.922400
100.000000
98.755456
100.000000
98.667381
96.044657
97.857504
99.951018
99.996236
99.036306
96.695679
96.382283
98.959409
100.000000
98.912120
98.486033
100.000000
97.222605
99.769969
100.000000
100.000000
100.000000
100.000000
100.000000
99.656809
100.000000
99.434085
100.000000
100.000000
98.548986
93.971564
98.214120
95.888753
98.969611
97.109616
90.134001
96.060518
98.849083
97.356771
98.264669
96.772579
95.226575
96.944831
99.278082
96.849601
97.517437
97.846470
92.535826
97.642788
99.127416
98.002603
98.315910
96.269644
95.854686
94.896159
98.671203
96.411889
98.310088
96.219589
93.123015
96.664914
98.603781
96.453280
98.078068
96.829186
97.483954
96.661232
98.528195
98.710320
97.359231
97.574311
96.313578
98.013007
98.314583
98.363807
98.944602
98.666102
96.950703
97.292411
99.373459
96.933436
99.353316
97.711100
98.082053
96.134944
99.763890
96.700627
98.825576
97.043578
98.098620
96.966064
98.445883
96.966945
97.893587
96.741506
99.273384
96.862387
99.295970
97.115898
99.756807
96.753503
94.856321
96.155309
99.665051
97.204538
99.299499
96.925837
94.146658
97.930280
100.000000
97.114631
99.711990
97.912538
95.711225
97.839046
100.000000
97.651769
99.021784
97.795878
100.000000
97.734682
100.000000
98.637643
100.000000
98.614864
100.000000
99.425383
100.000000
100.000000
100.000000
100.000000
99.700436
97.866471
100.000000
99.715204
100.000000
98.964371
98.422439
99.067946
100.000000
100.000000
100.000000
97.745368
99.455877
100.000000
100.000000
97.922854
100.000000
100.000000
100.000000
96.544521
100.000000
99.994041
100.000000
99.562911
98.741809
96.972858
100.000000
98.627319
99.159079
98.914869
100.000000
96.795793
100.000000
99.421584
100.000000
96.917002
98.091164
97.508031
98.112315
97.562052
98.689810
98.567483
96.836553
98.909659
99.400713
99.826497
100.000000
100.000000
97.824173
100.000000
100.000000
99.287022
100.000000
99.019344
99.716526
98.865529
100.000000
100.000000
100.000000
98.150642
98.044744
99.304235
100.000000
99.761747
100.000000
99.180037
98.947952
99.494864
100.000000
98.746412
100.000000
99.736878
99.950162
99.265918
100.000000
99.289149
100.000000
100.000000
99.561020
99.309574
100.000000
99.656481
100.000000
99.973123
99.848102
98.976474
100.000000
99.010249
100.000000
100.000000
99.507488
98.604298
100.000000
99.498163
100.000000
97.759151
99.908697
99.253323
100.000000
98.462959
100.000000
98.519901
98.805791
98.335122
100.000000
97.404751
100.000000
99.742407
98.964348
99.394671
100.000000
100.000000
100.000000
99.928587
99.881111
99.908508
100.000000
100.000000
99.223253
96.567555
96.344423
98.176138
99.907622
98.871703
99.733574
99.047515
99.104411
99.113544
99.782548
98.437141
99.659371
98.528173
99.171342
98.536841
99.629545
99.296799
99.273358
99.077826
96.957737
99.649718
100.000000
100.000000
100.000000
100.000000
98.914589
100.000000
100.000000
100.000000
100.000000
100.000000
100.000000
100.000000
100.000000
100.000000
100.000000
99.236708
99.691612
99.253885
100.000000
98.961819
100.000000
99.120675
96.533760
98.730691
100.000000
100.000000
100.000000
99.170143
98.191872
99.544178
100.000000
99.140018
100.000000
100.000000
96.891317
98.272822
100.000000
100.000000
98.562500
97.241129
99.406624
98.129396
100.000000
99.628985
100.000000
98.980849
96.685605
99.024454
100.000000
99.086737
100.000000
99.241942
98.988696
98.738646
100.000000
98.712229
100.000000
99.967918
98.744264
99.340014
100.000000
99.119384
99.992430
97.579057
96.170111
97.287290
100.000000
97.597624
99.630865
98.026661
98.299633
97.547129
100.000000
98.642516
100.000000
98.500579
97.913823
96.587688
100.000000
98.689640
99.736077
98.944525
98.448915
94.972295
99.800019
98.398870
100.000000
97.075429
98.470392
97.425459
100.000000
97.493151
99.147216
98.410279
98.351753
96.951473
99.938511
100.000000
98.023874
97.262860
95.429020
93.764038
98.371282
95.488464
99.969331
95.770716
94.336180
93.995801
98.214699
94.789194
97.256314
94.671915
97.565085
92.594339
96.674055
94.277291
96.997745
93.823333
96.712675
93.226342
97.756556
93.805415
96.831161
94.576287
96.854026
96.536820
97.096817
94.233201
97.771069
95.647755
95.990725
95.706745
97.839212
96.557086
97.114105
95.584141
96.525562
96.203614
98.864328
96.590090
99.074416
96.935543
98.209373
95.651834
99.663477
96.401067
99.930267
93.668072
96.654276
95.673254
100.000000
97.196956
99.095934
97.559873
96.940179
96.308122
97.150637
94.981098
93.931347
94.442437
93.852445
94.592922
95.815073
94.735410
95.350128
94.742420
94.865538
97.126399
97.775373
97.539186
98.245640
97.489511
96.833793
97.602415
99.181321
97.327745
98.423956
98.481564
95.979070
97.090344
99.187234
97.477950
98.213666
97.468594
97.256441
97.086368
99.122901
98.260288
99.492925
98.227442
93.093946
97.112394
99.587558
98.449832
98.833354
98.236548
96.255421
97.459847
98.801359
96.802792
99.482735
98.388151
94.590557
96.267452
99.279500
98.285053
98.685501
97.714602
96.759181
96.509694
98.635061
97.627036
98.871984
97.073310
96.815571
96.896220
98.273677
98.958442
97.470835
93.467535
91.968037
96.631185
98.997306
96.695221
98.578629
97.430186
98.236373
97.335288
98.788522
96.520366
99.295751
96.455019
97.691667
96.229366
99.234696
96.577826
98.459218
97.818296
98.389020
96.443046
98.523093
96.602195
98.330818
96.396127
98.519377
96.593931
97.973031
96.309603
98.375118
96.516500
97.798976
96.795192
98.939325
97.044046
98.664980
97.871311
98.378851
97.208366
99.083629
97.542722
98.718153
97.852454
98.431377
97.312233
99.837565
97.527398
99.020237
97.592466
98.430982
97.144362
99.642987
96.381338
99.368480
97.887866
96.856379
96.386072
99.739463
98.926117
96.937984
98.029357
97.352549
95.611380
97.736338
96.870277
98.272378
96.071038
98.363792
96.007963
97.373460
96.324246
98.356076
95.368981
94.798508
96.234670
97.905282
95.713000
98.449156
96.724475
96.732864
94.368668
97.545013
96.658633
97.830012
95.497930
97.113267
95.739994
98.027766
95.262391
98.058264
95.816601
96.693406
95.798736
98.192769
95.801999
97.829297
96.739746
97.453247
95.657592
98.939952
95.848121
98.172332
95.613628
97.107943
94.793439
99.222243
96.227225
98.053539
96.689223
97.364780
96.266944
99.446026
96.831926
98.692738
96.264439
96.313745
95.410694
98.924208
98.087628
96.515492
97.140458
97.450673
95.836877
97.990129
95.633438
97.752404
96.076226
97.737448
95.612706
98.453200
95.700600
97.301142
96.352162
96.321295
95.662234
98.402919
95.758719
97.454255
96.367875
97.511991
95.410942
98.284369
96.130705
97.607090
95.984205
95.922445
95.583912
98.445145
95.764957
97.700733
96.165118
96.150523
95.044083
98.737493
95.311217
97.845142
95.278972
96.683041
94.744207
99.552734
96.462816
97.162740
96.167671
96.690067
96.606799
97.298878
95.361660
97.488652
95.229563
97.061573
94.914058
98.991657
95.998011
98.180122
97.459080
95.641632
94.440308
99.599116
98.406983
96.960082
96.532490
97.306361
96.189201
98.457542
96.554250
98.381491
96.404206
97.651980
95.843924
98.341362
96.432068
97.905139
97.021232
97.011136
96.588076
98.939493
96.928171
98.730288
97.833965
98.439957
96.108975
99.421942
97.419412
98.736621
97.533567
97.427866
96.999903
99.606730
97.624602
99.507319
97.601086
97.891456
96.800513
100.000000
96.477552
99.020758
97.642138
97.496116
95.783374
99.306924
97.564917
98.562630
96.268492
96.830446
97.229047
99.628157
96.879172
99.583699
97.697575
97.932920
96.819187
99.654669
97.203686
99.535492
97.078082
96.933348
96.346293
99.512019
98.708837
97.741658
97.673410
96.147203
96.692983
99.894679
96.895928
100.000000
97.093161
97.416266
96.355367
98.727975
96.545770
98.211248
97.634831
95.962980
95.872878
98.989372
97.158273
98.390458
96.815302
96.523488
96.311271
98.375567
95.676788
98.684478
97.167919
97.891150
95.676740
99.331378
97.341336
98.851269
97.029850
96.629580
97.052004
98.944785
97.084775
98.647189
97.824218
98.256873
96.302369
98.763071
96.872379
99.188921
97.899440
98.027273
95.816606
98.888357
96.339533
98.532103
96.963984
97.758667
94.968532
98.250159
96.371737
98.097074
95.976162
93.379648
96.525389
97.959442
98.404320
97.295347
95.854460
95.719780
95.382090
99.157145
96.588466
98.032630
96.496803
95.235102
95.380923
98.304244
96.162107
98.789275
97.179952
97.799755
96.560981
99.369639
97.908980
99.377508
98.432761
98.344212
98.178649
99.792394
97.796797
100.000000
98.555972
96.981017
97.179570
100.000000
98.687339
99.901225
98.363481
100.000000
99.065241
100.000000
99.748411
100.000000
99.786189
98.841512
99.269718
100.000000
99.165633
100.000000
99.553723
100.000000
99.008066
100.000000
98.365045
100.000000
99.682432
99.167946
98.251380
100.000000
98.648224
100.000000
99.223519
99.357883
97.820035
100.000000
99.507597
98.738877
99.423440
96.612519
95.446766
99.692185
96.249522
99.231018
97.891274
98.130794
95.642322
99.255272
97.097657
99.581238
96.709661
97.522368
97.353115
99.718449
97.195704
99.895321
98.098100
99.227864
97.522988
100.000000
98.401141
100.000000
98.865456
98.859185
98.790369
100.000000
99.381301
100.000000
99.482026
100.000000
98.950525
100.000000
98.648505
100.000000
98.585660
99.093819
98.188124
100.000000
98.197212
99.780521
98.006139
99.227072
97.641356
100.000000
98.334636
100.000000
98.089874
98.351772
98.406378
100.000000
97.985154
100.000000
98.131888
98.197069
97.532690
100.000000
99.734587
97.408052
97.024879
97.750670
98.093601
99.459942
97.299553
99.190812
96.377831
98.226173
96.789592
99.633066
96.878531
99.326754
97.360610
97.327950
96.214141
99.367903
96.766056
98.870409
96.518394
96.502072
95.561108
98.151827
96.087321
98.137803
95.273793
94.873592
95.013239
97.494218
94.996410
97.996151
95.148744
96.974748
96.509542
98.810144
96.596647
98.427691
96.224571
96.612070
95.708027
97.905636
95.086291
97.913489
95.204100
94.456176
94.950312
98.321976
95.011091
97.915792
95.009630
97.082719
96.551635
98.782032
96.293514
99.711047
96.405649
96.930814
96.169038
99.419460
99.375832
96.685591
98.029969
96.860008
95.757555
100.000000
96.767984
97.970230
95.972125
97.456219
96.248421
98.610249
96.321648
98.654641
96.458407
95.798458
95.180346
98.784806
96.822953
98.632427
97.392174
95.316671
96.905559
99.891576
97.358159
99.373432
97.624029
98.406545
97.097722
100.000000
98.531208
99.677442
98.156136
98.465865
97.179989
99.366079
97.778898
99.234103
96.881314
96.148227
97.331501
99.585255
97.514167
99.494170
97.008874
97.946156
97.869971
99.413732
97.499477
99.960848
97.962939
97.965161
97.298583
100.000000
98.103621
99.510163
97.911411
96.930073
97.069451
99.600298
99.628829
97.935458
100.000000
97.811097
98.116450
100.000000
98.457764
100.000000
99.174093
99.038264
98.196882
100.000000
97.878615
99.311782
98.698094
99.486775
98.720757
100.000000
98.193494
100.000000
99.051110
99.310362
97.815530
99.841747
98.860804
100.000000
97.443246
96.331046
97.697668
100.000000
98.180750
99.257198
98.825813
98.421193
97.968282
99.455273
97.656638
99.329649
98.288729
98.033590
97.986750
99.684206
99.069362
99.620733
98.019698
97.257245
98.683588
100.000000
99.040384
100.000000
98.784671
100.000000
98.517619
100.000000
100.000000
100.000000
99.548878
98.332735
98.907498
100.000000
100.000000
100.000000
98.349723
96.533572
99.895313
99.083771
98.171586
98.831633
97.996221
100.000000
97.380089
98.620133
97.264694
98.638785
97.749848
97.249976
97.679303
99.148350
97.271364
98.886858
97.920887
98.202968
98.010486
99.753130
97.654173
99.474474
98.361440
99.129195
97.622993
99.579674
98.702131
100.000000
98.203281
98.082505
98.388812
100.000000
99.375852
100.000000
100.000000
100.000000
99.725341
100.000000
99.528483
100.000000
100.000000
100.000000
98.168447
100.000000
98.314402
100.000000
99.058242
98.842799
98.940822
100.000000
99.128250
100.000000
99.275503
97.884258
97.609784
100.000000
100.000000
99.448985
97.563697
98.704279
97.454969
100.000000
98.183890
99.612864
98.983961
99.202767
99.101139
100.000000
98.603361
100.000000
99.550824
100.000000
98.171872
100.000000
98.573004
99.362471
98.505233
98.042799
97.346112
99.440662
98.259555
99.727723
98.364147
97.746904
98.134839
99.742129
100.000000
99.771352
98.971979
97.754386
97.788311
100.000000
98.083043
98.926705
98.107166
97.811511
97.265445
99.405013
99.241996
99.590286
97.916001
96.319457
97.411411
98.690192
96.975981
99.002039
97.499785
97.746528
97.373358
98.921128
97.654418
99.174706
98.040695
97.444675
97.412507
99.789989
98.908138
98.413932
96.597245
97.256293
97.546047
99.576883
98.261622
99.680222
100.000000
99.418091
97.836532
100.000000
100.000000
100.000000
100.000000
100.000000
100.000000
100.000000
100.000000
100.000000
100.000000
100.000000
99.094646
100.000000
99.154476
99.857673
99.155162
97.243164
98.775704
98.859684
97.844342
99.072381
98.659256
97.032735
97.838424
98.849977
97.948711
98.094126
97.315904
95.691242
96.548547
98.715971
97.020799
97.834474
96.460685
95.475810
96.247588
98.803928
96.797329
97.747476
96.679440
96.804767
96.932066
99.142573
97.744991
99.043547
97.363437
96.284315
97.270902
99.493896
99.586138
97.885139
100.000000
