95.598456
94.365097
96.516413
94.677763
96.346444
95.045957
96.415995
94.589952
96.489770
94.468985
96.446135
95.202029
96.616316
94.534657
96.630263
94.276005
96.578529
94.952444
96.378347
94.325375
97.268248
94.156793
96.389692
95.035249
96.865238
94.093804
96.781809
94.474385
96.810550
95.169668
96.579230
94.027502
97.016248
94.327881
96.567496
94.477508
96.830728
94.424421
96.901082
93.921331
96.829399
95.020149
96.555415
94.118009
97.414697
94.252084
96.957473
94.787444
96.669591
94.520726
97.152693
94.514338
96.900124
95.306447
96.783233
94.309512
96.795697
96.834820
94.643314
96.838592
97.294820
94.378725
97.322771
94.104046
96.962516
94.588797
97.275790
94.062770
96.992271
94.323463
96.963158
94.575823
97.018020
94.526474
97.230868
93.835900
97.135031
94.852885
96.885653
94.290749
97.361684
94.818547
97.127172
93.971077
96.549090
94.766490
96.877788
93.394051
97.532104
95.182620
96.417656
94.185805
97.799096
93.751624
97.670487
94.566924
97.589412
93.906892
97.965799
94.066819
97.566671
94.891368
96.045116
95.063304
98.138220
93.681626
96.956685
95.475935
97.286693
92.826410
97.631779
94.605850
98.388802
94.588079
93.868427
94.448332
97.996735
97.159803
93.889907
98.653844
96.965880
94.560835
97.945128
94.388885
96.853415
95.790053
96.858722
92.082155
98.158816
94.418840
97.394893
94.362185
95.679938
94.529226
97.220745
94.700896
97.238542
94.119127
96.162787
93.929921
97.174124
93.420595
96.897987
93.525762
96.048830
93.512525
96.652270
93.869409
96.122284
93.977499
96.688123
93.640778
96.057344
93.088659
95.746324
94.251113
96.070487
93.141354
96.051145
93.053424
95.677969
93.465193
95.849402
92.642698
96.496614
93.069941
95.894432
93.360172
95.561288
93.760365
96.611917
93.749880
96.083717
94.322185
96.541404
92.867942
96.489302
97.403496
93.824319
96.026372
98.075157
94.349779
97.826065
94.408146
97.951214
95.974249
95.802689
95.155508
98.458547
95.999583
98.360739
95.729479
98.489771
94.661507
99.664354
95.950942
99.018782
97.219161
96.810781
95.883450
99.153576
95.403771
98.804226
96.980201
99.956502
94.567835
96.802005
96.678126
99.353285
96.996147
97.384281
97.779111
98.926636
97.626312
99.025248
97.645205
98.811721
98.038240
99.432016
98.169652
99.517350
98.273537
98.267391
97.970608
100.000000
97.343591
99.199013
98.651728
98.873879
97.802904
99.605003
97.518094
99.999271
97.671379
98.140390
97.690744
99.303439
99.090801
98.460034
98.893011
99.219641
97.706468
99.481546
97.730196
99.046388
98.440965
99.440111
97.436986
99.595603
98.015388
99.229995
98.287885
100.000000
97.512423
99.361332
98.306169
99.470840
98.522894
99.548663
97.200134
100.000000
97.970813
99.163136
98.270315
99.953677
98.309945
100.000000
97.340177
99.504101
99.281217
100.000000
96.968743
100.000000
98.917073
100.000000
98.522839
100.000000
99.087369
100.000000
98.082913
100.000000
98.876215
99.803489
98.173300
100.000000
98.590429
99.122838
97.288662
100.000000
97.423226
99.939721
97.109365
100.000000
97.489023
95.286910
98.610168
100.000000
99.886570
98.942673
97.619026
99.959346
99.063601
100.000000
98.130804
100.000000
99.219145
97.387735
98.528980
100.000000
98.488126
100.000000
99.021232
100.000000
99.284032
100.000000
97.973790
100.000000
98.509726
98.748340
99.242565
99.930455
97.820654
100.000000
98.375096
99.446385
98.793896
99.954209
98.655772
100.000000
97.180476
92.856246
97.609441
100.000000
97.238484
99.406799
98.665314
97.930196
97.545745
99.564372
97.619870
100.000000
98.718131
96.264616
96.541037
100.000000
97.602050
99.707631
99.222552
99.316245
97.966036
100.000000
98.164547
100.000000
98.659820
98.263252
98.409148
99.565382
99.383198
98.946532
97.711304
94.624659
97.337767
99.323953
97.119199
98.472838
97.367796
98.278828
97.572932
98.688508
97.297283
98.356716
98.388578
97.229842
96.584668
98.611607
98.014745
98.473551
97.739315
99.037746
97.600147
98.510671
98.385090
98.948443
97.371865
96.422971
96.758009
99.326110
97.573880
98.474468
97.927484
99.336886
97.361407
98.673942
97.472892
99.159270
98.254499
97.262669
97.420278
98.853898
98.325734
98.620393
98.280578
98.134765
97.948918
98.689233
97.623933
98.791686
98.254429
98.999139
97.986206
99.360697
98.283847
98.967817
98.003160
97.603230
97.757682
98.900322
98.335227
97.320065
97.458988
93.044967
97.029382
98.622499
97.759973
98.905145
98.543091
94.893650
97.842347
99.311922
98.281124
98.983664
98.569242
97.285164
97.558422
98.980851
97.520475
98.860310
97.546122
95.999078
98.063245
99.722409
98.911483
99.329577
98.875577
95.705875
97.097753
98.706992
97.521349
98.342677
97.221002
96.428806
96.762762
98.410823
97.097760
98.347455
97.268748
97.115663
97.402781
99.075033
98.091617
99.164239
98.622884
92.402892
98.279626
99.337248
97.953651
99.020126
98.453130
97.419308
97.047104
98.811444
97.800856
98.640982
97.756511
99.362867
97.192470
98.324535
98.318306
97.640295
95.538258
99.526692
96.994410
98.492486
98.560020
98.916548
98.669709
94.489078
97.929089
99.309363
98.134385
99.392810
98.717169
93.678489
97.284086
98.760405
97.905796
98.341547
97.810459
96.569788
97.057737
98.469866
97.605524
98.811549
97.800634
95.403889
96.694002
99.032289
97.544387
98.641244
97.183640
97.827229
96.818737
98.383815
97.452834
98.762736
97.702180
97.894715
97.198051
98.672509
98.140839
98.553448
98.006639
98.264148
97.621855
98.752722
97.974274
98.371423
97.854032
97.240914
97.229565
99.394321
98.028045
98.836620
98.426667
96.702913
97.541255
98.640124
98.332893
98.287708
98.960229
99.092971
97.632742
98.997677
97.956686
98.607744
98.302818
98.518609
97.783007
99.006423
98.236504
98.607681
98.438374
98.451108
97.785640
98.300067
97.966622
98.967062
98.041727
98.910585
97.707215
99.004866
98.566414
99.140889
98.800272
97.615688
97.480838
98.922872
98.375394
98.896192
98.587070
98.106803
97.738832
98.938443
97.970445
98.921663
98.394608
97.953410
97.836162
98.922563
98.106324
98.989945
98.380544
98.219830
97.593677
98.972048
98.126494
98.794649
98.546296
98.037449
98.014286
98.833866
97.902009
98.660015
98.153541
97.804668
97.943058
98.572282
98.743225
97.754259
97.904237
98.079202
97.436266
99.715279
97.868314
99.365258
98.973249
98.190904
97.785911
98.957583
98.173485
99.169568
97.970631
98.304538
98.091065
98.935910
97.945859
99.111678
98.106867
98.327051
97.717975
98.932863
98.053513
98.991369
98.113680
98.416381
97.686790
99.027027
98.357424
99.090956
98.384043
98.809067
97.863905
98.864454
98.368821
98.952906
98.200074
98.895189
97.644278
99.234360
98.350203
99.054254
98.316965
98.824266
97.833959
98.782263
97.904447
98.875965
98.220860
98.627787
97.372330
98.927278
97.793539
98.728340
97.644362
97.822625
97.841674
98.982968
98.982797
98.489139
97.746413
98.574775
98.516889
99.273139
98.035606
98.809148
98.289002
98.749766
97.963406
99.079425
98.203703
99.259041
97.905811
98.080458
97.854325
99.168207
97.827104
99.251909
98.198574
98.727786
97.681876
98.930988
98.109246
99.108521
98.014946
98.218085
97.582607
99.308549
97.904139
99.356622
98.089741
98.516024
97.980086
98.899005
98.130217
99.114976
97.968520
97.714747
97.542602
99.238224
98.004364
98.786581
98.214160
96.885303
97.694599
99.353423
98.478673
98.988020
98.317757
97.158309
97.753449
98.928528
97.632238
98.650449
98.136436
97.036908
98.234683
98.752870
98.936595
97.925789
97.084005
98.825455
98.039748
98.785483
98.252227
99.141313
98.471699
98.384014
97.685451
99.036269
98.061698
98.735158
98.112128
98.917616
97.854954
99.192498
97.890133
99.167857
97.851489
97.607523
97.892020
99.046395
97.934499
99.459398
98.185447
97.390345
97.657451
98.777143
98.364045
98.903215
98.323297
96.147324
97.157323
99.084660
97.618202
99.105905
98.004005
97.502863
97.108609
99.022632
97.681611
98.900052
98.388016
97.929535
97.688860
98.755059
98.141325
98.995712
98.084806
98.538807
97.765073
98.857282
98.326750
98.868182
98.132500
97.760963
97.843233
99.085208
98.980996
98.820410
98.067890
98.412597
98.594477
98.987037
98.002870
98.799520
97.937984
98.940206
98.026685
99.033905
97.767358
99.220361
98.457387
99.543155
97.731001
98.972897
97.993585
99.273664
98.211816
97.840289
97.750630
98.745613
97.715302
99.300477
97.986123
97.654763
97.682778
98.957294
98.148553
98.918321
98.363977
98.398002
97.489615
98.757594
98.036856
99.039228
98.093983
98.648376
98.046882
98.895098
97.963119
99.112892
98.155600
98.293616
97.352268
99.028645
97.940513
98.889329
98.020258
98.196317
97.904410
98.967799
97.795452
98.758365
98.210863
97.974284
97.512354
99.135281
99.237139
98.773459
97.800122
98.684060
98.238168
98.978222
98.115697
98.812207
98.039502
98.147192
98.255116
98.896439
97.899029
98.698054
98.114374
98.128020
97.611484
99.005247
98.408766
98.950308
98.280897
98.224632
97.693647
98.873071
98.125281
99.028042
98.236990
98.247086
97.215518
99.291366
97.857546
98.826757
97.986923
98.010177
97.619329
98.898016
97.815815
99.180850
97.646647
96.601180
97.418249
99.062888
97.903983
99.325788
97.760433
96.727143
96.417519
99.133651
97.931188
99.046473
97.929450
98.510162
96.926846
98.795737
98.198411
98.418625
97.844579
96.282478
97.900659
98.294919
98.547280
97.508128
99.506594
97.066176
97.555158
99.140801
98.399016
98.928973
98.203477
97.442785
97.582380
98.511108
97.490486
99.121295
97.747883
97.472889
97.377958
98.958420
97.795939
99.034747
98.080810
98.067582
97.874616
99.018246
97.815692
98.882100
98.195444
98.406926
97.810626
99.262939
97.642796
99.122915
98.246087
97.268112
96.895260
99.517866
98.035144
99.311297
98.440589
98.220345
97.142763
99.118685
98.428197
98.924192
98.068801
97.557507
98.087814
99.226605
98.512291
99.183148
98.683427
96.881491
97.867940
98.813415
98.092049
98.711677
97.865402
96.966634
97.715516
98.456019
98.965147
97.993153
97.146469
98.336843
97.793482
98.764164
97.839808
98.688881
97.937643
97.131539
97.490576
98.983426
97.646383
98.795651
98.170682
97.661087
96.973457
98.693138
97.545920
98.880501
97.764564
97.393035
97.731668
99.225026
98.190516
99.228460
98.408609
96.910346
97.446094
99.156248
97.939049
99.285568
98.306907
97.542281
97.107311
98.335516
98.228770
99.623402
100.000000
94.916475
100.000000
100.000000
99.666354
100.000000
99.800593
98.417749
100.000000
100.000000
100.000000
100.000000
100.000000
100.000000
100.000000
100.000000
100.000000
100.000000
100.000000
100.000000
100.000000
100.000000
100.000000
100.000000
100.000000
100.000000
100.000000
100.000000
100.000000
100.000000
100.000000
100.000000
100.000000
100.000000
100.000000
100.000000
100.000000
98.564602
100.000000
100.000000
100.000000
100.000000
100.000000
100.000000
99.780127
100.000000
100.000000
100.000000
100.000000
100.000000
99.033391
100.000000
100.000000
100.000000
100.000000
98.601787
99.701855
100.000000
100.000000
100.000000
100.000000
100.000000
100.000000
100.000000
100.000000
100.000000
100.000000
100.000000
100.000000
100.000000
100.000000
100.000000
100.000000
99.335110
100.000000
100.000000
100.000000
100.000000
100.000000
100.000000
100.000000
100.000000
100.000000
100.000000
98.083919
99.046237
100.000000
100.000000
99.976354
100.000000
100.000000
96.415965
99.656420
100.000000
100.000000
100.000000
100.000000
100.000000
100.000000
100.000000
100.000000
100.000000
100.000000
99.410114
99.983137
100.000000
100.000000
100.000000
100.000000
100.000000
100.000000
100.000000
100.000000
100.000000
100.000000
99.548649
100.000000
100.000000
99.927931
100.000000
100.000000
100.000000
100.000000
100.000000
100.000000
100.000000
99.881985
99.203158
100.000000
100.000000
99.845475
100.000000
99.966035
98.070268
99.745637
100.000000
100.000000
100.000000
99.783287
97.443678
99.945461
100.000000
100.000000
99.982760
99.643245
98.922109
100.000000
100.000000
99.643337
100.000000
100.000000
99.815009
99.823628
100.000000
99.820090
100.000000
99.829714
99.798318
99.771219
100.000000
99.734195
100.000000
99.885809
98.199866
99.217479
100.000000
99.822182
100.000000
99.770175
99.159963
98.790110
100.000000
99.511343
99.980488
99.545092
98.034531
98.695877
100.000000
99.221029
100.000000
99.829200
99.059240
99.190777
100.000000
99.138772
100.000000
99.780696
99.099901
99.214519
100.000000
99.436573
100.000000
99.850962
99.052981
99.103080
100.000000
99.041555
100.000000
99.531776
98.719415
99.300820
100.000000
100.000000
99.927839
98.728919
99.203596
99.016259
100.000000
98.863527
100.000000
99.667434
99.362094
98.821921
100.000000
98.656766
99.991672
99.729691
99.162630
99.038805
99.993212
99.504697
99.992608
99.536939
99.157043
98.966686
100.000000
99.338635
100.000000
99.136961
98.440238
99.501859
100.000000
99.077908
100.000000
99.462822
97.285239
98.726930
100.000000
98.943128
100.000000
99.772393
100.000000
99.275190
99.826760
98.405072
100.000000
99.959293
98.388485
97.754819
99.623057
98.592743
99.009437
98.973666
99.438061
99.315555
100.000000
99.575735
100.000000
98.605671
99.141768
100.000000
100.000000
100.000000
100.000000
100.000000
100.000000
100.000000
100.000000
99.446945
100.000000
100.000000
98.343466
99.147834
100.000000
99.494304
100.000000
100.000000
100.000000
99.635755
100.000000
100.000000
100.000000
100.000000
100.000000
98.973231
100.000000
99.146917
100.000000
100.000000
99.483711
99.448676
100.000000
98.668727
100.000000
99.177038
98.183073
98.033569
100.000000
97.988607
99.043185
99.588927
99.604681
98.054370
98.922142
98.172964
99.405782
97.908408
98.521878
98.737164
99.122462
98.149239
98.839528
97.974269
99.048981
98.540082
99.438975
97.684671
98.545736
98.829092
98.690745
98.276777
99.833493
99.343510
98.769087
99.186650
100.000000
97.886238
99.631235
97.826027
98.944472
98.137050
98.942596
98.359796
99.468072
98.743476
99.347993
99.336697
100.000000
99.323348
99.633044
98.692588
99.097930
98.347392
99.224044
97.849097
99.615952
97.980476
99.554296
98.100218
99.428691
97.619566
99.272364
97.879127
99.491347
98.371028
99.526674
97.687602
99.794053
98.101384
99.197947
98.119952
99.242366
97.923990
99.504505
98.257572
99.384265
98.164265
99.277068
97.882721
100.000000
97.864206
99.588789
98.315854
99.324684
97.961377
99.307579
97.724139
98.998170
98.711969
98.871053
97.864162
98.674603
99.290443
97.883347
99.186774
99.460550
98.131715
100.000000
98.648434
99.687648
98.036298
100.000000
96.760584
100.000000
98.541414
100.000000
99.478763
100.000000
97.245322
98.613835
98.205221
100.000000
99.320454
96.443836
98.718071
100.000000
97.672179
99.086630
100.000000
100.000000
98.446620
100.000000
100.000000
100.000000
99.358397
96.152436
97.450368
100.000000
100.000000
100.000000
97.325167
96.178565
100.000000
100.000000
98.920621
100.000000
100.000000
100.000000
100.000000
100.000000
100.000000
100.000000
100.000000
100.000000
100.000000
100.000000
99.043549
100.000000
100.000000
96.484908
98.011210
100.000000
100.000000
99.689047
95.521193
100.000000
100.000000
100.000000
99.294309
100.000000
100.000000
95.932827
98.956512
100.000000
98.350102
100.000000
100.000000
94.757243
97.241842
100.000000
99.240305
100.000000
98.844113
97.036988
99.447201
100.000000
98.664175
100.000000
99.021166
96.596199
98.026111
100.000000
98.302421
100.000000
98.553419
95.722304
99.200347
100.000000
98.422698
99.944128
99.137892
99.991253
98.726033
100.000000
99.359746
100.000000
98.363954
98.621941
98.063087
100.000000
98.115532
99.758623
98.711149
96.571284
97.214349
99.984455
96.921715
99.542001
98.343155
96.292754
98.098399
99.266882
99.253541
97.969092
96.097663
94.050939
97.480174
98.792980
97.204314
98.836527
97.631741
94.423855
97.128539
99.178623
98.501823
99.650125
99.046961
97.413665
97.925716
98.996457
98.222843
99.095796
98.163194
95.563853
96.381337
99.788027
98.439558
99.484767
98.561426
98.431814
96.957768
99.760522
97.829616
100.000000
98.575533
96.337383
97.524751
100.000000
98.248713
100.000000
98.132645
96.940662
97.352682
100.000000
98.582903
99.400476
98.577243
99.108704
98.420186
100.000000
98.685332
100.000000
99.552756
99.394456
98.032419
100.000000
99.443182
99.593036
98.210376
95.335454
98.935416
99.576754
98.958698
98.374934
100.000000
95.972071
96.797523
99.111272
96.794362
99.171931
98.780853
97.314980
96.416640
99.120871
97.291186
98.895014
97.385283
96.911810
97.075238
99.361868
97.842887
99.214932
97.519115
97.386236
96.336186
100.000000
97.669817
100.000000
98.555261
98.962306
96.529303
100.000000
97.209549
100.000000
97.726501
94.992607
96.691708
99.956679
98.582842
99.969107
97.170608
95.061464
96.503641
99.263209
97.159100
99.608314
97.943426
96.385476
97.127641
100.000000
98.014935
100.000000
98.013793
98.618282
98.057170
100.000000
97.418853
99.714608
98.916144
97.820797
97.363094
100.000000
100.000000
98.299966
93.813089
97.165105
97.314440
100.000000
97.324809
99.541517
98.016910
96.319852
97.749223
100.000000
98.034064
99.938491
97.849800
98.449537
96.327865
99.870748
97.719792
99.987535
99.029894
97.438007
97.048836
100.000000
98.283269
100.000000
98.696256
99.380014
97.232285
100.000000
97.414873
99.381993
98.923021
96.717039
98.275730
100.000000
98.369604
100.000000
99.650021
98.944913
98.622205
100.000000
98.979579
100.000000
99.542268
98.490542
97.364047
100.000000
98.666781
100.000000
99.675852
99.622297
98.670167
100.000000
100.000000
100.000000
99.805222
98.951509
99.576695
100.000000
99.734833
98.480707
98.643551
98.742089
98.387251
99.711680
98.284131
100.000000
98.654341
98.000043
98.380852
99.845863
98.856422
99.995335
98.997805
99.521375
98.670470
100.000000
98.803034
99.964788
98.783101
98.079407
98.825276
100.000000
98.907212
100.000000
98.988128
98.062816
98.248637
100.000000
98.754965
100.000000
99.442081
97.539422
99.062499
100.000000
99.220217
100.000000
99.253920
96.614891
98.990514
100.000000
98.904925
100.000000
99.539828
97.380378
98.969107
100.000000
98.836998
100.000000
99.011937
100.000000
98.523137
100.000000
99.077155
100.000000
99.358796
98.972650
98.789831
100.000000
100.000000
99.382048
97.942650
99.182902
99.288031
100.000000
98.749313
99.932574
99.318401
98.450463
98.814144
100.000000
99.259659
100.000000
98.883505
99.523788
98.700671
100.000000
98.655986
99.883214
99.348982
97.851369
99.199695
100.000000
99.369344
100.000000
98.995023
98.460177
98.631843
99.708523
98.322864
99.677245
99.506966
100.000000
99.254397
100.000000
99.503042
99.869185
99.081807
100.000000
99.207025
100.000000
98.859207
100.000000
99.436739
98.928445
99.435842
99.993117
98.618020
99.914203
99.177838
98.808912
98.489885
99.926938
98.387496
99.705218
99.054719
99.510950
98.826621
100.000000
100.000000
98.777974
98.648315
98.615370
98.977564
100.000000
98.727374
100.000000
99.117169
97.070166
98.818612
99.983435
98.634917
99.754476
99.769608
99.187105
98.959865
100.000000
98.800100
100.000000
99.466929
98.226950
98.606605
99.951973
98.647253
99.671608
98.599221
98.165827
98.350088
99.993642
98.547915
99.746075
98.585106
99.609212
98.455170
100.000000
99.030650
99.508051
98.374851
98.574401
98.014827
99.847778
98.224596
99.730120
98.889106
98.143250
98.286485
100.000000
98.489881
100.000000
99.281603
97.604194
98.334429
100.000000
99.228322
100.000000
99.511208
98.297375
99.428257
100.000000
99.788782
98.979753
99.047991
96.423043
99.359043
100.000000
98.072625
99.666042
98.997666
96.834574
97.745803
100.000000
99.271830
99.674415
98.617984
97.457565
99.068695
100.000000
98.341626
99.777189
99.878844
98.961464
98.179577
100.000000
98.792139
100.000000
99.396058
99.108582
98.345302
100.000000
99.032122
99.621562
98.846669
98.161389
98.765236
100.000000
98.979678
100.000000
99.588260
98.036107
99.495917
100.000000
99.129212
100.000000
99.732887
97.272539
98.718573
100.000000
98.595090
100.000000
98.950871
100.000000
99.330526
100.000000
98.949687
100.000000
99.051873
96.212896
99.301291
100.000000
100.000000
99.661558
97.516682
99.647812
99.281799
100.000000
99.769466
100.000000
99.758215
98.809216
98.953000
100.000000
99.084576
100.000000
99.297405
100.000000
98.793676
100.000000
99.276031
100.000000
99.988160
98.182624
98.895624
100.000000
98.926203
100.000000
99.240667
97.787974
99.284110
100.000000
98.858280
99.960131
99.036596
99.874772
98.525932
100.000000
99.387208
100.000000
99.831638
100.000000
99.009790
100.000000
99.296835
100.000000
99.828206
100.000000
99.883367
100.000000
100.000000
100.000000
99.363071
98.495868
98.670237
100.000000
99.464581
100.000000
99.438183
97.037515
97.900231
99.473507
100.000000
98.340662
96.604481
96.878678
97.770136
100.000000
98.592305
99.568023
98.474886
97.265244
97.119368
99.386059
97.448125
99.748696
97.570201
97.202654
97.440144
99.493385
98.057901
99.363166
98.216198
97.345365
98.189595
99.960728
98.044605
99.558810
98.346698
97.436134
98.295456
100.000000
98.491690
99.607646
99.242308
96.893523
97.893854
100.000000
98.508216
100.000000
98.908454
98.059938
98.198021
100.000000
98.661504
100.000000
98.794137
99.252347
98.340777
100.000000
99.162774
100.000000
99.229444
96.823165
98.494238
100.000000
99.169033
100.000000
98.923692
98.051756
98.412585
100.000000
100.000000
99.026251
96.733136
96.567726
97.398445
100.000000
98.156716
99.494350
98.633212
95.867603
98.056560
99.846439
97.207743
100.000000
98.332861
97.351818
97.536617
100.000000
98.300965
99.946398
98.567139
95.953685
97.495884
99.653174
97.980384
99.208022
97.704898
96.386655
97.101907
99.624052
97.471602
99.321860
97.462480
97.477928
96.816999
99.833348
97.606896
99.806770
97.592798
96.828422
97.027605
100.000000
97.992851
100.000000
98.461563
96.291885
97.366213
99.222211
98.166175
99.681151
98.328713
96.622517
98.485069
100.000000
98.363038
100.000000
99.201907
98.607647
98.181047
100.000000
100.000000
98.840356
96.143132
99.167814
98.192131
100.000000
98.403684
100.000000
98.918954
97.839599
98.316565
100.000000
98.569077
100.000000
99.568030
97.745663
97.025277
100.000000
98.996754
99.881725
98.158398
97.291641
98.409920
100.000000
98.310100
100.000000
99.012658
97.241373
98.473444
100.000000
98.952278
100.000000
99.286250
98.944856
98.779582
100.000000
99.241212
100.000000
99.570122
99.132254
98.289107
100.000000
100.000000
100.000000
100.000000
98.597188
99.338516
100.000000
99.538838
100.000000
100.000000
99.699280
99.448971
100.000000
99.773501
100.000000
100.000000
98.904980
100.000000
100.000000
100.000000
100.000000
100.000000
100.000000
100.000000
100.000000
100.000000
100.000000
100.000000
100.000000
99.951509
100.000000
100.000000
100.000000
100.000000
99.637430
99.672618
100.000000
100.000000
100.000000
100.000000
100.000000
100.000000
100.000000
100.000000
100.000000
100.000000
100.000000
99.907549
100.000000
99.910916
100.000000
100.000000
98.381983
99.099640
100.000000
99.542245
100.000000
99.729303
98.986288
98.646321
100.000000
99.345999
100.000000
100.000000
98.228666
98.656490
100.000000
99.604893
100.000000
99.584525
98.818561
99.166530
100.000000
99.840643
100.000000
100.000000
100.000000
100.000000
100.000000
100.000000
100.000000
99.412116
99.630788
100.000000
100.000000
100.000000
100.000000
100.000000
98.930531
99.745835
100.000000
100.000000
100.000000
99.708457
98.884462
99.249404
100.000000
100.000000
100.000000
100.000000
100.000000
99.795158
100.000000
100.000000
100.000000
100.000000
100.000000
100.000000
100.000000
100.000000
100.000000
100.000000
100.000000
100.000000
100.000000
100.000000
100.000000
100.000000
100.000000
100.000000
100.000000
100.000000
100.000000
100.000000
99.553688
99.561387
100.000000
99.979820
100.000000
100.000000
99.258071
99.182411
100.000000
99.816715
100.000000
100.000000
99.687981
99.863953
100.000000
100.000000
99.801940
99.628720
98.642711
98.566285
100.000000
99.605611
100.000000
99.820543
98.233299
99.541247
100.000000
99.842822
100.000000
100.000000
99.220249
99.745271
100.000000
100.000000
100.000000
100.000000
99.662561
100.000000
100.000000
100.000000
100.000000
100.000000
98.857434
100.000000
100.000000
99.981677
100.000000
100.000000
99.585874
99.311974
100.000000
100.000000
100.000000
100.000000
100.000000
99.758011
100.000000
100.000000
100.000000
100.000000
100.000000
100.000000
100.000000
100.000000
100.000000
100.000000
97.324319
99.535468
100.000000
100.000000
100.000000
100.000000
96.724595
99.020811
100.000000
100.000000
100.000000
97.312549
96.806250
100.000000
100.000000
99.633249
99.933879
100.000000
97.591597
100.000000
100.000000
100.000000
100.000000
100.000000
100.000000
100.000000
100.000000
100.000000
100.000000
100.000000
98.962938
96.452344
99.600282
97.431223
100.000000
98.993372
91.034731
97.358074
100.000000
98.904090
99.858497
98.150854
96.088428
98.098604
100.000000
97.900149
99.034656
99.085543
93.110614
98.113357
100.000000
99.512805
99.176720
97.522445
96.271411
96.642705
99.430350
97.588141
99.338492
97.706561
93.591889
97.398871
99.501502
97.795306
98.912547
97.880827
98.232252
97.616367
99.390643
99.610388
98.080834
97.906821
96.162468
98.531718
98.982908
98.849746
99.514264
98.946937
97.404003
97.979625
99.662343
97.985350
99.930012
98.119823
98.156052
97.779957
99.986200
97.887260
99.081922
97.566951
98.174359
97.532011
99.675095
98.111489
99.406022
98.143627
99.288400
97.433565
99.974432
98.417767
100.000000
98.798061
94.901189
96.927616
100.000000
98.977833
100.000000
98.399080
94.246519
98.507681
100.000000
98.750813
100.000000
98.863965
95.929542
98.441209
100.000000
98.773438
100.000000
98.949550
100.000000
98.325389
100.000000
99.409729
100.000000
99.485918
100.000000
99.790578
100.000000
100.000000
100.000000
100.000000
99.874671
98.325025
100.000000
100.000000
100.000000
99.642587
98.871028
99.835531
100.000000
100.000000
100.000000
99.495346
99.951904
100.000000
100.000000
98.832884
100.000000
100.000000
100.000000
97.797202
100.000000
100.000000
100.000000
100.000000
99.282925
98.460231
100.000000
99.388281
100.000000
100.000000
100.000000
97.981065
100.000000
100.000000
100.000000
97.902886
98.970846
98.360273
98.729165
98.562955
99.453372
99.424991
97.113071
99.516177
99.845901
100.000000
100.000000
100.000000
97.988798
100.000000
100.000000
100.000000
100.000000
100.000000
100.000000
100.000000
100.000000
100.000000
100.000000
98.703353
98.451771
100.000000
100.000000
100.000000
100.000000
100.000000
99.323825
100.000000
100.000000
100.000000
100.000000
100.000000
100.000000
100.000000
100.000000
100.000000
100.000000
100.000000
100.000000
100.000000
100.000000
100.000000
100.000000
100.000000
100.000000
100.000000
100.000000
100.000000
100.000000
100.000000
100.000000
100.000000
100.000000
100.000000
100.000000
100.000000
100.000000
100.000000
100.000000
100.000000
100.000000
100.000000
99.751923
100.000000
100.000000
100.000000
100.000000
100.000000
100.000000
100.000000
100.000000
100.000000
100.000000
100.000000
100.000000
100.000000
100.000000
100.000000
100.000000
97.813975
97.755585
100.000000
100.000000
100.000000
100.000000
100.000000
100.000000
100.000000
100.000000
100.000000
100.000000
100.000000
99.850797
99.763938
100.000000
100.000000
100.000000
100.000000
97.371437
100.000000
100.000000
100.000000
100.000000
100.000000
99.502109
100.000000
100.000000
100.000000
100.000000
100.000000
100.000000
100.000000
100.000000
100.000000
100.000000
100.000000
99.809017
100.000000
100.000000
99.731499
100.000000
100.000000
96.584243
99.909759
100.000000
100.000000
100.000000
100.000000
98.206275
100.000000
100.000000
100.000000
100.000000
100.000000
97.306878
99.821778
100.000000
100.000000
100.000000
97.566676
99.517109
100.000000
100.000000
100.000000
100.000000
100.000000
96.824206
99.826069
100.000000
100.000000
100.000000
100.000000
99.464043
99.736771
100.000000
100.000000
100.000000
100.000000
99.280724
100.000000
100.000000
100.000000
100.000000
99.613687
96.876494
99.591124
100.000000
99.722182
100.000000
99.923740
99.285531
99.866658
100.000000
100.000000
100.000000
100.000000
98.729305
100.000000
100.000000
100.000000
100.000000
100.000000
99.618426
98.993075
100.000000
100.000000
100.000000
99.874651
99.535977
100.000000
100.000000
100.000000
100.000000
100.000000
99.567533
100.000000
100.000000
100.000000
100.000000
98.661978
97.209531
98.164110
100.000000
98.955849
100.000000
99.217784
96.002089
98.110962
100.000000
98.390302
100.000000
98.322633
99.347619
97.204082
99.263381
97.611555
99.679375
97.445618
98.201884
97.496687
100.000000
98.040227
99.789723
98.212292
98.331867
99.253296
100.000000
97.912224
100.000000
98.650130
97.842351
98.455112
100.000000
99.257311
99.859285
98.471369
97.777992
98.402678
100.000000
99.200103
100.000000
99.428656
99.488222
98.721273
100.000000
99.626031
100.000000
97.010121
97.802946
98.500425
100.000000
99.242777
100.000000
99.811691
97.989279
98.394817
99.029175
96.770879
95.242433
95.120992
94.544201
95.400210
96.983531
95.522249
96.762112
95.464229
95.448663
97.829815
98.938248
98.745165
99.166035
98.728513
96.956555
98.326365
99.625115
98.369575
98.963419
99.196239
96.107927
97.962743
99.441047
98.498480
99.114437
98.508574
97.583722
98.082223
99.360286
98.685791
99.315089
98.647006
93.124025
98.434091
99.701285
98.770803
99.053292
98.693123
96.250855
98.254992
99.027717
98.505731
99.713926
98.825379
94.677349
97.487765
99.487863
98.963582
99.066662
98.298123
96.841838
97.552720
98.742975
98.369673
99.330388
97.768233
97.010254
97.678274
98.603346
99.199554
98.679582
93.556468
91.979188
97.435138
99.537251
98.070385
99.264567
98.412003
98.096494
97.949030
99.009562
97.851680
99.475694
97.967743
97.563680
97.120933
99.212752
97.675700
99.217941
98.483020
98.432882
97.634809
99.213512
97.831213
98.907729
97.330588
98.684026
97.542518
98.754416
97.417456
99.126556
97.404118
97.971559
97.355226
99.166064
97.928745
99.549659
98.288243
98.632840
97.942106
99.772362
98.527009
99.187254
98.397224
98.734832
97.928780
100.000000
97.991452
99.803860
98.259363
98.799352
97.905625
99.960741
97.513602
100.000000
98.716685
97.125357
97.651750
99.958534
99.468339
98.397335
98.287234
97.651090
96.476079
99.243468
98.133582
99.402209
97.297358
98.532532
96.584334
99.060007
97.558978
99.896130
97.400251
95.411390
97.084902
99.399959
97.032332
99.681749
98.075990
97.213577
95.621149
98.988675
97.844868
98.729684
97.233305
97.679892
96.776144
99.381441
96.513472
99.315940
97.275869
97.286997
96.608724
99.321796
96.969298
99.062647
97.543063
97.808390
96.453156
99.773149
96.955630
99.391440
97.056555
97.548955
96.262361
99.906196
97.061040
99.353384
97.745214
97.727795
96.884835
100.000000
97.363765
99.696910
97.657321
96.676997
96.827412
99.173246
99.121373
97.395254
97.608552
97.297873
96.312671
99.229455
96.637804
99.180184
97.183339
97.823008
96.292792
99.054064
96.972714
98.572455
96.934855
96.402379
96.388147
99.074399
96.946568
98.973487
97.219384
97.673316
96.654436
98.795689
97.274769
98.820726
97.335229
96.141746
96.690436
98.782258
97.194699
98.732993
97.512957
96.521455
96.071046
98.810685
96.825102
99.131098
96.901641
96.946051
96.287791
99.819243
98.037643
99.228190
97.921198
96.938618
96.717089
98.847928
96.728698
98.965971
96.846470
97.625209
96.092844
99.564623
97.238193
99.460310
98.256110
96.039159
96.567347
99.696961
99.411468
97.766218
96.821042
97.290243
97.283067
99.431095
97.241858
99.429584
97.455965
97.905921
97.000181
99.480793
97.435053
99.288533
98.056206
97.428587
97.476805
99.527189
97.825128
99.676215
98.440118
98.715170
97.511786
99.852479
98.587957
99.647307
98.519249
97.763507
98.048597
100.000000
98.828260
100.000000
98.497954
98.188879
98.255537
100.000000
97.931897
99.855103
98.783158
97.792117
97.461477
100.000000
99.025044
99.762302
98.448994
97.292874
98.157885
100.000000
98.624964
100.000000
98.452042
98.407860
98.033552
100.000000
98.728176
100.000000
98.708586
97.411539
98.160129
100.000000
100.000000
98.693767
98.258599
96.639821
98.381196
100.000000
98.819146
100.000000
98.808176
97.932381
98.462965
100.000000
98.510211
99.536826
99.323445
96.584969
98.238025
100.000000
98.800116
100.000000
98.901224
97.243361
98.080235
99.955342
97.781054
99.933989
98.596132
98.587678
97.268779
100.000000
98.472438
99.826896
98.292603
97.172304
98.163519
99.865904
98.458721
99.657211
98.729076
98.530191
97.044700
99.638070
97.919597
99.860834
98.837752
98.274583
96.819742
99.914553
97.509511
99.577863
97.790744
98.097365
95.747536
99.338163
97.682719
98.994062
97.478415
93.564425
97.188670
99.349192
99.231026
98.291262
96.392854
96.318535
97.119684
100.000000
98.269897
99.397538
98.049920
95.830266
97.043442
99.532083
97.803153
100.000000
98.476243
98.629428
97.520279
100.000000
98.954581
100.000000
99.195478
98.854734
98.948602
100.000000
98.646829
100.000000
99.493480
97.421313
97.575294
100.000000
99.890366
100.000000
99.880354
100.000000
99.340647
100.000000
100.000000
100.000000
100.000000
99.518298
99.547759
100.000000
100.000000
100.000000
100.000000
100.000000
100.000000
100.000000
99.811241
100.000000
100.000000
99.600216
99.323974
100.000000
99.715672
100.000000
100.000000
99.864580
100.000000
100.000000
100.000000
100.000000
100.000000
98.149351
99.601760
100.000000
99.774905
100.000000
100.000000
99.879858
99.188491
100.000000
100.000000
100.000000
99.872133
98.710404
100.000000
100.000000
100.000000
100.000000
100.000000
100.000000
100.000000
100.000000
100.000000
100.000000
100.000000
99.910112
100.000000
100.000000
100.000000
100.000000
100.000000
100.000000
100.000000
100.000000
100.000000
100.000000
100.000000
100.000000
100.000000
100.000000
100.000000
100.000000
100.000000
100.000000
100.000000
100.000000
100.000000
100.000000
100.000000
99.477486
100.000000
100.000000
100.000000
100.000000
100.000000
99.186615
99.619767
100.000000
100.000000
99.315915
97.832998
98.579959
99.544192
100.000000
99.548307
100.000000
98.293507
98.843885
98.387427
100.000000
98.851531
100.000000
99.416973
98.044659
97.661217
100.000000
98.983475
100.000000
98.670164
97.442253
97.173392
99.952462
98.536631
100.000000
97.380776
95.843961
96.853567
99.628974
97.559248
100.000000
97.533918
98.019991
97.894123
100.000000
98.292784
99.971089
98.079035
97.666225
97.506390
99.407087
97.188329
99.388818
97.355539
95.497389
96.977113
99.622935
97.058472
99.290131
97.031266
98.191456
98.091931
99.898283
98.142669
100.000000
97.982100
97.745204
98.095124
100.000000
100.000000
98.265696
98.887215
97.321518
98.133030
100.000000
98.739395
99.531720
98.081702
97.864289
98.422988
100.000000
98.856457
100.000000
98.855294
96.970841
97.807813
100.000000
98.870222
99.914218
99.129784
96.245282
98.644475
100.000000
99.261885
100.000000
99.617938
99.214400
98.986963
100.000000
99.715997
100.000000
99.717078
98.728149
98.924988
100.000000
99.857348
100.000000
98.597327
96.433767
99.236923
100.000000
99.278191
100.000000
99.042087
98.348414
99.155687
100.000000
99.343038
100.000000
99.486287
98.457851
98.940341
100.000000
99.491794
100.000000
99.424088
97.378612
98.373080
100.000000
100.000000
99.320874
100.000000
98.487925
99.430195
100.000000
99.810842
100.000000
100.000000
99.575301
99.534776
100.000000
99.637464
100.000000
99.878428
100.000000
99.610932
100.000000
99.611317
100.000000
100.000000
99.976023
98.637922
100.000000
100.000000
100.000000
98.837841
96.964071
98.853832
100.000000
99.314726
100.000000
100.000000
99.004472
98.898860
100.000000
98.706823
100.000000
99.515480
98.674359
98.765359
100.000000
100.000000
100.000000
99.575375
97.823208
99.069966
100.000000
100.000000
100.000000
100.000000
100.000000
99.378295
100.000000
100.000000
100.000000
100.000000
98.971078
99.653547
100.000000
100.000000
100.000000
98.965003
97.121151
100.000000
100.000000
99.923655
100.000000
99.429441
100.000000
98.743413
100.000000
99.023038
100.000000
99.162727
97.906863
99.135284
100.000000
99.043374
100.000000
99.199769
99.045282
99.504562
100.000000
99.536416
100.000000
99.946134
99.721940
99.095636
100.000000
99.932760
100.000000
99.786980
98.624827
100.000000
100.000000
100.000000
100.000000
100.000000
100.000000
100.000000
100.000000
100.000000
100.000000
100.000000
100.000000
99.641249
100.000000
99.899119
100.000000
100.000000
99.644036
100.000000
100.000000
100.000000
100.000000
100.000000
98.570238
99.216515
100.000000
100.000000
100.000000
98.230556
99.355461
99.374130
100.000000
99.507542
100.000000
100.000000
99.931056
100.000000
100.000000
100.000000
100.000000
100.000000
100.000000
100.000000
100.000000
100.000000
100.000000
100.000000
98.829655
99.295779
100.000000
100.000000
100.000000
100.000000
98.539700
100.000000
100.000000
100.000000
100.000000
100.000000
98.545242
99.920448
100.000000
99.927020
100.000000
100.000000
98.703288
99.553514
100.000000
100.000000
100.000000
99.688266
97.146015
99.242599
100.000000
99.128285
100.000000
99.462053
98.437449
98.951991
100.000000
99.171055
100.000000
99.465100
98.330772
99.297745
100.000000
100.000000
99.757767
97.322284
97.811286
99.249489
100.000000
99.790132
100.000000
100.000000
100.000000
100.000000
100.000000
100.000000
100.000000
100.000000
100.000000
100.000000
100.000000
100.000000
100.000000
100.000000
100.000000
100.000000
100.000000
100.000000
100.000000
100.000000
98.212264
100.000000
100.000000
100.000000
100.000000
100.000000
98.062254
100.000000
100.000000
100.000000
99.945124
99.447217
97.048383
98.433960
100.000000
99.259714
99.835513
98.677634
96.483463
97.887242
100.000000
98.723817
99.536395
98.726115
98.004407
98.856492
100.000000
99.551903
100.000000
99.251604
97.411488
99.043690
100.000000
100.000000
99.630146
100.000000
