90.081826
93.053222
98.350411
94.014497
96.195629
94.370408
95.470490
93.103992
96.051646
93.258280
94.705172
93.443109
94.262291
92.791746
95.052992
93.033460
94.459801
93.321740
93.512932
92.443819
94.661011
92.653170
94.324126
93.047578
92.741088
92.064505
94.323171
92.231650
94.055968
92.831161
92.714535
92.292971
94.686099
92.356645
94.389702
92.420080
92.969857
92.035368
94.139516
92.233271
93.886383
92.404383
92.669306
91.800210
94.159297
92.227850
93.677385
92.060001
92.291140
91.650383
93.534726
91.610925
93.170203
91.401312
91.101891
91.466654
93.401723
93.409850
92.176246
91.307771
91.412189
91.880399
93.813848
92.219629
93.467244
92.007433
91.695774
91.532826
93.396185
91.603589
92.978227
91.576988
90.491213
90.971875
92.883994
91.292321
92.631616
91.372727
90.747333
91.260094
93.203183
91.776866
93.131042
91.955293
91.137135
91.441621
93.225769
91.535919
93.128636
91.887656
90.997846
91.214612
93.108989
91.703493
92.984556
91.521167
90.736969
91.609859
93.178199
91.482262
92.784386
91.492030
90.512926
91.047984
92.789092
91.367236
92.636027
91.333831
90.538852
91.022828
92.715511
91.152403
92.618783
91.481225
90.468457
91.341153
92.814404
92.923562
91.734553
91.032304
90.913555
91.250741
93.442088
91.911409
93.271402
92.158622
91.762616
91.816736
93.474297
91.590942
93.361581
92.041980
91.372201
91.483910
93.171384
91.692269
92.922989
91.767021
91.161622
91.521543
93.089116
91.650654
93.000658
91.743437
90.826381
91.564515
93.200494
91.755499
92.863756
91.598925
90.667901
91.337258
92.729797
91.471651
92.523722
91.152345
90.115152
90.638968
92.238998
90.737053
92.021223
90.859473
89.928396
90.396684
92.469558
90.698726
92.384716
90.913260
90.854387
90.982209
92.712833
91.077767
92.684220
91.434078
90.327727
91.209613
92.663466
92.695211
91.740126
90.552868
90.726636
91.284800
93.289011
91.860791
93.167073
91.790788
91.078241
91.536592
93.136617
91.604766
93.014230
91.681085
90.886289
91.383761
93.211263
91.504662
92.959400
91.500081
90.845617
91.591636
93.291537
92.047345
93.468213
92.078575
90.876671
91.244809
93.151438
91.494565
93.050903
91.401478
90.445904
91.023742
92.570443
91.297186
92.671631
91.428439
90.708842
91.039705
92.824483
91.382294
92.818149
91.896474
90.511132
91.190721
92.741532
91.696612
92.800038
91.499861
90.916162
91.476930
93.423541
92.161042
93.263962
92.346034
91.199273
92.366378
93.270196
92.949363
91.339413
90.129893
90.312311
90.769730
92.401491
91.111274
92.495129
91.330701
90.693402
91.139935
92.797548
91.398870
92.789503
91.716242
91.287650
91.304212
93.291319
91.551084
93.090390
92.155882
91.696982
91.342819
93.305577
91.454207
92.944205
91.855407
91.856171
91.536084
93.355226
91.929500
93.305081
92.032227
91.367032
91.842682
93.859776
91.997461
93.454336
92.353137
91.709238
92.305044
94.162770
92.475310
93.919377
92.604667
91.746111
91.859196
93.534978
92.017964
93.358743
91.705709
90.827069
91.447207
93.021891
91.330187
92.847108
91.531636
89.994455
91.494070
92.684224
92.572328
91.374009
90.022751
90.207894
90.636964
92.573576
91.147127
92.515186
91.184521
90.518048
90.724958
92.806575
91.323356
92.831912
91.388884
90.841449
100.000000
100.000000
99.207524
100.000000
98.642007
96.035739
98.384924
98.624570
96.822331
97.012895
96.509738
97.398211
100.000000
100.000000
100.000000
100.000000
100.000000
100.000000
100.000000
100.000000
100.000000
100.000000
100.000000
100.000000
100.000000
100.000000
100.000000
100.000000
100.000000
100.000000
100.000000
100.000000
100.000000
100.000000
100.000000
100.000000
100.000000
100.000000
100.000000
100.000000
100.000000
100.000000
100.000000
100.000000
100.000000
100.000000
100.000000
100.000000
100.000000
100.000000
100.000000
100.000000
100.000000
100.000000
100.000000
100.000000
100.000000
100.000000
100.000000
100.000000
100.000000
100.000000
100.000000
100.000000
100.000000
100.000000
100.000000
100.000000
100.000000
100.000000
100.000000
100.000000
100.000000
100.000000
100.000000
100.000000
100.000000
99.104864
100.000000
100.000000
100.000000
100.000000
100.000000
98.694327
100.000000
100.000000
100.000000
100.000000
100.000000
99.710079
100.000000
100.000000
100.000000
100.000000
100.000000
99.206629
100.000000
100.000000
100.000000
100.000000
100.000000
98.082125
100.000000
100.000000
100.000000
100.000000
99.073645
98.637331
100.000000
100.000000
100.000000
100.000000
100.000000
99.620709
100.000000
100.000000
100.000000
100.000000
100.000000
98.170809
100.000000
100.000000
100.000000
100.000000
100.000000
97.848265
100.000000
100.000000
100.000000
100.000000
100.000000
97.724638
100.000000
100.000000
100.000000
100.000000
100.000000
97.900750
100.000000
100.000000
100.000000
100.000000
100.000000
98.286879
100.000000
100.000000
100.000000
100.000000
100.000000
95.579379
100.000000
100.000000
100.000000
100.000000
100.000000
94.597951
100.000000
100.000000
99.801662
100.000000
99.744420
93.622563
99.118265
100.000000
100.000000
100.000000
94.387699
94.462136
100.000000
100.000000
99.400056
99.762713
99.065819
94.462047
99.638803
100.000000
99.649587
100.000000
99.508714
94.559413
99.656053
100.000000
100.000000
100.000000
100.000000
95.010010
100.000000
100.000000
99.661879
100.000000
99.534384
94.769426
100.000000
100.000000
100.000000
100.000000
99.855148
93.780981
99.368181
100.000000
99.565121
100.000000
100.000000
95.150235
100.000000
100.000000
100.000000
100.000000
100.000000
96.505869
100.000000
100.000000
100.000000
100.000000
100.000000
96.539953
100.000000
100.000000
100.000000
100.000000
100.000000
96.901377
100.000000
100.000000
100.000000
100.000000
96.279086
95.816670
100.000000
100.000000
100.000000
100.000000
100.000000
99.383835
100.000000
100.000000
100.000000
100.000000
100.000000
98.222938
100.000000
100.000000
100.000000
100.000000
100.000000
99.895861
100.000000
100.000000
100.000000
100.000000
100.000000
98.479772
100.000000
100.000000
100.000000
100.000000
100.000000
100.000000
100.000000
100.000000
100.000000
100.000000
100.000000
98.134061
100.000000
100.000000
100.000000
100.000000
100.000000
97.007360
100.000000
100.000000
100.000000
100.000000
100.000000
96.967560
99.788819
100.000000
99.593384
100.000000
99.915859
96.187958
99.472479
100.000000
100.000000
100.000000
97.952679
97.090396
100.000000
100.000000
100.000000
100.000000
100.000000
98.286601
100.000000
100.000000
100.000000
100.000000
100.000000
96.178692
99.237966
100.000000
98.958710
100.000000
99.100091
95.669137
99.026489
99.698280
99.192535
99.503338
98.939444
95.332226
99.067981
99.815617
99.544619
99.569706
99.344970
94.935714
98.595425
98.579359
97.874573
98.032851
97.765906
93.669374
97.497345
98.280740
97.245805
98.141291
97.504175
93.093094
97.140517
98.024489
97.408344
97.972056
97.560812
92.911004
97.597589
98.723916
97.930035
98.669038
97.746189
93.330937
98.206529
98.691193
99.202505
98.823109
94.530697
94.007057
98.653427
99.055977
98.435377
98.880688
98.607022
95.233996
98.950626
100.000000
100.000000
100.000000
100.000000
96.425773
99.310186
100.000000
99.616313
100.000000
100.000000
96.831384
100.000000
100.000000
100.000000
100.000000
100.000000
97.438808
100.000000
100.000000
100.000000
100.000000
100.000000
96.734711
100.000000
100.000000
100.000000
100.000000
100.000000
96.810774
100.000000
100.000000
100.000000
100.000000
100.000000
97.185404
100.000000
100.000000
100.000000
100.000000
100.000000
96.320330
100.000000
100.000000
100.000000
100.000000
100.000000
98.934731
100.000000
100.000000
100.000000
100.000000
99.264487
98.550954
100.000000
100.000000
100.000000
100.000000
100.000000
100.000000
100.000000
100.000000
100.000000
100.000000
100.000000
100.000000
100.000000
100.000000
100.000000
100.000000
100.000000
98.198245
100.000000
100.000000
100.000000
100.000000
100.000000
98.646955
100.000000
100.000000
100.000000
100.000000
100.000000
99.969826
100.000000
100.000000
100.000000
100.000000
100.000000
100.000000
100.000000
100.000000
100.000000
100.000000
100.000000
98.492650
100.000000
100.000000
100.000000
100.000000
100.000000
99.086425
100.000000
100.000000
100.000000
100.000000
100.000000
96.573944
100.000000
100.000000
100.000000
100.000000
96.701588
97.405884
100.000000
100.000000
100.000000
100.000000
100.000000
97.098628
100.000000
100.000000
100.000000
100.000000
100.000000
97.374106
100.000000
100.000000
100.000000
100.000000
100.000000
99.620154
100.000000
100.000000
100.000000
100.000000
100.000000
100.000000
100.000000
100.000000
100.000000
100.000000
100.000000
100.000000
100.000000
100.000000
100.000000
100.000000
100.000000
100.000000
100.000000
100.000000
100.000000
100.000000
100.000000
100.000000
100.000000
100.000000
100.000000
100.000000
100.000000
100.000000
100.000000
100.000000
100.000000
100.000000
100.000000
100.000000
100.000000
100.000000
100.000000
100.000000
99.585079
99.839676
100.000000
100.000000
100.000000
100.000000
100.000000
100.000000
100.000000
100.000000
100.000000
100.000000
100.000000
100.000000
100.000000
100.000000
100.000000
100.000000
100.000000
100.000000
100.000000
100.000000
100.000000
100.000000
100.000000
100.000000
100.000000
100.000000
100.000000
100.000000
100.000000
100.000000
100.000000
100.000000
100.000000
100.000000
100.000000
100.000000
100.000000
100.000000
100.000000
100.000000
100.000000
100.000000
100.000000
100.000000
100.000000
100.000000
100.000000
99.436743
100.000000
100.000000
100.000000
100.000000
100.000000
98.307085
100.000000
100.000000
100.000000
100.000000
98.688015
98.611654
100.000000
100.000000
100.000000
100.000000
100.000000
100.000000
100.000000
100.000000
100.000000
100.000000
100.000000
99.382708
99.834884
100.000000
100.000000
100.000000
100.000000
99.843817
100.000000
100.000000
100.000000
100.000000
100.000000
98.706176
100.000000
100.000000
99.970841
100.000000
99.700026
95.809843
98.917702
100.000000
99.468322
100.000000
99.349969
95.231931
98.504042
100.000000
99.847611
100.000000
100.000000
96.719313
98.507478
100.000000
98.981673
100.000000
99.838927
96.511930
99.411096
100.000000
100.000000
100.000000
100.000000
98.844727
100.000000
100.000000
100.000000
100.000000
97.790718
98.484779
99.981391
100.000000
100.000000
100.000000
100.000000
99.165411
100.000000
100.000000
100.000000
100.000000
100.000000
99.237719
100.000000
100.000000
100.000000
100.000000
100.000000
100.000000
100.000000
100.000000
100.000000
100.000000
100.000000
99.537717
100.000000
100.000000
100.000000
100.000000
100.000000
98.803548
100.000000
100.000000
100.000000
100.000000
100.000000
98.487407
100.000000
100.000000
100.000000
100.000000
100.000000
100.000000
100.000000
100.000000
100.000000
100.000000
100.000000
100.000000
100.000000
99.137665
93.542619
95.125884
93.602566
93.244970
91.068730
94.452059
92.990956
91.393426
92.460339
90.360171
89.517220
92.674867
89.767161
91.482546
90.067585
90.854412
89.327953
91.976768
89.840870
91.024014
89.741734
89.912908
88.892780
91.041180
89.211245
90.827857
89.733205
89.649064
89.282020
91.130076
89.344609
90.767959
89.395189
89.645026
89.072214
91.106401
89.386087
90.741484
89.204803
89.214574
89.434312
91.222559
89.936100
91.165272
89.794883
89.672760
89.603076
91.301812
90.150084
91.553502
90.457632
90.075065
90.081240
91.691113
90.362594
91.638394
90.280185
89.987392
89.472519
91.656540
90.431882
91.178368
90.303020
89.467736
89.670717
91.242679
91.236677
90.004113
89.231224
89.498782
89.706719
91.472852
90.013388
91.615339
90.174448
90.307700
89.693924
91.807986
90.103026
91.359115
90.253047
90.142790
90.098280
91.945968
90.434246
91.788026
90.384587
90.259316
90.237395
91.765077
90.419912
91.860455
90.339303
90.148940
90.525444
92.282766
90.587975
92.129574
90.517374
90.272747
90.277992
92.374566
90.753700
92.336094
91.128344
90.866869
90.755616
92.785243
90.767806
92.783362
91.268612
90.891557
90.629089
92.851568
90.659690
92.411122
90.918450
90.684029
90.599940
92.523004
90.501832
91.994151
90.516337
90.455733
90.809270
92.145605
91.938983
90.996270
90.175537
90.137554
90.643704
92.598749
90.833531
92.274732
91.322192
90.783289
90.460005
92.343141
90.937855
92.178412
90.784204
90.679787
90.555684
92.171489
90.753984
92.185000
90.623750
90.558348
90.528180
92.333360
90.684165
92.104667
90.765959
90.521039
90.376667
92.174556
90.837440
92.058603
90.753872
90.473084
90.492131
92.114713
90.707816
92.206358
90.913051
90.455435
90.307726
92.225001
90.752440
91.996651
91.022858
90.328131
90.722750
92.385722
91.049401
92.207140
91.032604
90.673653
91.032232
92.647077
91.085347
92.339805
91.463487
90.659983
91.076385
92.206116
92.093387
90.860592
89.942101
89.898426
90.235510
91.666342
90.044180
91.318827
90.087458
89.492356
89.373767
91.115195
89.877554
91.017521
89.919861
89.825838
89.568070
91.324216
89.919964
91.315357
90.119707
89.748728
89.790506
91.633119
90.224829
91.579957
90.384324
90.036877
90.045434
91.614170
89.979410
91.697394
90.449036
90.179990
90.144903
91.816876
90.411808
91.609585
90.401592
90.245514
90.207105
92.068653
90.672477
91.930526
90.485401
90.443882
90.023269
91.964643
90.414554
91.959602
90.563620
90.254363
90.326758
91.756590
90.167549
91.428932
90.219780
89.783644
90.293992
91.697299
91.874889
90.502018
90.021842
90.027864
89.960976
91.847454
90.272995
91.454498
90.324939
90.409380
89.764236
91.572855
89.675895
91.304102
89.948870
89.951082
89.681215
91.596289
90.151887
91.483239
90.422762
90.287660
90.488776
92.226503
90.788874
92.142806
90.832347
90.676141
90.646405
92.477723
90.759367
91.913782
90.607257
90.092029
90.353983
92.300098
90.811912
91.994382
90.663798
90.442344
90.431101
92.505571
90.926795
92.392882
91.418878
91.220110
91.409185
93.503097
92.046925
93.511856
92.444441
91.742464
92.090337
93.592136
92.254020
93.352182
92.101932
91.253348
92.455641
93.788983
93.744018
92.652154
91.728206
92.015873
92.869698
94.742008
93.542691
94.559925
93.604430
93.238028
92.919737
94.983899
93.303081
94.414403
93.310529
92.917217
92.840430
94.702049
93.308668
94.207695
93.527478
92.839454
93.342633
95.316438
93.508495
95.114363
93.738324
93.630886
93.410126
94.622548
93.501917
94.648764
94.121915
93.249264
93.927302
95.374413
94.241380
95.364849
93.987753
92.984229
93.448081
94.890602
93.689169
94.958299
93.812754
92.798863
93.184821
95.053730
93.903790
94.999133
94.079010
93.068405
93.608754
94.979931
93.899985
94.738335
93.956538
92.362158
93.799190
94.720967
94.663888
93.849992
92.214512
92.867118
93.802596
95.463048
94.080824
95.270228
94.153091
93.249276
93.453156
94.862281
93.511608
94.577555
93.392915
92.388145
92.859393
94.063066
92.718030
93.708409
92.578133
91.720003
92.207558
93.476498
92.086327
93.320550
91.939097
91.082773
91.438400
92.815708
91.772822
92.573348
91.764707
90.726172
91.682388
93.238839
92.068088
93.038090
91.867990
91.086274
91.618337
93.141675
91.435719
92.906963
91.601045
90.761026
91.364251
92.839547
91.460696
92.853677
91.682704
90.746777
91.309525
92.872360
91.197989
92.728989
91.537519
90.182523
91.338491
92.695833
92.864533
91.701987
90.937108
91.150354
91.434297
93.203146
91.733869
93.088597
92.140179
91.688077
91.652263
93.029257
91.800217
92.923585
91.693938
91.333495
91.439786
92.969199
91.414401
92.935206
91.636488
91.080694
91.308300
93.099010
91.564713
92.978862
91.793230
91.275855
91.325775
92.676158
91.028990
92.471945
91.505546
90.992420
91.334227
92.951301
91.414115
93.018610
91.823563
91.272821
91.788209
93.375287
91.726879
92.954890
91.940101
91.492209
91.603861
93.301837
91.668961
92.810487
91.799095
91.428777
91.603754
93.097874
91.810988
92.950503
91.811028
91.031539
91.458514
92.785187
92.946306
91.722651
90.707682
90.959465
91.163287
92.943076
91.298807
92.487843
91.657102
91.332492
91.423073
93.425514
91.885696
93.086247
91.782491
91.445535
91.648156
93.236851
91.564830
92.952694
91.706922
91.204752
91.367761
93.342983
91.800336
93.045689
91.700527
91.572468
91.249201
93.316658
91.942961
93.375752
92.203377
92.002672
91.860010
93.733024
92.040964
93.315320
92.193000
91.923968
91.964631
93.518633
91.962486
93.482688
92.294313
91.661702
92.054013
93.639685
92.079365
93.218894
92.487903
91.997949
91.666296
93.681533
92.048686
93.448528
92.242687
91.686655
91.686703
93.261934
93.145883
91.738797
90.780083
90.705055
91.056071
92.999574
91.330195
92.768870
91.422921
91.206660
91.122750
92.834506
91.355129
92.503714
91.372094
91.068848
91.280654
92.918311
91.575411
93.058325
91.728187
91.501196
91.602322
93.314071
91.601178
93.143504
91.523584
91.426707
91.599604
93.060584
91.492242
92.808843
91.302074
90.763991
91.401871
93.020341
91.236483
92.828670
91.473538
90.612833
90.847457
92.528908
90.968037
92.292630
90.816114
90.203083
90.598238
92.190108
90.602162
92.012987
90.830003
90.294714
90.451610
91.871645
90.619725
91.809678
90.753519
89.631388
90.880667
92.284685
92.313212
90.819300
90.021239
90.732327
90.787326
92.944501
91.017803
92.939895
91.794548
91.502392
90.904044
92.745297
91.276475
92.518152
91.069634
90.868215
90.486833
92.305083
90.967851
92.436633
91.111013
90.901809
90.938585
93.074382
91.368753
92.480187
91.671298
91.149964
91.107269
93.183719
91.485086
92.753334
91.330843
91.196083
90.842321
92.680613
91.174874
92.396304
90.928173
90.773004
90.305073
92.486690
90.734748
92.034685
90.727351
90.618843
90.157834
92.158477
90.349413
91.783259
90.914379
90.646984
90.637083
92.348136
90.994382
92.408986
91.210256
90.327215
90.860185
92.060208
91.869408
90.676064
89.870612
90.252437
90.188610
92.061504
90.360523
91.774685
90.568934
90.231758
90.069329
91.797914
90.235672
91.531490
90.337299
90.096147
89.802914
91.498836
90.294293
91.514175
90.260505
89.881880
90.039315
91.743970
90.360086
91.916797
90.697216
90.328467
90.330814
92.118586
90.714007
92.087686
90.883070
90.567668
90.689075
92.699525
91.097456
92.775617
91.402043
91.147851
90.863283
92.739995
91.265426
92.750100
91.446984
91.063823
91.190368
92.638230
91.254715
92.364134
90.913409
90.459505
90.640509
92.472631
90.879961
92.470740
90.945673
90.330653
91.139307
92.423926
92.514660
91.421655
90.453648
90.741411
90.665042
92.463939
90.859468
92.181284
90.807902
90.441314
90.120021
92.010289
90.270874
91.656777
90.446172
90.137487
90.164370
91.787132
90.426314
91.708618
90.533503
90.180469
90.180696
91.794662
90.141371
91.737167
90.510897
90.146302
90.218111
91.918845
90.354227
91.925044
90.494490
90.112517
89.999253
91.846544
90.385636
91.819159
90.409797
90.401768
90.299226
92.090985
90.782233
92.001101
90.603638
90.250193
90.119572
91.724138
90.220840
91.296179
90.063658
89.615175
89.779309
91.481979
89.867693
91.062783
90.048867
89.056058
90.219598
91.183779
91.751430
90.240410
89.513918
89.759809
89.870653
91.905940
90.072966
91.484223
90.058247
89.812384
89.194660
91.576478
89.852775
91.135798
89.906788
89.769647
89.313826
91.580235
89.734589
91.156471
89.709223
89.692089
89.249321
91.247665
89.130302
91.159980
89.768347
89.451880
89.189887
91.142326
89.112926
90.951576
89.808329
89.480793
89.176849
91.356083
89.970839
91.254250
89.942534
89.527973
89.358733
91.360737
89.873768
91.066446
89.819431
89.318100
89.385032
91.412101
89.761198
91.371861
89.961220
89.749996
89.827251
91.616555
90.049671
91.201013
90.207988
89.262740
89.896642
91.431780
91.400642
90.300609
89.116158
89.217607
88.983337
90.726196
89.343280
90.786912
89.709723
89.429392
89.346614
91.091930
89.517475
90.736229
89.561080
89.234064
89.454119
90.850144
89.150359
90.816775
89.374145
89.091792
89.176538
90.723306
89.266039
90.713943
89.239995
89.002365
89.256408
90.870664
89.304656
90.990222
89.893129
89.498647
89.101466
90.917538
89.490694
91.023520
89.559560
89.430789
89.418320
91.228992
89.679361
91.126025
89.660565
89.342701
89.480622
90.965248
89.366300
90.820968
89.310717
89.141732
89.524161
91.573957
89.725533
91.181320
89.613383
89.172932
89.758518
91.128673
90.965810
89.791152
89.240528
89.166603
89.195166
91.068865
89.402168
90.830319
89.550932
89.013744
89.376232
91.236886
89.956928
91.098889
89.883534
89.406304
89.341131
91.388983
89.707979
91.221300
90.171433
89.483327
89.299178
91.252672
89.372215
90.866288
89.768260
89.395876
89.436808
91.497262
90.012453
91.158792
90.087611
89.401675
89.878196
91.602097
90.141585
91.330492
89.835332
89.223835
89.279557
91.168620
89.505315
90.785238
89.809383
88.929449
89.154902
91.086804
89.441162
90.785198
89.848490
89.168367
89.676728
91.420574
89.987514
91.282287
90.121076
89.057057
90.015895
91.402809
91.510807
90.154464
89.594636
89.803390
90.319886
91.999395
90.579945
92.151567
90.972192
90.139665
91.284592
92.748226
91.318465
92.518023
91.401888
90.252887
91.449825
92.882010
91.398332
92.620357
91.545542
90.367155
91.372394
93.001606
91.695434
92.899612
92.046854
91.259525
92.432085
93.687972
92.496049
93.793073
92.647070
91.832186
92.706075
94.237406
93.032340
94.271576
93.338651
91.937796
93.391900
94.925456
94.145997
95.272486
94.482698
92.880160
94.477588
95.710862
94.758594
95.649683
94.895050
93.535300
94.533713
95.763545
94.726585
95.639515
94.732942
92.929849
94.844197
96.011189
96.050002
95.231985
93.319054
93.526428
95.559876
97.035575
95.838026
97.130783
95.979476
94.632799
95.887446
96.955104
95.882674
96.832412
96.245592
94.917696
96.253122
97.585600
96.296212
97.366702
96.143535
94.560918
96.044787
97.287637
96.157609
97.105757
95.793388
94.213111
95.827309
97.045745
95.907561
96.893627
95.928618
93.588493
95.489975
96.776328
95.133315
96.497388
95.727712
93.806536
95.402808
96.614638
95.387668
96.394422
95.359319
93.806132
95.515502
96.990499
95.611225
96.588574
95.504539
94.045514
95.344973
96.997049
95.520798
96.726514
95.610147
93.765277
95.169769
96.538961
96.261345
94.961488
93.190127
93.096669
93.968667
95.111675
94.080460
94.582624
94.012740
92.674575
93.347485
94.549006
93.354571
94.042528
93.225087
91.818914
92.600700
93.977305
92.862707
93.968771
92.759258
91.458936
91.900612
93.840747
92.091054
93.497238
92.351247
91.112650
91.377990
93.313226
91.670452
92.990503
91.767780
90.802994
91.094703
92.902281
90.892387
92.515511
91.119503
90.356819
90.897903
92.477621
91.199781
92.032157
91.150149
90.264518
90.740313
92.625782
91.472494
92.545334
91.142476
90.474901
91.126144
92.832672
91.700949
92.662478
91.639983
90.179232
91.441021
92.446062
92.976320
91.897675
90.283734
90.662665
91.464729
92.861393
91.735975
92.763180
91.564928
90.827015
91.393755
92.937551
91.572007
92.764917
91.538838
90.652596
91.204084
92.791677
91.821970
92.930948
92.047127
91.279300
91.855430
93.568511
92.061160
93.543746
92.177853
91.860111
91.711386
93.525865
91.784586
93.178682
91.997464
91.464087
91.516992
93.374887
91.685160
93.020711
91.776511
91.313580
91.730430
93.426480
91.846226
93.370564
91.700918
91.299447
91.651547
93.599765
91.769467
93.337590
91.870101
90.979855
91.475750
93.183884
91.369460
92.922503
91.805932
90.693029
91.275714
93.235350
92.818682
91.776057
91.283180
91.211960
90.941630
93.085656
91.175624
92.512822
91.214500
91.479968
91.082749
92.750918
91.041184
92.613674
91.244118
91.030603
90.434601
92.559732
90.683435
92.074050
91.149536
91.084962
90.890319
92.965538
91.296386
92.477326
91.347108
91.214777
90.784933
92.791373
91.357074
92.510872
91.474229
91.324049
91.271426
92.792508
91.235569
92.733448
91.576921
91.348323
91.094925
93.089167
91.537222
92.986679
91.708090
91.586072
91.099451
93.051201
91.375703
92.604070
91.468769
91.038175
90.957793
92.508839
91.080743
92.303129
91.043888
90.197861
91.048256
92.514453
92.697780
91.582203
90.447166
90.769128
90.847208
92.706052
91.229740
92.203991
91.164620
90.772731
90.612085
92.569208
90.983319
92.341059
91.429997
90.927289
90.416960
92.351421
91.007790
92.626292
91.493811
90.926531
91.063224
92.785833
91.180008
92.542890
91.175557
91.344186
91.218432
92.895935
90.977555
92.300051
90.854942
90.839727
90.925900
92.727747
91.397417
92.558576
91.472479
90.902053
91.079484
92.826525
91.686439
92.922460
91.670513
91.288492
91.602940
93.246152
91.940201
93.067235
92.211256
91.458867
91.364826
93.109874
91.753436
93.150668
91.662585
91.128598
91.953029
93.716219
93.707167
92.656157
91.561554
91.805844
92.232770
94.129509
92.617060
93.786921
92.633530
92.464134
92.463474
93.911579
92.585630
93.639988
92.752855
91.882593
92.230026
94.080948
93.047304
94.212171
93.201818
92.542806
93.217710
94.605422
93.343665
94.506260
96.432436
94.550694
97.959395
99.074448
98.089201
98.553364
97.413919
93.946407
97.099416
97.002051
96.407644
96.175285
95.618448
93.642308
96.934765
97.849184
97.701127
98.960960
97.739141
95.657604
99.129259
99.501902
98.711520
98.988985
98.092507
94.657180
98.900926
99.801807
99.045722
100.000000
99.925878
96.512819
100.000000
100.000000
100.000000
100.000000
96.337203
97.568236
100.000000
100.000000
100.000000
100.000000
100.000000
98.945016
100.000000
100.000000
100.000000
100.000000
100.000000
100.000000
100.000000
100.000000
100.000000
100.000000
100.000000
99.222295
100.000000
100.000000
100.000000
100.000000
100.000000
98.579644
100.000000
100.000000
100.000000
100.000000
100.000000
97.970969
100.000000
100.000000
100.000000
100.000000
100.000000
97.887596
99.983657
100.000000
99.484544
99.877969
99.365089
96.555398
99.661317
100.000000
99.439626
99.841926
99.105111
95.532691
98.485648
99.399416
98.174261
98.802688
98.445462
94.772742
98.121329
99.083484
99.582719
99.366517
96.072755
96.342255
100.000000
100.000000
100.000000
100.000000
100.000000
97.003494
99.640897
100.000000
99.234838
99.830391
99.534551
95.581624
98.436005
99.871368
98.936705
99.980641
99.507983
95.789491
99.650840
100.000000
100.000000
100.000000
99.883067
95.949575
100.000000
100.000000
100.000000
100.000000
100.000000
98.622966
100.000000
100.000000
100.000000
100.000000
99.886488
97.203329
99.229455
100.000000
99.528489
100.000000
99.175182
95.597074
98.740971
100.000000
99.720306
100.000000
100.000000
98.981234
100.000000
100.000000
100.000000
100.000000
100.000000
99.609313
100.000000
100.000000
100.000000
100.000000
99.972318
99.391517
100.000000
100.000000
100.000000
100.000000
100.000000
98.846243
99.959640
100.000000
100.000000
100.000000
100.000000
99.843897
100.000000
100.000000
100.000000
100.000000
100.000000
99.971555
100.000000
100.000000
100.000000
100.000000
100.000000
98.161758
100.000000
100.000000
99.499030
100.000000
99.374663
95.984594
98.514362
99.694568
98.280743
99.357441
98.337980
95.586409
97.620626
99.314142
97.954950
98.713788
97.882525
95.083217
97.092413
98.944795
98.233769
99.498567
98.430354
94.991246
96.441075
98.000611
96.403123
98.007805
96.944907
93.770790
96.788945
98.238045
98.298973
97.225399
94.173241
94.107660
97.335753
98.903274
97.808995
99.027778
98.395710
96.501186
98.006082
99.877531
97.513717
98.289798
96.978263
93.711233
94.660329
96.024331
93.286690
95.144161
93.235880
90.822451
93.357138
95.658527
93.996135
95.532169
93.683934
90.467517
93.230123
96.149055
94.551387
96.740210
95.736858
93.603887
96.076039
99.905097
98.506821
100.000000
100.000000
98.330785
100.000000
100.000000
99.695686
100.000000
100.000000
98.825616
99.289720
100.000000
100.000000
100.000000
100.000000
100.000000
100.000000
100.000000
99.793024
100.000000
99.268621
98.037953
99.079749
100.000000
100.000000
100.000000
99.967665
100.000000
100.000000
100.000000
100.000000
100.000000
100.000000
99.207056
100.000000
100.000000
100.000000
100.000000
98.743028
96.168978
97.452445
99.903651
96.332125
96.334976
93.930481
89.214786
91.058233
94.471695
91.648792
95.046848
91.509125
86.456115
91.170031
92.896852
91.047665
92.969373
90.116831
88.413236
94.791063
98.092363
96.003144
97.414207
96.492983
95.161015
95.461093
97.286621
95.361035
96.697284
95.398551
92.746525
94.754490
96.296581
94.909928
95.986630
95.248988
91.678194
94.870774
96.013066
95.132151
96.185552
95.539978
91.967677
95.677401
96.459861
97.157794
96.328967
92.359283
91.733818
95.684791
96.344735
95.396666
95.959524
94.694596
91.121045
95.070587
95.542513
94.779430
95.453499
95.037438
91.241057
94.698408
96.662386
95.555722
96.316765
95.381771
91.541895
94.826644
95.934929
94.242287
95.016080
94.495639
90.371220
94.209837
94.898954
93.952340
94.760603
94.152262
90.120001
93.819549
95.104016
94.057808
94.967301
94.064501
90.024959
93.973362
95.010004
94.012627
94.944256
94.225209
89.712653
94.048184
94.884038
94.006163
94.764822
93.932166
89.463108
93.819329
95.164106
94.135828
94.838900
94.075801
89.005281
94.131178
94.508969
94.507461
94.148505
89.146851
88.527450
93.639331
94.487404
93.629981
94.327364
93.958543
90.978974
95.428633
96.509054
95.336919
96.184885
95.526291
91.244605
95.376111
96.689272
95.517310
96.009754
95.575712
90.836151
95.067202
96.172351
95.262893
96.105465
95.348187
91.393178
96.119562
96.883530
96.448266
96.999995
96.477473
92.052436
97.192257
97.936230
97.391734
97.809370
97.367457
92.272647
96.908511
97.602515
97.336001
97.929711
97.605930
93.156773
97.679939
98.570364
97.393960
97.786215
97.290640
92.241048
97.132668
98.256705
97.348846
98.269761
97.526492
92.602716
97.368048
98.229082
98.309357
97.862205
92.573892
92.048515
97.646959
98.370279
97.737498
98.492410
98.139699
94.354090
98.052206
99.355896
98.404912
99.030682
98.496370
94.285478
97.968149
98.785610
97.556333
98.582285
98.005981
93.478709
97.361336
98.376862
97.547881
98.347868
97.868601
93.752441
96.379245
98.524760
97.040594
97.948708
97.113205
93.960175
96.223316
98.085454
96.342323
97.056924
96.197511
92.908357
95.590306
97.156069
95.562430
96.298854
95.261609
92.571858
95.322034
96.691238
95.390327
96.374351
95.388398
92.392981
94.998618
96.195378
95.288462
96.291058
95.260026
91.628722
94.949324
95.872611
95.954971
95.389733
91.323208
90.736126
94.440865
94.618621
94.653965
95.230143
94.737492
91.049282
94.596259
95.422872
94.854005
95.526614
94.947905
91.110856
94.742132
95.154599
94.954953
95.042565
95.162715
91.233472
95.356509
95.787184
95.667817
96.181418
95.997126
92.430883
96.258333
96.435403
96.123846
96.253006
95.893305
92.157569
95.646545
96.099915
95.368266
95.990547
95.135989
91.676702
95.423025
96.257142
95.337496
96.124894
95.803854
92.371940
96.093719
96.616498
95.922178
96.518064
95.992668
92.961764
96.964642
97.736991
97.019747
97.398113
96.644477
92.420238
97.001485
97.573424
97.509393
97.040093
93.149888
93.820162
97.010230
98.166883
96.976915
97.767041
96.910000
93.900179
96.538147
97.746423
96.522268
97.380246
96.629056
93.509873
96.181989
97.474037
96.441899
97.322328
96.789150
93.768182
96.223801
97.769914
96.461915
97.373155
96.249018
93.446035
95.814127
97.069986
95.517765
96.504113
95.586868
92.626453
95.144810
96.512197
95.292987
96.394859
95.378825
92.716185
95.435359
96.840622
95.073716
96.261955
95.302588
92.178472
95.086267
96.385869
95.188531
96.237196
95.320958
92.336250
95.077904
96.720915
95.575933
96.589960
95.624926
91.956923
95.585038
96.356078
96.240864
95.542735
91.565770
92.057094
94.411905
96.047784
94.600806
95.862811
94.621666
92.414948
94.365331
96.057146
94.501186
96.180421
94.685931
92.462234
94.395976
96.467939
94.448261
95.822549
94.424528
92.791784
94.289372
95.927408
94.336614
95.801506
94.308513
92.579833
93.955087
96.015560
94.328043
95.871680
94.708820
92.734319
94.072121
96.320657
94.231630
95.924295
94.850758
93.021803
94.563129
96.552812
94.973435
96.303370
94.962506
93.103423
94.479515
96.536984
94.913277
96.333728
95.263271
93.133627
94.898445
97.076955
95.122255
96.521418
95.108733
92.376058
94.666192
96.253118
96.202582
94.720806
92.172535
91.860064
93.778823
96.009722
94.109079
95.660307
94.254564
92.437662
93.527438
95.724191
94.078852
95.456080
94.110660
91.844974
93.650999
95.499376
93.392470
95.380279
94.131210
92.264209
93.499325
95.932052
93.819175
95.427879
94.246733
92.850482
93.777745
96.134137
94.175044
95.960740
94.489386
93.535421
94.630257
96.690304
94.518550
96.048695
94.662709
93.185617
94.510245
96.861815
94.950783
96.389470
94.975524
93.156649
94.731539
96.388384
94.614680
96.182111
94.996541
93.130166
94.794731
96.805861
95.141729
96.465264
95.233829
92.889206
95.182260
96.641518
96.603327
95.148553
92.728947
92.690622
94.222750
96.355054
94.528310
95.825396
94.519503
91.822200
93.820119
95.785398
94.149707
95.865067
94.709831
92.089475
94.271831
96.157873
94.660344
96.063992
94.604327
91.819590
93.868019
95.876831
94.277413
95.482077
94.312366
91.779518
93.965568
95.479120
94.024480
95.217312
94.071318
92.036820
93.879543
95.729294
94.537257
95.670588
94.368009
92.389373
93.894410
95.486346
94.078886
95.398402
94.230010
92.085985
94.031862
95.731855
94.456316
95.856214
94.512423
91.747822
94.265160
96.063524
94.520412
95.946151
94.784569
92.274490
94.380636
95.831888
95.826302
94.636740
91.925521
91.881582
94.289619
95.708957
94.143404
95.392085
94.297758
92.259698
94.208595
95.892561
94.398147
95.629981
94.244419
92.226291
94.237851
96.391382
94.874046
96.664956
95.422998
92.929701
95.909758
96.678869
100.000000
100.000000
100.000000
96.555717
100.000000
100.000000
100.000000
100.000000
100.000000
100.000000
100.000000
100.000000
100.000000
100.000000
100.000000
100.000000
100.000000
100.000000
100.000000
100.000000
100.000000
100.000000
100.000000
100.000000
100.000000
100.000000
100.000000
98.671884
100.000000
100.000000
100.000000
100.000000
100.000000
99.411697
100.000000
100.000000
100.000000
100.000000
97.586230
97.121003
100.000000
100.000000
100.000000
100.000000
99.978490
96.456640
99.069142
100.000000
99.700197
100.000000
99.774143
96.462552
98.861582
100.000000
100.000000
100.000000
100.000000
96.971733
100.000000
100.000000
100.000000
100.000000
99.642244
96.172048
99.743832
100.000000
100.000000
100.000000
100.000000
96.278299
99.096440
100.000000
98.121705
98.668678
97.303763
92.946332
95.852434
98.124954
96.785211
98.095212
96.852502
92.931007
95.687060
98.309721
96.567860
99.022542
97.796812
95.040038
97.410478
100.000000
98.569879
100.000000
99.006347
96.116230
98.530395
99.887442
100.000000
99.549673
95.906399
95.743390
97.262766
99.692112
97.214823
99.155835
97.573140
94.950278
95.382887
98.577502
97.402684
100.000000
97.973186
95.240258
95.375048
98.858881
95.907936
97.136445
95.971789
94.382484
94.637592
97.139269
94.824353
96.132149
94.973683
92.758668
94.611233
96.424761
94.617503
95.802907
94.818210
91.824418
94.783795
96.070399
94.656862
96.056451
95.336395
92.062617
95.541477
96.775280
95.947039
97.000243
95.952764
92.333433
95.918513
97.177548
95.935044
97.122601
96.461430
92.853194
95.866961
97.050387
96.122551
96.380891
95.468537
91.289999
95.432903
96.435919
96.720051
96.080346
91.994226
91.095954
95.743845
96.128290
95.934606
96.404977
96.557855
93.541607
96.487898
97.791908
96.645888
97.529480
96.639998
93.268754
96.299013
97.386286
95.875775
96.739424
96.228035
92.748367
96.043714
97.186252
96.360667
97.210296
96.688892
92.922620
96.935166
98.082925
96.948957
97.651595
96.696988
93.637351
96.880541
97.578142
96.461529
97.145661
96.274123
92.310587
95.631058
96.331745
95.309325
96.371039
95.035960
90.898449
94.476451
95.176259
94.345959
94.926059
94.010838
89.952461
93.978405
95.439288
94.400752
95.041758
94.554531
90.429247
93.873861
94.924202
95.061398
94.316485
90.404087
90.654510
94.581545
95.468777
94.552063
95.503999
94.718073
91.015562
94.142665
95.218877
94.459075
95.417274
95.166671
91.283504
94.405882
95.472894
94.638099
95.544194
94.786414
90.917970
94.908860
95.856094
95.057834
95.987949
95.199436
91.582193
94.709433
96.154657
95.010759
95.738216
94.872827
90.675175
94.553178
95.699613
94.633139
95.441799
94.760215
90.678563
94.421529
95.391711
94.378387
95.328424
94.780292
91.268960
94.787496
95.873422
94.858076
95.676784
95.310893
91.547322
95.054841
96.029798
95.118382
96.054499
95.341726
91.686781
95.080929
96.043893
95.611060
95.025813
91.442067
89.996551
94.529503
95.098339
94.655539
94.948484
94.264944
90.450366
94.421813
94.489562
94.341470
94.594592
94.546875
90.392888
94.427897
94.765906
94.570859
95.026226
94.794277
90.563648
94.373493
94.575992
94.453241
94.510997
94.464849
90.283499
94.173968
94.451110
94.039550
93.919809
93.884340
89.468930
94.209010
94.608388
100.000000
100.000000
99.116108
95.659705
99.247104
98.729943
97.895131
98.105096
97.807191
94.075474
98.553665
98.485997
98.943485
99.348055
99.651028
95.711883
100.000000
100.000000
100.000000
100.000000
100.000000
95.471271
100.000000
100.000000
100.000000
100.000000
95.724825
95.694249
100.000000
100.000000
100.000000
100.000000
100.000000
97.172340
100.000000
100.000000
100.000000
100.000000
100.000000
97.389059
100.000000
100.000000
100.000000
100.000000
100.000000
97.270627
100.000000
100.000000
100.000000
100.000000
100.000000
97.069222
100.000000
100.000000
100.000000
100.000000
100.000000
96.842708
100.000000
100.000000
100.000000
100.000000
100.000000
96.605002
100.000000
100.000000
100.000000
100.000000
100.000000
97.126749
100.000000
100.000000
100.000000
100.000000
100.000000
96.625805
100.000000
100.000000
100.000000
100.000000
100.000000
98.109872
100.000000
100.000000
100.000000
100.000000
100.000000
