88.632734
85.592062
85.769629
89.100568
83.645426
83.550666
86.101533
83.748790
81.308418
83.637953
81.479897
81.577317
85.750215
81.568527
81.532760
81.932267
81.572488
81.835589
84.707484
79.521499
79.589452
82.187895
79.665126
79.691733
84.454324
79.563994
79.535457
82.072537
79.496550
79.827475
84.910775
79.867670
79.880718
82.698396
80.252641
80.107949
85.171480
80.107594
79.966132
82.987292
80.132237
80.204456
85.269733
78.140737
77.972937
83.031810
77.951981
78.116148
85.086987
77.963713
77.584469
82.504469
77.334423
77.252154
83.631082
77.368532
77.513608
81.774104
77.622520
83.718628
89.052027
79.666215
79.656500
82.060845
77.119168
76.983462
84.887973
76.815132
79.154884
81.155162
78.972868
76.643124
83.595533
76.253528
76.042108
81.401833
76.349424
78.784306
83.884272
78.947120
79.096011
81.711367
76.819511
76.880793
85.868900
76.841975
76.844450
81.870094
76.594278
76.780645
84.137161
76.480331
76.654863
81.766449
76.579138
78.953857
83.762924
78.639880
76.359088
81.448284
76.222932
76.380610
85.097109
76.176935
76.091085
81.259147
78.557155
78.438424
83.442065
76.065434
76.467318
81.320348
76.335118
76.596490
84.335534
76.539197
76.620762
81.146125
76.688333
83.319184
88.605373
77.049872
77.349246
82.205360
77.248937
77.439332
83.788124
77.520305
77.660113
81.451672
77.697011
77.533708
84.617090
77.401547
77.422128
81.957023
77.098743
77.317811
84.409646
77.309252
77.112381
81.732966
77.114542
77.143940
84.147340
79.395936
79.606110
81.757080
76.750734
76.988490
83.709513
76.755898
78.582535
81.168380
78.243329
78.178474
82.868348
75.481072
75.190525
79.957578
75.066062
77.879501
82.480686
77.896430
75.655396
80.510721
75.645824
75.938818
84.919301
78.357638
78.363930
80.758766
76.140791
76.046460
82.438155
76.368716
76.056846
80.468634
76.503882
82.690901
88.292106
77.061376
77.031666
81.531493
76.844166
76.747416
82.783564
77.084203
76.737454
80.877759
76.935452
77.204982
83.778546
76.770009
76.917249
81.335719
76.612534
76.582065
83.662131
76.798891
76.590026
81.565284
76.879838
76.795835
83.617343
76.413931
76.115362
80.871378
76.211260
76.368432
84.529346
76.093866
75.671460
80.406904
75.925114
75.887316
83.121532
76.064388
75.913750
80.620700
78.100859
76.190575
82.822961
75.645514
75.583995
80.407769
75.723470
77.996033
82.981221
78.274100
78.265226
80.769357
76.211214
76.238532
83.937916
78.674014
78.271135
79.995210
77.350505
82.717364
87.785031
77.239028
77.115270
79.762484
77.289683
75.269904
82.901810
77.686581
77.672216
79.741945
77.906107
78.116333
84.691339
76.165889
76.117851
80.968108
75.982035
76.381398
84.972105
76.726806
76.216132
80.961761
76.314217
76.660633
84.050762
76.785693
76.767056
81.630581
76.961107
77.199973
85.571145
77.088683
77.159847
81.595808
76.854189
77.218477
84.464727
77.496947
77.161747
82.004377
77.522459
77.547085
84.286153
76.934325
76.662307
81.530905
76.395552
76.549022
83.417241
75.933050
76.021255
80.448665
76.106213
78.012671
81.853307
78.013740
75.836341
79.699779
75.605433
83.259237
87.096027
77.852390
77.847809
80.429335
75.725405
75.670852
81.665684
77.776115
78.148581
80.104569
77.898306
75.923752
82.425849
87.534632
89.191100
90.614341
88.409405
87.462073
92.027345
89.593415
87.734544
89.605891
88.436511
88.649591
90.653307
90.811186
91.724581
92.232703
93.448639
92.846877
95.071608
94.920454
95.334821
96.184104
96.533584
96.499073
97.879815
97.960490
98.526032
98.758135
97.750202
97.479563
98.040556
98.418309
96.655983
99.205331
97.338695
97.516299
98.372854
97.128335
96.079393
100.000000
97.924220
97.910421
100.000000
98.364600
97.882024
100.000000
97.488847
99.017831
100.000000
96.366774
95.388249
99.034332
94.724889
95.432243
97.239474
93.088611
93.844133
97.375711
94.553552
94.106141
98.259736
94.479810
94.426736
96.698825
94.825555
94.532623
97.180262
94.788491
94.453016
96.614850
93.846772
93.729918
97.142486
93.652943
93.717211
95.529806
93.008630
94.022144
94.430863
93.446241
92.128433
94.586945
92.276917
92.132742
95.036243
93.418638
93.613593
95.581874
94.194650
94.366123
95.691425
93.670280
93.105957
95.963121
94.049740
93.744784
94.656023
89.751368
89.862223
94.192586
89.948758
90.761473
93.521790
90.106033
90.319340
94.562017
90.241761
92.972163
98.060363
92.930762
92.730278
94.833973
92.093006
91.573905
91.959986
91.565724
91.685571
94.989429
91.003089
90.628721
93.239494
91.396750
91.332743
95.209431
92.030587
90.994203
92.910806
91.647110
92.503525
96.670740
92.679588
92.441801
93.290992
90.994305
90.818333
95.234223
91.497489
91.783266
93.573804
91.822307
90.591676
94.115084
90.477613
91.869801
93.922209
92.170528
91.192546
94.045755
90.146425
90.164527
91.058753
88.979599
89.053788
92.605252
89.133466
89.322574
89.997077
91.016207
89.459891
91.676313
89.706401
89.763268
88.316751
89.358298
89.337339
91.596629
90.960149
89.136798
94.336620
90.081118
91.000010
91.266451
89.228385
89.438219
88.855378
89.285355
88.907603
90.827251
89.698622
89.533568
90.815141
89.913430
90.721987
93.075776
90.506527
90.272292
91.103875
90.721058
90.069733
91.542593
89.693759
89.202502
90.883949
91.887663
92.205380
93.092860
91.543879
91.059391
89.915097
89.456737
89.747987
93.211925
90.562966
90.494918
92.020426
91.807465
92.250430
95.362007
92.779694
92.626836
93.454645
92.297241
92.392516
93.512493
91.527419
91.202254
92.569150
91.924449
91.631034
93.413382
91.975925
92.270302
92.901098
90.439453
90.791199
93.957707
90.643076
91.978031
95.191320
90.748658
90.990412
95.452200
91.874194
92.353621
93.671837
91.810954
91.199425
93.428978
91.213422
91.319755
93.816260
90.277851
92.223476
94.733742
93.403049
93.253995
95.553592
91.235503
90.672680
94.254559
92.293862
92.216254
94.344161
90.421658
91.264762
95.935331
91.792992
91.601230
96.519957
90.938595
90.287807
92.945881
90.010653
90.034219
93.075179
88.136238
87.314265
91.743830
87.326251
87.118818
92.299050
87.500761
87.331520
91.669326
86.844123
87.129447
91.002181
86.481094
85.972996
90.958968
85.936395
86.189358
89.782494
86.157164
87.043566
91.654387
87.846271
91.764425
96.315601
87.748159
87.725067
92.599027
88.149743
88.405612
90.828856
87.816096
87.300768
90.916489
87.071503
86.586338
90.240753
88.116386
88.266655
90.421742
87.699471
87.917558
91.196837
85.732385
87.610339
89.956858
84.973074
87.149751
89.977863
87.718071
87.487500
90.021818
87.515913
87.993009
90.853236
87.131753
86.253396
88.843952
86.102355
86.116292
89.132541
85.865492
85.980481
87.985674
85.704033
85.759697
88.361142
85.260443
85.063653
89.707519
87.138144
87.563428
87.984579
85.878568
87.977661
90.122985
87.914441
87.751980
88.792166
88.237865
88.117256
90.505925
89.172724
90.106370
93.603794
88.700937
88.111611
90.512845
88.262471
88.276343
89.816624
88.618459
89.406821
91.915308
88.309007
87.675736
91.740763
87.848097
87.746662
92.201526
88.370684
88.377489
92.824576
89.282083
89.582558
93.819358
89.538096
89.617095
92.927059
89.939324
90.361981
92.757875
90.081689
89.223189
92.363134
89.530532
89.705075
92.546482
90.278087
89.361468
92.248269
89.416050
89.083996
93.834888
89.787411
90.099398
92.600128
89.492461
88.606219
93.171009
88.781092
88.991437
91.986450
91.572351
91.818336
94.759883
92.810346
92.793911
95.054701
93.848278
94.416198
96.040484
93.965501
95.369538
98.406348
96.273931
96.366899
97.610089
95.861129
95.838201
96.279360
93.644805
93.627665
97.417397
94.627492
93.792494
96.864406
93.481927
92.520660
95.942779
92.350486
92.087629
94.374225
92.123842
92.343400
95.996769
92.274970
92.636639
95.346913
92.746333
91.841966
94.432152
92.259252
93.129734
96.346531
95.033487
96.452169
98.112650
96.556794
96.475197
97.090563
96.452521
96.064497
99.382514
96.265555
96.780506
96.210861
95.799652
95.638318
97.144949
95.909653
96.799822
97.223147
95.806939
95.422805
98.332532
95.051939
94.945339
94.042353
95.268060
97.476565
98.184025
96.700155
93.744438
97.392721
93.454534
94.517676
97.164732
93.277535
93.493909
93.301882
92.908579
93.192377
95.909651
93.285083
93.495727
94.382052
94.661623
94.990563
98.233600
95.488300
95.767621
97.101676
96.821842
98.245039
99.952824
98.714260
97.880607
97.657304
98.283760
97.926306
100.000000
98.770257
99.976196
99.727202
98.024474
98.612101
100.000000
98.173475
99.943065
100.000000
99.541774
98.696545
100.000000
98.648741
98.064662
100.000000
99.763905
99.777729
100.000000
100.000000
100.000000
100.000000
99.460551
99.482740
100.000000
98.512768
97.419065
97.744951
97.045225
96.344016
99.481430
95.931318
96.338574
99.709056
95.900149
95.912416
99.263950
95.785703
95.878042
97.128527
97.222507
96.413586
99.024145
96.596060
97.005827
97.951266
96.535919
96.422345
98.217486
95.875482
95.700030
97.567836
95.712881
96.599833
99.779507
98.205328
98.594328
100.000000
100.000000
99.567812
100.000000
100.000000
99.862158
100.000000
97.866171
99.678910
100.000000
98.877797
98.830981
99.197190
98.768778
98.763993
100.000000
98.863666
98.755435
98.816127
99.401395
99.665286
100.000000
99.030139
99.092346
97.519492
97.804214
97.935533
98.723681
97.632785
97.882842
96.929622
99.404537
99.722535
99.572877
99.573030
97.288176
98.576192
98.967692
97.564490
100.000000
98.869955
98.920872
99.001578
100.000000
99.865556
99.947143
99.748329
98.509916
98.208189
97.061216
97.113312
99.973241
99.076044
100.000000
98.922655
99.289803
98.691160
100.000000
97.615667
97.504946
98.205209
99.551923
97.728754
98.381700
96.990798
96.069914
95.089770
97.058088
97.765924
97.976294
96.889736
96.727781
94.515234
96.725129
96.866951
98.294876
97.131989
97.864216
95.960173
96.536279
96.510053
97.489441
96.060092
96.535535
95.636667
97.580681
97.497323
99.332787
97.919459
98.611157
97.844924
98.588872
98.449675
98.367229
97.874445
96.484430
98.003919
98.545515
98.537927
99.456448
99.246370
99.642203
97.648803
99.198051
99.449188
100.000000
99.093274
98.244066
98.458453
99.670556
99.841319
100.000000
99.394069
99.009373
98.988698
98.567148
98.160415
100.000000
98.809446
99.747943
98.633020
99.360181
99.202425
100.000000
98.674904
98.672638
98.035949
97.648654
97.582169
99.582643
97.782483
98.818542
97.710711
98.288681
98.483356
100.000000
99.898441
100.000000
100.000000
100.000000
100.000000
100.000000
100.000000
100.000000
100.000000
90.530374
89.380752
80.682707
82.561219
82.620534
83.414616
82.822504
82.967095
84.866635
80.805082
85.337776
90.261476
78.471625
78.458507
83.326051
78.338052
78.450560
85.685240
76.387550
76.197414
80.378065
76.070297
76.151493
85.096323
76.001086
75.642425
80.907667
76.068294
76.068866
83.633914
76.405285
75.994214
80.979616
76.000701
76.146372
83.766870
76.122470
75.944511
78.914776
76.031502
75.938778
83.444453
76.330286
75.967206
78.969299
76.307753
76.103623
83.852171
76.287670
76.228528
79.403524
76.577607
76.724794
84.357268
77.077100
77.117709
79.536892
76.956333
76.862176
84.112726
76.744615
77.081161
79.672714
76.899335
76.868037
82.944852
76.606332
76.691804
78.857618
76.524219
83.072968
88.528129
76.526442
76.514886
79.520537
76.648468
76.786440
82.979770
76.781503
76.373323
78.815446
76.442479
76.421518
84.319946
76.444332
76.701565
79.344360
76.791712
76.523123
84.268097
76.768902
76.399362
79.574541
76.737024
76.983870
84.024648
76.774304
76.767779
79.311944
76.691824
76.696373
83.932958
76.592170
76.699966
79.559768
76.855958
77.318580
84.619878
77.199722
77.196669
82.110653
77.376619
77.154877
84.326195
76.818997
77.196143
81.926268
76.817477
77.034024
84.149856
76.843476
76.961392
79.326729
76.820466
76.729002
83.494917
76.935241
76.894023
79.181284
76.846637
83.532825
88.780568
77.027612
77.042535
79.711222
76.822339
76.908624
83.038304
76.805752
76.713631
79.334900
76.836527
76.718326
84.337000
76.915467
76.959451
79.728265
76.878045
76.727539
84.395161
76.838686
76.722030
81.348848
76.402439
76.558171
84.032982
76.461377
76.516983
81.339979
76.659242
76.505172
84.019538
76.650382
76.191000
81.257485
76.674201
76.760231
84.058625
76.371152
76.652788
81.408453
76.644293
76.530982
83.890591
76.595854
76.582537
81.486558
76.755693
76.792046
83.884680
76.651950
76.535851
81.707322
76.841152
76.870673
83.054832
76.793381
76.413051
80.776483
76.422257
82.411895
87.594626
77.935996
77.742463
80.339420
75.085751
74.898614
81.468277
74.871011
74.710471
79.491096
74.589708
74.849508
82.681993
75.173542
75.139549
80.267055
75.241999
75.483992
82.991129
75.605708
75.561083
78.117155
75.679698
75.602689
83.397464
75.715318
75.636878
80.787311
75.878425
76.065646
83.376336
75.660258
75.923309
80.612435
75.607251
76.044719
83.472527
75.908273
76.104266
80.962353
75.901047
76.131811
83.447991
75.790236
75.872778
78.486942
75.864043
75.953211
83.149253
75.714411
75.546854
78.036509
75.517882
75.568486
82.185371
75.614493
75.456593
77.987272
75.887161
82.335207
87.675183
75.924181
75.867688
78.306087
75.920651
75.960870
82.333338
75.970678
75.818427
77.889916
75.670316
75.961350
83.359386
75.893022
76.046673
78.780115
76.248264
76.485703
84.095619
74.452894
74.351462
79.567513
76.799729
74.350154
84.342031
74.401549
74.236165
79.505488
73.980832
74.056773
81.991105
76.493796
76.554096
79.350095
76.345328
76.552697
82.067221
73.750035
74.032807
79.306810
74.065850
77.075643
82.760565
77.502684
75.014526
80.485124
75.489125
75.868369
85.248325
78.131472
75.407080
80.761302
75.379122
75.511300
82.444496
77.941241
78.228399
80.525016
78.092978
84.710218
90.081949
78.120103
78.068019
81.059205
75.695495
75.707485
84.871195
76.178858
76.165606
80.663537
75.951840
76.259346
83.926132
76.066217
76.044948
81.231831
76.080858
76.297498
84.187929
76.497634
76.542469
81.988725
77.238956
77.356266
86.781503
76.665762
76.469309
82.063577
77.068576
77.382846
86.903379
77.419473
77.456263
82.712662
77.643746
77.493600
84.784131
77.033953
77.175992
82.253565
77.448320
77.392297
86.557075
77.064208
76.909037
82.067590
76.931895
77.345950
86.424814
79.774650
79.575321
82.198077
79.451065
79.447772
85.287380
76.815779
79.133246
81.329967
79.120413
85.225815
90.646554
79.530224
79.472821
81.873618
79.308451
79.471769
85.021962
79.089657
78.929911
80.868214
78.800439
78.772876
85.392607
78.643997
78.057260
80.651713
78.030384
78.036655
84.612423
77.784149
77.544385
79.828788
77.417841
77.356242
84.135713
76.957571
76.775012
79.593060
76.673340
76.891798
83.838972
76.713084
76.684803
79.439018
76.492111
76.795873
83.894219
76.497883
76.326388
79.055257
76.076163
76.428177
83.578124
76.314205
76.125776
78.869593
76.258377
76.552195
83.419148
76.063678
76.197142
78.685663
76.115664
76.183195
82.178869
76.031352
75.952372
78.282242
76.470570
82.878994
88.616711
76.713176
76.931155
79.646072
76.963347
77.148412
83.305697
77.228757
77.193094
78.995941
76.889733
77.087726
84.215503
76.889399
76.795073
79.511852
76.935731
76.982596
84.058996
76.912289
76.959312
79.564897
76.917652
77.116900
84.079248
76.710255
76.176308
79.139133
76.548313
76.548142
83.924736
76.771929
76.840869
81.770579
77.004363
77.005388
84.351948
77.077069
77.310312
81.827614
77.127880
77.216444
84.401482
76.840230
77.130261
79.673120
77.140951
77.188244
84.414970
77.364174
77.110471
81.765874
77.017685
77.186351
83.199564
76.819334
76.433479
80.917634
76.784540
82.912512
88.469261
76.989243
76.813669
81.737767
76.701186
76.881926
83.076249
77.238145
77.388872
79.470825
77.270472
77.430766
84.512297
77.166966
77.241683
79.697976
77.252594
76.851549
84.361686
76.948805
77.267384
79.934119
77.329569
77.396515
84.858813
77.528934
77.703003
80.507946
77.699496
78.272886
85.263274
78.222584
77.801871
80.626678
77.878622
78.163165
85.202637
77.703879
77.604805
80.084632
77.558639
77.696648
85.037977
77.724968
77.661240
80.500416
75.270186
75.536377
85.152932
77.685954
77.570712
80.307737
77.877231
77.966356
84.229404
77.451743
77.449993
79.573488
77.205232
83.651573
89.160550
77.300071
77.186453
79.923004
77.134730
76.984754
83.567396
77.048326
76.979396
79.336609
77.120695
74.827802
84.728030
74.692203
74.734196
80.170177
77.223648
77.689674
83.314909
74.932342
75.089975
80.198029
74.952521
74.846729
84.914440
77.474105
77.244706
80.159846
74.461277
77.303806
84.537849
77.221492
77.371374
79.904684
77.325539
77.312889
84.517616
74.531305
74.262964
79.439907
73.946936
76.547568
83.974275
74.232436
74.084363
79.182673
76.274704
74.244313
82.038718
73.894421
73.733452
78.836374
73.732445
76.114150
80.702193
76.455964
73.904496
78.534483
74.055351
82.946385
87.297079
77.013047
77.243494
79.451780
77.015022
74.764674
83.560674
77.053602
76.930594
79.021993
74.565099
76.925370
84.151582
76.709585
76.734825
79.477844
76.989471
77.176372
84.534368
74.826365
74.640242
79.894568
74.562186
77.388640
84.754020
77.472533
75.046921
80.249796
74.798530
74.978070
84.745962
74.854485
77.090825
79.749206
74.415389
74.507856
84.135084
76.648338
76.657725
79.469138
76.677980
74.342914
83.902067
74.000470
73.877795
78.841306
73.783011
74.413643
82.224717
76.255660
76.433484
79.066128
76.669320
76.600363
83.040363
76.528021
76.181785
78.171772
76.292314
82.531953
87.966898
76.108221
76.137175
78.732005
75.670838
75.833684
82.341435
75.872977
75.898074
77.773841
75.616112
75.758381
83.304827
75.520377
75.522737
78.379134
75.732877
75.692332
83.163052
75.836715
75.886632
78.637455
76.131490
76.253629
83.627445
76.023728
76.360160
79.184853
76.474101
76.703935
84.179485
76.822919
76.723683
79.340335
77.130249
77.324450
84.592095
77.030579
76.912797
79.798280
77.133026
77.399143
84.500600
77.250019
76.720041
79.426037
76.551838
76.562487
83.572366
76.406424
76.200558
78.796387
76.217459
76.578578
82.871731
76.606149
76.669854
78.863576
76.874892
82.799726
88.160552
76.626476
76.500585
81.092583
76.431384
76.007199
82.202897
73.777204
73.319029
77.766053
75.705715
75.820492
83.260324
75.985848
75.740990
78.736525
76.220221
76.166381
83.615031
76.239485
76.070341
78.626174
76.127602
76.123544
83.598836
76.167067
76.325555
79.088280
76.244917
76.244962
83.648877
76.239264
76.061011
78.941573
76.098630
76.207355
83.783604
76.404847
76.295613
79.282760
76.329083
76.426515
83.684012
76.408298
76.226036
78.460812
75.818817
75.813165
83.139358
75.454233
75.629390
78.014777
75.219878
75.248593
81.565886
75.294010
75.124594
77.373852
75.401465
81.754502
87.024243
75.412679
75.569201
77.831465
75.126716
74.912854
81.168721
74.721898
74.765281
76.902208
74.555716
74.835417
82.584339
74.708938
74.794231
77.409795
74.753185
74.942000
82.478460
74.970498
74.789399
77.428077
74.984563
74.986529
82.489154
74.800769
74.701147
77.501403
74.634207
74.875717
82.595386
74.910874
74.938246
77.497125
75.109347
75.094196
82.570446
75.114471
75.110086
77.608685
75.090279
75.026545
82.388060
74.827509
74.770480
77.561838
74.947387
75.157674
82.763039
75.049780
74.994272
80.031005
75.061634
74.991474
81.558831
75.014855
75.081191
77.251010
74.885735
81.315559
86.632647
74.876442
74.690851
79.472883
74.701623
74.965878
81.208984
74.825247
74.779879
76.866322
74.445688
74.611934
82.417560
74.693025
74.461704
77.193775
74.519806
74.616424
82.271907
74.529845
74.181643
76.996095
74.137391
74.103026
82.014726
74.277683
74.161940
77.082345
74.369973
74.894145
82.418809
74.702926
74.578452
79.590817
74.668103
74.812737
82.296053
74.989328
74.925699
79.798889
74.687229
74.950142
82.267108
74.536892
74.635191
79.631899
74.644753
74.753245
82.112022
75.003579
74.988232
79.892761
74.923862
74.802111
81.270155
75.010125
74.948990
79.473623
74.907216
81.579268
86.704814
74.418255
74.479290
77.079832
74.355364
74.785727
80.841603
74.729313
74.687570
77.029416
74.425510
74.932049
82.298333
74.969572
74.746127
77.803414
75.071279
75.171163
82.387445
74.607759
74.638786
77.435348
74.602606
74.551571
82.290602
75.042265
74.951574
77.778633
74.859395
74.761253
82.334045
74.859989
74.841757
77.744780
74.934465
74.532483
81.925813
74.102283
74.051395
76.921033
74.159013
74.260564
81.623461
74.041512
74.067053
76.786530
74.182260
74.471294
82.075304
74.394015
74.521083
79.653507
74.778403
74.887534
81.265280
74.891619
74.726497
77.240482
74.643191
81.643670
87.342559
75.293940
75.506176
78.455029
75.887533
76.091921
82.036219
76.482747
76.492045
78.711971
76.380566
76.737906
83.512611
76.701803
76.416296
79.070954
76.164160
76.168915
83.296435
76.376108
76.390512
79.034089
76.426784
76.914087
84.179291
77.217299
77.130684
82.372004
77.403486
77.548899
84.804388
77.691739
77.848288
82.813078
78.084840
78.132518
84.966448
78.263450
78.557022
83.670535
78.806371
79.283572
85.974591
78.960547
78.934845
81.800877
79.223649
79.208746
85.769330
79.099795
78.946694
81.604001
78.717626
78.579809
84.269597
78.763816
78.963713
81.305312
79.011266
84.846881
90.291124
79.361540
79.166096
84.266856
79.300784
79.290786
84.775777
79.116311
79.124424
83.499175
79.415851
79.831220
86.648826
79.922100
79.892494
84.674235
79.755458
79.709994
86.190101
79.649566
79.185025
84.411808
79.267464
79.075770
85.440971
79.151177
78.637674
83.490582
78.489964
78.666147
84.778537
78.454382
78.605232
82.977813
78.408133
78.485710
85.023972
78.541248
78.094093
83.102797
80.611950
80.678503
86.681420
79.140897
78.948775
83.851324
78.890485
81.443235
87.020477
81.601322
81.317238
83.905234
81.297554
81.558098
85.995472
79.230059
78.937801
83.024476
78.769982
85.506854
90.852506
80.757152
80.539276
82.639484
77.860442
77.971356
85.113166
77.707616
77.681322
81.591220
77.420894
77.343436
83.890269
79.209980
79.099753
81.672631
79.450418
77.179311
85.269001
76.635288
76.608935
81.413228
76.470132
76.613009
83.295814
76.394471
76.288374
81.180650
76.568270
76.775351
83.157996
76.182990
76.076555
78.274870
76.212909
75.826149
82.809480
75.818438
75.761070
78.469017
75.944345
76.120907
82.952485
76.049131
76.228071
81.111868
76.365269
76.189260
83.379053
76.244948
76.331624
80.990901
76.275274
76.239083
82.117809
75.998090
75.658817
80.288138
76.262206
82.438594
88.064717
76.309468
76.339025
80.921997
75.750139
75.742335
81.943978
76.051427
75.802872
80.045690
75.757728
78.014666
83.116897
78.032622
75.851776
80.851955
76.148779
76.662659
85.159354
76.681314
76.571768
81.633258
76.752259
76.663457
84.108845
76.662519
76.516018
81.545525
76.761059
79.184233
83.967129
76.873194
76.804399
81.553035
76.655923
77.045738
85.644825
77.171135
76.882499
81.785443
76.800552
76.917025
84.204421
79.218570
77.046892
81.788739
76.895808
76.855418
83.871152
78.813171
78.819065
81.289762
78.783335
76.807090
84.489858
76.545924
76.804204
81.043954
76.908555
83.238922
90.120925
77.237837
77.007454
79.425830
76.697846
76.911164
83.256785
76.934291
76.897484
81.242227
76.901847
77.205274
84.273460
76.796742
76.654840
81.303749
76.435645
77.116625
84.550668
77.275702
77.346914
80.040529
77.102239
77.632761
84.577960
77.164731
77.129373
79.947179
77.128740
77.647116
84.726484
77.300721
77.165334
79.638694
77.184493
77.414489
84.764547
77.383678
77.441089
80.248903
77.553748
77.668852
84.876114
77.577910
77.425625
80.000437
77.217436
77.219932
84.042551
76.939743
76.516587
79.229521
76.404564
76.487527
82.968683
76.490810
76.770126
78.983423
76.792671
83.265928
88.517237
76.785037
76.516886
79.272997
76.430533
76.473914
82.903567
76.593454
76.622491
78.732566
76.590645
76.785430
84.076598
76.579124
76.682536
79.433255
77.143315
77.404719
84.322153
77.333983
77.259855
79.887201
77.383063
77.327862
84.628554
77.288243
77.255645
79.420021
76.745127
76.719690
84.072538
74.481245
74.216808
79.561276
77.076245
74.769187
84.281776
74.535219
77.121900
79.993461
74.824797
77.312375
84.828797
77.629128
77.478987
80.168530
77.557592
77.669263
83.134676
77.547617
77.506941
80.226039
77.860632
77.525885
84.117978
77.690703
78.117388
80.309970
78.100766
84.182885
89.882607
75.766150
75.738696
81.034223
75.697705
75.601492
84.262359
78.017654
78.119838
80.181148
75.546604
75.776368
83.474005
78.028207
78.316254
81.323239
78.795041
78.893136
85.812605
76.206549
75.934643
80.760255
78.200313
81.337386
88.061662
81.390684
81.636589
84.321435
81.499213
80.887220
87.333146
79.731285
79.512528
84.244233
80.895778
80.964020
85.298025
81.121710
81.320849
84.491565
82.383164
81.711968
87.408081
80.676278
80.922651
84.928158
79.892566
79.164491
85.470039
81.971582
82.439390
85.044618
82.859223
83.607586
88.078430
84.037056
84.554380
88.297947
83.418155
87.866611
94.407848
85.965980
86.310162
88.956544
83.808941
83.559211
90.269422
84.180357
83.718185
88.887413
85.180188
85.504011
92.057352
89.082788
88.868885
90.666266
88.219254
88.181199
93.069761
88.235334
88.111470
90.304109
87.813668
87.793071
92.767909
89.774064
90.459950
92.552536
89.674743
89.973253
92.948106
88.231544
88.344701
90.137097
87.670889
87.870371
92.252605
87.983042
87.338460
91.329951
86.442810
87.208916
91.555234
89.162616
89.059039
91.181936
88.673292
88.456079
90.122498
87.626047
87.580022
91.152418
87.308236
87.359854
89.351369
89.026515
89.052475
91.202113
89.982241
90.394191
95.856456
90.752176
91.352289
94.114257
90.995459
92.086110
91.457913
91.912471
91.837067
92.336303
91.309820
91.655566
92.388802
91.074481
91.370420
92.961267
91.702748
93.069070
93.166529
93.565090
93.189287
95.200963
93.311249
92.062951
93.505328
92.494595
92.541479
94.687778
93.277009
93.583840
95.353186
91.058727
90.695731
94.118617
90.594098
90.038170
93.808425
90.040903
90.148831
94.007634
90.135033
90.502362
91.970408
89.955350
90.640758
94.264701
91.077424
91.367952
94.983373
92.594251
93.370972
97.421697
93.529293
92.841013
94.914504
94.566869
95.016218
96.546577
95.454710
95.434009
99.945630
95.350063
93.443766
96.516319
94.104532
93.569621
93.076042
93.176742
93.395582
94.470568
93.663473
92.507334
96.186538
92.679644
92.803816
96.373634
93.269607
93.098838
96.104908
93.584169
93.486158
96.665707
93.222258
93.311453
95.138690
92.857751
92.451885
93.797087
92.038581
93.430834
93.300431
92.645383
92.205709
94.076662
91.994244
92.541704
93.489288
92.405692
91.988035
93.377423
91.528345
92.705355
92.702226
91.562373
92.559386
94.729338
93.585630
93.641101
93.446803
91.667045
91.985044
93.623252
92.227592
91.912258
91.660488
92.318218
92.299518
94.640927
92.578881
92.378091
94.443186
93.531433
93.581623
95.051003
93.921301
93.383514
93.985319
95.291139
94.367899
94.893180
93.419099
93.380751
92.414615
91.974310
90.753798
92.490528
90.797335
90.777931
89.790401
92.031387
90.427297
92.961144
91.180932
90.760866
90.040928
91.308692
91.783819
94.809414
92.229301
93.304989
93.074483
95.105128
96.364093
98.042813
96.351373
97.500528
97.442972
97.845148
97.697625
98.830451
97.897402
98.098442
97.670503
98.540009
98.667351
100.000000
99.022779
98.751723
99.272795
98.522272
98.518299
98.217528
97.428106
96.020677
96.336367
96.762323
96.825134
97.990932
97.847216
98.359752
100.000000
100.000000
100.000000
100.000000
100.000000
98.349591
97.764384
98.389762
97.783883
98.731320
95.584908
94.652420
94.855902
96.475027
96.877337
95.527981
91.492335
89.225736
88.336440
86.032806
87.432474
89.432205
89.039942
86.824422
85.133607
90.948627
89.659997
90.109501
87.669068
86.325276
87.523802
87.529794
89.677275
90.102527
88.288270
86.275851
89.871968
86.349875
85.920127
89.813413
84.410968
83.899042
88.758903
83.661463
83.461886
87.833227
83.730671
83.904012
88.315433
85.251842
85.094432
87.960947
83.718914
83.798138
86.554849
83.893394
84.073084
87.809023
83.929350
86.748210
91.403298
83.689738
83.283417
87.646577
83.156314
82.731522
84.708735
82.111032
81.472038
84.771267
81.280760
81.595329
85.619341
81.810725
81.989990
86.988574
82.213643
82.022804
87.115962
81.448320
81.342338
85.736069
80.881813
80.710536
84.679426
80.933388
80.531175
85.065017
80.481108
80.435478
85.617853
80.866990
81.013054
85.465059
80.722180
80.252886
84.734908
80.905666
80.627532
83.138641
80.806274
80.853702
84.681966
80.734536
80.616900
83.284334
80.592563
80.762531
84.455795
80.465810
80.831990
84.875597
80.633742
80.338097
82.745119
82.289690
82.373044
84.036352
82.171252
82.765059
88.756628
80.921653
81.014100
85.127327
80.577742
80.677216
83.730044
81.033495
80.931144
84.240399
82.635139
80.882242
86.110311
81.456223
81.619908
85.890752
83.205539
83.015483
84.845628
82.932255
83.026493
85.528896
83.025153
83.112453
86.559114
83.926151
83.774982
86.819496
83.929992
84.082410
87.422579
85.054122
84.571791
87.543096
84.721529
85.054211
87.376877
84.172782
83.957778
87.308291
84.478713
84.538403
87.999833
86.763982
86.312268
88.731045
85.841124
85.592269
86.554404
85.939996
85.822046
88.597750
85.995701
86.048458
87.024310
86.065340
86.016987
87.731875
86.112905
87.022001
91.457731
87.040795
86.617307
89.322833
87.124032
86.888756
88.200302
86.834797
84.879250
88.668707
87.284080
87.282282
89.576733
87.598492
86.973274
89.480873
86.935954
87.230798
89.142467
87.289161
86.761863
89.488795
87.040344
87.227143
89.106926
86.771106
85.447034
89.567596
85.672557
85.353867
89.434742
85.817170
85.280443
87.882570
85.040632
85.140251
87.896364
85.324073
85.154155
87.611065
84.915383
85.275894
88.193798
85.118035
84.809721
87.536811
85.259679
84.943396
88.022658
85.084034
84.569016
87.563587
85.074807
84.613326
86.761901
84.708741
84.499763
86.372163
84.876783
86.546197
90.882004
83.347721
82.897472
87.314719
83.217730
82.902685
86.883013
83.079108
83.169146
86.609479
83.074894
83.255049
86.991412
83.429243
83.415368
87.840264
83.378651
83.856229
87.346591
84.362597
84.218364
88.602954
84.849577
84.816514
88.423264
85.263781
85.038428
89.100807
84.644310
84.716650
89.294195
84.541788
84.108330
88.291719
85.936887
86.065127
87.844382
84.309391
84.212341
88.491482
84.565792
84.890977
89.510022
84.814419
84.332371
88.539853
84.574144
84.298100
88.322179
86.515197
86.476150
88.930855
86.197596
86.236296
87.453247
86.140826
84.623417
87.882913
86.432163
88.060814
92.415307
87.169037
86.983079
89.068854
84.801530
84.640804
86.599411
86.312312
86.290164
87.665626
86.071946
86.185083
88.442144
86.244848
86.295315
88.590129
86.501466
86.915834
89.767550
86.763086
86.676436
88.744136
86.498519
86.444322
89.426212
84.855719
84.590301
88.038626
85.650294
85.762286
88.613468
85.844293
85.516264
87.764785
85.413427
85.614553
88.838658
85.639339
85.670435
87.527869
85.242303
85.235625
88.163540
85.463948
85.271811
87.753926
85.287304
85.308454
88.131345
85.327723
85.127946
89.319013
85.295827
85.360963
86.991099
85.257134
85.173735
86.551581
84.882824
86.602844
90.136521
84.969525
84.861765
87.051837
84.619123
84.758048
86.303902
84.876919
84.589049
86.181806
84.978828
84.904345
86.984021
84.984501
84.876859
87.117514
84.716270
84.723522
86.986053
84.752114
86.188505
87.109029
86.410852
84.785118
87.128511
84.846740
84.721606
87.201219
84.940414
84.934375
87.386697
86.462672
86.748397
88.781697
86.556370
86.946750
88.524512
85.722098
85.555970
89.277733
85.496973
85.586526
88.594272
85.527968
85.320482
89.099680
85.578724
85.932143
88.545015
85.776682
85.809301
88.055140
85.468757
85.413418
86.718527
85.423989
85.076320
86.474087
85.088104
86.734792
90.379346
85.178692
85.078626
87.150082
84.481671
84.437713
85.472999
84.307248
84.293504
86.043831
84.533209
84.663357
86.809672
84.628933
84.261704
86.696854
84.646823
84.456716
86.784317
84.637483
84.544062
87.061227
84.588724
84.924119
87.390669
84.963996
85.071378
87.635453
85.416569
85.472089
87.932046
85.825619
85.443247
87.869235
85.247435
85.383507
87.576251
85.513943
85.364778
87.899578
85.491826
85.523864
87.496958
85.526490
85.448379
87.708392
85.624889
85.476478
87.512473
85.627400
85.683782
88.035093
85.593628
85.601397
86.107639
85.527461
85.453619
87.072154
85.381782
86.188544
91.390046
85.659158
85.536346
87.661683
85.132510
84.870135
86.227959
84.774358
84.671073
86.507125
85.126425
85.587785
88.505021
85.581336
85.630979
87.973323
85.501692
85.342508
87.296579
85.055814
85.111831
87.186511
82.898552
83.317677
87.296920
83.215249
83.036106
86.976177
82.833206
84.642308
87.016732
83.145651
83.210653
87.611141
83.342431
83.278995
87.420350
83.086115
82.965486
87.309437
83.351396
83.338889
87.057185
83.302353
83.140704
87.373012
83.219857
83.397442
86.752612
82.937765
83.097356
87.188077
84.660664
83.285748
87.016126
84.684814
84.917764
86.526158
84.816905
86.621162
89.932028
85.036742
85.006891
87.045091
84.157309
84.198649
84.881219
84.590224
84.529248
86.212877
84.513931
84.773572
87.860088
84.902765
85.149426
87.806082
85.648250
85.800156
88.257495
85.531613
85.344845
91.250665
88.732505
89.486378
91.155338
89.314158
91.537674
94.988593
92.976312
95.408804
95.053288
93.406318
94.819977
96.551144
96.271603
97.186788
96.307573
96.351293
96.518004
97.492076
95.499437
96.011370
96.565599
97.048487
96.527932
97.158484
95.309216
94.326662
94.623548
94.565794
95.368963
97.215984
96.303728
96.973485
96.332240
97.776838
97.978801
97.064324
97.148871
94.619469
97.053160
97.380483
96.815589
97.354440
95.944172
95.801576
93.538688
95.555165
95.505421
96.236456
95.495230
95.408507
94.952097
95.802076
96.069781
98.168392
96.570784
97.183638
95.659628
97.909991
97.840413
98.602803
96.901589
96.425150
95.163779
97.305795
97.783350
98.706723
97.465078
97.458126
95.325367
96.948398
96.422058
96.668293
94.788405
94.582290
92.257347
94.122206
94.969388
95.493494
95.082528
94.365068
92.251657
93.025758
93.465717
95.316328
94.662433
95.903688
93.758951
96.533176
96.094068
98.103743
95.637989
95.640839
94.979756
96.461745
97.239716
98.536977
97.064032
94.936896
95.530191
94.642504
94.960099
95.883785
94.708193
94.609747
92.603425
92.773613
93.540414
94.327888
93.445844
94.782450
92.945360
91.055297
89.513358
95.261069
87.690835
88.030951
91.960377
86.123684
85.989430
88.350554
84.123388
86.065736
86.216692
84.371373
84.425680
86.456994
84.258053
84.063136
85.788851
84.204073
83.847709
86.166212
84.058646
84.336282
86.267306
83.235637
85.193029
87.723058
85.233544
85.499675
88.067520
85.328171
85.321098
87.322863
85.407339
85.754935
88.356826
85.781620
85.553494
87.743611
85.003743
84.813100
86.433114
84.361458
84.352603
86.523934
84.771730
86.935059
91.305980
83.545407
83.203667
87.687028
83.568438
86.097543
88.710186
84.219929
84.273658
87.512119
84.059030
83.743946
88.639605
83.814221
83.351209
87.311854
82.979573
83.331210
88.404042
83.608813
83.603420
87.740581
83.880188
83.968583
87.618819
84.437915
84.639604
88.474478
84.071185
83.908299
88.125859
83.912495
83.676820
85.797435
83.225886
83.215309
86.882990
82.800856
82.571777
84.511901
82.341745
81.584515
85.173141
81.005788
80.877796
83.120113
80.502911
80.540286
84.098009
81.016393
81.275307
83.376175
81.216969
81.352516
84.176675
80.667217
80.821580
82.988368
80.994164
84.387402
89.070891
81.017338
80.989401
83.564366
81.520534
81.400255
84.143490
80.804002
80.784054
82.965604
80.985579
81.674246
85.646203
81.235825
81.165305
83.540129
81.418334
81.396890
85.357532
81.795079
81.727491
83.985280
82.175010
82.203029
85.880693
81.728654
81.927977
83.903204
81.764442
81.522896
84.805408
81.267966
81.170933
83.190066
80.902922
81.398605
84.870460
80.944139
80.907534
83.198023
80.911128
80.811562
85.159781
81.073280
80.805288
83.294601
81.155018
81.551520
85.494406
81.432305
81.391162
83.454124
81.339773
81.204363
84.594851
81.051556
81.040215
82.717232
80.946156
84.286196
88.914064
81.319779
81.526159
84.075665
81.547863
81.398880
84.248959
81.371395
81.028156
82.851049
81.186027
80.992185
85.231172
81.253054
81.385440
85.396783
81.317521
81.316313
85.479541
81.095399
81.342658
83.551698
81.367061
81.537644
85.668041
81.534472
81.028669
83.299525
80.476562
80.659787
84.299887
81.069559
80.533670
91.213446
87.026408
86.120926
90.496648
85.489841
86.205125
88.398705
83.746207
85.999473
88.269657
86.057044
85.316541
88.821464
86.607653
87.567710
90.401480
87.121639
87.132819
89.495220
87.193938
86.774829
89.044347
86.380911
88.023881
89.840380
88.669859
89.221106
94.627055
90.199897
89.660505
91.622741
88.743891
88.781771
89.874611
90.319222
90.129016
92.348248
90.541880
90.526258
91.103905
90.218575
90.090022
94.450179
91.941821
93.570370
92.487258
93.104724
93.008758
94.678892
93.029177
92.869941
93.330401
93.315464
92.561795
94.509548
92.355215
92.083252
93.119447
92.458572
92.970275
94.431198
92.434413
92.512824
93.333307
91.784995
92.130466
96.371506
93.342235
92.496701
93.608117
92.991642
93.598278
96.172855
92.965418
92.401991
93.556057
93.316455
93.213515
94.640673
93.671494
94.477278
95.069500
94.589473
96.265111
97.498621
96.357027
100.000000
