81.007320
74.772969
83.689922
75.782181
80.131842
76.927605
86.868867
74.697065
80.188683
75.121157
78.728063
75.590293
82.549421
74.433594
78.931236
75.017433
78.617350
75.448938
81.431266
74.116447
78.473846
74.336066
77.979515
75.001402
80.321162
74.207793
78.178728
74.130823
77.672992
74.589636
80.215039
73.971836
77.705333
74.513079
77.884646
74.432599
80.562280
73.230791
77.083303
73.179538
77.045071
73.630015
79.952175
72.477007
77.220321
73.212711
76.049836
73.290249
79.309559
72.131358
76.221395
72.481928
75.935283
72.532633
77.339205
72.442058
75.910485
75.870208
73.036076
77.582822
77.998373
71.771715
75.145736
72.811765
74.730294
72.676818
76.337619
71.672660
74.947825
72.568121
74.223617
72.563766
75.314680
71.136259
74.344517
72.299066
74.386493
72.468123
75.689834
71.723178
74.923707
72.674370
74.889916
72.790978
75.910788
71.685315
74.984038
72.663664
74.610367
72.730604
75.749008
71.873238
74.559702
72.584818
74.612138
72.455934
75.354427
71.425023
74.437966
72.134382
74.212788
72.136785
75.071440
71.157133
75.127632
71.931199
75.183688
72.965139
76.131184
71.371615
75.145314
73.241423
75.093241
73.282144
75.925936
71.991088
75.606079
75.998480
72.959886
76.537960
76.883562
71.487355
75.522433
72.915806
75.069326
73.162150
77.321829
72.330052
75.619551
72.090904
74.937448
72.852211
76.491840
71.974330
75.045793
72.613025
74.643282
73.215627
76.098856
72.321745
75.087540
73.144009
74.978982
73.220509
75.692955
72.652457
75.223516
73.162280
75.005747
73.413212
75.499713
72.806431
75.487739
72.639113
75.311568
72.348725
75.187816
71.620332
74.949076
71.661080
74.355923
72.334645
75.402687
71.566350
74.949361
71.827253
74.179865
72.426386
76.044180
71.391561
75.620789
72.375244
74.373614
72.538963
75.991149
72.454738
75.111603
74.887790
72.980118
75.991135
76.014506
71.968868
75.250181
73.113553
75.241220
73.289466
76.309159
72.931777
75.073018
72.938691
75.267164
73.307068
76.412757
73.107929
75.452003
72.624431
75.648375
73.701322
76.334240
73.059235
76.046970
73.327394
76.518694
74.112360
76.943437
72.695124
75.912259
73.124474
75.952768
73.452577
76.367860
72.271764
75.885087
72.424520
75.873174
73.795974
77.297181
72.771433
76.275669
73.583620
76.222044
73.814225
77.363964
72.369832
76.350763
73.331392
76.292476
73.459337
77.704591
72.866059
77.151550
73.667889
76.808133
74.476897
77.971180
74.410581
77.389690
76.751208
73.196278
76.721394
76.824174
71.892904
75.301242
72.284418
75.490858
73.063946
77.377701
72.809109
76.144694
72.993032
75.920624
73.269933
78.138556
72.365784
77.012778
73.312703
75.630839
73.553021
78.091670
73.235384
76.423109
73.294031
75.602176
73.814111
78.258305
72.172641
76.547337
74.102277
76.119644
74.225237
77.927000
73.051545
77.211437
74.220170
76.242628
74.399484
78.170989
73.429016
76.921810
74.581714
76.612164
74.811669
78.366059
72.975672
76.323574
74.121845
75.839246
73.733187
77.321421
72.604110
76.393176
73.284510
76.093431
73.313674
76.397054
73.086028
75.698512
75.878821
73.344285
76.407218
76.668601
71.547750
74.743726
72.422596
74.873506
72.771341
76.202729
71.619385
75.215160
72.584135
74.826106
72.856632
76.559345
87.312553
87.670464
87.193267
88.871531
85.652022
85.367095
87.358824
87.879436
85.456564
86.164285
84.648982
89.513407
91.851130
93.234702
91.978812
94.726072
93.414365
95.774500
97.164537
98.495609
97.959127
99.455393
98.889690
100.000000
99.934883
100.000000
99.958259
100.000000
99.313498
99.077028
97.736862
99.922951
97.170114
99.138725
98.191855
97.808892
96.461234
98.358835
95.245568
98.339233
96.488880
97.620505
96.727175
96.836319
96.728470
95.889157
95.103193
94.128903
93.936197
94.773055
91.678064
92.725088
91.268932
94.510465
89.152031
91.274687
88.160482
90.626838
88.795219
90.788999
88.758478
89.735490
88.365315
89.814300
89.051918
88.914574
89.449887
90.308628
89.717850
89.338349
88.919102
89.094912
89.856071
90.617850
89.558044
89.610986
88.824908
87.149525
89.086620
87.738928
87.500631
87.531945
87.584272
87.794893
90.252897
90.852871
90.616319
91.387613
91.222327
89.987789
90.019421
90.202574
90.055310
90.391520
89.940086
88.089146
86.922271
87.955227
86.551783
87.776896
87.949926
86.870565
86.545162
88.001949
88.562421
87.309665
87.165604
88.118411
89.890772
90.038969
89.048544
89.266685
88.429514
90.546680
89.396467
90.811964
89.643076
89.410731
88.222448
87.717317
88.766002
89.594940
88.962309
89.918701
88.355000
86.900360
87.811238
90.698094
89.451086
89.974583
89.276518
87.211711
87.705862
88.362160
88.276712
88.982036
88.509787
87.327104
88.457106
88.295892
86.915911
88.117620
88.698682
88.283425
89.087289
89.282425
87.452114
88.053790
87.488171
85.163731
86.193576
87.600907
86.155308
87.664880
86.763646
83.653888
86.223102
85.646418
84.931537
85.943996
85.343987
82.452094
84.659168
85.664665
86.619009
86.638121
83.535342
85.016834
87.529888
89.039364
87.086770
87.240678
86.575271
86.273193
86.696345
86.968632
86.478372
87.759886
86.584087
85.639601
86.693869
89.457875
88.919442
89.171400
87.622612
86.183837
87.939512
88.590258
86.732733
87.464199
86.468687
85.560044
88.800042
90.653534
89.220712
88.512475
87.248066
84.463211
86.081746
88.161777
86.558271
88.412487
87.045694
85.750304
87.764684
89.613805
88.208430
89.078434
88.177530
86.682384
87.675458
89.034553
87.128421
87.444844
86.572991
85.800287
86.844978
88.219585
87.776178
88.436310
88.112300
85.785065
87.757172
88.653293
88.616303
87.631194
85.298376
85.771129
86.915569
89.178596
87.986225
89.436874
88.743692
89.046991
87.329408
88.185690
86.699816
87.503569
86.693707
87.012427
87.523903
88.844610
88.101485
89.818700
89.164716
88.335148
88.616827
89.288138
87.614283
89.150230
87.941616
87.250345
87.370057
89.547809
89.072042
89.549166
88.791072
89.451001
86.804755
87.704132
84.940678
86.489770
86.123764
86.063016
85.221248
85.894429
84.571989
85.625308
84.614398
84.580364
84.324947
86.414443
84.858973
86.023938
85.007009
84.589333
83.409830
85.363262
83.037410
85.184834
83.292768
83.728786
82.909620
85.624780
85.984504
84.547961
85.215517
85.723238
84.861168
87.119314
85.503435
86.992916
85.827227
86.426329
85.118488
86.446298
84.461799
85.491841
84.129653
83.384845
82.755615
84.967176
82.744208
83.877596
83.171447
83.146316
83.194489
84.371546
83.147939
83.846368
82.510953
83.457159
83.786038
85.034275
84.224753
84.831910
84.398887
83.721195
83.985713
85.000011
83.193905
84.408130
83.866274
82.849374
83.587661
84.907413
83.713011
84.819666
83.913281
81.893664
83.448931
84.335891
83.501953
84.336747
84.195624
82.581615
84.180110
86.112136
85.009303
85.876758
84.523692
83.075948
85.250516
86.280330
87.119046
85.986525
84.842990
85.084770
85.273983
86.263139
84.574532
85.663586
84.664539
85.467137
84.724818
88.120359
86.345339
87.601729
85.916005
85.959394
84.539473
86.624058
84.408634
87.030695
85.250269
85.975059
85.117432
87.858859
85.158426
86.783846
85.508126
86.652263
84.994315
87.460951
86.161829
86.886511
85.093400
85.059798
85.718554
86.694367
86.091672
87.379658
85.704566
84.824782
85.463806
86.938616
85.968932
86.853461
86.413900
85.643595
85.509035
86.562663
85.913983
86.664363
85.835138
85.180507
86.171908
88.615073
87.406880
89.478107
87.808529
87.865433
89.368157
91.289898
91.555967
90.438430
88.451664
88.617526
91.508874
92.526482
91.251647
91.579010
90.721253
90.962259
89.619543
91.922240
90.278447
91.597027
89.472366
89.448675
88.349323
89.056550
87.347273
88.358273
86.880790
87.014664
86.567658
88.420122
87.252835
88.334742
87.454479
87.716984
87.496464
87.679841
88.048793
88.703455
88.971750
88.777748
90.750252
91.566346
91.335793
91.669068
91.292095
89.912820
91.757795
91.815734
91.654542
91.894988
91.299207
89.702424
91.062413
91.835482
90.342547
92.278372
92.134090
91.147295
91.720484
92.415112
92.173138
92.671295
91.839509
88.394253
92.033408
94.309442
94.144563
92.648167
88.386093
90.328322
91.457421
93.400663
91.218747
92.212643
90.648259
88.948883
89.179937
91.255588
88.854864
90.636067
88.943287
88.834264
90.904357
92.652048
92.073420
93.551212
92.849700
91.565096
93.773685
94.437225
93.868458
95.506686
93.099059
91.912121
92.906494
94.011985
94.025995
94.916288
95.188010
93.468732
93.913745
96.507069
94.492859
94.867822
94.314873
93.249094
95.620220
95.729458
94.638442
95.376800
94.082019
92.725627
95.767589
96.662115
96.707670
96.983146
96.383193
93.741083
94.688411
96.317083
93.500161
94.560421
92.639266
91.454118
92.709476
92.466285
92.965623
91.564524
89.079983
90.876318
92.497581
93.809343
92.546106
93.155701
92.199609
93.258241
93.325676
94.234015
92.550761
93.803526
92.337310
91.510096
90.684462
92.606601
89.912750
91.038294
90.198160
90.283523
89.713046
91.734905
91.612071
93.688736
92.747321
94.160611
94.479571
95.057013
94.569333
96.267886
94.099881
92.284443
93.175818
94.399051
94.302169
93.536420
93.339157
92.002704
93.608245
94.435938
93.537696
94.884202
94.289148
92.629605
95.359421
96.226216
94.868755
96.026692
94.312407
92.520128
94.037172
95.883510
94.173467
94.988433
93.756770
93.454016
96.360688
98.567765
97.365732
96.816460
95.198409
95.717911
97.899058
98.510938
98.392927
99.074510
98.919072
99.126197
98.792572
100.000000
99.445453
100.000000
99.514805
97.900283
97.099598
98.515348
98.455957
99.054697
98.509247
98.197312
98.422258
99.376350
98.056516
97.859343
97.850188
96.159338
97.591956
97.403788
96.566246
96.854481
96.310460
93.215331
95.827917
97.606469
96.103316
96.397142
95.886372
92.537957
95.458801
96.606164
96.588411
96.986847
97.204052
94.315163
95.003790
96.272198
95.441769
96.375852
96.440305
93.893247
96.088434
97.116412
96.844491
98.411841
98.129120
96.330749
98.051142
99.033536
98.190695
97.641485
95.198351
94.955112
97.468467
98.301935
97.292112
98.852323
98.570761
96.905916
97.848438
100.000000
99.484592
100.000000
98.795449
97.400328
98.511820
100.000000
98.507940
99.895061
99.075176
98.462081
98.216422
99.418478
98.377604
99.519186
98.895114
97.338012
98.217824
99.777310
97.991903
98.248461
97.798052
96.145731
96.149614
97.451333
96.766344
97.610724
97.290132
95.534912
96.831588
98.535750
97.970159
99.135494
99.536869
98.407718
99.986064
100.000000
99.191090
100.000000
99.449307
98.152688
87.899341
86.054636
73.915030
78.014142
73.748752
79.364866
70.550870
75.956760
73.833333
71.051441
77.916910
74.976958
69.409523
73.732475
69.626901
72.176039
70.046350
75.522789
68.463284
72.506182
69.920854
71.602654
69.652341
74.241149
68.114573
72.294417
69.733856
71.843783
69.772998
73.521124
68.947151
72.458288
69.207807
71.254650
69.608349
73.907827
68.958071
71.739017
69.250144
71.342996
69.492209
73.330161
69.139870
72.675076
69.840610
72.680888
70.529883
73.872592
69.731054
72.671409
70.465497
72.389034
70.595258
74.608593
69.941654
73.362179
70.669125
73.013151
70.706681
74.325911
70.084385
73.266680
70.522261
72.720476
70.819664
73.856754
70.194670
72.695607
72.953242
70.424342
73.338641
73.423476
69.295544
72.584080
70.487923
72.752748
70.526136
74.072274
69.905109
72.972415
70.614303
72.765183
70.707978
74.269325
69.747688
73.795220
71.102693
73.520434
71.591684
74.599449
70.457202
73.635282
71.279106
73.878481
71.685539
74.809926
70.863489
74.065768
70.702170
73.746537
71.338416
74.955554
70.605124
74.236216
71.731812
74.239521
72.678902
75.608763
71.492378
74.555729
71.926322
74.722324
72.739753
75.537350
71.162886
74.707572
71.407770
74.317916
72.308128
75.153953
70.793903
75.028857
71.514182
73.693813
71.403436
74.982154
71.080307
74.701026
74.102269
72.044789
75.341127
75.137865
70.799799
73.453009
71.479698
73.095271
71.977289
74.157063
70.898511
74.495770
71.951705
73.673569
71.706180
75.307458
71.542107
74.210802
71.846758
74.057011
71.842408
75.530957
71.401239
74.356588
71.961092
74.158918
72.681203
75.439091
71.272229
74.296232
72.291505
74.285564
72.503229
75.400145
71.380242
74.329425
72.025722
74.484726
72.958845
75.513684
71.417467
74.350895
72.381384
74.076062
72.609382
75.313892
71.475681
74.588083
72.488854
74.613829
72.758183
75.529075
71.678163
75.147320
72.895236
75.433381
73.193153
75.316522
72.409236
74.771012
74.792260
72.728566
75.244504
75.181900
71.202932
73.805079
71.360489
73.701990
71.178572
74.776654
70.285654
73.526527
70.781959
73.232588
71.225224
74.934376
70.730508
73.804180
71.308671
73.498122
71.681343
75.369695
71.259875
74.089916
71.776266
74.134472
72.004551
75.853108
70.827955
73.685553
71.863233
73.577335
72.269421
75.730317
71.150771
74.399490
71.870147
73.948555
72.093138
75.733168
71.550548
74.433072
72.448025
74.138314
72.487896
75.643134
71.679295
74.326864
72.276024
74.196089
72.246359
75.228835
71.406626
74.484376
71.786403
74.400941
72.479854
74.633185
72.023351
74.149951
74.568548
72.717424
75.435697
75.345363
70.703891
73.996713
71.262235
73.363421
72.038129
75.726218
70.708343
73.559819
70.859321
73.755406
71.422068
74.850297
70.442746
73.881665
71.262625
73.510017
71.521023
75.657920
71.672478
74.636897
71.943449
74.566396
72.654066
75.738012
71.688824
74.569316
71.877148
73.716884
71.545087
75.213834
71.285069
74.362982
71.840884
73.849852
71.568209
75.400912
71.140547
74.308873
71.296182
74.054392
72.201534
75.837569
71.791286
75.057268
72.671631
75.015322
73.088926
76.414534
72.254483
75.016979
72.618306
74.857679
72.833893
75.009891
72.905963
75.772912
75.862656
73.577478
76.105088
76.622428
72.618551
75.653135
73.864399
75.990172
74.203954
76.620394
72.754932
76.100373
72.830035
75.848257
74.278108
76.671536
73.310380
75.840087
73.140514
75.824840
74.380869
76.669049
73.872348
76.915366
73.829669
76.926972
74.584734
77.620417
73.553707
76.140816
73.875145
75.681497
74.837566
77.670490
74.226561
77.171400
74.567255
76.117893
74.965454
77.368816
74.245117
76.644456
74.214296
76.811753
75.133654
77.213873
73.773905
76.685321
73.862492
76.423594
75.172040
77.018265
73.953440
76.493950
74.096874
76.243318
74.773907
76.424496
74.164477
76.309770
76.810388
75.095477
76.054857
78.019592
74.416850
76.141723
74.651281
76.519891
74.925961
77.272509
73.674575
76.620495
74.133329
76.490644
74.282759
76.774662
73.896844
76.097101
73.849579
76.085234
74.401839
76.625880
73.709905
75.781548
72.783647
75.616492
73.687873
76.127188
72.870806
75.101388
73.350181
75.103624
73.209797
75.979788
73.202003
75.710976
73.686162
75.320660
73.563248
76.825587
73.279727
75.960579
72.763475
74.949427
73.527982
76.851694
72.971598
75.704869
72.700596
75.674124
73.705524
76.643546
72.141911
76.035198
72.766614
76.016781
73.852884
75.952136
72.893584
75.813061
76.006160
73.589193
76.947061
76.635469
72.415527
75.374314
73.182020
75.448325
73.704410
77.327247
73.454820
75.401837
72.943377
75.381768
73.330393
76.822188
72.427118
75.466410
72.871590
75.404144
73.309481
76.529038
72.137551
75.422871
72.789745
75.284525
73.278509
76.648744
71.951620
74.615917
72.256349
74.959297
72.922176
76.180281
72.472653
75.274378
73.198155
75.138947
73.288550
76.653449
72.874521
75.766306
73.540523
75.434038
73.444513
76.963125
72.907107
75.841443
73.358838
75.360045
73.544283
77.404573
73.476821
75.911072
73.415313
75.479326
73.517196
76.465763
73.121959
75.400810
75.207019
73.066014
75.992676
76.740750
72.229966
75.621903
73.090354
74.658117
73.335747
77.034334
72.105112
75.735078
72.877354
75.503793
73.384921
77.060790
72.262247
75.380011
72.863871
75.183800
72.947474
76.346051
72.212862
75.432715
73.179843
75.350115
73.394421
76.759682
72.020637
75.734707
73.116729
75.560631
74.071681
77.232194
72.933533
75.325010
73.544134
75.621186
73.623926
76.542571
72.225022
75.462598
73.146808
75.283265
73.561514
76.364798
72.547234
75.778731
73.486805
76.075954
73.804523
76.436746
72.924504
75.800541
73.134757
75.513999
73.260971
76.248973
72.578030
75.413239
75.088289
72.665676
75.643794
75.544530
71.701180
74.783066
72.006899
74.421303
72.153282
75.858098
71.677052
74.882727
72.128849
74.810045
72.770381
75.994125
71.822008
75.155241
72.295641
75.020617
73.294739
76.647763
72.015864
75.271734
72.651251
74.970110
72.429833
76.381850
71.874698
75.107370
72.451803
74.246460
72.387493
75.921848
71.880613
75.296192
72.411545
74.693154
73.022047
75.908226
71.195041
74.603146
71.857840
74.235868
71.862239
75.485140
71.627811
74.225657
71.266316
73.881928
72.277023
75.064431
70.948856
74.366714
71.597205
74.250283
72.284800
74.492364
71.864655
74.212848
74.462251
72.371105
75.047620
75.952316
71.559907
74.814222
72.104000
74.677328
73.196121
76.186881
71.627655
75.073293
72.631563
74.831379
72.395869
75.288340
71.243339
74.396282
72.134420
74.545427
72.475239
75.969667
71.639196
74.903022
72.551974
74.614104
73.249298
76.249076
72.513744
75.647449
73.484790
74.964635
73.104980
76.558388
72.196482
75.140076
72.464932
74.642418
72.275050
75.911120
71.570088
74.624046
72.491330
74.189188
72.510992
75.926378
71.447253
74.291791
72.152928
73.814349
72.580549
75.762565
71.741812
75.083772
72.411911
74.938164
72.695195
75.233615
72.424891
74.495071
74.623974
72.667538
75.319512
75.650720
71.376995
74.501321
71.994383
74.192048
72.002053
75.407143
71.320253
74.393441
71.650715
73.690027
71.839560
75.380663
71.132283
74.036447
71.517064
73.958935
71.903309
75.579926
70.652562
74.331755
71.582505
74.443361
72.303620
76.119586
71.658274
74.951671
72.108912
74.568939
73.151153
76.411666
72.618065
75.286377
73.086741
75.823892
73.706247
76.990314
72.450476
75.728546
73.098123
75.758003
73.675073
77.212530
72.834847
75.934745
73.118283
75.479399
73.285321
76.251885
72.575695
75.634450
73.055365
75.185729
73.731002
76.443777
73.552217
75.478091
75.828409
74.049800
76.828100
76.863134
72.415812
74.973759
72.800281
75.005627
72.892971
76.193211
71.857759
74.378762
71.280000
73.945377
72.334872
75.739437
71.409825
74.384364
71.824883
74.466094
72.324305
75.999414
71.009508
74.582878
71.766058
74.212311
71.976147
75.892278
71.351465
74.924772
72.412772
74.480972
72.168344
75.878960
71.307670
74.667132
72.050658
74.175170
72.005625
76.000057
71.949141
74.982380
72.744977
74.460878
72.481453
75.870866
71.435673
74.489976
71.698993
73.854097
72.140682
75.479407
71.473407
74.075684
71.873489
73.635218
71.637727
74.386150
71.846245
74.285280
74.631378
72.232768
75.703697
75.911337
71.279850
74.581011
71.436781
73.913646
71.605026
75.872487
70.518727
73.988767
70.924621
73.288940
71.207918
75.566629
70.137691
73.839467
71.388391
73.232087
71.584638
75.668971
70.354611
73.445079
71.027849
73.515946
71.432713
75.096512
71.110269
73.314335
70.841424
73.100670
71.354481
75.261965
70.889300
73.673563
71.257589
73.647833
71.521046
75.399269
71.130241
73.930447
71.374127
74.038565
71.639494
75.496680
70.916072
73.943182
71.319746
74.026130
71.648103
75.691917
71.300716
74.094777
71.751484
74.015080
72.104413
75.034471
71.478694
74.098707
74.096765
71.938894
74.614003
74.957583
70.346477
73.773054
71.093471
73.253805
71.694251
75.376147
70.766775
73.929689
71.716789
73.410588
71.675178
75.138439
70.861240
73.790208
71.257981
73.557503
71.306706
75.611989
70.605491
73.758485
71.052426
73.672658
71.439486
75.214926
70.412593
73.815151
71.528774
73.574488
72.019450
75.807105
70.526987
73.440662
70.843207
73.305979
71.241114
75.508273
71.083652
73.786339
70.930927
73.227855
71.022186
75.368262
71.082013
74.028865
71.222130
72.979638
71.136740
75.127094
70.468052
74.321652
71.573887
73.627812
71.386940
74.909360
70.974712
74.099016
73.436588
71.495656
75.004130
74.406898
69.640894
72.733625
70.299690
73.175097
70.752934
74.343025
70.391664
73.676973
70.984641
73.561577
71.470648
74.827623
70.485487
73.611860
70.759763
73.646550
71.488721
74.959240
70.132607
73.716792
70.947884
73.169409
71.053940
75.033050
70.006564
73.795198
71.009068
73.471411
71.659475
75.170912
70.205231
73.546742
71.016242
73.220632
70.959281
74.738643
69.925422
72.840439
70.689502
72.727146
70.927657
74.304807
69.839419
72.832098
70.668249
72.799437
71.103740
74.725741
69.952817
73.632210
71.258454
73.940055
71.438902
74.408929
70.807896
73.616468
73.866939
71.571129
75.004852
74.982570
69.656838
73.814089
71.344294
74.286210
72.469422
75.505190
71.377286
74.876437
72.039384
74.576503
72.153078
75.829904
71.576890
74.836562
72.416343
74.439257
72.562269
75.843119
71.519407
74.985703
72.644110
74.995661
73.430292
76.640672
72.730190
75.833522
73.816351
75.921384
74.170664
77.214312
74.098217
76.218077
74.378461
76.474337
74.584185
77.541114
74.969040
77.612268
75.804501
77.532678
76.169542
78.864528
75.676467
78.206078
76.064763
78.082970
76.384214
79.017288
75.031601
78.303673
75.634501
77.871983
75.809457
78.203201
75.596000
77.922339
77.982028
76.087873
78.666484
78.966915
75.459241
78.193091
76.624094
78.156654
76.776912
78.486966
75.981439
78.132452
76.648650
78.498017
77.345038
79.632200
77.583227
79.311933
77.580948
79.045673
77.307345
79.620499
76.805475
79.338556
77.681594
79.261394
76.944546
79.090807
76.652542
78.448064
76.542888
78.298971
76.603665
78.514663
76.145298
78.552063
76.254025
78.223682
76.521652
78.879809
76.015980
78.228376
76.400959
77.499311
76.214412
78.727459
76.399832
78.806574
76.749850
78.373077
76.842428
79.264378
75.453554
79.048428
76.393435
78.233020
76.775399
78.833877
75.438168
78.294663
77.753250
75.965359
77.565593
77.635438
74.592805
76.754957
74.898351
76.061254
74.815875
77.135818
73.891169
76.498165
74.275259
75.838848
73.996845
76.670958
73.216741
75.980795
73.422361
75.551526
73.596315
75.971140
71.958626
75.049290
72.990130
75.182365
72.999324
75.911651
71.937822
74.851610
72.700953
74.615556
72.689929
75.313085
71.790689
74.452793
72.204801
74.031748
72.241264
74.905467
71.619539
74.324729
72.445096
74.193141
72.533682
75.179479
71.697966
74.730133
73.004275
74.952924
72.637517
75.367726
72.832815
75.239828
73.242000
74.971242
73.292343
75.111475
73.095763
74.548507
75.087294
73.675783
75.828426
76.235622
72.309527
75.094216
73.440627
74.816986
73.150851
76.382003
72.513044
75.225919
72.995845
75.109864
73.126468
76.549076
71.782596
75.131522
73.074960
75.288176
73.836391
76.809721
72.648697
75.968612
73.596247
75.659785
73.664428
77.251883
72.399944
75.541921
72.843058
75.307286
73.482787
76.894850
72.416375
75.542232
72.683948
75.325304
73.357095
76.765855
72.852992
75.295347
73.020342
75.441734
73.398229
76.777161
72.204929
75.398190
72.767718
75.187782
73.387832
76.247530
72.699434
75.402037
73.570606
75.230963
73.373111
75.784018
72.770271
75.648739
75.841619
73.711377
76.720475
77.113950
71.917440
75.375618
71.846088
74.894436
72.633207
77.111243
71.160483
75.490870
71.814837
74.772200
72.705319
77.060751
70.854189
74.742810
71.550959
74.376597
72.284660
76.606051
71.885496
75.725603
72.158566
74.737805
72.688904
76.980453
71.939355
75.546357
72.381808
74.857867
73.009734
77.060523
72.197205
74.752959
72.231138
74.740823
72.395442
76.163326
71.933151
75.132062
72.672288
74.855756
72.847637
76.612255
72.019694
75.255491
72.293509
74.762943
72.195960
75.542878
71.842982
74.453483
72.318493
74.080542
71.905770
74.527289
71.969983
74.521925
74.882578
73.066791
75.389511
75.641011
71.112977
74.479969
72.043340
74.593448
72.403663
75.494900
71.100364
74.361892
71.635192
73.915191
71.842213
75.865052
70.916658
74.473701
71.821853
74.144723
72.115418
75.491081
71.520254
74.409197
71.843555
74.190407
72.322358
75.746549
71.662307
74.038695
71.591845
73.523674
71.724703
74.783897
71.545485
74.164109
71.821645
74.128540
72.190181
75.127971
71.759849
74.083763
72.458720
74.285594
72.209144
75.622551
72.210613
74.929185
72.556079
74.807786
73.218981
76.025278
72.156936
75.409281
72.795576
75.568109
73.419693
75.566462
73.234035
75.620351
75.774877
74.314787
76.419749
76.587326
72.907897
75.789011
73.375704
75.789146
73.611848
76.391428
73.024663
75.451467
73.857145
76.518639
74.555421
76.641299
73.219490
77.130120
74.223554
77.207218
74.924005
77.884081
74.853379
76.864427
74.791347
76.873611
78.824493
80.388258
81.638483
83.683621
81.662192
82.596742
80.816358
79.381632
80.409454
80.780054
79.551803
79.535763
78.731589
82.050936
83.349725
84.750809
84.440660
85.702848
84.299368
85.928740
84.100334
86.540243
83.939740
85.688025
82.806308
84.199411
83.226243
85.775359
83.751193
86.231243
85.521494
86.521886
86.118242
88.372402
88.242994
85.964824
86.461295
87.797815
85.095158
88.267970
86.341021
87.227364
85.819000
87.619748
85.107846
86.666107
85.473393
87.170945
86.450497
88.251929
87.250833
88.982804
87.004074
87.913511
86.537153
87.160788
87.053119
88.152629
87.621540
88.200675
87.428448
86.806628
87.934690
89.382032
88.415538
88.685533
88.281906
86.718084
87.042803
88.359886
86.330775
87.309470
86.653889
87.729158
87.231378
87.638012
86.084040
87.054349
86.517824
86.724024
87.935524
88.326159
87.522255
87.975445
87.095896
85.050199
86.334634
87.145240
85.608075
86.199002
86.148413
85.401485
87.846812
88.513892
89.115710
88.724548
87.583874
89.182811
90.532457
92.214655
90.038106
91.597744
89.900123
89.357442
89.327556
90.936372
89.163114
90.386388
89.895759
87.829792
89.189165
90.683706
89.635265
90.988330
90.443531
89.162024
89.988234
91.407473
90.349920
91.462003
90.299735
88.919332
89.488337
91.640673
90.247728
91.890437
91.050370
91.137838
88.965031
91.694245
88.593228
89.895040
88.382935
88.565818
88.026885
89.839238
88.041463
89.444045
88.256173
87.214230
86.651210
89.532442
89.039707
89.662850
89.322353
89.738503
89.824620
92.594405
92.022721
92.491469
90.653043
89.871772
90.552207
92.058500
92.734722
91.738022
90.494571
91.752630
91.216801
92.906973
90.905053
92.041811
89.838271
89.633798
88.440806
90.800979
89.478067
91.027995
90.297201
90.616282
89.181314
92.360221
89.261807
91.683093
89.667969
91.642938
90.172222
91.955918
90.030276
91.902621
90.275172
89.930313
89.869208
90.928411
89.810994
90.977232
90.210434
88.061881
89.312794
89.484191
88.894685
90.139451
89.373726
89.190954
89.966635
91.120094
89.863024
90.395571
89.981176
88.834156
90.175540
91.496493
91.140583
92.636398
91.861449
89.809945
89.810575
91.466125
90.533535
91.267177
90.658181
88.664431
90.795815
91.954191
92.043916
91.598478
89.708080
90.347713
91.356010
92.307492
91.933469
93.379916
92.763948
91.520891
93.865566
94.043164
93.089275
92.751032
92.159859
89.723667
90.962980
90.265406
88.419602
89.821692
88.585689
86.970901
89.751728
90.611778
89.936062
90.460763
89.380191
87.855174
90.738898
91.897721
91.525182
92.802243
92.477288
92.019432
93.609092
96.910522
96.302604
98.115989
97.702559
97.019240
97.679579
99.160113
96.619994
99.194843
97.697152
97.355692
95.869278
99.484288
97.475752
100.000000
98.570890
98.819662
97.514250
99.387653
96.827647
98.645950
96.212297
96.431719
96.041662
98.913341
98.984191
97.431351
98.752721
100.000000
99.947062
100.000000
100.000000
100.000000
97.595018
96.450416
98.392056
98.874803
97.101814
96.575176
95.009429
93.464141
94.903235
95.100075
92.282462
90.390695
88.642862
85.461455
86.241996
88.164413
86.940017
89.515380
86.116763
83.137155
87.007843
88.305671
87.218189
87.786242
86.569088
85.416865
78.338167
85.931180
80.860654
83.540846
81.557302
88.939494
78.822808
83.130620
78.312213
81.659302
78.979430
82.793822
77.216063
80.803551
77.215594
79.902731
77.765066
80.147562
76.899386
79.870085
77.571447
80.183565
78.578134
78.974499
77.910158
81.396454
81.528691
79.494382
79.776001
81.483289
77.436073
80.632540
78.076148
79.637225
78.768611
78.679222
77.269927
79.565396
77.066924
79.337145
77.207085
78.428945
76.746303
80.318173
78.334413
79.793550
77.758108
78.961472
75.479769
79.120709
76.143948
77.382989
76.239498
77.281199
75.742816
77.943313
75.760077
77.374984
76.332073
76.250186
75.378302
77.880185
75.782367
77.409010
75.353767
76.926271
75.639034
78.067486
75.536283
77.579333
76.419429
76.888323
75.721125
78.564948
76.057660
77.846036
76.865143
76.742181
75.950038
79.009158
76.651984
78.543952
76.518888
75.917630
76.950284
78.627168
78.440032
76.566894
75.884622
77.229475
76.342018
78.933034
76.650408
79.095384
77.492412
78.761343
77.122269
79.642489
76.759972
79.145825
77.549666
78.012881
77.438981
80.565146
77.786189
79.826921
77.705390
78.112042
77.703404
80.557864
77.953096
80.530832
78.766922
79.387566
79.938995
82.171395
80.609670
82.376982
80.574156
81.332769
81.500117
83.429559
81.567353
83.301230
82.521860
81.370709
81.119303
83.772297
82.130687
83.946560
82.561950
82.294884
82.791612
84.682891
82.718171
83.794891
81.757294
81.559876
82.343974
84.693100
82.712422
84.673017
83.299774
82.060157
82.413678
84.630140
84.689506
83.082670
82.149881
82.993341
83.265845
85.380042
83.517092
85.398507
83.845432
84.291254
83.001303
84.821833
83.159159
84.984653
83.614716
83.520010
83.755728
84.847596
83.048171
85.202314
83.758537
82.987462
83.241939
85.678698
83.164913
85.935555
84.327442
83.641016
81.323528
84.914586
81.465424
83.732946
81.396224
84.166431
79.255700
83.144215
79.787531
81.598438
79.864327
81.357173
78.851724
82.061100
79.793243
81.184197
79.456331
81.068272
78.826316
81.723209
79.576639
81.481285
79.458041
80.284293
78.621087
80.832354
78.351804
80.303246
78.000292
79.257971
77.682006
80.320895
79.447207
78.447914
78.820124
80.241315
77.805126
81.110864
78.403341
80.593791
78.451281
81.082465
77.219918
81.242938
78.615600
81.099880
78.675541
80.843716
77.854105
81.439751
78.616339
81.036948
79.487085
81.129430
78.782491
81.912748
79.698953
82.409374
80.302206
82.332091
79.561975
82.570088
80.455785
82.322075
80.052884
82.044687
79.321302
82.038862
79.681374
82.113133
79.934310
81.413818
79.961866
82.831783
80.290264
83.234722
81.239722
82.490356
80.822655
83.265925
81.067906
83.494553
81.166415
83.074774
81.918378
84.365919
81.859336
83.826014
81.892865
82.036159
81.599901
84.215594
84.516069
82.662254
83.408846
84.703551
82.194221
85.259286
82.375382
85.179864
82.419205
85.020196
82.436767
85.153457
82.186121
84.650829
82.234864
85.025978
82.247440
85.127674
82.166593
84.884761
82.725715
85.647265
82.368803
85.503653
82.351758
84.956902
82.263583
85.255995
81.957466
84.658943
81.429276
83.988034
81.394713
84.366786
81.372057
84.577098
81.465211
84.434039
81.820833
84.464146
81.405746
85.361910
81.720658
84.614484
81.864650
84.209052
81.652675
85.106454
82.064256
84.837505
82.091230
84.595904
81.698916
85.414338
82.437118
84.946597
82.466478
84.191587
81.846939
84.641128
84.481496
81.963693
83.698026
84.328995
80.406185
84.109552
81.147986
83.883618
81.255265
84.950646
80.592965
84.209507
80.437440
84.031592
81.079472
84.777145
80.327011
84.462707
80.242458
83.712732
80.602530
84.581226
79.930539
83.674853
80.162860
83.350247
80.560645
84.083274
80.064987
83.744418
80.259250
83.755846
80.904744
84.645256
80.533421
84.403645
80.661952
83.661793
81.275084
84.820015
80.792878
84.211348
81.122261
83.976361
81.068756
84.773472
80.602367
84.500129
81.268330
84.058397
81.783290
84.944105
80.806243
85.050849
81.147972
84.167090
81.157158
83.244223
81.287496
84.281114
84.400020
81.267826
83.403811
84.593589
79.470030
83.896726
79.631329
83.590761
80.410330
83.957602
78.949607
83.204771
79.325350
82.585918
79.264435
83.791171
78.903749
82.979139
79.247975
82.734181
79.534460
83.555102
78.410146
83.228244
78.989829
82.736534
79.592573
84.259081
79.027878
83.855187
79.466872
83.363017
80.118527
84.917706
79.723849
83.837972
79.488823
83.032437
79.708732
84.291097
79.359460
83.815323
79.858629
82.966038
79.653543
83.893575
79.193166
83.979712
79.597546
83.234169
79.954708
84.433052
79.653866
84.372251
79.996260
83.558200
79.817043
83.055482
79.813036
83.564310
83.454580
80.377130
82.888758
84.319691
78.909922
83.151692
79.050065
82.152883
79.668091
82.809041
78.882074
82.471993
78.762022
82.626386
79.357404
83.121714
79.049978
83.085912
79.442382
82.403077
79.297401
82.539547
77.242206
81.834741
78.303014
81.460724
78.372833
82.670275
77.286680
81.334742
78.139654
81.084281
78.032810
81.949292
77.241481
81.982416
78.809489
81.817589
78.664099
82.150742
77.184115
81.567925
78.604494
81.588171
78.861910
82.415633
79.096186
82.166096
79.178045
82.161421
79.579947
81.947580
78.860834
82.769034
79.804555
82.829325
80.017338
82.384552
79.410297
83.187390
83.307210
79.942089
82.429307
84.047939
78.978602
82.948179
79.123658
82.127648
79.484605
82.349813
78.632321
82.848513
78.888924
82.280970
79.385629
82.365171
78.690517
82.907651
79.725319
83.305242
80.451252
83.385482
81.303900
83.806762
89.445227
88.714176
88.933631
88.443864
89.953773
91.257159
92.537154
92.912066
92.928001
91.097892
90.991484
91.337315
92.137696
93.095844
93.261492
93.781484
94.122993
95.701748
94.128876
94.827370
93.908511
93.365862
93.343136
94.468460
92.064507
93.117190
90.713389
89.908582
92.233795
93.546738
91.904240
92.922100
93.696442
92.189773
94.179468
94.827945
94.173170
93.985617
91.422283
92.583554
95.829385
95.728138
94.397505
94.664344
93.997691
91.440611
94.548800
94.784651
94.730498
94.461905
94.688721
92.328959
95.069768
95.804912
95.798358
95.222019
95.648540
93.845817
96.804172
97.260131
96.445177
95.974983
95.341013
93.327075
96.400129
97.643658
96.860633
97.179669
96.791399
93.949559
96.775538
96.398172
95.233383
94.724243
94.057714
91.029575
94.131677
94.274434
94.134181
94.266833
94.026596
91.454144
93.765763
94.919727
93.614248
95.600274
95.279082
93.398759
95.074724
96.740573
95.993607
96.677989
95.818468
94.261753
95.455118
96.244831
97.492099
96.210148
93.942409
93.587243
94.436239
94.618192
94.168645
94.585381
94.088394
91.499455
91.784292
93.424773
86.707913
91.461185
88.520741
89.973058
79.536737
88.598737
81.072591
83.886485
81.193927
88.635350
78.185469
83.706325
78.349792
81.349392
78.539781
83.383028
77.098413
81.355772
78.200212
79.841200
77.688311
80.276399
76.442775
79.846996
76.163865
79.502793
77.948873
80.018469
77.089216
80.715412
78.019102
79.812738
77.871811
80.101229
77.383412
80.217569
77.453433
79.601449
78.573783
79.723033
77.109619
80.732456
78.414552
79.999088
77.340068
77.818002
76.803954
79.107798
79.487074
77.640786
78.307964
78.544615
77.520225
79.830483
78.170278
80.344318
79.329142
80.626765
78.788362
81.471589
78.760629
81.115606
79.833186
80.211520
78.285183
81.112246
78.292955
79.835165
78.750423
80.001718
78.712591
81.144549
79.293964
80.931200
79.907534
80.503217
78.823122
81.741323
79.232783
80.832253
79.387819
80.737828
77.444153
80.796373
78.297425
79.681413
77.799948
79.062250
76.464706
79.412674
77.626299
78.850026
77.066327
77.040872
75.000817
77.507980
75.975730
77.159661
75.906543
75.992981
75.272030
78.266188
76.330614
77.724291
76.441739
76.030829
74.936090
77.810338
77.916792
76.125132
76.974210
77.147594
74.926199
77.726616
76.734906
78.264872
77.025980
77.066419
75.323300
77.926641
76.686216
77.742172
77.423100
78.058536
76.508633
78.770856
77.118601
78.598663
77.426444
77.508879
77.403393
79.710297
77.877715
79.791200
78.081934
78.584016
77.313926
79.820910
77.586234
78.813803
77.482895
77.427371
76.952814
79.323609
77.185367
78.762212
77.340149
77.765746
77.073217
79.405841
76.996415
78.486429
76.846648
78.358590
76.999312
79.288217
77.208772
78.906876
77.866872
78.791397
77.321980
79.711646
77.097680
79.234904
77.339501
78.283050
76.801756
78.521749
78.079625
77.213255
77.350001
77.187641
76.044783
78.719560
77.253535
78.348232
77.393714
77.704566
75.878535
78.343467
76.332174
77.912573
76.658523
77.501069
75.921626
78.621332
76.416693
78.002086
76.763611
77.428193
76.025892
78.481703
76.934158
77.946244
77.114006
78.071917
76.290777
78.893205
76.866503
78.139649
76.677499
76.833335
76.852193
79.074116
84.491518
86.408509
84.288400
83.493565
84.701031
84.548796
83.247984
84.682804
83.166661
82.411952
83.724891
84.924361
84.836603
86.576779
85.764077
84.981489
87.558727
88.784206
87.862246
88.562204
87.159758
84.593694
87.130711
87.581839
88.711017
87.331806
85.699140
86.626894
90.418199
90.401272
88.629399
89.476396
88.106492
87.089562
87.428803
89.322906
88.430421
90.287922
89.331460
86.592148
88.956507
90.433038
89.843047
92.205979
90.414500
87.567294
90.423775
91.672510
90.170584
91.776071
90.059528
87.174324
90.221947
91.055792
89.575633
90.641279
88.618661
87.097957
89.380129
91.703814
89.742014
91.050346
89.373776
87.047353
88.967383
91.556733
91.010427
92.464724
90.475822
88.110692
90.785883
93.409661
91.653839
93.092090
90.799354
87.420153
89.847983
92.134205
89.469808
92.919956
91.151011
90.394015
91.678312
95.105621
94.652329
92.831068
95.069322
