85.634152
81.280361
81.210588
85.058761
78.940909
78.782487
82.716800
78.970722
76.437597
78.909536
76.784870
76.804760
82.325403
77.025236
76.925531
79.515244
77.005655
77.230140
81.245678
74.736360
77.107922
77.531081
75.068287
77.226551
80.990166
74.874692
74.635991
77.372775
74.620552
74.970814
81.267455
74.903175
74.991394
77.980023
75.331659
75.174540
81.449789
75.277919
75.023380
78.254532
75.269031
75.503963
81.693536
75.494692
75.414546
78.258039
73.009584
73.293464
81.552568
72.885150
72.797326
75.164808
72.143953
72.344864
79.793232
72.526140
72.667031
77.121990
72.912766
79.965262
85.710235
72.281535
72.276499
77.268460
72.076099
71.938240
79.334113
74.094792
74.135776
76.264710
73.731417
71.638890
79.744441
73.703348
73.303712
76.494690
73.546741
73.623819
80.256860
73.879122
74.046778
76.788648
74.128025
74.193273
82.418235
71.898459
71.808923
76.984255
71.418845
71.886449
82.105165
71.432452
71.585237
76.837413
71.433116
71.490532
79.942598
73.472202
73.634236
76.479148
71.188308
71.369393
81.515827
70.952602
71.047277
76.181469
71.001984
71.136243
79.712504
71.348420
71.360635
76.365041
71.426379
71.819291
78.808335
71.637538
71.509841
76.356854
71.701950
79.515051
85.345085
74.527502
74.801121
77.365877
72.344693
72.454076
79.960589
72.727456
72.638571
76.821726
72.614756
72.617692
80.952362
72.509510
72.424568
77.043100
72.121750
72.449212
80.703288
72.343710
72.299723
77.072872
71.909678
72.175567
80.444299
74.444413
74.473413
77.101001
74.131406
74.219859
79.942157
71.705840
71.366299
76.324705
70.886383
70.814336
80.760700
70.556783
70.095036
72.390589
69.948329
70.521518
78.658571
70.504263
70.575843
73.037773
70.598293
71.104156
79.505226
70.834539
70.794383
73.219418
70.873939
70.989287
78.516839
71.282008
71.205473
75.629555
71.701933
78.862787
84.836044
74.513395
74.482689
76.862385
71.997812
72.133377
78.794488
71.874689
72.013637
76.139742
72.153739
72.013426
79.923256
72.001534
72.080295
76.532308
71.946173
71.818829
79.933705
71.913588
71.576130
76.782737
71.732424
71.997905
79.910946
71.524049
71.174420
76.295107
71.398402
71.590281
79.330016
70.984080
70.742443
75.693131
70.772205
71.055525
79.363491
70.996117
70.832781
75.959696
71.120044
71.309025
80.892631
70.710603
70.858712
75.843568
70.821034
70.973226
79.325266
73.335765
73.417928
75.906940
73.495310
71.350495
80.161550
71.492869
71.382747
75.083718
72.354363
77.297723
84.804441
72.441979
72.277196
75.050288
72.155805
72.694440
79.332102
72.759644
70.712468
74.991676
70.757201
70.867198
81.242991
73.637837
73.449525
76.216933
71.110954
71.563727
81.487050
71.449055
71.254363
76.224715
71.359584
71.878526
82.196791
71.822082
71.991629
77.089510
72.149360
72.297882
80.417521
72.102200
72.239495
76.953130
72.157313
72.475519
80.798517
72.665993
72.224850
77.245955
72.520435
72.706641
80.718318
72.112329
71.644768
76.752933
71.797215
71.533908
79.613078
71.138425
70.978521
75.802184
70.975112
73.054468
78.057993
73.009888
72.964236
75.071541
70.761919
77.894449
83.783527
72.993139
72.760307
75.777934
73.097550
73.179147
79.536514
72.818425
73.069991
75.248001
70.748359
71.171247
80.305367
83.165792
84.713702
86.612793
84.082578
83.283338
87.678659
86.054339
83.997742
85.630947
84.652871
84.822937
87.844188
87.423097
88.275526
88.666052
89.899950
89.332252
92.597668
91.505627
92.219140
93.178292
93.350397
93.299784
95.566416
95.094533
95.463930
95.517617
94.373319
93.933340
95.604227
93.164944
93.105015
95.824627
95.376302
94.078553
96.163313
93.769243
92.404436
97.020542
94.439882
94.188082
97.820242
94.853117
93.969899
97.467251
93.927620
96.617697
99.903758
90.441202
88.967853
95.692186
88.575033
89.166739
94.812216
89.012862
89.654851
91.226176
90.574269
90.058260
94.615637
87.951267
88.027182
92.607919
88.519899
87.987621
94.786072
88.769846
88.430486
92.638958
89.776102
89.604923
93.250978
89.606936
89.619997
91.714434
89.206622
88.284086
91.972201
87.546087
85.969517
90.807125
88.245457
88.305814
91.412818
87.578945
87.986568
91.944551
90.279266
90.573217
93.420773
87.719304
87.116163
92.154263
88.188357
87.739631
92.166981
85.545484
85.704478
90.117402
86.053384
86.952024
89.547867
86.251887
86.208453
88.503553
86.368521
90.602007
95.727523
88.906605
88.408587
88.769309
87.905393
87.501852
89.035098
87.310760
87.804352
89.689715
86.853177
86.611859
90.891593
87.137956
87.002451
89.860886
87.795259
86.798064
90.462125
87.569327
88.275964
91.568381
88.564379
88.293259
91.007048
86.730107
87.039654
89.975720
87.251682
87.548162
91.281668
87.781702
86.372796
88.984034
86.076414
88.111894
91.747586
88.386709
87.160625
88.814072
86.159902
85.897607
88.678993
84.718072
84.851498
87.090606
84.708833
85.267116
87.409605
84.854089
82.990426
86.000041
83.293662
83.272266
85.776481
83.044227
82.767941
88.142125
87.198264
86.627017
92.494241
86.028429
87.033958
88.008741
85.057920
85.191434
86.384235
85.158645
84.780302
87.216278
85.881222
85.365027
88.760592
85.724981
86.867383
89.747544
86.764800
86.190154
89.133112
86.887769
86.154489
88.330333
85.688761
85.138100
88.766737
87.972616
88.016334
89.898879
86.119475
85.600535
87.785306
85.493002
85.670516
88.335927
86.365165
86.739159
89.083709
86.228914
86.569460
90.826363
87.137325
86.792494
90.491225
86.391110
86.545145
90.069647
85.530521
84.929986
89.406554
85.747643
85.748680
88.113095
85.978346
86.165918
89.493545
86.435585
86.725004
88.613969
86.570847
88.282413
93.336516
86.542168
86.827774
90.033433
87.874057
88.420578
91.054779
87.769790
86.855239
89.196570
86.994924
87.167769
91.563694
86.272971
86.508131
91.050945
87.382478
87.240765
93.219795
87.455062
86.885510
88.451185
86.508482
86.109595
90.864103
86.567942
87.050577
90.045816
87.767464
87.468288
92.792278
84.423470
83.576706
88.817557
83.294139
83.554075
90.485060
83.454509
82.929751
85.399731
82.653131
82.284626
88.236434
82.737219
82.737805
85.171596
82.098979
82.544141
88.052408
81.632956
81.026501
86.633234
81.315391
81.335051
86.526727
81.374638
82.220618
87.525001
83.054036
88.552105
93.889404
82.946890
82.855198
86.483053
83.375789
83.657016
87.772479
83.494086
82.989452
86.724399
82.301858
82.072987
87.443800
81.337418
81.576502
86.108070
80.902465
80.957764
87.341966
80.968351
81.114715
85.740367
80.251257
80.189897
87.152078
83.171914
82.981685
85.934379
80.686163
81.544531
88.599151
82.709728
82.006084
84.575893
81.915231
82.233454
86.805223
81.719658
81.851315
83.738469
81.694455
81.648497
85.731877
81.188533
80.942898
85.725935
80.907996
81.473286
85.590554
81.871887
82.012569
86.433826
83.752447
83.366350
85.060145
84.248998
83.892164
86.719409
85.386710
87.669337
91.641168
84.842771
84.002729
86.740685
84.306385
84.099849
87.495275
84.601598
85.335690
88.212043
84.203209
83.721636
89.409010
83.444231
83.569969
86.070403
84.269998
84.021726
89.329647
85.234748
85.434984
87.986347
85.567778
85.572353
90.743694
85.812719
86.591363
88.892701
86.277935
85.369454
89.927615
85.731855
85.663046
88.724566
86.371494
85.115730
89.841358
85.421071
85.089489
87.937108
85.761600
85.825865
90.169146
85.291884
84.432980
87.585387
84.706427
85.278562
89.435467
85.784543
85.910470
88.878648
86.858028
87.023861
91.347220
88.024873
88.807844
92.270501
90.027188
91.621207
96.563232
90.499016
90.721847
92.655008
89.938727
89.643113
92.849747
89.682330
89.516529
92.188870
90.702429
89.742538
93.681691
89.129260
88.384956
90.812851
88.363351
87.850716
92.132879
87.836842
88.354949
90.770573
88.236137
88.550970
92.982462
88.319452
87.694497
90.483973
88.166199
89.106252
94.058439
91.187985
90.597422
93.350822
93.014400
92.625999
94.948937
92.719763
92.283000
94.805094
92.760035
91.900780
94.311905
92.771278
92.774344
94.304291
92.886301
93.932343
94.761908
92.685256
92.244831
94.327810
92.117017
91.687973
92.154255
92.313845
92.955865
94.015028
91.986140
91.947825
96.144284
90.213084
91.374225
93.141189
90.106651
90.163219
90.480976
89.839294
89.781679
91.571493
90.118363
90.106727
92.623978
91.536768
91.741018
94.359544
92.543913
93.140510
95.505143
92.120155
93.828906
96.368703
94.358976
93.321639
96.008492
92.377761
93.601804
96.346800
94.477535
95.526462
97.337514
93.225630
93.577084
97.798359
95.336248
95.158019
97.750274
94.704066
93.930815
97.782588
95.737801
94.806813
97.750114
95.061767
94.845965
99.601092
97.188223
97.190239
98.600526
96.275902
96.510910
97.478547
95.555649
94.047193
95.808960
94.221502
93.025177
95.268443
92.896497
94.598053
98.642266
90.659982
90.977618
95.194168
92.835188
92.523824
95.312194
92.227391
90.982578
96.133298
91.377445
91.572201
95.950268
90.997706
91.168177
95.182940
90.209327
89.829166
95.779519
90.093281
90.984996
96.651570
92.652722
93.155998
99.800766
95.138669
94.198630
99.162017
95.484488
94.771692
98.285798
94.676288
94.898000
97.252050
94.118406
93.967687
97.321394
95.895761
96.061795
97.142262
96.329888
95.783310
97.303981
95.458176
96.949878
96.539473
96.557315
95.608905
96.077182
95.680176
95.942070
96.700822
94.629187
95.983314
95.526733
97.635080
97.959640
97.744748
97.821283
96.338047
98.180805
98.049825
97.680628
99.415611
98.925206
98.925530
98.323107
98.205156
97.741568
99.290659
98.308193
97.896887
97.885293
97.151160
97.185595
99.834213
98.229887
97.507279
98.534845
97.685129
97.833654
99.159154
96.735913
96.616424
97.536272
96.865786
96.144414
97.490604
95.375055
95.218517
94.682904
95.505061
96.153500
97.068626
95.148493
94.957920
94.181078
95.064247
95.326149
97.588425
95.547678
97.081072
95.306549
94.844320
94.848284
96.726239
95.176390
95.801380
95.294509
96.055300
95.937059
97.924619
97.201965
97.825609
96.965313
97.964560
97.550264
97.687297
97.067647
95.843849
97.454324
97.276938
97.013295
98.063388
98.479751
99.017256
96.907250
98.456524
98.821360
99.454497
98.299359
97.280872
97.765738
98.310241
98.118366
99.162955
98.663402
97.492792
98.593602
97.744268
97.399421
98.628985
96.968368
97.197684
97.760379
97.613419
97.212444
98.365628
96.608682
96.538744
96.571261
95.753325
95.593482
98.032213
95.907272
97.164299
96.299776
97.396707
97.722511
98.965557
98.262225
99.882499
99.594940
100.000000
98.565993
100.000000
98.916445
98.747794
99.748248
85.576521
85.876129
78.316570
77.817233
77.701802
79.521099
77.858648
75.819352
80.159169
75.999494
81.999349
87.660695
73.525359
73.575480
78.586949
73.325443
73.462495
82.385208
71.288691
71.005700
75.716932
71.065814
71.259347
81.547480
70.839954
70.571729
76.176610
71.014406
71.102925
81.684959
71.349555
70.889961
76.085491
70.961698
71.072038
79.944144
71.146430
71.055915
73.712646
71.081627
70.900342
79.791330
71.292937
71.188647
76.432220
71.328262
71.110880
80.168365
71.235712
71.219549
76.693219
71.563806
71.738526
80.631163
72.307465
71.968422
74.486779
72.092219
71.922597
80.465818
71.791149
71.894808
74.605123
71.977523
71.782402
79.210912
71.628679
71.698681
73.700836
71.445443
79.082720
85.096367
71.564496
71.693483
74.397666
71.601746
71.779303
79.254529
71.833135
71.543344
73.805289
71.553549
71.361634
80.385745
71.617030
71.813103
76.794997
71.825740
71.606849
80.438194
71.832118
71.403281
74.603183
71.801973
71.911035
80.378032
72.117803
71.785160
74.147259
71.490016
71.700112
80.195205
71.509786
71.798478
76.950896
72.025812
72.255339
80.807724
72.253224
72.124818
74.833097
72.210774
72.164241
80.624933
71.912749
72.249845
74.471809
71.760401
72.053514
80.202990
71.997918
71.918430
74.306232
71.638900
71.642940
79.562478
71.845738
72.021971
73.718864
71.767726
79.565980
85.356267
72.138076
71.965816
74.455374
71.851099
71.887210
79.015868
71.670089
71.672963
74.185022
71.796829
71.952262
80.449473
71.773520
71.857897
77.145588
71.934342
71.874514
80.832317
72.202020
71.541455
76.493889
71.361790
71.473639
80.167995
71.472894
71.647574
76.663464
71.774667
71.624059
80.307310
71.823745
71.357348
76.549823
71.806029
71.573336
80.468206
71.325776
71.556140
73.991108
71.532719
71.568356
80.107826
71.743490
71.701578
76.673141
71.614672
71.786826
80.155603
71.767305
71.697402
76.905112
71.928728
72.049920
79.388749
71.991755
71.660731
76.053503
71.622043
78.568339
84.278283
70.986224
70.691538
75.447288
72.405846
70.016908
77.415486
71.904082
69.592877
74.627640
69.610418
69.751928
78.924035
70.267622
70.015063
75.457982
70.463573
70.750720
81.082474
70.707083
70.605334
75.584825
70.758315
70.740076
79.671438
70.780660
70.589267
75.995140
70.988049
70.905845
81.390194
70.882929
71.011251
73.299438
70.672790
70.964003
79.898470
70.858425
71.166224
73.713469
70.895767
71.243438
79.834689
71.058434
71.161323
73.493437
70.983907
71.046324
79.407853
70.724387
70.660616
75.564890
70.597133
70.823894
78.312208
70.800448
70.821878
75.434229
70.980449
78.671562
84.358362
71.151961
70.841682
73.174586
70.844572
71.209685
78.482668
71.037043
70.770929
72.897476
70.745073
71.260987
79.676063
70.986945
71.154965
73.691275
71.275634
71.561413
80.372879
71.912192
71.869536
74.446224
71.869273
72.116102
80.630540
71.911528
71.608726
74.362297
71.386362
71.473514
80.034648
69.143170
69.228318
74.146683
68.997368
71.554378
80.142757
71.285030
71.411481
74.099509
71.507470
69.842426
80.719167
70.000771
70.157155
75.470155
70.605445
70.623626
79.520425
70.567586
70.550025
75.647884
70.299067
70.661059
78.471779
70.303365
70.688442
72.796154
70.504261
78.941645
85.312028
70.614878
70.694733
75.876179
70.766967
70.566038
78.725120
71.015265
70.917886
75.422206
70.916054
71.033213
79.926341
71.149308
70.839618
76.030708
70.882596
71.099141
80.203982
71.740786
71.477448
76.608064
72.231036
72.380495
80.920267
71.717147
71.348350
76.862439
72.067803
72.426312
83.065668
72.405203
72.620245
77.357679
72.764725
72.369687
81.052819
72.059227
72.005300
77.215226
72.543681
74.720138
82.839877
72.278815
72.173770
76.861748
72.031182
72.454931
80.823615
74.685198
74.454943
76.795524
72.246351
72.129202
81.496840
74.310112
74.290318
76.144096
73.977834
79.401436
87.628392
74.742314
74.320116
77.032740
74.581466
74.845535
81.159826
74.013066
73.930152
75.788264
73.852530
73.954361
81.815372
73.728739
73.235799
75.622339
73.207202
73.086477
80.983739
72.897826
72.658268
75.069503
72.600079
72.496397
80.539294
72.076564
72.146573
74.520300
71.769483
71.949512
80.108512
69.390872
69.337702
74.473475
71.496320
69.742589
80.395284
71.670360
69.109681
73.818586
68.605028
68.828436
79.916405
69.286093
71.219379
73.510033
71.139731
71.442090
77.629304
70.895683
71.105685
73.544905
71.162787
71.042423
78.364384
71.148707
70.896629
73.210589
71.654939
79.108458
85.323322
71.896569
72.090126
74.634806
72.250770
72.375553
79.509011
72.405596
72.192485
74.097114
71.966682
72.190202
80.434109
72.011492
72.004271
74.544560
71.979973
72.083319
80.321713
71.882661
72.013785
74.492149
71.897687
72.238708
80.516697
71.642646
71.361986
73.922483
71.848336
71.686473
80.233280
71.839285
71.775006
74.603637
71.912480
72.126600
80.685364
72.151279
72.296788
74.406043
71.963668
72.374345
80.743968
72.008251
72.131641
74.686566
72.064915
72.223246
80.823954
72.380995
72.054978
74.450213
71.859189
72.348650
79.365612
71.903768
71.464283
73.592015
71.868008
78.957941
85.160657
71.802891
71.868114
74.496617
71.605185
72.009281
79.206454
72.059169
72.294706
74.208651
72.285636
72.371808
80.936667
71.993436
72.252118
77.151935
72.495195
72.049261
80.707590
72.060443
72.046342
74.884246
72.351908
72.525792
81.192123
72.549445
72.601229
77.991251
73.005478
73.282350
81.538766
73.412449
72.877330
75.544370
72.906523
73.215794
81.614657
72.885875
72.544307
74.942137
72.353841
72.630756
81.310961
72.698324
72.727194
75.497863
72.846403
72.974068
81.446004
72.777026
72.693730
75.327579
72.722329
72.717772
80.310159
72.323084
72.498566
74.190039
72.107003
79.648876
85.789308
71.972300
71.964130
74.506012
72.075415
71.913226
79.606807
69.454632
69.626590
73.974700
71.838766
72.179085
80.840629
72.146137
72.081471
74.820325
72.325236
72.879402
81.434899
70.246152
70.215007
75.068123
70.094944
72.542980
81.252362
72.331271
72.260454
75.046831
71.791232
69.856937
80.732771
70.275215
70.178152
74.784327
72.362010
72.356957
78.720576
69.613890
69.242180
74.336129
69.237616
71.586585
80.270503
71.397999
68.866201
73.993411
68.924421
71.818019
78.146419
71.357247
71.329083
73.793707
71.072773
71.393016
78.735541
71.601897
71.343682
73.495930
71.189098
79.024324
85.465736
72.223952
72.424787
74.610475
72.436287
72.423251
79.829791
71.987067
72.179408
73.989164
72.070668
71.805728
80.543566
71.678275
71.765738
74.320050
72.059182
72.202263
80.725551
72.460504
72.196119
74.935091
72.033071
70.225149
81.213649
72.437924
72.507125
75.169545
72.299414
72.521449
81.112377
70.110251
69.959404
74.865551
72.026472
71.921953
80.563163
71.755140
69.527476
74.320124
69.473192
69.589866
80.400918
71.495413
71.400073
73.854902
71.348193
69.713656
80.338526
71.548709
71.630065
74.166004
71.531905
71.985623
79.115806
71.560765
71.323923
73.219882
71.458497
78.850589
84.753041
71.412872
71.176690
73.524733
68.574724
68.782346
78.403471
68.583668
68.674166
72.683524
68.257356
68.502757
77.487707
70.694099
70.580330
73.278139
70.715140
70.680440
79.448871
68.611111
68.557836
73.470061
68.850791
69.310687
80.034154
68.610830
69.007531
74.083135
71.648953
71.808559
80.511773
72.091116
71.976128
74.481499
72.358912
72.422864
80.869974
72.290714
71.955415
74.877492
72.347868
72.447080
80.808623
72.423831
71.990747
74.381336
71.737988
71.637199
79.884286
71.636742
71.298517
76.426418
71.247064
71.787639
79.079406
71.933139
71.518172
73.851556
72.177734
78.948669
84.865258
71.641033
71.493320
73.790274
71.327633
71.252557
78.251571
71.192902
70.879612
72.748610
70.730254
70.863406
79.500495
70.964669
71.005721
73.628306
71.248963
71.283521
79.741479
71.348562
70.893867
73.729974
71.103143
71.176649
79.742546
71.395555
71.331187
76.370109
71.623823
71.471095
79.943546
71.169278
71.233231
73.632894
71.165081
71.194097
80.109726
71.637913
71.484830
76.711684
71.672542
71.493446
79.932351
71.417090
71.259590
73.332564
71.003059
70.771309
79.435556
70.599776
70.730182
75.432410
70.559026
70.483937
77.775477
70.509374
70.387305
74.895021
70.599092
78.002099
83.818106
70.620633
70.638815
72.948247
70.336211
69.980223
77.299930
69.823422
69.871536
71.967273
69.791887
69.859657
78.823251
70.061908
69.841529
72.275195
69.790522
70.081775
78.762381
70.030984
69.879084
74.786973
69.976295
69.971059
78.924155
69.959315
69.815762
72.394234
69.752538
69.931409
78.851938
69.805442
70.169778
72.586870
70.364590
70.149228
78.881688
70.312676
70.158127
72.573572
70.122862
70.231048
78.821304
70.149267
70.243837
75.040290
70.079236
70.231963
78.996954
70.256428
70.162506
72.690573
69.824633
70.046790
77.752094
70.226808
69.983830
72.161378
69.792552
77.456998
83.168063
69.760261
69.555122
72.191473
69.638997
69.895492
77.387523
69.818592
69.905579
71.728170
69.287848
69.548093
78.598370
69.903347
69.495426
74.663384
69.750733
69.713186
78.499798
69.485413
69.226170
74.361009
69.084169
69.297698
78.384507
69.207903
69.328020
74.463705
69.525126
70.026666
78.595358
69.817538
69.416546
72.093068
69.576435
69.906500
78.724599
70.102305
69.890936
72.410059
69.653185
69.836699
78.494960
69.551108
69.616201
72.081234
69.347966
69.548717
78.391628
69.983172
69.861828
72.510324
70.011847
69.784185
77.541030
70.007664
69.622599
72.043028
70.102304
77.508787
83.403825
69.456454
69.353959
72.013184
69.580270
69.637885
76.963327
69.825060
69.582360
74.349050
69.619873
69.940997
78.543593
70.194519
69.671228
75.044253
70.051927
70.206654
78.577325
69.527261
69.644924
72.403117
69.485835
69.452422
78.437717
69.920617
69.753360
75.212317
69.793556
69.587839
78.569359
69.616196
69.782638
72.304397
69.665752
69.430487
78.027210
68.946955
69.069348
74.190132
68.847910
69.273077
77.809887
68.893393
68.948477
71.723884
69.086652
69.398564
78.209644
69.426141
69.309237
72.305353
69.806536
70.073752
77.322057
69.850692
69.724798
71.986458
69.787268
77.789486
84.111090
70.460717
70.474013
75.752538
70.716104
71.163042
78.132868
71.292358
71.400014
76.078905
71.357562
71.823704
79.606043
71.640011
71.340459
76.371424
71.072107
71.240389
79.576162
71.288313
71.281746
73.919710
71.130719
71.865017
80.432032
72.375174
72.186988
77.454804
72.340743
72.549668
81.123306
72.789944
74.930776
75.578493
73.088461
75.416475
81.535740
73.253603
73.738584
76.625314
73.892867
74.264206
82.390531
74.151854
73.969022
79.223427
74.310128
74.587775
82.228874
74.243978
74.159690
79.326093
73.865293
73.772621
80.411707
73.665954
74.116490
76.243858
74.256806
81.021322
87.070783
74.442582
74.145526
76.982037
74.295387
74.583123
81.156081
74.033328
74.144644
78.629864
74.368267
74.901893
82.984991
75.089531
75.213025
80.146092
77.221444
77.004818
84.339537
76.900361
76.742816
79.791997
76.789915
74.227274
83.598776
74.210701
73.828697
78.642814
75.955351
75.890546
81.198965
75.843122
73.811892
78.426365
75.833276
75.805670
83.207671
75.677576
73.133357
78.414272
73.085714
73.655458
83.236267
74.317736
74.234020
79.405936
73.911291
74.183882
81.928415
74.381340
74.095457
79.368778
74.151760
74.452723
82.390337
74.156331
74.094282
78.411311
73.718989
80.210656
86.375105
73.705652
73.410908
78.020481
73.123807
73.020517
79.797207
74.888876
74.947705
76.997729
72.550037
72.470574
80.216701
74.377217
74.039274
76.977701
72.065263
72.188888
81.697149
72.016074
71.361560
76.424844
71.612070
71.466631
79.620581
71.353303
71.390634
73.795014
71.411511
71.707070
79.462774
71.233034
71.001493
73.164050
71.228487
70.953775
79.103826
71.014030
70.900420
75.982635
71.020797
71.142407
79.297143
71.007810
71.153633
73.981336
71.388287
71.293541
79.597415
71.208626
71.399305
76.066187
71.074929
71.311570
78.456811
71.197050
70.541838
75.491710
71.246653
78.615865
84.584851
71.429648
71.331320
76.181268
70.748803
70.577402
78.127401
70.991272
70.932542
75.231736
70.747921
70.823984
79.456790
72.965534
73.007068
76.022186
73.396917
71.609952
81.676449
71.880658
71.631616
76.958718
71.693747
71.727838
80.501107
71.756757
71.660433
76.667146
71.671388
71.960688
80.372588
71.592733
71.620890
74.396397
71.809510
71.981176
80.529559
72.152974
72.047278
76.950215
71.859549
72.001174
80.594843
71.775837
72.233440
74.548609
71.782558
71.956572
80.073938
71.711298
71.668246
76.694707
71.584957
71.953870
78.999261
71.493752
71.743944
76.114969
72.033607
79.491548
85.544468
72.248979
72.187593
76.844265
71.873986
71.947930
79.271001
71.997961
72.091426
76.408672
72.014905
72.296816
80.637201
71.862215
71.586956
76.624564
71.565473
72.272683
80.828839
72.405834
72.556870
77.535665
72.337466
72.718284
81.029742
72.492003
72.315663
77.254962
72.320100
72.705694
81.070424
72.367261
72.385651
77.176223
72.356502
72.542791
81.108926
72.362121
72.494941
77.611180
72.802845
73.094858
81.107222
72.712157
72.474362
74.847087
72.282727
72.152264
80.350094
72.095409
71.542769
74.166275
71.673111
71.600376
79.136120
71.744305
71.589117
76.434069
71.972634
79.357721
85.151612
71.881529
71.613262
76.640806
71.629930
71.680908
79.109302
71.532912
71.615965
73.627741
71.423909
71.784688
80.370133
71.505274
71.737167
74.338744
72.088871
72.291946
80.441006
72.216306
72.212244
74.564023
72.334892
72.321088
80.794240
69.980170
69.884999
74.291347
69.390124
71.917510
80.349236
71.971639
69.526134
74.339441
69.816326
69.984289
80.622840
72.036209
72.068428
75.088434
72.247388
72.396095
81.123582
70.131563
70.147998
74.911902
70.133364
70.656994
81.292021
72.637460
72.509942
75.120481
72.722251
70.160948
80.160418
72.721998
73.285780
75.149311
73.445393
80.417543
86.637141
73.632781
73.338303
75.857650
73.267270
70.885863
80.365883
72.872291
73.152142
74.997592
72.930757
73.544680
79.668914
73.187813
73.588184
76.091272
73.783487
73.922986
82.140026
73.765389
73.257378
75.670709
73.109108
76.316623
84.260253
73.621701
76.723207
79.066196
76.173526
75.686003
83.616271
75.049722
76.618141
79.406328
75.902147
75.672617
81.526290
75.702770
76.150558
82.138328
77.017400
76.504019
84.009161
75.773966
75.918153
80.318321
77.113392
76.513774
81.936243
77.101302
77.433123
80.502806
78.199586
78.704941
84.681614
79.166909
79.727654
81.652495
78.856335
84.702861
91.001390
78.845019
79.344229
84.598888
79.053707
78.674632
85.190298
79.246584
81.252726
84.401340
80.381319
83.314035
90.491705
82.137600
81.992632
86.495460
83.559658
83.649809
90.056384
83.785334
83.616114
85.896888
83.679780
83.115759
89.766259
85.772667
86.145918
88.725514
85.435909
85.659823
88.933440
83.976608
84.176064
86.138831
83.179147
83.361919
89.565677
83.533064
82.829479
85.445235
82.231827
82.751364
88.850980
85.172004
84.931798
87.491807
84.650494
84.576747
87.491026
83.535494
85.850507
87.595737
85.229375
85.320309
86.796214
84.909178
85.134157
87.495846
86.259988
89.377132
94.637908
87.162870
87.413721
91.135596
87.294833
86.374066
89.182726
88.373016
88.177557
89.387388
87.766646
87.897453
89.489478
87.689930
87.957071
90.088652
88.313837
88.706382
91.398652
89.013531
88.707497
92.660086
88.487788
88.220646
90.846224
88.771590
89.107993
93.255254
89.754079
87.865519
93.453007
87.088787
86.768378
90.841911
86.575003
85.957502
91.820890
85.869090
86.197237
88.769555
86.133408
86.712630
89.808734
85.935594
86.820903
89.187298
86.833208
87.234169
92.565771
88.863264
89.339098
94.390744
89.645066
88.776121
92.409518
90.939060
91.073852
93.500610
91.706323
92.993957
98.614708
91.671284
91.415254
93.505719
90.588403
90.017050
91.667202
89.570533
89.822093
91.574882
89.914068
90.647306
94.294808
89.120123
89.087696
93.217478
89.530788
89.094514
95.115947
89.700195
89.881584
92.160807
89.657509
89.653623
93.245547
89.341704
88.893006
90.544433
88.453408
90.124340
91.424131
89.119963
89.067446
91.406210
88.777982
89.544232
91.990735
89.353094
88.833947
90.694601
90.081884
90.201967
91.092485
88.464081
88.494035
92.312067
91.051484
91.562721
92.126198
89.259649
89.511419
91.351610
89.725632
89.379235
90.263102
89.730413
89.963493
91.229131
90.302997
90.932695
93.492678
91.254961
91.209698
92.828903
91.845058
92.330268
91.960737
93.197178
92.230454
92.743999
91.170002
91.068879
91.219099
90.901691
89.372096
90.349214
88.484945
88.521758
88.828532
90.832271
90.360118
92.070243
90.021360
89.765362
88.965848
89.166777
90.756489
92.629235
91.340868
93.158396
92.558808
94.267183
94.544199
97.107330
95.346076
96.746051
97.369854
97.908994
96.812149
97.850662
97.133887
97.196381
97.647739
96.670396
97.047034
98.907087
98.396311
98.178589
98.817349
97.841667
96.979298
98.120905
95.651772
95.089616
96.115239
96.833378
96.670821
97.927038
97.896340
98.677353
100.000000
100.000000
100.000000
100.000000
99.475579
97.135925
97.122018
98.389329
97.881649
98.757132
95.433330
94.851540
95.322594
94.334248
93.978811
94.562055
89.909308
89.409852
87.542850
86.023073
85.928255
89.356751
87.637097
85.316611
85.223610
88.320129
86.788510
90.184549
84.592011
84.785339
87.520361
83.584011
85.895176
86.253700
84.334959
81.959934
87.406634
80.158417
79.558647
83.917586
81.816228
79.380682
86.121388
79.062389
78.732889
81.515809
79.159514
79.566783
84.220647
79.012843
78.729125
81.835584
79.220007
79.173596
83.430094
79.369319
79.337747
81.334162
79.329166
83.542336
88.841190
79.135174
78.761110
81.449319
78.382243
77.951566
81.518018
77.204103
77.139204
78.410435
76.654147
79.253724
82.625262
79.288808
77.260824
82.768526
77.565241
77.127935
84.288253
76.522575
76.511016
79.059976
75.903196
76.134296
81.634429
76.052967
75.414708
78.441590
75.806123
75.807987
81.325398
75.990004
76.015048
81.144574
75.912679
75.434367
81.558160
75.895710
75.767354
80.939816
75.922063
76.112370
81.460165
76.052084
75.724059
78.683338
75.835242
75.942270
81.311616
75.596602
75.999287
78.468146
75.814015
75.666225
79.444732
75.536831
75.619081
77.391452
75.408124
79.495165
85.365504
76.287611
76.255733
80.850128
78.091757
77.960560
80.609702
76.530838
76.115773
79.993269
75.990361
76.387969
83.492377
76.894361
79.131304
81.755168
76.668624
78.894651
83.352521
76.449232
76.779057
81.668475
78.814141
78.925275
83.995958
79.708540
79.301026
82.836388
79.456862
80.185338
84.845880
80.833156
80.053289
83.681305
80.543927
80.812382
84.789878
80.026325
79.536239
83.356198
80.250295
80.236518
85.422657
80.516242
80.087042
82.865899
79.563359
79.169132
83.884797
82.123619
81.877377
84.782028
79.974745
79.875857
83.043815
79.725233
79.916778
83.733357
79.690046
82.914662
88.537427
80.947071
80.366508
85.377414
82.794929
80.665928
84.093232
80.410086
80.387604
84.627755
81.144239
81.172311
85.903196
81.721417
81.017944
85.554294
82.952921
83.479453
85.533893
83.471366
83.071108
85.991769
81.315488
81.499209
86.854706
80.683302
81.350091
85.537934
81.112268
80.979160
85.801983
81.402808
80.860998
85.661438
78.458673
78.748618
85.216223
80.911948
80.864563
83.778053
80.530725
80.874199
84.174101
78.889582
78.521230
83.539770
79.211257
78.789680
83.913633
80.525421
80.309512
83.465918
80.679693
80.060235
83.626706
80.079671
79.977412
82.253600
80.568779
83.407694
89.049016
78.977254
78.707811
83.571708
78.690033
78.451487
82.590381
78.497898
78.614501
82.652330
78.575471
78.907087
84.104491
79.140074
79.132336
84.005502
79.046546
79.654819
84.459003
80.207381
80.076007
84.770891
80.392815
80.553956
85.463857
80.890210
80.509803
85.283633
80.284686
80.547099
85.503798
80.121241
79.798777
82.420036
79.829512
80.238760
85.069779
80.038642
79.789454
84.449855
80.173364
80.689468
85.765416
80.634064
80.068531
82.891613
80.208488
80.356279
85.697096
80.714766
80.531962
85.469711
80.207044
80.349537
83.269925
80.222362
80.333371
83.984475
82.215097
83.810429
90.896354
83.345799
83.014351
85.476714
82.438384
82.373578
83.903182
82.486697
82.560077
84.188893
82.448787
82.441983
87.133260
80.987312
80.706852
85.211990
80.720736
83.093818
87.428737
82.801896
82.743097
85.305012
82.380252
82.529918
85.921598
82.579372
82.232437
84.515546
81.606152
81.915357
86.156477
81.949966
81.520249
84.229655
81.710771
81.897370
86.484053
80.281564
80.300797
83.850437
79.624742
79.942327
86.015324
81.614282
81.417680
84.237234
81.453004
81.403792
84.599722
81.350627
81.236302
84.242553
81.301218
81.203930
84.240403
81.437222
81.274493
84.463579
80.884012
83.701084
88.672916
81.379754
81.065776
83.636051
80.733814
80.827755
82.346660
82.582879
82.448659
82.670427
80.901025
82.826083
84.427825
81.024365
80.813894
83.478109
80.648516
80.669551
84.515001
80.701333
82.654293
83.578693
81.020429
82.676007
84.675550
80.932564
80.850926
83.695393
80.929505
82.940819
84.871895
81.131348
81.319145
83.722297
81.088699
81.385113
86.365124
82.092221
81.820072
84.478872
81.553000
81.672395
86.286333
81.493319
81.403422
83.999742
81.641223
81.907469
85.085754
81.916977
82.042785
84.462078
81.564146
81.576344
84.091738
81.582860
80.968577
82.846659
81.088594
84.138968
88.672777
81.282401
81.226255
83.400144
80.545115
80.591779
82.644454
82.266903
80.205065
82.377449
82.272151
80.676859
84.145765
82.550543
80.290222
83.166989
80.468891
80.592391
84.232470
80.544777
80.457919
83.368968
80.722404
80.905622
84.874389
81.004327
81.145360
84.085410
81.465484
81.425963
85.338662
81.809799
81.488439
84.169586
81.102116
81.390062
85.032903
81.570931
81.459545
84.308831
81.504852
81.628565
84.949661
79.668193
79.577225
82.139824
79.547976
79.375915
84.774480
81.697937
81.555465
84.380502
81.615904
81.362837
83.203802
81.306563
81.464118
83.127763
81.375715
83.222579
89.717197
81.564914
81.434930
83.990647
80.974817
80.654343
82.054353
80.470957
80.534289
82.652774
81.153064
81.413733
84.809664
81.373723
81.466094
84.339336
81.329697
79.318131
84.498980
80.843366
80.833034
83.314062
80.816778
80.771978
83.201201
78.735283
78.747199
83.218132
78.676021
80.579009
84.217258
78.866385
78.980848
83.824274
78.966602
79.002493
84.785970
78.766482
78.659676
83.462473
78.917536
79.062382
84.423651
79.202869
78.903021
81.733574
78.792470
80.962196
84.085544
80.414024
78.741926
83.563349
78.915960
80.918679
84.334676
78.850670
79.139516
82.910185
78.888037
83.845850
87.522214
80.898337
80.722625
83.341464
79.917405
80.151315
81.850218
78.576864
78.771375
80.486260
78.497105
78.745748
85.425891
80.967712
80.732954
83.983676
81.518577
81.664759
84.348026
81.434019
81.088576
88.005035
84.747528
86.145881
88.733644
85.485990
88.242224
91.671208
89.444208
91.945328
92.710198
89.820885
91.368687
93.278984
92.994088
94.129445
94.200037
92.819966
93.243721
94.675517
92.113014
92.513880
94.614224
92.332558
91.825719
92.798383
90.496455
89.571669
92.660721
91.443495
92.597813
93.567700
92.036081
92.810135
93.600310
94.280282
94.493676
94.737017
93.689267
92.051659
96.064412
94.194421
93.424396
95.442159
92.622774
92.727636
92.014375
93.647559
93.644221
95.332572
93.793388
93.633148
93.992831
95.051095
95.040650
97.263732
95.017835
95.589459
95.282657
96.313013
96.157092
97.774336
95.064111
95.621663
94.513758
95.766368
96.263290
97.864051
95.973204
95.885956
95.054055
95.462962
94.779294
95.833668
93.977519
93.692463
91.602088
93.452604
93.343068
94.714599
93.470586
93.595110
91.991917
93.264664
93.478417
95.254371
93.776439
94.297852
93.767983
94.872024
95.373202
97.429345
95.561632
95.791990
94.582794
94.870385
94.655954
98.418187
95.626767
94.499831
95.231099
93.866650
93.406714
94.985195
93.816716
93.742705
92.247475
90.844632
91.657407
93.167825
90.379245
90.633308
92.414226
87.836434
85.554217
91.205541
83.813021
82.230764
89.359249
79.734853
79.541826
82.420496
79.721704
79.777864
83.260467
79.958912
80.020425
82.453441
79.773287
79.656394
82.844699
79.721483
79.241777
81.748469
79.580366
79.727400
83.190166
78.655086
78.291998
81.396740
78.544609
79.056890
85.344231
78.993032
78.560907
80.726197
78.695265
79.181280
84.100373
79.083949
78.988139
81.337595
78.327802
77.875976
81.522386
77.370168
77.483869
82.227094
78.037195
82.142243
87.760108
78.697314
78.385599
83.576694
78.971059
79.407752
83.977008
79.489571
79.531512
83.255814
79.156702
79.319329
85.776321
79.057068
78.898075
83.064501
78.309278
78.779451
84.154596
78.958611
79.050222
81.429917
79.154087
79.560903
84.522575
79.963121
80.090495
82.082440
79.213572
79.329705
84.795673
79.148092
78.791348
81.300366
78.593296
78.397344
83.593185
77.935199
77.891313
79.968007
77.643044
76.859999
81.982357
76.025843
75.952078
78.488936
75.733790
75.808757
80.743934
76.530446
76.425351
78.681205
76.059497
76.598980
80.773069
73.473407
73.465162
78.282393
73.745188
81.022305
86.386676
76.318161
76.177760
79.168259
76.742616
76.733746
80.603359
76.053578
76.029201
78.216077
76.234593
76.921851
82.538464
76.278217
76.386447
78.891660
76.841629
76.876114
82.248778
77.199870
77.100488
79.387847
77.529229
77.445939
82.690200
77.050716
77.042787
79.465593
76.800561
76.697454
81.639195
76.538960
76.544449
78.687893
76.354586
74.448181
81.796731
76.382856
76.238361
78.491541
76.198319
76.012358
80.514405
75.992275
76.109707
78.776584
76.275646
76.848531
82.349233
76.742470
76.644685
78.862735
76.562903
76.314707
81.233619
76.184239
76.018015
77.904687
75.996135
80.899817
84.831260
76.587936
76.506319
79.506035
76.653917
76.434942
79.269361
76.473535
76.059066
78.077344
76.217404
76.097388
81.907853
76.399205
76.489318
78.701969
76.413255
76.920319
82.122056
76.392726
76.553662
78.945478
76.648898
76.986396
82.456362
76.875484
76.393758
78.770581
75.876618
76.040628
81.129690
76.300955
75.843549
84.567550
79.608022
81.329312
87.393415
80.679165
79.355112
81.742165
78.980709
79.272996
85.303022
79.411249
78.338330
84.691229
80.006120
81.037481
86.325959
80.636852
80.316317
85.626146
80.340820
82.334886
85.962426
81.890752
81.614864
85.825162
81.973364
86.118746
91.779022
84.250086
83.613071
87.742921
82.296760
82.492114
85.734431
86.144052
86.156869
86.131897
86.544453
86.550489
88.643918
86.199010
86.109244
89.025079
88.228183
87.793229
90.157852
87.232456
86.909447
91.387135
87.117675
87.281492
90.103700
87.106952
86.222471
91.168258
86.052997
85.690674
89.973904
88.475863
89.125344
91.241694
88.287424
88.390221
91.453451
88.019818
88.126448
91.708977
89.511740
88.913374
91.466482
88.891661
89.818782
91.695621
89.041117
88.542563
90.724350
88.226846
89.941878
91.875820
90.898534
91.581081
92.039905
92.730250
93.366458
94.853324
93.627692
96.848093
