83.135050
74.278908
74.416675
78.307496
71.815724
71.824439
77.314259
71.933299
71.746602
71.733515
69.533939
69.783251
76.375433
69.874777
70.041235
72.264451
69.690407
70.308540
75.002954
69.946933
70.188154
72.541344
70.240048
70.105095
74.739903
67.543234
67.549327
70.176995
69.831576
70.324693
75.080493
68.089382
67.731230
70.518105
67.861053
70.721830
75.212582
68.091615
67.728546
70.844316
67.826488
68.302484
75.482162
68.171416
68.190765
70.756763
67.777934
68.142517
75.029317
68.052409
67.592339
70.133198
67.257216
67.408450
73.121177
67.396808
67.434337
69.818032
67.728851
73.242226
81.763537
67.318414
67.111806
69.760181
67.007349
66.991984
74.656947
66.711911
66.612965
68.677435
66.349479
66.580109
75.320882
64.234752
63.710945
66.527294
64.207806
64.094309
75.831877
64.614996
64.388817
69.017035
64.549815
64.500894
74.006132
64.709543
64.407975
69.189445
64.170750
64.357023
73.625150
63.998352
63.998873
66.270526
63.964190
63.886771
73.214867
63.690025
63.663186
68.650597
63.736439
63.791429
72.905095
63.682967
63.867231
68.422469
63.670031
64.020068
72.950385
63.801462
64.181592
68.774878
64.262761
64.624572
71.792118
64.458204
64.355881
68.861819
66.369406
72.708296
81.548450
67.347266
67.241025
69.789200
67.285085
67.525264
75.253638
67.645027
65.360943
68.998393
65.576423
65.579808
76.475456
67.389847
67.146626
69.431810
67.069964
67.290089
76.420250
67.294130
66.942053
69.503025
66.692309
67.533042
76.077629
67.279048
67.153258
69.768173
66.993325
67.174923
75.404806
64.772607
64.090621
68.657220
63.851635
63.547609
74.647973
63.444785
62.955615
64.878228
62.770682
63.081820
71.965007
62.904813
63.113498
65.437642
63.313381
63.683678
72.741624
63.399999
63.533961
65.447567
63.361601
63.642158
71.538038
64.085340
63.599704
65.541664
64.066957
71.979998
79.172555
65.267773
65.110681
69.361074
64.646838
64.828963
71.960856
64.836914
64.427959
66.209165
64.779328
65.274209
73.465908
66.850190
66.953060
69.060664
64.540247
64.567922
73.318233
64.680521
64.270716
69.154769
64.649220
66.760040
73.540509
66.300624
64.041155
68.676972
64.170448
64.659412
74.992134
63.962842
65.685418
68.220289
66.071278
64.188788
75.177612
66.119707
65.783384
68.337197
65.959118
66.293177
74.857079
63.650373
63.472225
68.191929
63.646883
65.908117
72.925663
66.218755
66.072873
68.443378
66.135578
66.123071
73.936068
66.488208
66.153198
67.499021
65.258978
72.661381
79.143144
65.022522
65.044723
67.445831
64.888008
65.120545
70.995709
65.415149
65.552495
67.623108
65.616462
65.731816
75.168787
66.224839
66.168892
68.769835
65.830954
64.462545
75.333848
64.789164
64.059316
68.830420
66.227993
66.672265
73.969218
64.655614
64.774525
69.422611
64.832844
67.228719
76.095961
64.977216
65.200315
69.368862
64.971869
65.466211
74.299838
65.708444
64.960845
69.863928
65.309823
65.783245
76.192852
64.574445
64.292829
69.303389
64.194995
64.395030
73.140102
63.695394
63.700308
68.336319
63.609804
66.032358
73.688304
65.775799
65.695070
67.350416
65.628766
73.310281
80.064257
65.674751
65.525466
68.278218
65.741601
65.869873
73.277689
65.561885
65.529034
67.821883
65.700027
63.843154
73.853294
76.874914
80.807770
80.259959
77.823286
76.859320
84.062825
79.627787
78.032044
81.124424
76.419127
78.709762
84.489937
81.398325
82.159029
84.823972
85.876755
85.812545
89.888612
87.900063
87.854378
89.064873
89.578690
89.716174
92.527384
89.541059
90.068641
91.728785
88.784559
88.043451
92.761046
87.463671
86.944728
92.078351
87.539322
88.032823
93.230469
87.989113
86.006467
88.873895
87.844161
88.017666
93.300365
88.462488
87.551218
89.465520
87.659234
92.280384
96.946504
83.192739
81.555194
86.946557
80.912843
81.598486
88.103172
78.832226
79.927056
84.545737
80.493307
80.315242
90.095531
80.837036
80.768290
86.241757
81.643132
81.148788
88.393042
82.058990
81.363313
86.296024
80.485188
80.458519
88.292026
82.795297
83.144771
85.402188
82.724614
81.724413
87.422664
80.751741
79.055889
82.203823
79.362955
79.437255
86.699162
80.743995
80.915636
83.261750
81.848641
82.155803
87.682545
80.851782
80.108373
85.848239
81.421844
80.753387
85.902767
78.264986
77.941332
81.029161
78.645710
79.727766
84.762111
78.788264
79.092175
83.754386
79.120157
85.464762
92.493326
79.619499
79.052853
81.838603
78.163850
80.176718
84.149800
78.238356
78.443691
83.117627
80.098413
79.573289
86.380723
78.130118
80.015080
83.198451
81.225408
80.482950
85.929718
78.558234
79.292681
85.435898
81.756324
81.837176
86.508902
78.237546
78.059356
83.569440
80.822770
81.021126
86.951493
79.004979
76.929930
82.171060
77.171864
81.454507
87.435561
80.019128
78.457210
82.539008
79.632120
79.456865
84.388803
75.475937
78.094365
80.315712
77.588274
78.331524
82.626168
77.820352
76.118455
79.244020
76.322431
76.555646
80.964260
76.448456
75.927255
81.929038
78.419353
81.662628
89.136408
77.021518
78.422063
79.076755
76.150692
76.447895
80.594891
76.552751
77.737084
78.222289
79.384005
79.241150
83.589055
77.037351
78.267170
83.551539
80.538135
80.192538
85.149871
78.305343
76.841680
82.278089
77.031562
78.878966
85.113657
79.413370
79.363789
83.880399
77.218779
79.088407
83.938620
77.007028
77.684060
82.197967
78.132180
78.013032
85.221126
77.691735
78.265956
83.041410
78.353145
78.106120
84.890363
77.530690
77.492300
81.608570
76.073762
78.127627
84.777232
78.923050
78.924175
81.553584
79.177896
79.575398
84.702884
79.600673
79.984003
81.841260
79.662674
83.293021
90.069975
79.597236
79.948344
83.504668
81.163990
81.637487
86.549123
78.775427
78.044496
82.861895
77.627517
78.168044
87.159140
79.225538
79.143794
82.289114
80.053631
80.179863
87.173917
80.143631
79.551802
81.660627
79.558554
78.979842
85.982763
79.301333
79.900557
83.385235
77.807663
78.091303
87.897179
76.763299
75.894203
81.934600
75.691589
76.086109
83.943447
75.813245
75.048060
78.177919
75.171566
74.660248
83.036007
75.000294
75.037569
77.814434
74.602198
75.026032
82.720018
73.956589
73.332888
79.699408
73.209710
73.337137
80.979239
76.472867
77.114195
80.348172
75.242265
83.023203
89.766922
75.115893
75.071983
81.692802
75.421157
76.092803
82.521039
76.142361
75.204012
77.651503
74.608102
74.109451
82.083471
73.649176
73.821627
76.577641
72.962552
73.161431
82.131029
73.630028
73.433372
76.393053
72.270637
72.958326
81.792852
72.723870
73.013344
76.561437
73.224084
73.992710
82.193762
72.482657
71.564374
77.793230
74.530689
74.878781
82.014087
74.455593
74.767169
76.944423
74.210105
74.502580
81.185919
73.997468
73.792536
76.646235
73.622025
73.966594
81.001286
74.662253
74.674677
77.767564
74.609226
73.990206
80.069200
75.353091
75.312566
80.356344
76.636187
81.448180
88.063100
76.109213
74.805029
80.272077
74.980124
74.919290
81.347706
75.260545
76.213631
81.606102
76.852552
76.203700
83.244316
76.084850
78.186425
79.054784
79.412781
79.043477
84.677441
78.020301
78.139094
83.601255
78.356391
78.592323
87.883447
78.639302
79.544822
82.255355
79.106473
77.922526
85.471745
78.691150
78.838530
82.269862
79.273951
77.792952
85.370836
78.101835
77.453990
81.008240
78.505843
78.345208
85.448654
77.977444
77.034522
80.905512
77.394619
77.634922
84.671008
78.545387
78.783052
82.360373
79.829127
79.567776
86.537772
80.983050
81.991619
84.296421
81.601833
87.036532
92.691620
81.967660
81.715624
84.062562
83.387981
83.169626
86.247361
80.612380
80.346451
85.691481
81.666857
80.244154
89.242366
79.904827
79.251603
84.553714
79.053267
78.664508
86.319867
78.303710
78.756173
81.724091
78.852830
79.209470
86.946743
79.213441
78.405858
84.160819
79.002049
79.986640
88.165249
84.538126
83.963516
87.031935
84.916940
84.127432
88.807716
84.748055
86.034063
89.037671
86.390824
85.894363
89.369201
85.213209
84.843079
86.495656
87.298870
88.359380
91.098493
86.960162
86.799020
88.502768
86.643533
85.972287
88.453674
86.441505
87.445705
88.187609
86.485858
88.363482
93.427575
84.003105
85.661141
87.374119
84.027503
84.450537
86.754721
81.436253
82.000146
85.614134
81.643269
82.118316
89.241567
83.566588
84.107968
89.256965
84.535004
85.367586
90.722407
86.437018
86.211843
89.262428
86.415041
85.692702
91.629735
86.721736
85.614904
89.038422
86.998850
88.116897
92.905122
87.343361
87.971384
90.328921
87.358236
87.207493
92.998480
88.952173
87.877320
90.409370
87.548634
86.869678
92.963270
89.122625
89.076267
92.743884
89.395026
89.761221
93.769882
88.304990
88.709047
91.818888
87.705187
85.911195
90.498398
86.086145
85.116188
89.275811
84.591213
88.966265
95.237488
84.042275
84.631344
89.364238
84.722811
84.359902
89.739630
86.019273
84.746195
90.473156
85.040297
84.986719
90.628861
84.295476
84.267885
89.064214
83.206806
82.908496
90.398559
83.061255
83.835094
88.423744
86.234327
86.749533
94.600305
88.210502
87.332495
91.131406
89.242766
88.248598
93.039671
86.236925
86.654505
91.526282
87.676563
88.258966
92.055604
88.281962
88.207867
92.208279
88.670808
88.382382
92.828107
87.917315
90.240635
92.127565
90.423267
91.208667
92.051638
89.931394
90.404136
92.134201
90.811664
91.220991
92.115673
93.360412
93.826171
93.302608
93.669086
93.225598
97.344204
95.317661
95.193476
97.793491
97.241106
97.523169
97.281134
97.584162
96.077376
97.651759
96.428477
96.126685
97.124661
94.282948
94.485514
97.504574
95.442673
95.445507
97.520207
95.514402
94.801951
97.382924
93.761868
93.685137
96.082853
94.041151
93.179272
94.944435
92.325317
92.458376
92.635131
92.645930
93.531393
94.546372
92.401384
92.077469
92.044387
91.859769
92.687720
94.130732
92.828569
93.697174
93.623356
91.905167
91.804916
93.017511
92.335603
93.051969
93.132444
93.080480
92.931849
95.214909
94.217968
94.855929
95.175755
93.879369
93.541890
94.808556
94.393882
94.285621
96.564175
94.769523
95.217514
95.604154
95.951236
96.545616
95.324458
95.969725
95.991699
97.093629
96.396952
95.234549
96.370114
95.574789
95.437316
96.421176
94.873537
94.399523
97.518765
93.760190
92.818790
95.905781
93.529483
93.900209
96.038808
94.115426
93.808103
95.289633
92.842140
93.307996
94.453598
92.294155
92.166732
93.829205
92.253548
92.591409
94.478321
92.716412
92.947229
96.204045
93.390616
95.252579
97.972786
96.262274
94.961290
96.561263
95.113021
95.302788
97.185560
81.896578
79.570013
70.383651
69.995452
70.231846
72.774587
70.165988
70.443296
72.645229
68.127032
75.735148
82.414330
66.419534
65.996912
71.130467
66.080900
66.028120
76.305671
66.290960
66.103930
68.145664
65.733797
66.071861
75.308891
65.875643
65.443368
68.438639
65.813434
63.630354
75.423275
64.050691
63.563984
68.563961
65.597083
65.769802
73.256759
63.818204
63.573626
68.433058
63.684008
65.836797
75.275037
63.878783
63.604038
68.708139
64.088051
63.944672
75.484482
63.976449
63.799889
69.071744
64.360511
64.457382
74.025540
64.884395
64.844804
69.335500
64.848115
64.963550
74.075657
64.766533
65.032947
69.504369
64.857306
64.767002
72.467591
64.407715
64.510996
66.214407
64.208070
72.337393
79.602757
64.456626
64.293145
69.492434
64.469400
64.695795
72.568402
64.598388
64.079196
68.581864
64.155268
64.188341
73.974511
64.262761
64.583562
69.105992
64.565026
64.429551
73.894564
64.557245
64.061171
69.446105
64.695259
64.840123
73.854118
64.410638
64.343322
68.717031
64.392205
64.549343
73.617853
64.281983
64.656433
69.220716
64.628175
65.011394
74.421521
64.878971
64.942103
69.685099
65.199537
64.864727
73.895069
64.849928
65.000030
69.429504
64.462666
65.123864
73.604194
64.608275
64.857228
69.056064
64.323749
64.324978
72.929378
64.575152
64.767823
68.746823
64.472120
72.758583
79.713391
64.942676
64.648403
69.602839
64.888463
64.796280
72.486161
64.428626
64.363258
69.056254
64.518161
64.624242
74.108259
66.990742
66.850984
69.465591
66.694317
66.910827
74.240942
64.877354
64.467123
68.793130
64.276209
66.557156
75.806290
66.497443
64.232454
69.300648
64.390359
64.534890
75.986758
66.762619
66.220209
68.815572
64.609763
64.682176
76.019132
64.360041
66.675324
69.099425
66.439939
64.457072
73.714532
64.422666
64.429068
69.147852
66.613582
66.802651
73.893238
64.312327
64.259876
69.239069
64.525962
66.905510
74.656102
66.733426
66.592487
68.602821
66.556527
73.770604
80.620032
66.053324
65.378711
68.034728
65.077777
65.038379
72.896259
64.459125
64.715934
67.183277
62.238561
62.383663
74.482907
65.340274
64.981843
67.978381
63.139827
63.612313
75.135781
63.320240
63.233394
67.915608
63.483420
63.507809
73.203759
63.341146
63.078074
68.396970
63.700494
65.924209
75.323894
63.566788
63.719309
68.219051
63.307389
63.751127
73.283601
63.686709
63.994933
68.687126
63.846863
64.008527
75.439531
63.831818
63.901543
68.341789
63.686870
64.056334
72.891458
63.597412
63.618853
67.899672
63.573748
63.758988
71.896161
63.435360
63.370925
65.415199
63.447254
71.906135
78.889993
64.004780
63.408730
65.540001
63.347325
63.774135
71.763325
63.791486
63.453384
67.653246
63.606472
63.924032
73.172610
63.476721
63.771241
68.483170
64.015089
64.445555
73.898013
64.538461
64.500694
66.883141
64.403291
64.606342
74.040159
64.660793
64.475145
69.121787
64.120930
64.460633
73.511108
64.328325
63.971211
66.467772
63.861382
64.145837
73.561605
64.067596
63.835723
66.124107
63.912425
64.775428
74.157526
65.010817
65.052549
67.720977
65.585581
63.728999
74.857841
65.304272
65.244878
67.826757
65.379812
65.658438
73.697846
65.535096
65.789629
67.536696
65.484227
74.260758
81.504259
65.755503
65.439615
68.285613
65.475541
65.692478
74.130116
66.082741
66.008122
67.645311
65.856211
66.260108
75.246178
66.024571
65.835813
68.156127
65.912859
66.171616
75.648191
66.446221
66.438032
68.769675
67.274821
67.410840
76.395070
66.643647
66.066789
68.905454
66.800729
67.468814
76.589489
65.176548
64.945259
67.572285
65.133541
65.169316
76.410316
64.831505
64.634892
67.353057
64.766524
65.379637
74.046825
64.799155
64.269983
66.623087
64.246950
65.167924
73.950366
65.183559
64.656269
67.074499
65.053419
64.910302
72.733775
64.564538
64.656284
68.660506
64.200774
72.487740
82.088940
67.563102
67.389019
69.578388
67.094311
65.168790
74.657135
66.941960
66.837655
68.111337
66.674024
64.481464
73.212798
66.449396
66.027470
67.988430
65.801830
65.936380
74.427455
65.584419
65.500576
67.414016
65.244921
65.287943
73.975997
64.771113
64.541282
67.046865
64.319876
64.573429
73.617798
64.384104
64.338924
66.989493
64.376447
64.799188
73.969613
64.388165
64.243152
66.268338
63.425225
64.019713
73.436481
64.167739
63.732370
66.260482
63.791513
64.471641
73.320054
63.553715
63.784402
68.264044
63.790757
63.675759
71.667804
63.712332
63.820187
68.232479
64.264973
72.453512
79.713562
64.575745
64.436334
69.320046
64.790401
65.000906
72.634455
65.139077
65.103589
68.937983
64.559841
64.701603
73.891485
64.839332
64.689872
69.498229
64.652451
67.040920
73.821767
64.807608
64.635846
69.337694
64.493108
64.761484
74.045122
64.261834
63.936478
68.787003
64.317969
64.376512
73.644593
64.316529
64.355711
69.242252
64.627620
64.701272
74.015172
64.856397
65.065132
69.285344
64.598562
64.825009
74.095925
64.518502
64.691982
69.465669
64.702363
64.812226
74.280144
64.952141
64.919127
69.276731
64.504922
65.080272
72.676871
64.344806
64.206322
68.662765
64.179158
71.996604
79.440469
64.654447
64.544916
69.444304
64.376868
64.606093
72.286466
64.762393
65.061534
69.200906
64.743864
65.143588
74.183453
64.997855
64.888688
69.311728
64.971783
64.883746
76.239392
65.009820
65.373077
69.624082
64.871155
65.028169
74.725824
65.344914
65.469866
70.108947
65.229668
66.093093
75.061511
66.216484
65.675256
67.778324
65.499733
65.948892
74.875670
65.535559
65.163886
67.265691
64.995320
65.367893
74.538776
65.310345
65.187674
67.528599
65.390998
65.551098
74.754662
65.517379
65.269738
67.318882
65.250775
65.810528
73.565881
65.212931
65.106579
66.832234
64.695961
72.967957
80.008434
64.620451
64.603081
66.962064
64.515277
64.690851
72.696500
64.571521
64.558624
66.375947
64.546376
64.644097
74.351808
64.836294
65.031103
67.258361
64.983957
65.405646
74.854873
65.277174
65.160563
67.451150
65.093903
65.237428
74.599897
64.824686
64.823261
67.497181
64.399100
64.981982
74.125144
65.061838
65.082600
67.324745
65.239179
65.260228
74.071457
64.795039
64.174888
66.790409
64.096760
64.085772
73.626370
62.060640
61.626411
66.205683
63.892555
64.578793
73.421116
64.185615
63.831481
65.996358
63.803884
63.998835
72.008941
64.499423
64.126813
66.077456
64.076471
72.336366
80.017211
65.235012
65.280449
66.917293
65.067800
65.176186
73.120463
64.875834
64.995552
68.974948
64.658177
64.515816
73.885046
64.352466
64.455284
66.727527
64.781886
65.072621
74.241366
64.944808
65.042367
69.816395
64.658542
65.469318
74.598766
65.183344
65.287174
67.546002
65.136195
65.249094
74.661211
65.176484
64.890481
67.328032
64.977765
64.739135
74.021378
64.396262
64.657982
66.693705
64.349617
64.542648
73.783750
64.351246
64.112189
66.494791
64.095382
64.837474
73.870527
64.379079
64.200089
69.062090
64.400957
64.750157
72.487304
64.404279
63.933983
65.843198
64.137183
72.041174
79.225220
64.031804
63.942255
66.121844
61.300178
61.598085
71.644164
63.725122
63.610489
65.023225
63.071768
63.543436
70.695098
63.399809
63.478683
65.970293
63.436727
63.630614
72.897106
63.615737
63.645288
65.954708
63.832051
64.250030
73.424619
63.762320
64.126341
66.765653
64.415637
64.678857
73.980628
64.747385
64.554911
67.016791
64.788767
65.030451
74.406900
67.090268
66.902655
69.829080
67.116732
67.197173
74.448513
67.392359
67.088368
69.365958
64.738693
66.761873
75.454404
64.531911
63.972903
66.494753
64.019328
64.580172
74.463263
64.801229
64.587052
66.770360
64.829654
72.490116
79.275933
64.679796
64.411658
68.849496
64.271500
64.077229
71.447807
64.164920
63.621660
67.568015
63.777579
63.772697
72.954198
63.772358
63.610441
66.004878
63.921068
64.008980
73.267956
64.378376
63.784591
66.022271
63.711082
64.006062
73.153893
66.176636
66.214632
68.806545
66.093608
66.379614
73.233493
65.906483
65.891366
68.833672
66.007129
66.288120
75.703762
66.639117
66.645432
69.219738
66.684092
66.489179
75.542753
64.468019
64.168852
66.068821
63.734939
64.078174
75.152358
65.533714
65.564280
67.781127
65.661435
65.405196
73.357373
65.400982
65.255276
67.460540
63.354544
73.448682
78.117920
63.742335
63.276718
65.204942
62.901665
62.743086
70.480935
62.871242
62.455688
64.246369
62.229649
62.592427
72.352733
62.739765
62.609411
64.735092
62.290326
62.630901
72.239711
62.875103
62.494734
64.721245
62.802774
62.733221
72.203587
62.498857
62.552241
64.982806
62.312891
62.707308
72.288969
62.673004
62.887446
65.161488
62.816618
63.027596
72.340034
63.276232
62.913681
67.459152
62.943521
63.252557
72.224022
62.634876
62.668640
67.244302
62.859958
63.038602
72.433399
63.059083
62.952075
67.609496
62.698842
62.827213
70.940442
62.850534
62.788608
66.961062
62.598395
70.543017
77.510366
64.456766
62.335901
66.822529
62.805622
62.726263
70.633531
64.680836
64.519530
66.584782
64.236243
64.580764
72.048643
64.633860
62.118547
67.084760
64.286792
64.459408
71.923505
62.176747
61.753197
66.903636
61.892087
64.043733
73.717069
63.955074
61.772137
66.753495
62.278059
62.703514
74.024905
62.487495
62.081109
67.139579
62.539342
62.535856
71.883773
62.665623
62.628767
67.315261
62.405470
62.446687
71.823077
62.227455
62.374394
66.956258
62.438526
62.237112
71.686035
62.850252
62.597522
67.413965
62.601212
62.498921
70.582562
62.466890
62.545412
66.905365
62.754594
70.859179
77.493750
61.972866
61.943350
66.598496
62.353017
62.292671
70.202192
62.548896
62.414478
66.586379
62.285849
62.716282
71.840881
65.064294
64.702919
67.441919
64.911112
64.942432
73.917472
62.142619
64.505033
67.191205
62.154395
64.151614
73.870024
62.538895
62.509176
67.485830
62.398801
62.170381
72.030325
62.482375
62.562828
67.314187
62.472429
62.050921
71.366748
61.429938
61.669624
66.604799
61.218435
61.787987
70.846000
61.493250
61.391591
66.541005
61.608910
62.084606
71.459142
62.286664
62.152987
67.147362
62.458810
62.786990
72.736253
62.730724
62.223274
67.158641
64.469404
73.238339
78.114219
65.293953
65.153252
68.087984
63.152626
65.537957
71.323390
66.164620
66.160161
68.495991
65.948494
66.666091
75.045031
64.355963
64.093374
68.799280
63.692465
64.016808
75.190101
64.274921
64.149410
68.812188
63.816328
64.689220
74.000130
64.977742
64.701516
69.794347
65.121336
65.237585
76.886789
65.921712
65.573882
70.568838
66.158446
66.202595
75.087741
66.121183
66.609981
71.391397
66.964158
67.308994
76.346568
66.927603
66.813139
71.788746
67.194330
67.354692
75.780578
67.106204
66.964058
71.551102
66.770680
66.645946
73.723081
66.379762
66.966029
71.148062
69.126803
74.602640
83.595095
69.676406
69.287103
72.161058
69.168279
69.119276
76.516608
66.828663
66.752100
68.884957
67.221103
67.990689
78.774972
70.381088
70.275866
72.799417
69.690924
69.680898
78.354707
67.668656
67.490631
72.169000
67.327941
67.087703
77.511457
69.079448
68.593106
71.184328
68.700872
69.061468
76.872595
66.680773
66.599491
70.735842
66.537228
66.531750
77.049836
68.483136
68.153073
70.887664
67.909100
66.412515
77.189178
67.193129
66.996397
71.669193
66.743689
67.173777
75.432360
69.354486
69.134115
71.789762
66.853483
69.091085
76.087390
69.272552
68.838422
70.547847
68.680129
73.530672
82.674008
68.676245
68.120259
70.374288
67.983354
67.866791
75.353934
65.620707
65.437264
66.992735
65.290721
65.305554
75.955173
65.126269
64.662323
69.246105
67.036161
67.030281
73.157628
64.413825
64.037219
68.654280
64.245401
64.127289
73.119205
66.297075
66.002374
68.574691
66.150758
66.557041
72.556554
66.052171
65.783110
67.983455
65.894625
65.704934
74.447490
65.693422
65.713844
68.253243
65.669619
66.292952
74.906459
66.047296
65.984119
68.901418
66.536863
66.142971
75.211522
66.252996
66.366480
68.477706
66.109988
66.273175
73.826618
65.970358
65.433628
67.964625
64.324394
74.135687
79.127861
64.274563
63.846992
66.012930
63.352194
63.315902
71.458258
63.486550
63.309258
65.212614
63.310194
63.238709
72.794676
63.360022
63.296494
68.426379
63.732212
64.183565
73.450474
64.341114
64.112862
66.633685
64.185624
64.173927
73.685689
64.503611
64.179364
66.281197
63.960401
64.791169
73.619130
64.398837
64.262199
66.663672
64.007639
64.498458
73.982708
64.767251
64.440423
67.002349
64.377320
64.672987
73.962042
64.616764
64.706733
66.988967
64.389155
64.793983
73.434504
64.117661
64.043034
66.454509
63.858538
64.584996
72.546433
63.983345
64.161973
68.709400
64.386255
72.841956
79.784128
64.896685
64.536847
69.024086
66.455445
66.553945
72.459296
66.738182
66.596655
68.879764
66.792596
67.087251
73.900151
66.658680
64.297239
68.875549
66.326672
67.043159
76.538315
67.308560
67.425260
70.001428
65.048464
65.615880
76.635227
65.181153
65.069649
69.785366
64.772104
65.569986
76.456449
65.128811
65.113242
69.668484
65.033046
65.546819
74.580245
65.084107
65.217871
70.016228
65.482961
65.930044
76.839436
65.400972
65.103089
67.350304
64.796369
64.622212
73.629128
64.660014
64.224388
68.754053
64.142567
64.266629
72.257651
64.136951
64.268409
66.193238
64.696500
72.511914
79.464866
64.655548
64.256560
68.950779
63.869869
64.448842
72.304540
64.133156
64.238499
65.889415
64.151732
64.570154
73.863077
63.924125
64.216307
69.206489
64.521800
65.016556
73.826513
64.905585
65.148776
67.092451
65.134812
65.100828
74.228058
64.804420
64.689998
66.521935
63.952581
64.442327
73.633625
64.653994
64.604266
66.613162
64.683235
64.937971
73.854483
64.798304
64.547728
67.415663
65.247734
65.065787
74.328542
65.663920
62.897829
67.470702
65.002151
63.425585
74.625982
65.469457
65.234068
67.621188
65.421847
65.363669
73.606050
65.468607
65.760312
67.493536
66.108898
73.593578
81.091175
65.909668
65.933691
68.412466
65.832949
66.018526
73.867524
65.704748
65.678778
67.578780
65.523505
66.378816
74.995700
65.994119
66.082573
68.856252
66.310859
66.653487
75.511332
64.391920
63.577268
68.040635
63.589771
68.668063
77.895528
68.739486
69.553890
71.421701
70.892641
70.093004
77.234539
69.091238
68.995334
71.661381
67.909591
68.209641
74.984160
70.347832
68.843354
74.424806
69.460651
68.966301
77.799026
67.875417
70.832654
72.466903
69.995951
68.952554
75.605124
69.174469
69.843476
75.295977
70.286528
71.024205
78.594833
71.735722
74.656230
76.329268
73.468554
78.665212
88.344485
71.217404
71.555684
77.254070
71.287026
71.158652
79.367638
71.736551
71.623608
76.641457
72.325017
73.207895
83.209064
76.986272
77.125732
79.165865
76.212228
76.335761
84.929232
76.090768
76.228366
78.921298
76.109910
78.189805
84.502172
76.091161
79.020067
82.031645
78.406089
78.853911
85.725433
76.469302
77.048505
79.207569
76.120489
76.157803
84.652671
76.213078
75.332953
80.961956
75.077208
75.379828
84.145334
78.256153
78.107285
81.032456
77.724620
77.852433
82.755097
77.105081
76.907946
79.126164
78.791249
78.496635
82.026094
78.384555
78.673093
81.147338
79.737104
85.047909
91.576772
80.793446
83.143236
85.251491
81.083390
80.279608
86.257595
80.558083
80.396913
83.559943
81.911202
82.432517
85.553099
82.020682
82.279139
84.991320
82.868275
82.960923
88.137894
83.395842
82.575763
85.404723
82.656073
82.301569
87.165804
81.175135
80.605557
85.804236
80.954382
81.576499
89.867755
80.321985
79.879442
84.823113
80.193893
79.189082
86.292597
79.198950
79.385426
82.504491
79.715561
80.242351
85.948688
79.400197
80.179874
82.858115
80.497242
80.560558
88.267299
82.010413
82.694177
88.704223
83.331202
82.342834
87.786238
84.553699
84.759795
87.304289
85.087849
88.496809
95.686186
83.349117
83.062760
87.560749
81.700955
83.581745
85.827878
80.879692
81.349083
85.686052
83.742187
84.144710
90.572475
82.612672
82.573713
87.477462
82.907313
82.647759
91.392863
83.353090
83.507862
85.960710
83.632541
83.463240
89.623400
83.870100
82.770918
84.743738
82.182950
81.994559
87.766521
81.659042
81.648669
84.536114
81.393860
83.787228
87.886560
84.023248
83.433473
85.764727
83.486203
83.551811
87.976061
83.377548
83.145373
88.099673
84.638078
85.106008
88.385127
84.247617
84.971669
87.116099
85.408741
84.798975
86.056010
84.850493
85.195854
88.105187
85.618124
87.942967
91.367582
86.686360
86.623661
88.993684
88.879510
89.443484
89.948467
90.320371
89.472930
90.132819
88.376487
88.457886
89.788784
87.281577
85.577261
86.702987
84.657182
86.164422
87.353269
87.731010
87.083327
89.038177
87.072289
87.773356
87.803655
88.003510
88.836280
90.565295
89.503437
90.365372
91.444540
92.442880
93.718620
95.149516
94.307322
95.573657
96.339908
96.062396
94.941351
95.839783
95.280245
95.465901
96.963155
95.799829
96.296773
98.969186
96.840514
96.572424
98.674842
97.016236
96.238032
96.428082
95.605749
94.196846
95.596595
95.215792
94.054773
96.106312
96.056047
97.714142
100.000000
99.315992
98.708227
100.000000
96.894869
94.450383
96.802343
96.890066
96.448441
96.815813
94.028903
93.094496
93.941598
92.768258
93.043460
92.156915
88.402415
86.698671
86.170106
84.613026
84.638113
86.077495
87.647726
85.272863
83.865499
84.751307
82.985547
87.319186
83.301599
84.688298
86.094478
79.078631
81.487678
82.156990
77.831344
77.812188
85.923814
75.832324
72.875005
79.699756
73.478727
72.779155
81.454794
74.384098
72.261141
77.121081
74.701742
75.062212
81.023019
74.406108
72.370776
77.355748
74.426877
74.702696
80.143584
74.769501
74.731051
76.701424
72.757384
79.938641
85.017452
72.498120
71.680977
76.652504
71.836084
71.218562
76.218043
70.686215
70.069012
73.598611
69.733358
70.160365
77.414918
70.027464
69.912776
73.229429
71.886770
71.861651
77.340815
69.163678
68.898892
74.071822
68.387847
68.898658
78.208719
68.950380
68.230516
73.674043
68.254141
68.535589
75.970833
68.742890
68.943966
73.794219
68.455597
68.159496
76.323259
68.440875
68.643447
71.356051
68.953195
68.973566
76.310165
68.806933
68.598330
71.385988
68.679840
68.888537
76.067711
68.584432
69.148875
71.374108
68.487711
68.351670
73.974652
68.539837
68.445203
72.579789
68.527926
74.017074
81.696542
71.162015
71.397409
73.917144
68.950925
70.905292
75.248711
67.208379
68.884839
70.492743
68.639429
69.004535
78.527388
69.850459
69.634569
72.260506
69.446012
69.365419
76.830152
69.294319
69.508380
72.275840
69.460149
69.591306
77.340240
70.771801
70.062645
75.924747
70.671836
71.040884
78.356947
72.016574
71.359626
76.972720
71.707415
71.831813
78.271653
73.044341
72.477233
76.640525
73.294443
73.429514
80.644383
73.639011
73.098784
75.901539
72.386922
72.271188
79.258510
73.187081
72.717313
78.275131
72.751087
73.004478
77.989073
72.750228
72.712762
77.035958
73.120025
78.167195
85.617462
74.436824
73.480302
79.032712
75.858658
73.877820
79.064058
73.598514
73.345492
78.112625
74.233348
74.538651
81.398130
77.256346
76.504422
79.370697
76.491984
77.213639
80.853334
77.035659
76.783647
79.749024
74.674097
74.779168
82.387925
73.962690
74.609674
79.304975
74.289307
74.291199
81.137930
72.692484
72.278653
77.290001
71.732813
72.215694
80.443568
74.037734
73.954142
79.198138
73.591651
74.219640
79.292182
74.369822
73.618496
76.856771
74.188605
74.062604
80.606489
74.293339
73.399149
76.876665
71.673322
71.399352
78.401907
73.191118
73.088904
75.259323
71.693594
76.935197
83.558653
72.403158
72.006244
76.673740
72.164148
71.724936
77.308146
71.823136
72.004257
76.083225
71.826216
72.386288
79.158444
72.438211
72.662235
77.403022
72.361341
73.321677
79.638262
73.707960
73.631580
78.142137
74.120826
74.170361
80.657684
74.298796
74.199327
78.635269
73.827347
73.957397
80.662247
73.516426
73.051875
77.819499
73.286150
73.767913
80.415467
73.648325
73.393832
78.210758
73.763784
76.044824
81.108755
74.039493
73.714114
78.573333
73.868864
73.598509
80.776829
74.383592
74.077560
79.089378
74.010057
73.924637
78.285667
73.903125
73.693720
75.684644
74.049642
78.900468
85.626590
75.361810
75.193111
79.101449
74.199511
74.125895
78.965684
74.445235
76.037507
77.919320
75.873126
74.360270
81.194765
76.130636
75.901114
78.877597
76.191014
77.020291
83.059873
75.164518
74.853588
79.199445
74.586845
74.771013
82.714203
74.720102
74.183355
78.416277
73.507703
74.089193
81.862278
74.220878
73.546164
77.977423
75.146005
75.578966
80.838318
75.545723
75.694548
77.677172
75.134928
75.338484
81.556641
75.531292
75.494204
78.212453
75.423068
75.295942
81.408370
75.256279
74.963345
77.975052
74.815108
74.984058
79.613803
74.921824
74.819743
76.617322
74.473437
79.236247
84.586971
76.828238
75.091863
77.500802
74.485129
74.791115
77.694448
74.622209
74.300510
78.182074
76.440631
76.556565
79.714792
76.538648
76.449144
78.998613
76.105937
76.145435
79.778977
74.595384
74.185376
77.315082
74.628959
74.672436
80.297172
74.584379
74.419796
77.278561
74.709555
76.749070
80.545295
74.890864
74.961038
77.629041
74.577651
77.026432
80.651900
75.524689
75.294718
78.103572
75.257068
75.361254
80.440173
75.272684
75.137426
77.572613
75.200579
75.854586
80.440853
75.680087
75.585572
78.039674
75.128824
74.941338
77.928286
75.160621
76.520609
76.486696
74.761740
79.435962
86.184153
75.607531
75.120793
77.415524
74.394122
74.471466
78.132889
76.308885
75.905547
76.200668
74.136482
74.346372
79.657357
76.100124
75.862787
76.848881
73.975551
74.330102
79.553232
74.421731
74.104214
77.157738
74.185852
74.440878
78.701661
74.406574
74.867269
77.659067
74.926483
74.968806
80.747382
75.415498
74.975688
77.647625
74.763792
74.975653
80.364776
76.999078
76.884199
77.918638
77.144370
76.903383
78.596074
76.905609
76.714266
77.461519
76.821056
74.797434
80.068784
75.168608
75.004109
77.943542
76.774567
76.791864
78.299796
74.689527
74.858733
76.590471
74.584398
78.096666
87.071269
75.531202
75.271714
77.797315
74.550613
74.196438
77.200633
74.132826
73.830181
74.314315
74.446532
75.014398
80.009100
72.892695
73.093825
77.931545
73.042217
74.840486
79.700393
72.258903
71.960972
74.712640
72.077794
72.170875
78.012450
74.020585
73.887261
76.424003
73.726389
73.733847
77.700810
73.952443
74.099414
77.278745
74.230764
74.287755
80.139300
73.944891
74.128418
77.079562
74.297657
74.431215
79.849753
74.603465
74.178122
77.172235
74.330297
74.542670
79.409204
74.115696
73.980585
77.102702
74.336009
74.475658
79.523168
74.192816
74.360265
76.404465
74.269359
79.179410
84.806768
74.641190
74.528120
77.049245
73.442459
73.859738
77.119379
72.067354
72.334783
75.806948
72.123254
72.363779
80.808657
74.196040
74.224049
77.632257
74.937855
73.347249
79.381742
74.710074
74.709583
82.302209
78.603567
80.219427
84.378899
81.506344
81.968878
83.889727
83.460737
84.347833
88.236160
83.775577
83.210499
87.629965
85.108977
86.769723
90.155222
85.258437
85.521948
89.318749
83.748912
84.997720
90.666656
84.977478
83.631909
84.897282
82.257655
81.376319
87.360377
83.566536
85.062546
86.153651
84.289562
85.575659
90.067076
87.695985
88.005131
88.876290
87.604187
88.616295
94.646337
90.166428
89.586527
90.688003
88.617295
88.908910
89.347507
90.008969
89.760939
91.306591
90.135435
90.304643
91.328129
90.465821
90.893475
92.645102
92.099669
92.885309
93.146928
93.394405
93.415182
94.258217
92.127708
91.934645
92.858684
93.090029
93.263689
94.399585
93.110020
93.188203
93.033382
92.695102
91.921044
92.378231
91.447339
91.329411
90.036482
90.963542
90.938098
92.459104
90.986709
92.148748
90.779826
91.483431
91.881984
93.409623
91.317666
91.940004
92.991521
92.466783
92.959886
95.099622
93.061184
93.067782
93.012387
93.106025
92.760358
96.260968
93.654163
93.041923
94.184073
91.992306
90.722926
92.535449
91.310077
91.268143
90.454544
87.652149
88.000251
86.769859
84.968197
83.346804
90.178546
81.851898
79.445258
85.868707
77.244407
75.404625
85.962825
73.389058
72.949704
75.411733
74.958011
72.877086
78.250777
73.404744
70.944671
75.630983
72.889752
72.558865
77.701752
72.716595
71.965027
72.209764
72.063095
72.777952
78.093698
73.605824
73.261312
76.511610
73.525288
74.149629
80.245312
71.755278
71.449205
76.061067
71.808452
72.399555
80.643165
72.233679
71.777459
76.608933
71.336989
70.705990
76.077507
70.379269
70.299322
75.230956
70.778059
76.765607
83.380684
71.899131
71.311442
76.504906
71.826322
72.576200
78.794633
72.895085
72.656848
76.242903
72.082787
72.564619
79.064572
72.044797
71.728125
73.615556
71.123022
71.847335
78.867951
72.149885
71.830432
74.336289
72.109198
72.715820
79.384837
72.911445
73.185780
74.979264
72.151745
71.930004
79.668452
72.051487
71.792407
76.386078
71.323467
71.358467
78.274518
70.697028
70.805134
75.442826
70.281649
69.773765
76.770103
68.948794
68.859397
73.701288
68.410450
68.612847
75.389784
69.231849
69.147688
73.569242
68.952048
69.236477
75.293914
68.456456
68.307055
70.787335
68.388919
75.545967
81.828876
69.151978
68.730671
71.626004
69.207325
69.699940
75.170732
68.596908
68.535192
73.089097
68.988986
69.775928
77.174728
69.082459
69.303970
71.852317
67.478625
67.888624
76.760857
69.960587
69.787925
74.658348
70.373473
70.230840
75.164509
67.642903
67.767275
72.307670
67.727877
67.601236
76.269178
67.426021
67.507269
71.481434
66.934547
67.551154
74.788323
69.103342
69.042037
71.337999
66.995639
66.841363
76.951909
67.132975
66.943290
71.297330
68.819576
69.590527
74.827739
69.421835
69.307405
71.406762
69.195198
68.883492
75.612897
66.541290
68.378655
70.075932
68.618623
75.256045
81.328882
67.415991
69.513548
74.721015
67.517213
67.715789
75.211393
69.437139
68.825108
70.733515
69.073786
69.124462
76.475919
67.252308
67.240603
71.486750
67.309222
69.660976
76.740487
69.127198
66.739892
71.479088
69.302276
67.694491
77.282002
69.836828
69.486612
71.436501
68.871771
68.971942
75.590191
69.350860
68.393806
77.239411
74.521402
73.742432
82.043170
73.251015
73.694859
76.785137
71.096762
71.412635
79.644926
72.009583
70.565033
78.073379
72.149622
73.200236
81.105732
75.399095
75.343124
80.823489
75.394939
75.157217
80.828107
74.580912
74.442123
78.974410
74.791675
81.254092
88.807475
77.714624
76.713441
78.811790
74.802968
77.820107
82.481988
77.033466
77.333277
79.762970
77.338318
77.745447
84.149531
77.082112
76.909616
82.571156
79.468850
81.210781
84.075571
80.819516
79.990387
82.909170
80.711862
80.234609
85.622250
80.608258
79.442514
83.043642
79.000333
78.713673
85.527998
79.755759
80.947091
85.644009
80.181013
80.515899
86.042176
79.233755
79.509320
85.550331
81.195166
82.146725
85.960062
80.206431
83.302895
85.657961
83.119374
82.313351
86.930819
81.767832
81.848074
86.171829
82.880067
83.550559
88.318104
85.136023
86.183382
89.390145
86.184203
92.639252
