79.001120
72.017980
81.047104
73.685548
77.994676
74.340417
84.701891
72.035675
77.461332
72.607003
75.886499
72.595684
80.523361
71.329917
76.017196
72.021212
75.756412
72.336122
79.103988
71.244153
75.768977
71.560820
75.352865
72.030400
78.159014
71.252609
75.154484
71.234657
75.033137
72.061549
77.722189
70.375852
74.784333
71.308670
74.603007
71.565154
78.203438
69.581660
73.815619
70.384311
74.015056
70.430138
78.067782
69.007328
73.730657
69.458697
73.127848
69.641299
76.561839
68.298397
73.503112
68.655877
72.262576
69.114655
74.726108
68.986073
72.598758
72.667202
69.919916
74.691804
74.521325
68.333115
71.618159
69.252587
71.490167
69.289866
73.179037
68.462834
71.480378
68.581192
71.168478
69.024162
72.629324
68.114778
70.998576
68.688073
70.809104
69.246855
73.066358
67.813541
71.751531
68.446571
71.852420
69.566868
73.217009
67.994598
71.757755
68.560114
70.755007
68.834596
73.070044
67.405121
70.958431
68.196807
71.551497
68.029400
72.740679
67.581137
71.722844
68.284605
71.457879
68.492928
72.944939
67.405215
71.528310
68.388357
70.761076
68.948630
73.166312
67.889575
71.868175
68.691611
71.457949
68.808889
73.258381
68.564707
72.010510
71.815154
69.171655
73.991144
73.249521
68.407121
71.775952
69.370005
71.509932
69.740760
73.975347
68.285568
71.706840
68.796019
72.006085
69.555196
73.399665
68.732577
71.439338
68.743687
70.791675
69.362811
72.968137
68.186033
71.564294
68.478297
71.115936
69.325161
72.835709
68.614455
71.901607
69.442730
71.516150
69.470411
72.741228
68.777308
71.465005
68.756472
71.016508
68.350490
72.206307
67.627364
70.576775
67.314402
70.133500
68.094355
72.098144
67.456332
71.325099
67.915440
70.720954
68.717651
73.167480
67.947337
70.926435
67.998630
71.052208
68.476278
72.669090
68.946487
70.817761
70.972924
68.977956
72.644441
72.906519
68.925458
71.953754
69.213951
71.236024
69.531863
73.474914
69.007500
71.588504
69.000684
72.129412
69.695827
72.980669
69.111489
71.999725
69.112898
71.752384
69.341013
73.475679
68.999086
71.901949
69.323541
72.180362
69.524479
73.379264
68.736375
72.264304
68.598167
72.066354
69.528085
73.548342
68.264870
71.425334
68.422337
71.635248
69.260234
73.579012
68.317699
72.762385
69.024479
71.759616
69.866907
74.113628
68.348942
72.444291
69.318689
72.365409
69.747504
74.330707
69.556472
73.102770
69.559964
73.131276
70.427232
73.980734
70.151712
73.146683
72.957909
69.773981
73.972481
73.417078
68.054420
71.658533
68.630406
71.771307
69.471303
74.027140
68.694131
72.780526
69.284272
72.355859
69.431865
74.439334
68.876228
72.680336
69.118517
72.394135
70.033501
74.841886
68.860955
72.524788
68.854241
72.219881
69.791072
75.032550
68.815380
73.210727
69.691010
72.770956
70.746842
74.971050
69.048166
73.305956
69.179139
72.406583
70.688036
74.903232
69.562528
72.933114
69.453671
72.897390
70.969710
75.146279
68.569312
72.498539
70.066809
71.989876
70.048035
74.153454
68.773347
72.147355
69.461402
72.028525
69.812231
72.998576
69.160450
72.204764
72.005671
69.650351
72.958879
73.381053
67.647126
70.542337
68.087113
71.152672
68.496131
72.665155
67.370482
71.730043
68.098766
71.823624
68.638985
73.066893
83.395605
84.014085
83.937817
86.007273
82.236283
82.714241
84.140149
84.129573
81.808676
82.540605
81.230126
86.953557
88.756536
90.116395
88.755857
91.583543
90.344161
93.929326
94.780050
96.206385
95.610088
97.235258
96.413585
98.573184
97.050826
99.729090
96.685740
98.129901
96.051607
97.361371
93.438368
96.242171
94.376609
95.977809
94.596874
95.464010
92.159887
94.487026
90.825327
93.935140
92.235669
94.614231
91.879677
92.866794
92.125614
91.044694
90.565428
89.692843
89.357410
89.841470
87.259365
88.156903
87.356435
90.283962
84.383480
87.953111
83.936765
86.788577
85.126679
87.484334
84.510301
86.154241
84.657522
85.846397
84.975425
85.717064
85.477613
86.565526
85.477811
85.781700
85.249910
85.440478
85.509879
86.527441
85.696034
85.849861
84.618212
84.288730
84.730405
83.973342
83.742286
83.962450
84.140449
83.652813
84.924859
86.479829
85.262374
86.825955
86.488926
85.938026
84.705911
85.163874
84.773058
85.491380
84.570065
83.499516
81.270162
82.896058
81.608890
82.761062
83.202815
82.867940
82.225409
83.454492
83.909445
82.622100
83.416309
84.322157
85.113378
85.579224
84.525666
84.627863
83.540060
86.201322
84.639374
86.740024
85.720000
85.734081
84.284270
84.561067
84.800601
86.151696
84.282610
86.230392
84.077719
84.036603
83.990077
86.883352
85.635843
85.746854
85.368570
84.147951
83.505254
84.788810
83.963436
85.001476
84.176536
84.035807
84.395371
84.280177
82.629765
84.240789
84.259891
85.237841
84.939786
85.266214
83.421304
83.746435
83.662602
81.919391
82.402042
83.986711
82.614276
83.710731
82.830725
80.375212
82.670313
82.275821
80.969573
82.380974
81.177991
79.219298
81.027317
82.191908
83.618147
83.753488
80.540423
82.173208
84.162702
85.770486
82.827978
83.646070
82.297413
83.855330
82.419643
83.166528
83.277136
84.846700
83.443466
82.606218
82.831721
86.066325
85.042807
86.074666
84.186724
82.859847
84.202593
85.165908
83.096319
83.441090
83.378017
82.679172
85.022095
87.544624
85.848939
85.355879
83.363918
81.656911
82.095343
84.358800
82.569500
85.206893
83.343655
83.156799
83.431799
86.057585
84.818759
86.087504
85.025655
83.705090
83.549034
85.079212
83.264802
82.949186
82.486489
83.468278
82.577650
84.537138
83.167607
84.643880
83.634765
83.191991
83.340013
84.330330
84.239137
83.526520
81.526018
82.868649
82.858597
85.532550
83.749748
85.351556
84.624247
86.072570
83.014247
84.266080
83.589233
83.661617
83.312938
83.445220
83.502893
85.172885
84.455594
86.237096
85.318594
85.200633
84.331199
85.853267
84.722325
86.237635
84.625017
84.175411
82.797996
86.209389
84.566242
85.797826
84.548738
86.275929
81.775666
83.342639
81.086719
82.341095
81.688224
82.491695
80.964501
81.837536
80.307380
81.945197
80.013433
80.841169
80.108406
82.258966
80.090855
81.753272
80.458577
80.492975
79.046774
81.148895
79.501060
80.314502
79.148398
80.195934
78.387632
81.864505
81.639639
79.968054
81.895075
81.600816
81.364607
82.311212
81.856992
82.855202
82.341282
82.187091
80.678941
82.053660
79.878014
81.312016
79.552655
79.961713
78.577323
80.660844
78.536227
79.609347
78.567290
80.012410
78.039784
79.561685
78.401416
79.419485
79.033952
79.594773
78.999534
80.369562
79.955159
80.453574
80.088889
80.265647
80.039228
80.437677
79.265636
79.788239
79.128200
79.398396
79.276207
80.824632
79.274007
80.373571
79.624757
79.106957
79.352821
80.667581
79.291862
80.451796
80.094698
79.905198
80.911472
82.731834
81.472646
82.780433
81.146835
80.413375
81.784164
82.847297
83.868730
82.736017
82.065066
82.749777
81.192790
82.368365
80.807064
82.193302
81.122993
82.527835
79.807581
83.687339
82.463520
83.627602
81.936311
82.554429
79.949715
82.936214
80.138037
82.896680
81.100083
83.145301
81.111745
84.012843
81.478273
82.994395
81.691951
84.124099
81.298981
84.424211
82.315931
82.912207
81.638860
81.860584
81.818207
83.286674
82.356861
83.654361
81.442384
81.892583
80.460206
82.715983
81.904052
83.075940
82.100911
82.569035
80.669608
82.304533
81.351034
81.965481
81.449619
81.607036
82.071907
83.870570
83.443623
84.524100
83.771875
84.494845
85.374135
87.068983
87.900304
85.704667
84.885919
85.315917
87.472246
88.648608
86.921110
87.528335
86.247094
87.783065
85.961353
87.932731
86.490371
87.796742
85.349719
86.206430
84.551638
85.085254
83.135527
84.544390
83.055107
84.228403
82.385405
84.814742
83.367792
84.597899
83.338310
84.641974
83.180059
83.957846
83.412303
84.854058
84.072405
85.386865
87.331535
88.296530
87.671380
88.513056
87.421095
87.124827
88.042403
88.228746
87.910206
89.313279
88.292403
86.370908
87.536814
88.109324
86.057639
88.816139
88.646324
88.354103
87.854339
89.278586
88.192186
88.911150
88.401356
85.507537
87.997562
90.790417
90.357041
88.626867
85.285763
87.229683
87.217254
89.852369
87.787675
88.730208
86.944238
85.955301
85.271864
87.982172
85.216594
87.037463
85.606162
86.100978
87.149903
89.149111
89.077159
90.335374
89.751018
88.494370
89.961498
91.175591
90.199342
92.123089
89.291735
89.180413
89.679469
90.563214
90.650421
91.819805
91.855811
90.824898
90.243562
92.937666
89.989920
91.838321
89.757746
90.467461
91.409333
91.792175
90.541625
91.535351
89.608323
89.094842
91.583523
92.482457
92.451870
93.065411
92.117915
90.236565
90.305283
92.330733
89.198164
90.850601
88.079678
87.567200
87.754406
87.980895
88.801428
87.601863
85.768369
87.575393
88.194514
89.974707
88.980408
89.815323
88.371218
90.201294
89.259347
90.748501
89.353535
90.240536
87.686250
88.396897
86.672060
88.450962
86.269880
87.197055
85.571092
87.184749
85.505324
87.756878
87.713062
89.784453
88.804046
90.699805
90.751518
90.939947
90.342655
92.570319
90.526504
88.720223
88.740858
90.401839
89.875867
89.254125
88.879285
88.007248
89.314307
90.308952
89.226101
91.162280
90.041956
89.316724
90.987716
92.704697
91.300032
93.087109
90.549632
90.507172
92.258108
93.502354
92.745169
92.302880
91.797280
91.836899
94.430630
96.889103
97.757422
95.377721
93.951611
94.727187
96.889569
97.405826
97.272837
98.020724
97.542146
97.889387
98.673937
99.019031
98.028989
99.020724
98.584570
96.682561
96.097136
98.200924
97.578825
98.438740
97.773888
97.522995
97.544294
98.802619
96.996072
97.182825
96.493802
95.590390
96.529755
95.907064
95.446149
95.178362
94.856085
92.037360
94.286712
96.391740
94.794291
95.059903
94.762279
91.498888
94.496893
95.397833
95.268986
95.465681
95.997405
93.465266
93.355421
94.926280
93.848090
95.226452
94.744452
92.891147
94.587367
95.776608
95.356037
97.019083
96.580073
95.147964
96.230650
97.470483
96.730067
96.123544
93.959737
94.375883
96.350095
97.088612
96.390295
97.637463
97.690232
95.459482
96.704349
98.618831
97.866441
98.338539
97.275247
96.514591
96.825462
98.975730
97.089660
98.592168
97.294471
97.303906
96.647517
98.034696
96.762396
97.926607
96.930453
96.164842
96.351359
98.660787
96.323099
96.268638
96.221277
94.890880
94.660445
95.941462
95.193159
96.190571
95.549039
94.066444
95.254233
96.752208
96.440972
97.121457
97.994225
97.050516
98.191634
98.791448
97.724926
98.615602
97.263457
96.857667
85.774584
83.979339
70.766366
75.425996
71.089163
77.403123
66.989663
73.116052
70.125573
67.955238
75.882833
71.501628
65.631647
70.005692
65.556065
68.159482
66.041943
72.353548
64.951721
68.593100
65.897066
67.875070
65.837512
70.659694
64.159817
68.384273
65.802678
68.188293
65.906501
70.272917
65.639969
68.392494
65.550000
67.830339
65.645013
70.668073
64.983806
68.204768
65.778043
68.067745
65.940253
70.286614
65.272929
68.597263
65.794290
68.633461
66.250860
70.410784
66.021283
68.969819
67.251352
68.940524
67.474302
71.454605
66.507960
69.822096
66.599660
69.591932
67.137897
71.233769
66.466404
69.985158
66.695092
69.651219
67.671728
70.525264
65.976398
69.246499
69.549596
66.468213
70.420418
70.392461
65.432365
68.532871
66.688429
68.633846
66.670924
70.908078
66.494566
69.211419
66.618214
68.596825
67.044278
71.055257
66.004842
70.209482
66.709879
69.649493
67.225003
72.003266
66.741982
69.669215
67.472528
69.545984
67.909794
71.604351
67.055105
70.021957
67.400220
69.814162
67.684069
71.598825
66.769671
70.386354
68.037222
70.400490
68.424910
72.123515
67.361919
70.476722
68.279967
70.787459
68.200085
72.016642
66.786633
70.671262
67.591896
70.238947
68.711239
71.780145
66.790382
70.374280
67.951940
70.042357
67.735205
71.362052
67.136999
70.904584
70.083294
68.358425
72.289411
71.391662
66.805154
70.381922
67.560755
69.993746
68.171287
71.374681
66.370446
70.079847
67.874006
69.706445
67.690316
71.860042
66.744428
70.719297
67.778284
70.506136
68.653590
71.996553
67.973928
70.833592
67.599540
70.307851
68.822293
72.342188
67.610365
70.864268
68.361370
70.514703
68.821501
72.401209
68.025788
70.791068
68.135873
70.957930
68.644714
72.564370
67.630141
71.137013
68.197870
70.856236
68.615535
72.580645
68.261853
71.143296
68.536133
71.161276
68.768669
73.003643
68.090527
71.358496
68.713972
71.265885
68.978012
72.630296
68.724877
71.042075
71.053074
68.759074
71.854852
72.021987
66.459769
70.100114
66.940232
69.830901
66.735047
71.789893
65.552959
69.646440
66.558151
69.296927
67.068191
71.956440
65.907918
69.907039
66.481383
69.771708
67.545101
72.329341
66.398413
70.443607
66.591075
70.268173
67.757420
72.829006
66.727671
70.270261
67.107665
70.252505
68.049943
73.138948
66.877045
70.900032
67.797642
70.340499
68.082785
73.061184
67.805170
71.107311
68.306861
70.680112
68.775393
73.065431
67.666679
70.970411
68.287572
70.966608
68.403524
72.609770
67.651797
70.860621
68.175107
70.701732
68.319107
72.301365
68.006395
70.853667
71.260349
68.677566
72.344344
72.160656
66.911671
70.468000
66.984640
69.228407
67.467437
72.520755
66.428057
69.759960
66.579219
69.115965
67.367151
71.637853
65.947703
69.435373
66.715140
69.228439
67.930032
71.866645
67.410135
70.915280
67.629576
70.645760
68.753612
71.988670
66.811120
70.916275
67.478408
70.243960
68.132160
72.143734
66.496925
70.824073
67.488088
70.170431
68.418302
72.244036
66.028954
70.535285
67.274048
70.375203
68.818290
72.447725
67.274862
71.467067
68.490214
70.794098
69.558151
73.241612
68.013208
71.798944
69.354580
71.630742
69.933480
72.443347
69.311204
71.640876
71.796489
69.715233
72.988002
73.683719
68.600926
71.026548
69.335277
71.507725
70.005891
72.650847
68.158504
72.099910
68.778592
71.095054
69.368708
73.449408
68.255547
72.262027
70.130800
72.140916
70.400699
73.284916
68.709018
72.893701
70.906901
72.828844
71.562445
73.997022
68.797399
72.101998
70.551017
72.379159
70.953123
74.476450
69.848652
73.298765
71.376811
73.137639
71.242289
73.918760
70.468890
72.700447
70.818167
72.664467
71.451634
73.741187
69.631879
72.614174
70.589657
72.403356
71.279445
73.716036
70.110004
72.622447
70.788134
72.562620
71.171100
73.400314
70.839435
72.528232
72.667536
70.920678
73.047049
74.176059
70.441474
72.641320
70.526283
72.772888
71.102912
73.674606
70.239765
73.382957
70.426023
72.721321
71.038560
74.008860
69.727144
72.320675
70.137027
72.157550
70.121220
73.130068
69.048753
72.170448
69.173722
71.916856
69.761379
73.183555
68.369077
71.581985
68.942218
71.280204
69.150071
72.871550
68.224098
71.730088
69.494065
71.422265
69.323839
73.338025
68.681382
71.825669
68.511813
70.803638
69.149027
73.257562
68.510023
71.508071
68.881356
71.250994
69.063182
73.334693
68.475538
71.798660
69.248734
71.704787
69.713536
72.855728
69.203883
71.911116
71.765652
69.868632
73.480657
73.702640
67.667219
71.536205
69.223067
71.568185
69.664261
74.124594
68.634690
72.126807
68.618434
71.497167
68.976125
73.833756
68.250177
72.014140
68.965555
71.673420
69.049255
73.825205
67.979469
71.933160
68.366859
71.502581
69.465351
74.016650
67.494294
71.210845
68.235139
71.266914
68.690847
73.599760
68.261889
72.005087
68.638554
71.600614
68.940720
73.853321
68.379031
72.290707
69.260856
71.665335
69.297509
73.985481
68.451971
72.052439
68.670190
71.444759
69.364028
74.131328
69.257836
72.171220
69.160634
72.161621
69.412411
73.313784
68.778082
71.902097
72.000551
69.342374
72.885040
73.249598
67.712733
71.024278
68.177901
70.256068
68.972301
73.097408
67.941929
71.628679
68.460595
71.055411
68.953723
73.268739
67.929784
71.490215
68.066301
71.374847
68.807997
72.753590
68.760863
71.719102
68.417776
71.679250
69.477734
73.802417
67.904124
72.120163
68.985134
71.551596
69.710428
74.050757
68.552386
71.711373
68.936076
71.709988
70.072077
73.825847
68.834033
71.830509
69.200836
71.260469
69.401569
73.147999
68.917903
72.093344
69.398335
72.087018
69.921593
73.576554
68.581373
71.979534
69.297335
71.394296
69.616369
72.999273
68.788864
71.741030
71.131529
68.900137
72.370739
72.423682
67.156229
69.981923
67.490353
70.384059
68.135262
71.687506
66.584144
70.803887
68.107375
70.366344
68.870545
72.657875
67.663695
71.316563
68.508929
71.212069
69.451654
73.573576
67.387549
71.416028
68.130456
71.281475
69.046866
73.413310
67.315618
71.259340
68.180313
70.761241
68.940549
72.793067
67.220686
71.348389
67.860796
71.150053
69.125910
72.977387
68.163093
70.607494
68.280593
70.399854
68.162919
72.648360
67.516230
70.719452
67.924507
69.940810
68.652886
72.049249
67.581288
70.295154
67.444038
70.475310
68.231183
71.241887
68.035712
70.746223
70.983719
68.411101
72.192429
73.316023
67.882082
70.913306
67.867008
70.987313
68.968634
73.954832
67.158939
71.126481
68.080172
70.701711
68.080012
72.800399
66.940967
71.140033
67.731302
70.415098
69.127429
73.266971
67.502445
71.674962
68.586487
70.875059
69.718759
73.886437
68.786405
71.939445
68.740334
71.258279
69.007181
73.576462
68.463126
71.480523
68.761220
70.775615
68.623466
72.994112
67.917106
70.913777
68.222707
70.493786
68.773121
72.856984
67.657593
70.745943
67.895000
70.581708
68.966973
72.950603
67.877596
71.045839
68.471554
70.955795
68.765025
72.407924
68.136148
70.831662
70.624675
68.625480
71.958222
72.227033
66.856160
70.679670
67.740340
70.421628
68.563757
72.378462
66.852948
71.003988
67.282891
69.989316
68.219581
72.890501
66.459659
70.576739
67.618305
70.870154
68.115941
72.598124
66.733089
70.985913
67.439018
70.458049
68.932107
73.584524
67.602737
71.611241
67.830256
70.821942
69.058364
73.884082
68.507635
72.013700
68.657506
72.014061
69.426654
74.310433
68.430478
72.419276
69.235134
72.149776
70.084453
74.625819
69.111554
72.725302
69.305934
72.118593
69.384240
73.859268
68.532999
71.741450
68.922552
71.563012
69.911176
73.288615
69.129679
72.254488
72.689320
70.429525
73.495130
73.997931
68.303592
70.885470
68.144110
70.938650
68.202297
72.408389
67.655814
71.024003
67.655250
70.448669
67.573520
72.237764
67.295067
71.000983
67.473522
70.639648
68.133961
72.154707
67.253983
70.738144
67.170146
70.405576
68.102888
72.826906
67.029393
70.944367
67.967155
70.562849
68.189356
72.639305
66.914948
71.072098
67.805726
70.406858
68.302932
72.974985
67.350626
71.147311
68.508747
70.628443
68.411012
72.859188
67.486694
70.738679
67.453716
70.640590
68.032444
72.556281
67.459751
70.614419
67.589249
70.160431
67.532410
71.222485
67.469073
70.643825
71.489389
67.982810
72.190980
72.882274
67.008092
71.011429
67.222833
70.566961
67.769470
72.612055
66.466992
70.501666
66.967834
69.832063
67.146301
73.038462
66.481087
70.363977
66.487294
69.291481
66.914539
72.310612
66.365342
70.151555
66.436045
69.324701
66.923822
72.221499
66.330611
69.993722
66.463247
69.753519
67.153923
72.336598
67.114676
70.432739
67.408259
70.441920
67.401306
72.830355
67.390921
70.734613
67.437645
70.190264
67.429652
72.746954
67.037161
70.651628
67.614159
70.374687
67.725743
73.115844
67.244811
71.174463
67.843974
70.473287
68.041787
72.310158
67.315826
70.769500
70.826981
67.664986
71.879432
71.925354
66.353918
69.852965
66.848074
69.944903
67.103562
72.043446
66.434547
70.126541
67.167617
69.658561
67.010485
72.143975
66.533188
69.691860
66.867173
69.731870
67.475032
71.843632
66.288753
70.469191
66.583847
70.300013
66.869303
72.308677
65.722036
70.052756
66.443335
70.029777
67.187586
72.869966
66.008587
70.164310
66.834072
70.109915
66.774919
72.954930
66.539024
70.736238
66.600885
69.472476
66.703764
72.186578
66.022443
70.170994
66.603824
69.907795
67.286367
72.176919
66.487625
70.691523
67.866795
70.384429
67.736918
71.782277
66.489356
70.011430
70.124861
68.002232
72.043374
71.163974
65.218933
68.825071
65.381754
68.957056
66.583477
70.646469
65.720239
69.823685
66.301630
69.549906
66.843752
71.206302
65.815983
69.768012
66.446731
69.808305
67.110705
71.557349
65.622997
69.874262
66.235985
69.367041
66.841203
72.313553
65.865812
70.305356
66.372886
69.568830
66.866479
71.298279
65.658668
70.010307
66.350150
70.065069
67.200218
71.510209
65.310590
69.355797
66.152091
69.286405
66.816052
70.975730
65.413959
69.412929
66.364607
69.474674
67.324951
71.414060
66.172484
70.023089
67.137329
69.935530
67.826758
71.659585
66.679606
70.258053
70.506548
68.004961
72.192703
72.443284
66.046669
69.817304
67.144621
70.062839
68.037792
72.026086
67.360811
70.641129
67.988580
70.088404
68.273512
72.203771
67.741165
70.530354
67.849346
69.871212
67.902712
72.239570
67.428312
71.182809
68.039355
71.065156
69.306016
73.604674
69.082358
72.089652
68.947233
72.064118
69.697413
74.054439
70.039872
72.618219
70.396494
72.536851
70.365509
74.549431
70.293642
73.818083
71.300737
73.895071
72.119493
75.913487
71.309069
74.324401
71.368944
74.077841
72.253542
75.539111
71.005335
74.302290
71.303845
73.878981
71.392619
74.881815
71.025438
74.400357
74.268431
71.623968
74.874745
75.344832
71.297401
73.975159
72.265072
74.311498
72.068349
74.979616
71.778818
74.297712
72.445684
74.697319
73.055139
76.169427
73.364131
75.702909
73.625171
75.261385
73.162954
75.842489
72.276090
75.603564
73.384259
75.561458
73.202969
75.317544
72.068652
74.896122
72.387887
74.777785
72.968517
75.316647
71.917432
74.976106
72.093158
74.544118
72.802978
75.444779
71.748352
74.044424
72.153983
73.802891
72.390278
75.493369
71.922922
74.768553
72.033532
73.981657
72.521079
75.630275
71.868544
74.582438
72.107856
74.006697
72.279148
75.191696
71.405078
74.112558
73.720792
71.637011
74.451558
74.155298
69.545659
71.980475
69.822468
72.084840
69.890261
73.448431
69.217401
72.409050
69.255977
71.860501
70.208427
73.222372
68.338041
71.809900
69.062971
71.288765
69.602607
72.555855
68.191598
71.273999
68.375854
70.884942
68.632693
72.317569
68.238276
70.823643
68.427189
70.352364
68.939747
71.698620
68.067073
70.551804
67.931270
69.888053
67.948692
71.462874
67.361221
70.402686
68.155228
69.921744
68.191705
71.722798
67.469404
70.824297
68.316017
70.718738
67.927049
72.209811
67.986190
71.271448
68.737516
70.958386
68.867400
71.071345
68.473466
70.760503
71.433672
69.989181
72.395225
73.364622
68.247513
71.153397
68.943426
71.126213
68.508309
72.932106
68.541521
71.640196
68.766311
71.531606
68.965883
73.265053
68.161143
71.407850
69.020516
71.277900
69.672345
74.028641
68.860673
72.397165
69.332813
71.704435
69.702051
74.295530
68.481578
71.639433
69.169871
71.352601
69.466190
73.790672
67.726698
71.675712
68.883315
71.446000
69.302722
73.654421
68.804551
71.842969
69.433914
71.794774
69.303305
73.456006
68.612080
72.072348
69.534200
71.891103
69.733234
73.067817
68.358946
71.698022
69.684823
71.519357
69.379077
72.638297
68.625715
71.894773
72.110205
69.853822
73.351415
73.164796
67.547310
70.699958
67.524307
70.408703
68.465042
73.235370
67.287655
70.746802
67.680144
70.288759
68.289397
72.796702
66.752794
70.697513
67.199237
70.242274
68.166389
72.614794
67.159939
71.799786
67.914198
71.409948
69.156615
73.530561
67.179503
71.404833
68.102113
71.040431
69.219086
73.682642
67.568771
71.520343
68.217593
71.365729
68.815580
73.811616
67.294790
72.035735
68.745277
71.050946
69.219965
73.990673
67.295719
71.676242
67.548133
71.002908
68.557290
73.023281
67.952977
70.705789
68.205980
70.150635
68.564755
72.277866
67.785653
71.093593
71.358664
69.060824
72.810885
72.615373
67.397691
69.518367
67.685844
70.832431
67.550679
71.451700
66.771389
70.581526
67.271677
69.735830
68.562367
72.363025
66.200915
70.487519
67.371039
70.830288
67.940241
72.446276
67.049214
70.594363
67.986727
70.584991
68.371265
72.771785
67.218730
70.802898
67.218396
69.689727
68.181570
72.054616
66.900536
70.828034
67.974381
70.813446
68.856260
72.262311
66.944156
70.948517
69.121077
71.212029
68.943151
73.060153
68.800868
71.552334
69.211567
71.587840
69.606318
72.925429
68.409546
71.567425
69.718819
71.446088
69.195472
72.782201
69.281373
72.479621
72.475290
70.574679
72.980849
73.468276
68.619831
72.282124
68.873778
72.571814
69.444587
73.811619
68.467399
72.718326
69.354065
72.173603
70.484397
73.819886
68.589567
72.927164
70.876575
72.748600
71.006579
75.030690
70.707982
73.181808
70.639362
72.601054
74.241975
77.139170
77.337589
79.111543
77.696738
78.236407
76.435127
75.707662
75.841541
76.224975
75.142367
75.158661
74.445125
77.930182
78.379156
79.601927
79.514723
80.707834
79.622119
80.992866
79.455853
81.807094
79.218004
80.701056
78.131445
80.257142
79.354976
81.946448
79.400424
81.959578
81.259818
82.390626
81.316088
83.718137
84.355823
80.806384
82.797201
83.280858
80.422479
83.989937
81.832100
82.893191
81.823242
83.715421
81.035159
82.735389
81.726103
83.478229
81.864878
84.921767
82.959190
84.912868
82.818208
83.882096
82.446481
83.764046
83.566381
83.415714
83.814968
84.492710
83.555242
83.209639
83.937037
85.408571
83.959228
84.445465
84.273056
83.825629
82.440491
84.884280
82.617164
83.971163
82.722490
83.610176
82.740198
83.969295
82.256102
83.668861
82.930803
83.393249
83.745846
84.392319
83.790115
83.974379
83.027094
82.188050
82.874816
83.817715
82.347697
82.969516
82.589900
81.823993
83.368724
84.041222
84.775706
84.584595
84.088007
85.968957
86.157320
88.072168
85.661649
87.325044
86.343187
86.349747
85.815662
87.265168
85.529105
86.663207
86.242230
85.375387
86.067425
86.979731
86.152817
87.897080
87.180519
86.613981
86.983567
88.559935
87.531000
88.306204
87.121637
86.183616
86.568768
88.848100
86.794224
89.353007
87.495664
89.124136
84.930822
87.658793
85.063897
86.283214
84.716189
85.736604
83.650048
86.088646
83.893292
85.712659
85.058897
84.363977
83.578792
86.520066
85.088716
86.797640
85.593308
87.038426
87.306846
89.581390
88.983656
88.810375
87.380413
87.310800
87.458824
88.997062
90.425500
87.878551
87.990074
89.650501
88.257174
90.283743
88.594510
89.228630
87.412560
86.992489
83.837304
88.001000
85.740411
88.330602
86.754994
88.637216
85.545868
89.292691
86.768321
88.878337
87.016877
88.780171
86.008163
89.323820
86.382423
88.288424
87.777356
87.889694
87.451446
88.652394
86.575798
88.611433
86.900213
86.132606
86.170709
87.493098
86.922031
87.430488
87.190424
86.558450
87.579962
88.330395
86.990220
87.617748
87.066876
87.333560
87.711950
89.248696
89.029053
90.597365
89.423612
88.250724
87.569178
89.524293
87.824801
88.951438
88.127103
87.246403
88.332660
90.015626
90.239628
88.889107
88.324271
89.239413
88.960525
90.899978
89.526998
91.480740
90.593457
90.320743
91.871766
92.597716
91.142254
91.501235
90.778963
88.283923
89.559455
88.598594
87.007827
88.067714
87.020727
86.639373
89.018462
89.880881
89.345648
89.666987
88.413595
86.729558
89.215823
90.566485
90.016217
91.369604
91.191784
91.086300
92.445915
95.772860
95.051385
96.863918
97.130098
96.248310
97.310697
97.849650
96.162801
97.998784
96.781093
96.725877
95.395099
98.566820
97.009271
99.440376
98.011273
98.701519
97.190933
98.980760
96.511337
97.825470
95.448928
96.150905
94.986246
98.812301
98.378484
97.137639
98.689890
99.936203
98.760717
100.000000
99.460884
100.000000
97.151162
96.076212
97.446968
98.592926
96.685239
96.048447
94.313021
93.379167
94.298164
94.695697
91.691592
89.320552
88.054579
85.097498
85.471451
86.854485
85.380261
88.389094
84.726641
82.210575
86.387474
86.731343
85.731757
85.909588
85.143665
84.622520
73.857820
82.309928
76.598343
79.554093
77.786870
87.020511
74.915940
79.691192
74.102002
77.018188
74.181210
80.017465
73.346719
76.810991
73.132660
75.801929
73.709795
77.140492
72.815060
76.452373
73.527528
75.958099
74.262273
75.805700
74.006713
77.389079
77.690471
74.875877
76.385790
77.171830
73.343584
76.124247
73.733695
75.529958
73.878335
75.204848
73.043200
74.773605
72.440967
74.718312
72.924278
74.272021
71.624884
75.386773
72.962402
74.840761
72.178039
74.726660
70.921266
75.010447
71.057978
73.313154
72.407189
73.506626
70.391516
73.931621
71.494118
73.637487
71.651877
73.417101
70.737755
74.435718
71.886040
73.667753
71.384599
73.731040
70.565803
73.682959
71.000062
73.142557
72.000982
73.228317
70.353275
73.697825
71.589225
73.714886
72.182978
73.377633
71.091988
74.464718
72.229068
74.362822
71.938696
71.822463
72.846207
74.287003
74.323155
72.735903
73.046232
74.128702
72.300795
74.917609
72.652266
75.147143
73.535422
75.862719
73.228035
75.534081
73.418072
75.050165
73.559563
74.554482
73.238658
76.157834
73.612244
75.475879
73.548145
74.376743
73.622108
76.709210
74.033854
76.631321
74.566460
76.256804
75.332961
77.622415
75.979550
77.645684
75.758850
77.500268
77.120188
79.326240
77.589241
78.948430
77.879509
77.970382
76.168613
79.577024
76.994849
79.685431
78.051626
79.402928
78.588706
80.779377
78.587683
80.211751
77.687206
78.137462
77.760806
80.613232
78.885893
80.505118
78.811457
78.595886
78.411285
80.581116
80.854388
79.015904
78.710599
79.854675
78.579325
81.703356
78.414418
81.719706
79.616896
81.313701
78.361574
81.231424
78.667974
80.906652
78.889639
81.046687
79.443913
82.071462
79.387799
81.717666
80.085510
80.373456
79.080053
81.853966
79.821074
81.801401
79.676085
81.377704
76.869247
81.069341
77.439628
79.717212
77.243647
80.824066
76.416277
79.171869
75.995776
77.814761
75.637108
78.384898
75.511381
78.059420
75.490420
76.997171
75.847582
77.644148
75.147243
77.361975
75.771400
77.863985
75.683344
77.166537
74.424465
77.495186
74.832812
77.066961
74.861540
76.148183
74.525921
76.394152
76.491747
75.275160
75.730247
76.265671
72.997511
76.708383
73.313691
76.990142
74.159551
77.620423
72.955557
77.751808
74.619827
77.180971
74.996620
77.634719
73.735388
77.790765
74.851487
77.615239
75.575295
78.191855
75.413548
78.490231
75.989407
79.018202
76.683982
79.352639
76.084750
79.377475
76.604219
78.628802
76.526651
79.151335
75.584328
78.682128
75.878217
78.373237
76.669350
78.735909
76.541717
78.951525
76.381441
78.874516
77.392908
79.560558
77.296919
79.960369
77.321151
79.688851
77.543841
79.961881
77.675284
81.382482
78.212522
80.827383
78.121680
79.537708
78.210239
81.076838
81.194201
79.133015
80.463201
82.216436
78.454294
81.514471
78.476398
81.357703
78.501066
81.860400
78.077780
81.078694
77.804859
80.930024
78.198341
81.851040
77.981027
81.866274
78.160031
81.629070
79.272444
82.491901
78.004286
82.391888
78.375655
81.176620
78.445462
82.609835
77.886609
81.446148
77.347890
80.813652
77.912066
81.829213
77.714402
81.298653
77.817583
80.962872
78.679836
81.966454
78.209240
82.042544
77.990432
81.117362
78.232990
81.859756
78.466259
81.738887
78.609673
81.436148
78.671894
82.279816
78.028715
82.102403
78.734597
81.665055
78.511188
81.646424
78.489168
82.035770
81.136976
78.235453
81.413901
82.526157
76.886604
81.243759
78.063055
81.005334
78.373076
82.711481
76.841790
81.075676
76.857414
80.918047
77.577256
82.280940
76.762432
81.165368
76.120779
80.156114
76.430857
82.039716
76.412085
80.585433
77.028483
80.562914
77.243317
82.177455
76.447998
80.792860
77.048338
80.463656
77.960335
82.409679
76.609917
81.404635
77.065385
80.741551
77.726850
82.548651
77.172544
81.405763
77.045988
81.055806
77.900833
82.510596
76.516772
81.211269
76.660897
80.811260
78.038084
82.277513
77.025345
81.806637
76.948294
80.703515
77.461538
81.153070
76.876929
80.816560
80.855400
77.497215
80.714997
82.092493
76.185004
80.157713
76.187340
79.824729
76.820253
81.474534
75.568174
79.324825
75.745250
79.177280
76.308687
80.932365
75.377758
79.403034
75.608840
79.085737
76.087541
80.778016
75.239907
79.888187
75.660685
79.157035
76.010107
81.530256
75.377325
80.220231
75.685590
80.114142
77.050802
82.295276
75.604860
80.283618
75.642633
79.417362
75.958777
81.482105
75.297695
80.132469
76.572368
80.054554
76.513187
81.493904
75.194720
80.305820
75.684473
79.907999
76.499167
81.564991
75.478612
80.427460
76.589337
79.896869
76.525456
80.749986
76.825633
80.199007
80.145605
77.085186
80.575939
81.386975
75.082241
79.102619
75.665267
79.029039
75.597847
79.683393
74.937921
78.753045
75.347726
79.040004
75.695847
80.783620
74.903196
79.621370
75.142309
78.938122
75.320033
80.294145
73.628664
77.898706
74.012391
77.447673
74.584834
79.647996
73.580899
78.222527
73.760083
77.239064
73.903220
78.980057
73.693685
78.702526
74.667453
78.018019
75.543207
79.239652
73.858831
78.530798
74.491293
77.867800
75.562048
79.616971
75.418971
79.209249
75.770519
78.844151
76.082702
79.576396
75.370345
79.542602
76.260170
79.338620
76.512722
79.970397
75.876583
79.158973
79.228885
76.249093
79.683042
80.767511
75.242876
79.025008
75.320574
77.880429
75.563322
79.512143
74.465284
79.218394
75.622407
78.617536
75.913796
80.027788
75.322609
79.789881
76.134065
79.676154
77.265390
80.842957
77.443514
79.504686
86.433118
86.198020
85.226847
86.593761
86.620579
87.417520
89.298857
89.888632
89.745223
88.305971
87.332358
87.446316
88.696459
89.296038
89.994087
90.870353
90.701400
92.179848
90.515980
91.175825
90.616567
90.798671
90.437343
91.836170
89.019767
90.234435
87.714299
87.503587
89.246932
90.775778
89.199508
89.994594
90.841699
90.264851
91.248216
91.731251
91.958961
91.484722
89.589707
91.136438
93.878870
93.563745
92.389272
92.614512
92.337174
90.101792
92.951086
93.755355
93.035893
93.353985
93.195738
91.537433
93.108302
94.219602
93.994619
93.797214
94.181719
92.346256
95.138451
95.240896
94.680555
93.819844
93.339340
91.423489
94.505878
95.434615
94.823117
95.119281
94.595779
92.052003
94.910436
94.423201
93.104262
92.575753
91.986182
88.987540
91.866043
92.349275
92.020230
92.237979
92.004205
89.959174
92.508810
93.159373
92.620036
93.762600
93.886763
92.372015
94.366797
95.475751
94.897070
96.022396
95.079275
93.270841
94.263338
95.546497
96.834358
95.581014
92.960255
92.851644
93.303243
93.560452
92.911996
93.316531
92.695359
90.540499
89.212254
92.234533
83.297860
88.982984
83.941033
88.704205
76.187178
84.792857
76.942536
80.740316
77.536391
86.566359
74.395181
79.921356
74.392755
77.354990
74.583162
81.034706
74.025097
78.745785
74.483208
76.656286
73.918813
78.558419
73.112680
76.795222
73.306117
75.485317
73.893261
77.286273
73.934875
77.092810
74.471462
76.492760
74.891925
77.199417
73.587209
77.313409
74.222359
77.416062
75.127122
77.665434
74.264997
77.856340
74.788517
76.294474
73.781916
75.375648
72.712114
75.572223
76.031681
73.676202
75.320767
75.719112
73.221956
76.220869
74.339014
76.613391
75.325331
77.501365
74.714497
77.798907
74.481877
76.743891
75.292328
76.550616
74.215711
77.336140
74.490333
76.208373
74.717709
76.952899
74.618295
77.370485
75.382738
77.024496
75.926993
77.415978
75.207204
78.411761
75.743439
77.466238
74.847982
77.808900
74.109828
77.302273
74.670606
76.103711
74.184571
75.639951
72.624373
75.077275
72.978231
74.820879
72.794214
73.277879
71.353361
73.421927
71.698642
73.142797
71.650480
72.419705
71.276388
74.052205
71.350779
74.156206
72.458497
72.685601
71.652619
74.058363
74.342790
72.062308
73.438751
73.950539
71.394395
73.058963
72.000314
73.714751
72.844012
73.387919
71.826740
74.212975
72.329958
74.110707
73.131354
74.920292
72.450602
74.733882
73.229549
74.704965
73.402282
74.829398
73.204295
75.147953
73.538335
75.275931
73.764164
74.848759
73.087148
75.762615
73.534219
75.023086
73.270447
74.474877
72.460890
75.615954
73.173887
74.909016
73.297145
74.689727
72.316537
75.176036
72.187838
75.065432
72.938323
75.183050
72.399996
75.442668
72.937483
74.830011
73.942021
75.192147
72.582288
75.171923
73.187502
75.472153
72.891620
74.786212
72.445007
74.673466
73.942274
72.656947
73.850331
73.381757
71.757783
73.776772
73.006911
74.274186
72.735359
74.176547
71.786714
74.296407
72.047139
74.329988
72.322069
73.853349
71.970249
74.089055
71.897135
74.342770
72.905094
73.842726
71.787941
74.539286
72.571609
74.331794
72.996318
74.626664
73.009409
74.302521
72.532709
73.614647
73.111117
73.165186
73.048824
74.168284
80.774532
82.026633
79.368768
80.357659
79.881068
80.447671
79.695001
80.107230
79.979758
79.102057
79.837192
79.850419
80.770060
81.622083
81.663621
81.610138
83.960711
84.403876
84.391080
84.003354
83.395231
81.239690
83.296450
83.505914
83.528505
83.407734
82.859721
83.607232
86.774550
86.473459
84.723186
85.230476
84.211462
84.080150
84.438836
85.327291
85.703301
86.591381
85.752715
83.973702
85.285934
86.342464
86.169048
88.315538
87.189637
84.735807
86.541547
88.040070
85.879664
88.102439
86.224363
84.943569
86.466257
86.713338
85.108922
86.274344
84.291817
83.996876
85.530603
87.237975
86.398865
87.186603
86.159838
84.168326
85.747930
86.916350
87.356673
88.523424
87.112606
85.036217
87.101370
88.975178
88.596923
88.622913
87.297031
84.304334
86.146723
88.110207
86.012052
88.576955
87.811355
87.613759
88.874639
90.992635
90.923251
90.272730
92.055985
