89.152182
91.156550
97.073426
92.038530
94.267177
92.563080
94.687286
91.116676
94.151581
91.201148
93.019336
90.901810
92.760954
90.345777
93.314414
90.628462
92.670125
90.745520
91.955709
89.988715
92.723019
90.247085
92.311207
90.359017
91.026223
89.491068
92.291879
90.084834
91.844705
90.450623
91.143017
89.619197
92.349917
89.988171
92.090523
90.094723
91.293797
89.315975
91.909238
89.316702
91.721079
89.729925
91.429577
89.012389
91.944274
89.001793
90.988237
89.371897
90.509951
88.826962
90.964566
88.875071
90.753694
88.634308
89.177555
88.724633
91.038113
91.314379
89.471319
89.287500
89.780407
88.710977
90.953341
89.162599
90.536282
88.976094
89.104396
88.683260
90.423222
88.862190
90.190215
88.743663
88.297733
88.151939
89.883822
88.444818
89.842897
88.645098
88.501590
88.301675
90.407797
88.890806
90.425752
89.043373
88.822036
88.555247
90.531495
89.091897
90.427160
88.989568
88.689485
88.341562
90.496686
89.024916
90.230883
89.180283
88.384902
88.291275
90.581409
88.551813
90.249498
88.385374
88.414313
88.206041
90.143626
88.190246
89.651557
88.257699
88.547606
88.203063
90.434234
88.671140
90.181806
88.801303
88.158489
88.551647
90.279261
90.267422
88.911757
88.705472
89.191665
88.554011
90.562222
89.172632
90.589742
89.387789
89.950884
88.642546
90.895947
88.785711
90.640718
88.914328
89.174728
88.782589
90.438758
89.037486
90.391455
89.024483
88.674307
88.717713
90.417634
88.811679
90.205202
88.944718
88.775165
88.834881
90.724378
89.097936
90.251395
88.905442
88.534204
88.330816
90.247256
88.382382
89.849371
88.091950
88.075771
87.604900
89.846506
87.776316
89.468572
87.847398
88.154961
87.678294
90.256556
88.003105
89.667777
88.297514
88.977246
87.957382
90.508592
87.909113
90.113684
88.515613
88.590090
88.214469
90.215609
90.101213
88.634695
88.202365
88.801230
88.570730
90.488322
88.949288
90.389623
88.912036
88.927271
88.597760
90.397286
88.681855
90.256758
88.931361
88.859742
88.512376
90.456025
88.696615
90.531028
88.907162
88.713387
88.459846
90.931372
89.143185
90.991151
89.538429
89.201926
88.398863
90.458027
88.579766
90.422805
89.004896
88.661380
88.329736
90.232522
88.513459
90.175267
88.688570
88.945647
88.318314
90.676642
88.687427
90.686651
88.874599
88.821042
88.323290
90.595167
88.569324
90.448541
88.782493
89.142918
88.782982
91.157116
89.059928
90.965137
89.234597
89.191439
89.403486
90.998963
90.588926
88.423165
88.015904
88.455192
87.745871
89.849797
88.071144
89.859049
88.231838
88.607966
87.967730
90.455786
88.474297
90.443023
88.973773
89.142187
88.222929
91.103135
89.087766
90.794218
89.150493
89.711624
88.559874
90.964186
88.688097
90.542416
89.056969
89.966703
88.714819
91.329336
89.266593
90.915587
89.201534
89.922636
89.041422
91.538379
89.201581
91.039567
89.459875
90.293672
89.564209
91.918776
89.752879
91.543741
90.007187
90.280864
89.121244
90.810654
89.138404
90.411685
89.006703
89.206197
88.240517
90.605382
88.388337
90.631613
88.638776
88.314907
88.784840
90.227623
90.022417
88.685778
88.197706
88.270276
87.679039
89.822336
88.207998
89.699002
88.629622
88.528301
87.666844
90.251060
88.181258
89.996334
88.203179
89.031947
98.473479
98.688618
97.812386
99.292775
96.887325
94.883644
96.916161
97.109944
95.426181
95.560598
94.857920
96.243785
99.093733
100.000000
99.610576
100.000000
100.000000
100.000000
100.000000
100.000000
100.000000
100.000000
100.000000
100.000000
100.000000
100.000000
100.000000
100.000000
100.000000
100.000000
100.000000
100.000000
100.000000
100.000000
100.000000
100.000000
100.000000
100.000000
100.000000
100.000000
100.000000
100.000000
100.000000
100.000000
100.000000
100.000000
100.000000
100.000000
100.000000
100.000000
100.000000
100.000000
100.000000
100.000000
100.000000
100.000000
100.000000
100.000000
100.000000
100.000000
100.000000
100.000000
100.000000
100.000000
100.000000
100.000000
100.000000
100.000000
100.000000
100.000000
100.000000
100.000000
100.000000
100.000000
100.000000
100.000000
100.000000
97.810488
100.000000
100.000000
100.000000
100.000000
100.000000
97.521527
100.000000
100.000000
100.000000
100.000000
100.000000
98.718502
100.000000
100.000000
100.000000
100.000000
100.000000
98.056345
100.000000
100.000000
100.000000
100.000000
100.000000
96.864665
100.000000
100.000000
100.000000
100.000000
97.788746
97.133507
100.000000
100.000000
100.000000
100.000000
100.000000
98.390134
100.000000
100.000000
100.000000
100.000000
100.000000
97.119239
100.000000
100.000000
100.000000
100.000000
100.000000
96.729712
100.000000
100.000000
100.000000
100.000000
100.000000
96.670634
100.000000
100.000000
100.000000
100.000000
100.000000
96.985052
100.000000
100.000000
100.000000
100.000000
100.000000
97.185484
100.000000
100.000000
99.813939
100.000000
99.802989
94.423234
98.906289
99.608632
99.044236
99.843858
99.350101
93.417868
98.928995
98.299141
97.900151
98.427444
98.003415
92.272913
97.559564
98.219738
98.810546
98.868659
93.202205
93.117217
98.576141
99.348008
97.757632
97.930890
97.400061
93.232078
98.212307
99.110877
98.396444
98.815372
98.138030
93.765476
98.236805
100.000000
99.712573
99.802451
98.972242
93.979926
99.018823
99.542890
98.122066
98.757435
97.994070
93.779710
100.000000
100.000000
100.000000
99.754972
98.637520
92.741362
97.927351
99.035699
98.156997
99.165741
98.805211
94.240329
99.255208
100.000000
99.671219
100.000000
100.000000
95.600639
99.880575
100.000000
99.674146
100.000000
99.311329
95.519568
99.318984
100.000000
99.371069
100.000000
99.760258
96.069744
99.855766
100.000000
100.000000
100.000000
94.955187
94.440731
99.452608
100.000000
100.000000
100.000000
100.000000
98.302367
100.000000
100.000000
100.000000
100.000000
100.000000
97.053792
100.000000
100.000000
100.000000
100.000000
100.000000
98.696432
100.000000
100.000000
100.000000
100.000000
100.000000
97.315051
100.000000
100.000000
100.000000
100.000000
100.000000
99.531005
100.000000
100.000000
100.000000
99.864557
99.627189
96.756874
98.909045
99.462783
98.412755
99.121103
98.417977
95.424160
98.682925
99.819999
98.590314
99.483444
98.701009
95.602993
97.711015
98.626688
97.865245
98.181355
97.757658
94.413388
97.472534
99.154633
99.398630
99.201160
96.298214
95.428452
98.616562
99.361486
98.716227
99.413657
98.980258
96.817636
99.520202
100.000000
98.222788
99.472788
98.161913
95.026763
97.406290
98.544271
97.112886
97.495785
96.904251
94.141979
97.039728
97.954779
97.020341
97.502380
96.779307
93.854969
97.441560
97.881907
97.454606
97.607884
97.591656
93.576195
96.998921
96.910937
96.168147
96.408349
96.071258
92.354896
96.045579
96.573798
95.754642
96.272449
96.073830
91.801608
95.515700
96.543387
95.738617
96.388036
96.112010
91.671657
95.860468
97.094162
96.382473
97.021462
96.139481
92.100308
96.576489
97.189536
97.859009
97.221674
93.335585
92.748411
96.949891
97.307438
96.704223
97.023083
96.966576
94.134317
97.032433
99.467103
98.285003
99.566721
98.516369
95.422698
97.859631
99.163715
98.052413
98.873467
98.407048
95.806295
98.180589
99.875393
98.500900
99.164322
98.814477
96.076178
98.653863
99.860895
99.332890
99.404040
98.541017
95.438072
98.416107
99.644123
99.295815
100.000000
98.741487
95.387762
98.851448
99.709613
99.161804
99.815391
99.526656
96.034247
98.676943
99.069549
98.827471
98.971838
98.689130
95.154810
99.508647
100.000000
100.000000
100.000000
100.000000
97.687306
100.000000
100.000000
100.000000
100.000000
98.013909
97.349490
100.000000
100.000000
100.000000
100.000000
100.000000
99.873695
100.000000
100.000000
100.000000
100.000000
100.000000
99.651525
100.000000
100.000000
99.850106
100.000000
99.540877
96.886747
99.525867
100.000000
100.000000
100.000000
100.000000
97.211893
100.000000
100.000000
100.000000
100.000000
100.000000
98.595946
100.000000
100.000000
100.000000
100.000000
100.000000
99.383419
100.000000
100.000000
100.000000
100.000000
100.000000
97.914694
100.000000
100.000000
100.000000
100.000000
100.000000
98.022076
100.000000
100.000000
100.000000
100.000000
100.000000
95.601340
100.000000
100.000000
100.000000
100.000000
95.808695
96.570557
100.000000
100.000000
100.000000
100.000000
100.000000
96.421264
99.831053
100.000000
99.782800
100.000000
100.000000
96.516387
100.000000
100.000000
100.000000
100.000000
100.000000
98.938061
100.000000
100.000000
100.000000
100.000000
100.000000
99.664560
100.000000
100.000000
100.000000
100.000000
100.000000
100.000000
100.000000
100.000000
100.000000
100.000000
100.000000
100.000000
100.000000
100.000000
100.000000
100.000000
100.000000
100.000000
100.000000
100.000000
100.000000
100.000000
100.000000
100.000000
100.000000
100.000000
100.000000
100.000000
100.000000
100.000000
100.000000
100.000000
100.000000
100.000000
98.573404
98.781475
100.000000
100.000000
100.000000
100.000000
100.000000
100.000000
100.000000
100.000000
100.000000
100.000000
100.000000
100.000000
100.000000
100.000000
100.000000
100.000000
100.000000
99.975572
100.000000
100.000000
100.000000
100.000000
100.000000
100.000000
100.000000
100.000000
100.000000
100.000000
100.000000
100.000000
100.000000
100.000000
100.000000
100.000000
100.000000
100.000000
100.000000
100.000000
100.000000
100.000000
100.000000
100.000000
100.000000
100.000000
100.000000
100.000000
100.000000
98.299060
100.000000
100.000000
100.000000
100.000000
99.918664
97.674566
100.000000
100.000000
100.000000
100.000000
98.341189
98.632194
100.000000
100.000000
100.000000
100.000000
100.000000
100.000000
100.000000
100.000000
100.000000
100.000000
100.000000
98.861202
99.634066
100.000000
100.000000
100.000000
100.000000
99.507328
100.000000
100.000000
100.000000
100.000000
100.000000
98.246101
100.000000
100.000000
99.534638
100.000000
99.039203
95.513839
98.713821
100.000000
98.921601
99.979060
99.040910
94.980171
98.311766
100.000000
99.309978
100.000000
100.000000
96.448687
98.276829
99.712066
98.453136
99.757746
99.431151
96.178464
99.068817
100.000000
100.000000
100.000000
100.000000
98.567738
100.000000
100.000000
100.000000
100.000000
97.559078
98.164500
99.713099
100.000000
100.000000
100.000000
100.000000
98.979481
100.000000
100.000000
100.000000
100.000000
100.000000
98.999656
100.000000
100.000000
100.000000
100.000000
100.000000
99.843606
100.000000
100.000000
100.000000
100.000000
100.000000
99.225713
100.000000
100.000000
100.000000
100.000000
100.000000
98.750366
100.000000
100.000000
100.000000
100.000000
100.000000
98.166615
100.000000
100.000000
100.000000
100.000000
100.000000
100.000000
100.000000
100.000000
100.000000
100.000000
100.000000
100.000000
98.576160
97.905780
90.803028
93.271043
91.039699
91.631100
87.566271
91.928263
89.781773
88.151490
90.528968
88.192388
86.260023
89.385556
86.483323
88.392900
86.939246
88.648717
85.729025
88.741671
86.312347
87.685276
86.461039
87.586415
85.641185
87.768986
86.155928
87.614148
86.130153
87.366170
86.060626
87.984475
86.081103
87.514134
86.077390
87.255833
85.655093
87.918775
86.514151
87.831067
86.351945
86.805253
86.153600
88.014547
86.657760
88.391873
86.834382
87.096320
86.762166
88.402180
86.952333
88.320342
87.294458
87.821755
87.314756
88.897882
87.109008
88.740292
87.416922
87.744672
86.718722
88.972686
87.089093
88.392287
87.282908
86.842964
86.766240
88.366627
88.437926
87.048721
86.790957
87.245156
86.455565
88.407165
87.086376
88.435486
86.945526
87.488333
86.751778
88.716910
87.092365
88.586873
86.899947
87.627336
86.883235
88.863973
87.186197
88.737135
87.222986
87.785325
86.929288
89.018007
87.471804
89.086955
87.497630
87.586008
87.399384
89.286263
87.400203
89.205586
87.380336
87.834202
87.077792
89.561689
87.803202
89.708648
88.235429
88.674313
87.824669
89.920494
88.232449
89.955764
88.122445
88.443521
87.780131
89.871928
87.811692
89.652551
88.219617
88.304626
87.397229
89.742863
87.673262
89.212606
87.545881
88.113967
88.080563
89.690796
89.208421
87.894952
88.074998
88.281951
87.575219
89.497716
87.765264
89.332905
88.086727
88.092692
87.274040
89.423740
87.838206
89.263122
87.725199
88.310288
87.580411
89.255929
87.653271
89.217680
87.480431
88.402744
87.624725
89.386529
87.587354
89.368011
88.189121
88.191120
87.610908
89.496367
87.705273
89.440003
88.010551
88.378884
87.743367
89.555795
87.988921
89.605487
88.201575
88.713479
87.473381
89.561111
87.929052
89.479398
87.899483
88.458298
87.869476
89.522158
87.877920
89.541978
88.401110
88.552639
88.046534
89.804883
88.491292
89.878717
88.517087
88.238523
88.375387
89.816658
89.274633
87.950724
87.499952
87.786851
87.129487
88.828611
87.302671
88.462840
86.989939
87.376213
86.699066
88.423448
86.817170
88.385915
87.156350
87.476592
86.398518
88.650893
86.937071
88.394899
87.035314
87.650036
86.777477
88.967974
87.173565
88.758456
87.341586
87.993724
86.856882
89.037419
87.280863
88.878496
87.784633
88.121398
87.416248
89.329593
87.407005
89.084409
87.726691
88.069821
87.462984
89.247798
87.687885
89.070357
87.840639
88.152987
87.346550
89.110743
87.370460
89.150352
87.899026
88.114179
87.359971
89.345494
87.474839
88.844552
87.551305
87.523707
87.418644
89.240813
89.100592
87.924620
87.799314
87.909267
87.254278
89.243647
87.439000
88.813571
87.709193
88.203706
86.920320
88.886067
86.740531
88.698242
87.205171
88.110027
86.781562
89.168134
87.015810
88.859996
87.624734
88.161951
87.640625
89.590329
87.946705
89.492731
88.133205
88.377319
87.743386
89.777243
87.927188
89.313265
87.671554
88.246795
87.481133
89.740420
87.646566
89.308627
87.911547
88.307698
87.433624
89.567143
87.704976
89.501234
88.309844
88.789312
88.207095
90.506193
89.011387
90.815859
89.337794
89.660762
89.238415
90.924236
89.107140
90.829855
89.355989
88.695678
89.328438
91.215939
91.141121
89.959564
89.044551
89.646021
89.811112
91.971886
90.516729
91.708404
90.578550
90.856119
89.748596
92.190011
90.503389
91.858311
90.689843
90.521111
89.786642
91.694356
90.483990
91.744993
90.740430
90.363019
90.119133
92.401558
90.568059
92.043686
91.119618
90.978815
90.289107
92.220676
90.641103
91.780347
91.031340
91.170257
90.795380
92.858878
91.097194
92.769655
91.391892
90.845983
90.363151
92.278785
90.967665
92.383988
91.242988
90.702894
90.244144
92.264805
90.800749
92.059635
91.080066
90.242218
90.449072
92.401923
91.110678
92.253033
91.128493
89.633961
90.771508
91.873868
91.986820
90.923451
89.786371
90.865992
90.620296
92.396676
90.825818
92.463621
91.016579
90.663206
90.231520
92.149649
90.395046
91.931892
90.742820
90.071103
90.161307
91.465688
89.951327
91.068886
89.891121
89.387555
89.747370
91.045879
89.231984
90.829590
89.410384
89.091546
88.872090
90.430747
88.954513
90.244062
88.864670
88.799593
88.530124
90.601979
88.979889
90.354553
88.938580
89.230093
88.846799
90.554310
88.638464
90.119534
88.878285
88.927725
88.407592
90.059253
88.393138
90.114482
88.847964
88.810793
88.474601
90.266282
88.310169
89.996126
88.808212
88.213343
88.372432
90.008994
90.087868
89.099060
88.971434
89.489019
88.234175
90.737356
88.807364
90.343837
89.432899
89.889357
88.750224
90.672412
88.579819
90.331666
88.903885
89.464374
88.530733
90.201604
88.544160
90.123996
88.885747
88.831335
88.395563
90.359499
88.663317
90.263716
88.982010
88.917128
88.111043
90.190217
88.095374
90.024240
88.529274
88.716564
88.343231
90.585321
88.527036
90.611390
88.933013
89.291972
88.466837
90.878452
88.797253
90.508633
89.025946
89.435112
88.241321
90.869250
88.734579
90.449994
88.863802
89.555566
88.771864
90.704260
88.963054
90.319636
89.052997
88.841732
88.967659
90.315283
90.316450
88.928005
88.610384
89.020739
88.097763
90.327985
88.320752
89.895882
88.745544
89.616817
88.319362
90.619332
88.802375
90.227516
88.914790
89.493145
88.133215
90.488986
88.462214
90.396479
88.746965
89.124540
88.288473
90.515064
88.638707
90.461842
89.141571
89.480637
88.498443
90.784210
89.230748
90.530762
89.507766
90.132278
88.898880
91.080180
89.000929
90.471128
89.472493
89.778207
88.895074
90.677350
88.717953
90.574641
89.186169
89.536899
88.944965
90.747131
89.335204
90.705138
89.528312
89.767538
88.894949
90.703329
89.286607
90.756816
89.423871
89.566572
88.748171
90.557094
90.241545
88.527979
88.743784
88.462769
87.780456
89.975181
88.081001
89.632695
88.457715
88.650758
88.108915
90.092515
88.169899
90.063868
88.428264
88.792963
88.275274
90.322042
88.375675
90.461015
88.948216
89.306068
88.560147
90.684173
88.677686
90.510192
88.775138
89.160204
88.291789
90.267388
88.479448
89.874899
88.444303
88.485368
88.580542
90.478292
88.311152
90.250863
88.400134
88.399384
87.987594
89.760886
87.875376
89.501041
87.617746
87.940469
87.654775
89.493061
87.826464
89.330968
88.001840
88.126091
87.713740
89.462110
87.466747
89.502416
87.984755
87.715602
87.723237
89.410928
89.314378
88.008741
87.889581
88.707706
87.999599
90.087149
88.301403
89.968317
88.689230
89.217845
88.209747
90.171802
88.154843
89.683967
88.511746
88.744054
87.807703
89.797237
88.327978
89.870718
88.445652
88.779352
88.198861
90.177983
88.638561
89.872293
88.700228
89.066557
88.270874
90.237123
88.752871
90.049621
88.703950
88.950906
88.065173
89.987898
88.434859
89.776229
88.262472
88.409811
87.586934
89.641600
88.051407
89.501061
87.971491
88.360910
87.489420
89.450552
87.618250
89.122818
87.945163
88.320017
87.479945
89.592159
87.894558
89.817587
88.406229
88.153333
88.146297
89.323785
89.203224
88.002273
87.804127
88.229058
87.459130
89.239290
87.802532
89.041468
87.638271
88.199604
86.954890
89.222848
87.209144
88.948522
87.702063
88.013089
86.989221
88.827475
87.282463
88.914949
87.526296
87.791263
86.819685
89.143610
87.338671
89.279857
87.716420
88.343992
87.516409
89.583517
87.763584
89.519638
88.272717
88.466609
88.033112
89.845333
88.434619
90.005989
88.781758
88.941341
88.232429
89.941046
88.566002
90.050958
88.830111
89.017825
88.516861
90.276337
88.397845
89.855282
88.376753
88.327516
87.989742
89.810568
88.097809
89.623826
88.391836
88.066876
88.510675
89.959242
90.034201
88.569514
88.362850
88.918725
88.009140
90.032939
88.504018
89.882757
88.376552
88.728839
87.356293
89.556259
87.572647
89.018791
87.726809
88.327309
87.233825
89.530293
87.383012
89.000744
87.843604
88.387252
87.066395
89.316933
87.338277
88.931616
87.765013
88.016055
87.007652
89.303162
87.603849
88.956848
87.860791
88.025040
86.882551
89.259804
87.379399
89.070266
87.729146
88.250842
87.233416
89.465185
87.714137
89.361919
88.011845
88.154146
87.437619
89.160423
87.464579
88.701254
87.337806
87.559192
87.150788
89.148938
87.040611
88.910622
87.405618
86.990959
87.254665
88.733122
89.112453
87.505899
87.308438
87.954903
86.851331
89.242966
87.081477
88.767764
86.961592
88.055587
86.528659
89.177037
86.907815
88.678601
87.016151
88.080036
86.078436
88.733707
86.763973
88.282046
86.942675
87.353467
86.547629
88.284199
86.360665
88.235620
86.760920
87.405945
86.409041
88.293873
86.371977
88.040514
86.699598
87.346552
86.449701
88.470010
86.876126
88.364621
86.910486
87.465212
86.620744
88.824010
86.872697
88.715451
86.933473
87.527982
86.393235
88.533314
86.736581
88.701324
86.972923
87.794454
86.790692
88.862510
87.035681
88.781882
87.261163
87.114403
86.959624
88.614327
88.555513
87.242570
86.949855
87.139951
86.188015
88.342817
86.664140
88.471194
87.116897
87.402290
86.267570
88.665884
86.772366
88.277937
86.673446
87.435016
86.288775
88.640450
86.774029
88.606506
86.755705
87.255925
86.083103
88.441856
86.582438
88.340306
86.468650
87.193503
86.031068
88.667246
86.671266
88.543144
87.030821
87.687846
86.435175
88.727598
86.600890
88.454987
86.889414
87.661164
86.696272
88.654239
86.859367
88.241098
86.907510
87.195313
86.369613
88.457469
86.679231
88.228038
86.878683
87.005191
86.376872
88.758437
87.275339
88.622972
87.297924
87.146569
86.673968
88.863627
88.688766
87.324473
87.147667
87.031235
85.815977
88.086891
86.205888
88.123561
86.382792
86.844736
86.574875
88.324040
86.539926
88.143784
86.546763
87.199961
86.615136
88.704505
87.038909
88.356020
87.131495
87.357405
86.514573
88.684690
86.525231
88.264935
86.897552
87.194406
86.775511
88.660622
87.059430
88.209367
87.070298
87.249368
86.693449
88.849432
87.079103
88.466174
86.949284
87.239274
86.061296
88.205972
86.429932
87.767020
86.606806
86.595468
86.068360
88.226649
86.318850
88.314581
86.722627
87.150589
86.441519
88.476288
87.000412
88.683548
87.389075
86.830425
87.391292
88.838799
89.091998
87.483776
87.357532
87.753988
87.060603
88.995815
87.881063
89.202622
88.206729
87.956737
88.187634
90.026502
88.554101
89.814741
88.610777
88.362077
88.489005
90.117383
88.272273
89.766075
88.521039
88.355318
88.353229
90.488280
88.743126
90.447124
89.023300
89.222251
89.053869
91.203164
89.610939
91.263420
89.774728
89.821226
89.819969
91.563361
90.624182
91.812445
90.522478
89.867586
90.683286
92.658740
91.411124
92.738410
91.803307
91.214226
91.466308
93.416062
91.895978
93.348970
91.994725
91.658128
91.477723
93.529359
91.752871
93.335234
91.807918
90.731159
91.989269
93.513558
93.425471
92.327967
91.143856
91.473620
92.520831
94.198450
92.968433
94.301442
92.978489
92.046133
92.691969
94.285888
92.891313
94.323229
93.297551
92.489488
93.348480
94.831846
93.466433
94.512231
93.281051
92.297122
93.174576
94.851576
93.471952
94.615504
93.373871
91.986827
93.437998
94.293179
93.176811
94.131149
93.033611
91.618898
92.676222
94.023037
92.412676
93.796950
92.916758
91.786570
92.602294
93.962112
92.523098
93.637192
92.583224
91.750322
92.895678
94.363408
92.710591
93.781300
92.765656
91.873105
92.436986
94.426340
92.793301
93.899027
92.714360
91.495703
92.101124
93.663849
93.655015
92.028669
90.806818
90.966392
91.073251
92.658676
90.863239
92.058689
91.106730
90.674693
90.186276
92.176024
90.465610
91.420274
90.222697
89.630709
89.470359
91.312545
89.720352
91.038699
89.841023
89.290946
88.866586
90.851298
89.158185
90.530513
89.221164
88.907114
88.403335
90.510588
88.700894
90.256899
88.754898
88.334622
88.082052
89.760174
88.224625
89.769341
88.275434
87.851032
87.867448
89.608411
88.228901
89.156483
88.670927
87.992695
87.864566
89.746734
88.673167
89.782873
88.430762
88.175220
88.518981
90.512462
88.969584
90.151541
88.826370
87.743009
89.029972
89.986965
90.201159
89.387001
88.284858
88.795563
88.712733
90.298213
88.632080
89.970483
88.845148
88.798361
88.245228
90.162802
88.618050
90.089648
88.401115
88.934655
88.418401
90.076567
88.659467
90.341491
89.304839
89.305582
88.880579
90.857823
89.373467
90.945707
89.386206
89.914583
88.703649
90.963972
89.038251
90.408580
89.374814
89.593266
88.695985
90.872252
89.010230
90.370715
89.305933
89.546854
88.859300
90.703777
89.033673
90.743062
89.335549
89.448874
88.768799
90.834381
89.196497
90.727522
89.031469
89.160059
88.655375
90.549506
88.730008
90.301222
88.593040
88.815046
88.705946
90.464392
90.709125
89.081481
89.329184
89.564063
88.278371
90.599588
88.546738
90.220714
88.542094
89.457897
87.756670
90.125836
87.866078
90.174203
88.814888
89.073306
87.337442
89.894420
88.058764
89.427288
88.804595
89.071308
87.740676
90.452202
88.597640
89.803802
88.703733
89.209255
88.112473
90.256082
88.589225
89.959773
88.784858
89.282988
88.063674
90.160513
88.349886
90.129316
88.819992
89.319872
88.323202
90.545435
88.955769
90.337628
89.096534
89.532242
88.093919
90.238372
88.121127
89.673360
88.620666
88.599659
87.726541
89.710856
88.092007
89.691085
88.271816
87.851392
88.074490
89.974921
90.198673
88.956620
88.557569
88.674025
87.582916
89.775244
88.185215
89.364407
88.082090
88.603255
87.646071
89.700718
87.804840
89.542844
88.289771
88.776599
87.310309
89.695673
87.847381
89.815312
88.303799
88.675607
87.877094
89.899116
88.338566
89.922385
88.402088
88.864974
88.195490
89.957606
88.158187
89.595654
87.946446
88.347447
87.963734
89.794168
88.131618
89.917878
88.248154
88.536555
88.371861
90.303888
88.618395
90.387847
88.848457
89.268600
88.874689
90.667236
89.183417
90.468124
89.280833
89.430214
88.683123
90.618371
89.138449
90.555218
88.929744
89.110580
89.231992
90.806450
90.889113
89.570453
89.220778
89.799170
89.091945
91.358143
89.628142
91.133794
89.878065
90.084178
89.661347
91.370746
89.581495
91.204116
90.149978
89.810469
89.110398
91.432604
90.013118
91.732799
90.564167
90.435249
90.152185
92.282522
90.270644
91.800895
93.480557
92.520927
95.531570
97.020074
95.758489
96.292666
95.026604
92.029368
94.630821
94.896542
94.091328
94.112188
93.297103
92.648376
96.057698
96.756326
96.788952
97.544394
96.564970
93.645438
96.519054
97.090900
96.166157
96.705830
95.465901
93.194789
96.743825
98.035082
97.286048
98.394088
98.008494
95.495848
98.484247
100.000000
99.756353
98.489494
95.117746
96.060232
99.015572
100.000000
99.374786
100.000000
99.598188
97.420792
98.747139
100.000000
99.605390
100.000000
100.000000
98.950513
100.000000
100.000000
100.000000
100.000000
100.000000
97.889624
100.000000
100.000000
100.000000
100.000000
99.884251
97.268490
100.000000
100.000000
100.000000
100.000000
99.971336
96.592592
98.683126
100.000000
98.637626
99.441705
99.011778
96.756873
98.578359
99.254079
98.206672
98.509730
97.944950
95.687263
98.224133
98.624060
98.038851
98.621416
97.541387
94.249378
97.263915
97.903277
96.499375
96.869210
96.796506
92.996961
96.798569
97.194625
97.657044
97.648858
94.736995
95.816160
99.895490
100.000000
99.645355
100.000000
99.560071
96.171787
98.526874
100.000000
98.082473
98.894896
98.303424
94.935962
97.628464
98.909764
98.123317
99.017958
98.783100
95.351351
98.670530
99.767151
98.843452
99.714484
98.782738
95.247268
98.947429
100.000000
99.872386
100.000000
100.000000
98.114257
99.534472
100.000000
99.182255
99.843323
98.928916
96.506483
98.171917
99.641752
98.541232
99.254044
98.239142
94.933939
97.624196
99.322189
98.984753
99.841715
99.834942
97.976794
100.000000
100.000000
100.000000
100.000000
100.000000
98.408999
100.000000
100.000000
100.000000
100.000000
98.916369
98.706661
100.000000
100.000000
100.000000
100.000000
99.895404
97.798463
98.729373
100.000000
99.326008
100.000000
100.000000
98.859368
99.476104
100.000000
100.000000
100.000000
100.000000
99.136359
100.000000
100.000000
99.882393
100.000000
99.965191
97.274384
99.474373
100.000000
98.498185
99.744345
98.636464
95.165445
97.318851
98.377925
97.359979
98.107159
97.525432
94.863360
96.940671
98.237932
97.065714
97.600042
96.992350
94.450801
96.437564
98.192923
97.366631
98.634441
97.722589
94.544663
95.675152
97.439531
95.726137
97.253490
96.268606
93.412455
95.957441
97.627452
97.836969
96.642105
93.930852
93.485629
96.242450
98.046884
97.030460
98.165656
97.690167
95.801866
97.228999
99.123920
96.892247
97.587770
96.086453
93.288292
93.974177
95.513809
92.265825
94.554437
92.627918
90.671385
92.658102
95.082159
93.435735
94.858569
93.080823
90.249025
92.517667
95.643247
93.891605
96.390368
95.100653
93.473667
95.246152
99.407645
98.006024
100.000000
99.788944
98.105205
99.711598
100.000000
98.947001
100.000000
100.000000
98.309861
98.644469
100.000000
100.000000
100.000000
100.000000
99.701620
99.655162
100.000000
99.393648
100.000000
98.882731
97.756163
98.466037
100.000000
100.000000
100.000000
99.945289
100.000000
100.000000
100.000000
100.000000
100.000000
100.000000
99.102944
100.000000
100.000000
99.386619
99.792359
97.905745
96.005137
96.916569
99.242913
95.542698
95.554818
92.669982
88.479706
89.078877
93.839563
90.442835
94.532974
90.388809
85.786692
90.171895
92.358362
90.288068
92.045520
89.222845
87.986675
92.826965
96.588688
94.231329
95.384871
94.453984
94.257021
93.020853
95.333945
92.802425
94.026348
92.907982
91.531798
92.474221
93.937942
92.290583
93.386972
92.733392
89.682677
92.373909
93.979559
93.134200
94.049614
93.308622
90.012719
93.646392
94.473111
94.819042
94.134956
90.502373
90.973494
93.520421
94.986337
93.650327
94.509453
93.326389
89.350076
92.270903
93.226588
92.078935
92.963225
92.437491
89.315736
92.342832
94.426774
93.420328
94.159741
93.129905
90.149683
91.871699
93.799112
92.113993
92.951490
91.899482
88.651136
91.618139
92.618060
91.466699
92.327392
91.631906
88.295758
91.278104
92.760037
91.325064
92.563761
91.576861
88.324353
91.600024
92.375979
91.271521
92.378166
91.674273
88.059757
91.336206
92.434076
91.508689
92.293914
91.747659
87.915666
91.345841
93.032439
91.603644
92.789821
91.651660
87.503266
91.891281
92.645877
92.675815
91.637135
87.431556
87.970786
92.307007
92.826750
92.482562
93.407463
92.684160
89.145657
93.171812
94.122394
93.034118
93.737714
93.250901
89.684804
93.169764
94.387775
93.218931
94.114265
93.333323
89.196589
92.811136
94.133412
93.014650
93.894550
93.387114
89.927220
94.032399
94.969383
94.067125
94.959297
94.552888
90.424228
95.111727
95.797510
95.375344
95.676598
95.395319
90.866352
95.056046
95.768853
95.540006
96.023557
95.623756
91.683258
95.865611
96.702463
95.846265
95.852238
95.375024
90.910954
95.199606
96.362223
95.849433
96.309714
95.719367
91.146698
95.806143
96.461066
96.598466
96.015337
91.333667
90.943139
96.188827
96.656529
96.335115
96.863027
96.623605
93.032440
96.655357
97.631531
96.801529
97.627142
96.719841
93.052476
96.439583
97.204183
96.161449
96.949624
96.256735
92.226672
95.660298
96.745321
96.058536
96.902416
96.373068
92.488697
94.855373
97.090604
95.388055
96.421627
95.448827
92.902361
94.222631
96.281789
94.437066
95.098338
94.124518
91.507143
93.243956
95.222028
93.564766
94.379107
93.386486
91.264876
92.918650
94.979205
93.474032
94.665042
93.474435
90.858011
92.753467
94.736387
93.322859
94.412970
93.037060
90.215343
92.905053
93.687475
93.857240
92.985878
89.573001
90.160033
92.118919
94.187195
92.625879
93.825927
92.869194
90.779118
91.989149
94.544906
93.030990
94.114504
93.012050
90.732597
92.481301
94.607615
93.275915
94.486656
93.591789
91.100292
93.224271
95.170093
94.003632
95.369626
94.297334
92.077324
93.974342
95.632126
94.257886
95.117259
94.289324
91.865645
93.353185
95.359642
93.659735
95.004603
93.928720
91.401731
93.753431
95.465855
94.074015
95.588868
94.470899
92.064387
94.319402
95.825720
94.644138
95.923079
94.804844
92.237818
94.713278
96.375485
95.093336
96.147415
94.872523
91.641169
94.882141
96.100874
96.273616
94.969181
92.310774
92.283711
95.068481
96.324735
94.648600
95.897336
94.558622
92.348448
94.587777
95.930247
94.628775
95.577498
94.633980
92.283305
94.286093
95.758748
94.554238
95.730181
94.922178
92.608118
94.481817
96.204909
94.593584
95.722889
94.432977
92.251313
94.076549
95.426409
93.639474
94.737862
93.581017
91.418313
93.595843
94.961010
93.513330
94.815614
93.553867
91.272191
93.406999
95.104997
93.384818
94.494909
93.245628
90.957453
93.170240
94.849212
93.423668
94.606078
93.360908
91.161775
93.341190
94.908675
93.582454
94.764012
93.736701
90.662593
93.873900
95.003055
94.950948
93.762497
90.376729
90.839039
92.712174
94.819239
93.090331
94.486228
93.193331
91.473725
92.607503
94.473820
92.787764
94.540762
92.967537
91.200292
92.632735
94.806024
92.637684
94.302663
92.606420
91.365643
92.337712
94.532193
92.703644
94.441525
92.726469
91.814272
92.419714
94.692924
92.564650
94.439542
92.908443
91.788443
92.497726
94.861172
92.559799
94.480588
93.034780
92.149494
92.930749
95.122832
93.264674
94.854839
93.166525
92.158094
92.926492
94.957090
92.980598
94.890687
93.634789
92.102126
93.242890
95.415864
93.355750
94.828469
93.144365
91.170438
93.075520
94.581537
94.540151
93.058261
91.048576
90.828066
92.139362
94.362857
92.147565
94.197004
92.414843
91.235481
91.405376
94.178914
91.912178
93.755694
92.175876
90.760920
91.441117
94.086156
91.800388
93.959278
91.961323
91.231663
91.451778
94.333425
92.069552
93.976868
92.420789
91.890129
91.841857
94.565344
92.440784
94.615340
92.968634
92.359372
92.413994
95.024082
92.677750
94.648115
92.805973
92.070008
92.198099
95.076542
93.011736
94.670136
93.304349
91.975660
92.556113
95.199672
92.939000
94.635740
93.117790
92.317355
92.811929
95.467627
93.356212
95.162986
93.549467
91.891759
92.799184
95.316434
95.342260
93.576664
91.887847
91.773871
92.438859
94.610959
92.453076
94.269516
92.609903
91.534033
91.806855
94.182493
92.005313
94.257867
92.529574
91.742492
92.345635
94.689981
92.742640
94.325239
92.596461
91.451060
91.778366
94.251544
92.132978
93.758220
92.137174
91.423526
92.132968
94.037199
92.004467
93.452579
91.974105
90.864911
92.043253
94.144200
92.355825
93.818591
92.249469
91.387696
92.046648
93.892047
91.697286
93.562148
91.980945
90.867001
92.134089
94.188336
92.238742
93.993266
92.553924
90.634550
92.243656
94.340772
92.604864
94.305107
92.883933
91.024740
92.571765
94.269466
94.367853
92.618774
90.835142
90.797173
92.006916
93.984150
92.186118
93.780423
92.270853
91.072947
92.113941
94.182908
92.139629
93.708851
92.265888
91.040749
92.132624
94.632715
92.712692
94.786830
93.328462
91.621665
93.923131
95.175339
99.315844
98.703902
98.657830
95.599048
100.000000
100.000000
100.000000
100.000000
100.000000
99.026058
100.000000
100.000000
100.000000
100.000000
100.000000
100.000000
100.000000
100.000000
100.000000
100.000000
100.000000
100.000000
100.000000
100.000000
100.000000
100.000000
100.000000
97.656804
100.000000
100.000000
100.000000
100.000000
100.000000
98.520024
100.000000
100.000000
100.000000
100.000000
96.706930
96.895077
100.000000
100.000000
100.000000
100.000000
99.628959
95.953414
98.800874
100.000000
99.292030
99.810428
99.263765
96.165243
98.620330
100.000000
99.573249
100.000000
99.814368
96.710602
100.000000
100.000000
100.000000
100.000000
99.226322
95.720661
99.386233
100.000000
99.897402
100.000000
99.528578
95.903603
99.136518
99.669803
97.971246
98.010355
96.805171
92.842538
95.775604
97.601543
96.358406
97.622348
96.453544
92.816156
95.328485
97.773190
96.149180
98.349720
97.360890
94.738717
96.902674
99.445017
98.092491
99.339490
98.358269
95.843527
97.993943
99.418974
100.000000
99.047391
95.631651
95.268251
97.090762
99.004593
97.127825
98.632752
97.119127
94.646416
94.808212
98.016476
96.149688
99.232016
96.651573
94.759540
93.431785
97.263517
93.742639
95.208427
93.923742
93.631426
92.008661
95.297328
92.443385
94.294859
92.959308
91.438469
92.027335
94.459686
92.476721
93.492251
92.426475
90.352348
91.937398
93.730732
92.516744
93.692030
93.041882
90.551715
92.990194
94.552176
93.602035
94.727172
93.866278
90.912314
93.065178
95.105817
93.599605
94.849345
94.065848
91.289396
93.840269
95.033536
93.589338
94.402685
93.361323
89.563934
93.052860
94.082881
94.549497
93.746277
90.347291
90.480493
93.587444
94.961822
94.075721
95.109772
94.539221
92.541275
94.058391
95.477610
94.343454
95.390169
94.400868
91.453076
93.791443
95.001644
93.477990
94.228286
93.924022
91.227538
93.722087
94.981534
94.163741
95.027677
94.390243
91.390838
94.243460
95.806005
94.655414
95.373727
94.234796
92.100506
94.178731
95.199826
93.658514
94.606051
93.699518
90.677293
92.982780
94.077334
92.719931
93.776160
92.701142
89.151594
91.927550
92.706314
91.903244
92.286303
91.661549
88.247421
91.343023
92.935474
91.806720
92.883065
92.000952
88.281992
91.517257
92.834273
93.013794
92.098142
88.918857
89.199460
91.682125
92.873499
91.828420
93.045945
92.289035
89.030478
91.695712
92.993345
91.687493
92.757120
92.754561
89.647382
91.640552
93.656067
92.487471
93.648213
92.601479
89.470943
92.526311
93.980174
92.790113
94.029197
93.037213
89.965843
92.518616
94.031970
92.651796
93.599664
92.520849
88.806560
92.370146
93.452602
92.031024
93.048849
92.245555
89.164979
91.648401
93.195281
91.897679
93.232982
91.976318
89.566230
92.315892
93.441591
92.191940
93.360620
92.786541
89.957258
92.543681
93.926214
92.500242
93.578545
92.983477
89.731531
92.487496
93.597341
93.636238
92.877016
89.549917
89.479403
92.439046
93.597074
92.604277
93.303376
92.170383
89.496051
92.195407
92.846813
91.850637
92.838276
91.895299
89.263554
92.009630
93.063590
92.237481
92.995196
92.425811
89.471732
92.223402
93.660360
92.492199
93.468633
92.538428
89.766913
92.059029
93.211931
92.112096
92.780622
91.912971
88.725286
92.303752
93.334042
99.003902
99.529708
97.794866
94.827033
98.224540
97.493791
96.574739
96.737311
96.549310
93.313113
97.479771
96.816235
97.580384
98.134763
98.384442
93.838153
98.389575
98.290884
98.489467
98.234262
97.846585
93.413184
98.383516
98.500707
98.618990
98.657902
94.224727
94.629553
100.000000
100.000000
99.970100
99.711501
99.427568
95.940613
99.881873
100.000000
100.000000
100.000000
100.000000
96.120688
100.000000
100.000000
100.000000
100.000000
100.000000
96.052774
100.000000
100.000000
100.000000
100.000000
100.000000
96.400951
100.000000
100.000000
100.000000
100.000000
100.000000
95.907076
99.990495
100.000000
100.000000
100.000000
100.000000
95.894812
99.922414
100.000000
100.000000
100.000000
100.000000
96.254553
100.000000
100.000000
100.000000
100.000000
100.000000
95.794101
99.786676
100.000000
99.661055
100.000000
100.000000
97.260995
100.000000
100.000000
100.000000
100.000000
100.000000
