84.473644
80.764007
89.153362
82.566311
86.014238
83.074028
90.250062
81.226453
85.579895
81.121167
84.271512
81.555888
86.712406
80.881365
84.582488
80.799953
83.767982
81.013446
85.756706
80.314194
84.236970
80.395765
83.645739
80.706102
84.694826
80.149554
83.394315
80.176394
83.389819
80.965564
84.295553
80.023320
83.271046
80.663914
83.649366
80.662360
84.744732
79.408606
83.100826
79.704322
82.780932
80.266136
84.721520
78.862494
82.987831
79.665876
82.760163
79.638122
83.769056
79.201365
82.339000
79.047944
81.858804
78.840975
82.204543
78.768405
81.743251
82.007835
79.266211
82.465082
82.370852
78.233997
81.269974
78.562204
81.008549
78.452417
80.640028
77.976012
81.033601
78.233056
80.472828
78.153126
79.814777
77.658470
80.343932
78.158586
80.087690
78.328281
79.998654
78.274576
81.036523
78.243437
81.031007
78.774690
81.083154
78.356625
81.099467
78.281423
80.523233
78.675432
80.569118
78.002565
80.988042
78.272157
80.850458
78.343311
80.299699
77.779850
80.703953
78.099220
80.362769
77.827871
79.968413
77.946736
80.601677
78.292626
80.646601
78.519572
81.053992
78.086094
81.224080
78.659324
80.674524
78.856759
80.682968
78.533530
81.176183
81.335448
79.491409
81.667901
81.474169
78.036383
81.603189
78.812644
81.335960
79.102279
82.290066
78.340081
81.406202
78.384249
81.000090
78.978044
81.485856
78.122984
81.047895
78.532174
80.798745
78.638614
80.786480
78.744040
81.118622
78.442550
81.166948
79.029448
81.303506
78.937435
81.481330
78.735070
81.120640
79.527748
81.331199
78.493546
80.861695
79.032703
80.759686
78.650497
80.785867
77.423537
80.278871
77.586202
80.078520
78.474243
80.655004
77.495887
80.312175
78.000780
80.255803
78.210801
81.507194
77.682906
81.071352
78.078344
80.496676
78.078292
80.540707
78.492315
80.517763
80.667101
78.821798
80.878770
80.963160
78.484023
81.262399
79.013663
81.142633
79.094425
81.235031
78.843270
81.216324
78.979765
81.389122
79.739876
81.283261
78.881096
81.409902
79.115899
81.148000
79.214195
81.592864
78.740890
81.200980
79.699433
81.182083
79.943065
81.532282
79.011806
81.096457
79.090242
81.139518
79.082242
81.162913
78.501551
81.051841
78.804986
81.142802
79.271914
81.584470
78.487809
81.608897
78.750791
81.692395
79.146461
81.685612
78.575086
81.576529
78.989147
81.502166
79.165959
81.847485
79.086165
82.721567
79.452037
82.116386
79.939287
82.314057
79.808589
82.517718
82.012964
79.303066
81.122111
81.521565
77.919619
81.222761
78.654620
81.328143
78.913640
82.192966
78.852727
81.779050
79.150434
81.787197
79.367591
82.649192
78.297361
82.392488
79.281115
81.538513
79.482737
82.845544
78.743212
81.870511
78.780035
81.372120
79.733583
83.050321
78.932010
81.820313
79.551998
81.473042
79.628647
82.596677
79.341624
82.270381
79.643034
81.453042
80.188933
82.851923
79.478769
82.151504
79.854382
82.014873
80.265919
82.896728
79.315041
82.058298
79.399938
81.179446
79.208035
82.110680
78.538268
82.167224
78.923610
81.620008
79.075385
80.956262
78.669315
81.501356
81.536917
79.126339
80.938042
81.449364
77.678120
80.543928
78.686094
80.792749
78.648562
81.153159
77.646511
81.035559
78.777629
80.640240
78.772470
81.051895
91.647026
92.135621
91.338530
93.309818
89.765872
89.075683
91.291357
91.570079
89.528340
89.622064
88.801904
92.783920
95.353567
96.608680
95.754430
97.895056
97.033545
98.679908
100.000000
100.000000
100.000000
100.000000
100.000000
100.000000
100.000000
100.000000
100.000000
100.000000
100.000000
100.000000
100.000000
100.000000
100.000000
100.000000
100.000000
100.000000
100.000000
100.000000
100.000000
100.000000
100.000000
100.000000
100.000000
100.000000
100.000000
100.000000
98.935527
97.594397
99.815705
99.593615
97.922466
98.279650
97.052332
97.254789
95.469818
97.684262
94.911168
96.913953
95.445109
95.752715
95.037839
95.618211
95.036846
96.110946
94.767205
93.788123
95.712089
96.060055
94.963606
95.486626
95.132071
93.973982
95.344620
96.070479
95.218064
95.053896
94.419525
91.872288
94.060294
93.592513
93.649716
93.362960
93.340043
91.666918
95.058304
95.379035
95.098509
95.968632
95.995058
93.461921
94.508833
95.282704
94.634178
95.466183
94.472675
92.088859
92.365857
93.395783
91.918836
92.995610
93.145472
90.826884
92.512423
93.305942
93.593615
93.074170
91.522207
92.038420
95.186006
95.227266
94.450981
94.659629
93.635988
92.915165
94.891419
95.490592
95.166938
94.890638
94.186610
91.925182
94.475075
95.080129
94.623857
95.536688
94.393090
90.873331
94.012716
96.077608
95.177586
95.394399
94.723487
91.264652
93.192003
94.092371
93.460007
94.348084
93.910711
91.233191
94.167711
93.923825
92.702705
93.764188
94.109167
92.060588
94.535091
94.210975
93.050913
93.461536
92.574446
88.772306
91.717729
92.662085
91.631016
92.991705
92.021823
87.459389
91.758174
91.105097
90.461155
91.266914
90.793697
86.527553
90.029669
90.926723
92.028104
92.173680
87.180595
88.384222
92.121081
93.592830
91.535026
91.872219
91.332253
88.538644
91.620242
92.173296
91.572812
92.522638
91.470077
88.923996
91.881099
94.136700
93.412766
93.699465
92.397679
89.615475
92.235899
93.289358
91.242844
92.454859
91.638706
89.372461
93.923959
95.158473
93.693626
93.241212
91.943850
88.090952
91.011009
92.877228
92.188310
93.243910
92.902524
89.550819
93.402774
94.977023
93.651166
94.692646
93.899962
90.987081
93.265965
94.137316
92.365488
93.302544
91.937301
90.146920
92.831635
93.600674
92.553231
93.828924
93.831216
90.417827
93.218141
94.435701
94.039469
92.993608
89.178429
89.878857
93.444266
94.499114
93.952527
94.931205
94.507719
93.330717
93.094731
93.502713
92.719458
93.063987
92.535748
91.393790
92.741203
94.115897
94.085489
95.167676
94.840711
92.953118
94.650113
94.660082
93.720779
94.752356
93.764341
91.497169
93.318462
94.876730
94.174778
95.398188
93.926851
93.833249
92.740160
93.484752
91.668591
92.124181
91.348999
90.732484
90.950570
91.550651
90.003132
90.807631
90.697656
89.184068
90.708392
92.414663
90.215615
90.945558
90.750412
89.113937
89.560532
90.671661
89.562281
90.436318
89.473101
88.021689
89.007939
91.246887
91.651464
90.920916
89.928074
90.082179
91.405279
92.472945
91.369684
92.600638
91.566346
91.168167
91.004379
92.230069
90.103842
90.939926
89.866196
88.574329
89.022182
90.826473
88.810566
89.350639
88.630571
87.664997
88.490445
89.566766
88.564148
89.631221
88.442900
87.478413
88.462795
89.894030
89.711266
89.955431
89.829344
87.748928
88.932955
89.619445
88.410258
89.094328
88.288706
86.646230
88.569394
89.434378
88.396664
89.142980
88.552691
85.912927
88.261292
89.093376
88.805787
89.079932
89.047507
86.189078
89.521387
90.410352
89.464553
90.283138
89.446840
86.926435
90.335201
91.046800
91.859971
91.159094
88.617949
88.482359
90.430981
91.436019
89.952545
90.983214
90.745482
89.626903
89.864306
92.666070
91.689533
92.576973
91.554807
89.754737
89.977591
92.570109
90.303396
91.994388
90.812914
90.495145
90.200383
93.149604
90.907640
92.024208
91.034882
90.899528
90.705005
92.787655
91.623199
91.888646
90.694912
89.301104
90.537765
92.338102
91.969928
92.925160
91.199367
89.183409
90.636912
92.015817
91.087388
92.360526
91.675053
90.038599
90.853612
92.024265
91.253023
91.677120
91.066296
89.336759
91.997536
93.613748
93.155629
94.038810
93.314240
92.299923
95.267995
95.943440
96.287797
95.494886
92.165608
92.929945
97.042678
97.521934
96.513679
97.070935
96.339262
94.046433
95.691257
96.954437
96.076194
97.072414
95.494994
93.716023
94.003480
94.435906
92.630674
93.715043
92.453901
91.710527
91.654767
93.463664
92.714413
93.358719
92.886006
91.770019
93.045684
92.688383
93.193208
93.784318
93.860719
92.735222
95.816520
96.270373
95.962525
96.399556
96.022207
93.581670
96.291632
96.263164
95.990689
96.806535
95.410905
92.953953
95.576288
95.812187
94.938981
96.313621
96.504427
94.239681
96.174888
96.464013
95.992863
96.042307
95.758202
91.603887
96.424196
98.222766
98.008089
96.793705
91.989128
93.522424
96.122225
97.579520
95.882315
96.625783
95.338326
91.979005
94.090149
95.652563
93.984443
94.980597
94.257231
92.760425
94.918301
96.458642
95.930489
96.992019
96.704487
94.664131
98.136065
98.819596
98.214235
99.355408
97.645989
95.612104
97.556533
98.336730
98.290804
99.490983
99.583345
96.992401
98.711353
100.000000
99.139184
99.799274
99.109547
97.254327
99.986257
100.000000
99.318252
100.000000
98.779806
96.767865
100.000000
100.000000
100.000000
100.000000
100.000000
97.818408
99.456268
100.000000
98.320820
99.810184
97.433737
95.307820
97.538925
97.624822
97.891386
96.654282
93.647622
95.023539
97.496340
98.750781
97.480105
98.246396
97.361045
96.396609
98.232805
99.091549
98.110311
98.555695
97.668943
95.867267
96.332528
97.839298
96.005330
96.527687
95.434463
94.680141
95.456315
97.426548
97.331512
98.523518
98.409898
98.190166
100.000000
100.000000
100.000000
100.000000
99.551343
96.589436
97.624605
98.811192
98.523440
97.877772
97.683907
95.766270
98.040959
98.602123
97.846224
99.051995
98.372939
94.857978
98.063993
98.834847
97.967228
98.892952
96.981152
94.955820
97.045447
98.119263
96.753469
97.004931
96.225699
95.156696
98.391631
100.000000
99.123804
98.647759
97.092777
97.109390
99.644167
100.000000
100.000000
100.000000
100.000000
99.984745
100.000000
100.000000
99.557665
100.000000
99.877578
98.351378
98.548943
99.652181
99.599376
100.000000
99.891071
98.596413
99.939304
100.000000
99.577390
99.524452
99.252253
97.140075
99.094718
99.085555
98.223456
98.395747
97.814385
94.298579
97.398141
99.013915
97.516000
97.859655
97.375567
93.825613
96.970278
98.036291
97.807787
98.138872
98.405618
95.420829
96.663809
97.640994
96.977868
97.832710
97.716843
95.084422
97.707391
98.472855
98.630093
99.892519
99.682978
97.537505
99.701879
100.000000
99.669981
98.994615
96.309293
96.196592
98.783244
99.787480
98.800763
100.000000
99.959676
98.077223
98.935426
100.000000
100.000000
100.000000
99.835904
98.178477
99.775482
100.000000
99.974559
100.000000
100.000000
98.959482
99.464031
100.000000
99.740399
100.000000
100.000000
98.153722
99.951243
100.000000
99.764374
100.000000
99.569854
97.110697
98.391302
99.425630
99.105821
99.586948
99.385282
96.968241
99.118654
100.000000
100.000000
100.000000
100.000000
99.802918
100.000000
100.000000
100.000000
100.000000
100.000000
99.796088
92.582813
91.074614
80.410764
84.261625
81.346391
84.880515
77.312672
82.238872
80.212190
77.466194
83.236922
79.970126
75.497272
79.265291
75.940936
77.698174
75.831218
80.866247
75.197778
78.146153
75.723508
77.627651
75.426500
79.317816
74.431976
77.535516
75.155759
77.478852
75.968195
78.769691
74.820459
78.067492
75.354365
77.509203
75.315781
78.505264
74.713629
77.687746
76.090575
77.627876
75.835964
78.414859
74.968691
78.284385
76.179824
78.315634
76.071080
78.688107
75.378825
78.231519
76.653536
78.736798
77.116813
79.539725
76.473080
79.111060
76.278033
78.831154
76.904389
79.570941
75.773633
78.992249
76.751211
78.482409
76.732765
78.162048
75.968372
78.762356
78.671168
76.622654
78.718452
79.149719
75.054957
78.659098
76.383224
78.716242
76.758401
79.645868
76.021645
79.104844
76.413416
78.845264
76.795553
79.564747
75.929904
79.267293
76.460598
79.203774
77.323183
79.795199
77.340546
79.414331
77.604690
79.522601
77.601173
79.810624
77.060501
79.611060
77.167567
79.388843
77.764628
80.012426
76.771245
79.813184
77.948826
79.919193
78.418423
80.733645
77.611957
80.584706
78.322187
80.026913
78.303170
80.405357
77.284270
81.023944
77.830901
79.681493
78.433640
80.703962
77.476257
80.721084
77.551578
79.683269
77.757020
80.402330
77.619165
80.094698
79.190682
77.804726
80.055529
80.116356
77.171492
79.869330
77.454853
79.227912
78.041216
79.885696
76.891850
79.819748
77.765492
79.220720
78.070524
80.299109
77.251659
79.688952
78.214561
79.667431
77.936688
80.483738
77.655353
80.026040
77.545853
79.753725
78.151038
80.304683
77.359388
79.921391
77.815054
79.856727
78.078301
80.260783
77.489950
79.716881
77.831304
79.848112
78.209636
80.486800
77.198407
80.468220
77.951511
80.310217
78.011554
80.307799
77.604334
80.750077
78.029163
80.631363
78.526849
80.821974
78.124938
81.262972
78.469368
80.966652
78.590846
80.694820
78.480183
80.809701
80.776828
78.547265
80.440664
80.401225
76.629255
79.746439
77.278610
79.374999
76.881259
79.364297
75.988953
78.864462
76.724499
79.024243
76.839763
79.847759
76.424100
79.071594
77.092367
79.149967
77.293912
79.816183
76.975825
79.422863
77.064252
79.634622
77.301427
80.159527
76.961920
80.010574
77.469517
79.642546
77.613346
80.360592
77.106171
80.584666
77.438139
79.956397
77.745668
80.789125
77.200757
80.432348
77.817232
80.212913
78.310679
80.815732
77.129925
80.267664
77.832913
80.264124
78.007511
80.494654
77.524873
80.535367
77.647861
79.897782
77.579791
79.793437
77.929271
80.293618
80.454288
77.976412
80.388330
80.765509
77.032180
79.631675
77.103244
79.316298
77.433920
80.508461
76.599679
79.227158
77.065263
79.074948
77.311493
79.896312
76.498785
79.598732
77.446392
78.898388
77.797393
80.228900
77.723209
80.231387
78.255474
80.122229
78.275784
80.692329
77.474255
80.074624
78.134396
79.413276
77.826452
80.083785
77.140355
80.038484
78.100820
79.316961
77.823298
80.224651
76.517658
79.608548
77.532831
79.242116
78.198531
80.649799
77.569870
80.610840
78.383597
80.584293
79.401656
81.342925
78.507764
80.521633
78.771075
80.381997
79.520165
80.229937
79.369147
81.563478
81.369330
79.749730
81.499324
81.612547
78.986283
81.417689
79.892871
81.456965
80.143526
81.706325
79.013036
81.573466
79.239352
80.875398
79.626026
81.971590
79.111763
81.880294
79.610250
82.076055
80.518074
82.172753
79.543253
82.528970
80.193613
82.418779
81.423694
82.791635
79.810775
82.434777
80.186447
82.201283
81.038456
83.149838
80.444732
83.351850
80.821549
82.684405
81.508112
82.637737
79.895373
82.652611
80.805395
82.667914
81.409973
82.722046
80.241175
82.760105
80.508243
82.355973
81.212868
82.274092
80.246535
82.304815
80.820066
82.434397
80.800658
81.646908
80.184364
82.439164
82.586338
80.825160
81.384328
82.458803
80.704343
82.732160
80.708201
82.852118
81.222148
82.127343
79.799148
82.566707
80.245378
82.444604
80.486255
82.036197
79.664942
81.600227
79.906643
81.322792
79.596988
81.025464
79.449265
81.316430
79.007750
81.212872
79.084018
80.881240
78.770532
81.126090
79.116665
81.017194
79.145728
80.969834
79.005537
81.053487
79.086731
80.835946
79.583773
81.577641
78.487116
81.069214
79.007575
80.481999
79.238233
81.277423
78.546448
80.462139
78.338538
80.990649
79.211482
81.103164
78.970969
80.973218
78.835247
80.996000
79.420472
80.600717
78.472804
80.945106
81.242735
79.422462
81.306392
81.776441
78.393182
81.491645
79.123081
81.382415
79.465054
82.200161
78.856536
81.448996
78.706827
81.309157
79.181044
81.843280
78.521571
81.184331
78.770557
81.290862
79.269839
81.684392
78.305241
81.244078
78.697304
81.432142
79.292257
81.840547
78.015741
80.736540
78.093238
80.962309
78.831147
81.492946
78.451123
81.216007
79.153244
81.364872
79.234927
81.777787
78.773071
81.490712
79.254342
81.446978
79.440029
82.272130
78.779727
81.603326
79.283801
81.523206
79.348089
82.367962
78.919625
81.917340
79.088999
81.485145
79.394068
81.711685
79.361588
81.254196
81.236648
79.391997
81.368838
81.697380
78.381601
81.070146
78.885003
80.822368
78.793121
81.985937
78.308249
81.485656
78.738088
81.121628
78.841078
81.793986
78.264589
81.435881
78.423323
81.285301
78.682072
81.230207
78.347769
81.521938
78.826329
81.470200
78.954890
81.985356
78.321046
81.788617
79.051142
81.134909
79.755963
82.377967
78.620833
81.840792
79.357061
81.345218
79.684927
81.778831
78.785179
81.598793
79.046457
80.827848
79.081347
81.689741
78.630691
82.098634
79.374408
81.075924
79.736021
81.900503
78.681099
81.959685
78.899085
81.606380
79.473532
81.400140
78.484699
81.270311
80.587483
78.620690
80.822131
80.227172
77.515183
79.941724
77.729661
79.544353
78.354412
80.578522
77.742411
80.013343
78.472507
80.097857
78.422742
80.676784
77.833201
80.858086
78.653062
80.942261
78.974271
81.551551
78.025763
80.991964
78.450704
80.739301
78.786966
81.456103
78.095477
80.502254
78.316381
79.460947
78.657768
80.614436
77.922413
81.072486
78.128332
79.748188
78.678831
80.694666
77.887828
80.155233
77.749673
80.106402
78.113796
80.248984
77.616981
79.815878
77.998052
79.646883
78.358845
80.251813
77.829293
80.064787
77.698975
80.045359
78.280924
79.596312
77.727018
79.986275
80.081140
78.164558
80.029431
81.188178
77.672562
81.279880
78.182401
80.935074
79.068417
81.805348
77.848879
81.030376
78.248273
80.300627
78.224849
80.777166
77.519405
80.584882
77.946795
80.868905
78.543010
81.255536
77.893574
81.096496
78.383612
80.822132
79.050265
81.623005
78.113928
81.325889
78.486787
81.039831
78.732871
81.327474
77.770626
80.908263
78.404257
80.797299
78.686687
80.907075
77.376404
80.925821
78.202421
80.378884
78.466513
80.801191
77.130470
80.418195
77.615188
80.091300
78.494535
80.697325
77.670067
80.625189
78.186684
80.856651
78.288205
80.062943
78.132631
80.402277
80.330110
78.538121
79.991846
80.937730
77.023817
80.129989
77.790195
79.939935
77.685786
80.734182
76.857884
80.009837
77.324769
79.561561
77.283815
80.688991
76.676890
79.871535
77.422892
79.933256
77.224461
80.928350
76.796928
80.093439
77.391743
80.284346
77.720680
81.254916
77.343952
80.676541
77.890729
80.494465
78.350402
81.070122
78.175702
81.319266
78.603697
81.357589
79.314855
81.973273
78.353601
81.361544
78.767961
81.401272
79.521723
82.039118
78.808822
81.419271
78.812774
80.955820
78.625915
81.105489
78.140091
80.988318
78.272067
80.959531
79.030590
81.296329
78.838757
81.031138
81.208203
79.547514
81.244865
81.406626
77.949018
80.690205
78.033479
80.237890
78.634572
81.183349
77.148094
80.141615
77.294467
79.794234
77.727354
80.989537
77.032145
80.226541
77.353874
79.671027
77.528083
80.549548
77.166306
80.261265
77.598111
79.743444
77.546360
80.525090
77.270233
80.458012
77.868448
79.947787
77.585981
80.563393
77.010928
80.266165
77.454324
79.788629
77.465630
80.834841
77.359607
80.492146
77.808291
80.138820
77.989486
80.775146
77.501905
80.259835
77.471986
79.645179
77.397399
80.067689
77.081091
80.014883
77.547947
79.791959
77.478235
79.485995
77.957704
79.849202
79.945438
78.164828
80.226147
80.237842
76.873454
80.137259
77.059295
79.578154
77.358242
80.409783
76.295431
79.709436
76.751846
79.094950
76.751332
80.656278
76.027433
79.542492
76.547092
79.025773
76.915718
80.132792
76.333369
79.162694
76.546374
78.884562
76.480379
80.156633
75.941819
79.322715
76.291815
79.233846
77.260832
80.095742
76.073867
79.657349
76.646639
79.596457
77.288759
80.262130
76.618542
79.865517
77.259933
79.484116
77.417412
80.360014
76.743140
79.983057
76.757396
79.819733
77.745070
80.701316
77.042692
80.087398
77.516967
79.531218
77.264524
80.086556
77.280291
79.682925
79.669985
77.636522
79.879429
79.946606
76.224640
78.953146
76.331871
78.962780
76.722402
79.525435
76.441738
79.210027
76.598380
78.677121
76.555975
79.617983
76.297080
79.811324
76.111282
79.095274
76.656544
80.311392
76.217277
79.869810
76.080346
78.879907
77.034800
80.137948
76.014646
79.807103
76.365817
78.985908
76.852072
80.548856
76.156721
79.206835
76.375205
79.344573
76.958808
80.095823
76.314280
79.626178
76.605068
79.446774
76.865819
79.997876
76.032292
79.273895
76.548052
79.069363
76.895244
79.705555
76.393656
79.445947
76.885755
79.525286
76.963752
79.490121
76.585665
79.392225
79.249157
76.921948
79.415977
79.608273
75.745871
79.084559
75.963621
78.456665
76.248282
79.221153
76.302224
78.742015
76.338988
78.685819
76.861708
78.912391
76.107171
79.638235
76.591633
79.242821
77.031482
79.914592
76.044285
79.614140
75.924040
78.930700
77.004821
80.014666
76.376956
79.314691
76.100518
79.145844
77.118746
79.685142
76.151444
79.193883
76.597682
79.019333
76.536391
79.014894
75.842530
78.546057
75.720263
78.559198
76.352311
78.559174
75.843130
78.585440
76.022593
78.542986
76.525530
79.061392
76.159881
79.539581
76.661277
79.185828
76.973596
79.473677
76.848455
79.642107
79.816017
77.886765
80.117490
80.414021
76.399743
79.937255
77.610413
79.931411
77.884062
80.578171
77.843379
80.750967
78.296529
80.464816
78.596295
80.697666
78.066532
80.647834
78.186986
80.181090
77.919318
80.499847
78.223279
81.061918
78.680994
80.853445
79.092188
81.718073
79.239405
81.789555
79.653687
81.885846
79.767152
82.391765
80.162721
82.194484
80.634526
82.276347
80.872275
82.546775
81.140867
83.420478
81.745196
83.431172
82.271701
83.956464
81.882426
83.630840
81.923186
83.611716
82.095463
83.999078
81.356258
84.282621
81.774791
83.590029
81.971588
83.278734
81.993832
84.135003
83.742848
82.456910
83.693413
84.295161
82.337345
84.283738
82.762592
84.011564
83.130132
84.097232
82.359677
84.344452
83.282435
84.470975
83.481476
84.945778
83.587528
85.488069
83.658534
85.130633
83.562374
84.517233
83.086976
85.414578
83.546735
85.424855
83.253911
84.126381
82.834399
84.928644
82.604490
84.736335
82.833842
83.881160
82.416238
84.868336
82.361686
84.574858
82.780229
84.073510
81.983510
84.536386
82.551816
83.882055
82.605170
84.054115
82.502628
85.185177
83.090717
84.681342
82.940610
84.125108
82.335683
85.125479
82.852666
84.492644
83.064867
83.666962
82.159727
84.066277
84.190549
82.269873
83.036115
83.032052
80.055617
82.643671
80.768410
82.364632
81.569980
82.391835
79.693199
82.490924
80.428815
81.632081
80.282794
81.831429
78.993410
81.552923
79.743080
81.450715
79.970869
81.274359
78.375426
81.195204
78.432388
80.809571
79.101856
80.457176
77.579959
80.638560
78.363802
80.384391
78.660296
80.417664
77.579317
80.631824
77.744343
79.921947
77.865837
79.909540
77.450275
80.621086
77.919181
80.124263
77.877870
80.493037
77.584728
80.993789
78.639837
80.874075
78.970880
80.702839
78.604239
81.223323
79.071200
80.896976
79.311634
79.749065
79.225992
80.735197
81.286402
79.962641
80.898754
81.569917
77.927591
80.956108
78.917790
80.834502
79.015827
81.589723
78.381589
81.180538
79.151822
80.946705
78.859007
81.554001
78.150799
81.424138
79.502058
81.227466
79.806332
82.050101
78.503427
81.843195
79.309509
81.889087
79.348579
82.714707
78.454394
81.438476
78.768008
80.932356
79.297275
81.834494
78.380175
81.076468
78.678107
81.185369
79.703939
81.525299
78.557592
81.325582
79.362003
81.366779
79.784845
81.884828
78.716221
81.367507
79.300292
81.252849
79.729020
81.528067
78.536386
81.337747
78.909853
81.237479
79.384407
81.001355
78.862463
81.298675
81.338152
79.616112
81.279660
81.625905
77.994428
81.285109
77.818021
80.431113
78.243394
82.275273
77.730081
80.714945
78.070182
80.432519
78.187446
81.024394
77.516453
79.920272
77.541047
79.781283
78.075773
81.034196
78.038207
80.735642
78.613098
80.362274
78.453719
81.137923
77.985607
80.725344
78.340626
80.399993
78.936150
81.450081
78.097553
80.944911
78.306164
80.820313
78.647177
81.430900
78.026205
81.193729
78.792895
80.943955
79.333949
81.777816
77.963163
81.050560
78.337358
80.300094
78.500094
80.810431
77.906808
80.446239
78.271373
80.348439
77.927165
79.829473
78.172161
80.757210
80.719945
78.617914
80.353346
81.456530
77.291103
80.556014
78.236505
80.119922
78.171223
81.211403
77.374931
80.297323
77.790676
79.821376
78.078530
80.748944
76.865950
80.375087
77.840620
80.279899
78.479534
80.690117
77.700402
80.337092
78.413209
80.078577
78.655239
80.879249
77.723489
80.056658
77.636544
79.316200
78.039663
80.255788
77.614060
79.897589
77.904389
80.676606
78.343574
80.816449
77.462250
80.347706
78.985252
80.699725
78.969475
81.262732
78.506240
81.045018
79.011047
80.835524
79.371685
81.428165
78.380828
81.287907
79.273314
81.506940
79.446038
80.914887
79.019654
81.860330
81.786097
80.199096
81.535239
81.891367
78.988591
81.850166
79.398503
81.903614
79.624015
81.678420
78.772932
81.552226
79.486127
81.213430
79.985695
81.515476
79.246641
82.135632
80.168042
82.309595
80.374098
82.371087
80.344618
82.843174
80.816754
82.466306
84.475857
84.596719
85.892385
88.093826
85.930854
86.950245
85.113716
84.176091
85.566778
85.822753
84.903410
85.405881
84.099770
86.417357
88.366341
89.375370
89.303644
90.327921
89.140043
89.651675
89.740371
91.429645
89.316041
90.749706
88.555576
88.358187
88.917215
91.123101
89.142975
91.665410
90.891149
90.340522
91.368718
93.495364
93.686471
91.406158
90.622886
91.641950
91.023525
94.716186
91.663574
92.922732
91.267234
92.544142
91.388755
92.840551
91.704045
92.953547
92.345261
93.152463
92.785389
94.803295
93.060475
93.411369
92.678261
91.985278
92.778527
93.932267
92.630156
93.928571
92.394761
91.643584
93.345297
94.583476
93.480392
94.078852
93.576885
91.082987
91.714492
93.455847
91.587664
92.526014
92.072750
91.157153
91.774887
92.677120
91.112479
91.830022
91.012600
90.226038
91.981565
92.559406
91.887832
92.013878
91.410822
89.222242
91.291909
92.039908
90.700482
91.172969
91.177833
88.807817
91.745076
92.263809
92.566025
92.715678
90.827150
92.281013
94.502142
95.571190
94.069001
95.208867
94.230095
91.562918
93.463446
94.707885
93.408729
93.948934
93.834527
91.090553
93.078712
93.981964
93.896546
94.776132
94.359509
91.998874
94.364743
95.271898
94.366367
95.208027
94.232123
91.855939
94.221195
95.731844
94.658188
96.260702
95.403970
94.472258
94.109807
95.327643
93.735447
93.997465
93.308128
92.388324
92.728742
93.996894
92.851177
93.697042
92.713584
90.717607
91.638869
93.913458
93.021248
94.361751
93.810862
93.165370
94.693906
96.853099
96.412015
96.885992
95.182088
93.466825
95.087754
96.325441
96.999284
96.324191
94.114112
95.207553
96.314825
97.582835
95.557103
96.233279
95.312472
92.661701
93.393277
95.449529
94.266280
95.769241
95.257799
95.126183
94.337091
96.511770
94.237144
95.899548
94.616263
95.135058
94.655470
96.489182
94.679019
95.955849
94.556423
93.215003
94.601647
95.214024
93.848030
94.936614
93.952956
91.296772
93.446204
93.976747
92.800493
93.834877
93.195942
91.834384
93.515964
94.330366
93.211301
93.191420
93.119995
90.915519
93.187938
93.956636
93.706336
94.626591
94.268376
91.533801
92.409786
93.604267
92.580753
93.622179
92.939192
90.310581
93.374735
94.026379
94.376058
93.826536
91.541686
91.530374
94.117940
94.720185
94.380175
95.324773
95.168196
93.095090
95.964473
95.801466
94.773117
94.986885
93.872959
90.689360
92.811118
92.008332
90.377109
91.659922
90.326360
88.624924
91.430884
92.691815
91.993602
92.554304
91.306402
89.328625
90.997287
93.871864
92.861477
94.778900
94.122700
92.763023
93.911459
98.124145
96.638259
99.272463
98.348788
97.360357
98.073191
100.000000
97.200953
100.000000
98.377000
97.653791
97.051952
100.000000
98.411831
100.000000
99.348042
99.033666
98.578805
100.000000
98.045562
99.372671
97.072900
97.027711
96.507897
99.883720
100.000000
98.718028
98.849426
100.000000
100.000000
100.000000
100.000000
100.000000
98.909212
97.474092
98.964511
100.000000
98.085455
98.110687
96.081344
94.642242
94.709587
97.406714
93.762081
92.922740
90.380805
86.950845
87.385841
90.623105
88.041329
91.660763
87.278380
84.340212
87.041103
90.099975
87.445358
89.693931
87.080960
86.584088
83.470382
89.815007
85.679808
88.112555
86.633729
90.799388
84.028833
87.427044
83.780439
86.255130
83.951714
86.084048
83.099639
85.740518
83.498265
85.337256
83.944730
84.129882
82.792646
85.318595
83.962515
85.586760
84.084509
83.476823
84.357402
86.183597
87.050158
84.549948
83.704590
84.309542
83.687518
86.132627
84.270363
85.798683
84.544441
83.510316
83.872068
85.404694
83.386369
85.143960
83.645427
82.896254
83.356957
86.197655
84.482337
85.599231
83.941376
83.468596
81.884177
85.107216
82.842609
84.301222
82.792731
82.147467
81.337475
84.016020
81.642526
84.057457
82.692040
81.670974
81.652379
84.169197
81.329449
83.375591
81.047250
81.927626
81.313748
83.796528
81.427734
83.197427
82.247035
81.273421
81.583959
83.945340
82.194663
83.679851
82.087191
81.614193
82.076595
84.275391
82.517861
84.106560
82.533828
79.949962
82.828738
83.521638
83.792995
82.839150
80.401904
81.416050
82.832458
85.357518
83.214407
85.261456
84.018452
83.678917
83.612370
85.809568
83.460774
85.452375
84.043762
83.322614
84.346751
86.412968
84.642878
85.953924
84.538149
82.925301
84.067224
85.763106
84.371383
86.308539
84.947369
83.684082
85.694621
87.270552
85.876070
87.378274
86.254868
84.447911
87.135893
88.485944
87.419752
88.455460
87.530776
85.006349
86.560831
88.544804
87.721788
88.634099
87.822106
86.182270
88.110160
89.786763
88.492810
88.719016
87.841906
85.421359
87.622853
89.712440
88.258697
89.543311
88.185586
85.737365
87.845106
89.332231
89.294033
88.283714
85.905229
86.307719
88.870963
90.600577
89.014747
90.820030
89.626262
88.069937
88.978530
90.755828
89.267542
90.777671
89.367963
87.830135
89.506668
90.624312
89.065180
90.353427
89.385203
87.381356
88.459254
90.516911
88.865480
90.612501
89.165044
87.393281
86.614422
90.187125
87.210712
89.063736
87.139583
87.659016
85.737554
88.676147
86.048701
87.137508
85.641423
85.499131
84.456093
87.410042
84.671466
85.764825
84.975032
85.248718
84.054427
86.822694
84.950515
86.467693
84.651952
84.436425
84.042415
86.407675
84.639230
86.127196
84.248136
83.510401
84.366667
85.814225
86.011414
84.670249
83.712226
84.310943
83.383373
85.866694
83.509602
85.709699
83.729441
84.756675
83.198952
86.328163
83.654298
86.049353
83.839153
84.691919
83.656653
86.525380
84.177793
86.165939
84.727010
85.079238
84.687040
87.134531
84.818820
87.390671
85.758022
86.426685
85.514719
87.951916
85.419524
87.285179
85.836832
86.357552
85.080042
87.293551
85.072666
87.119331
85.233003
85.729633
85.848700
88.320575
86.215250
88.383356
86.704461
86.784943
86.421558
88.769363
86.555002
88.482419
86.817652
87.271671
87.143924
90.160333
87.511891
89.565309
87.420810
86.650619
87.075294
89.559043
89.520198
87.671962
87.404287
88.653831
87.984954
89.979847
87.958824
89.760610
87.778252
88.553332
87.406971
89.934740
87.360622
89.302908
87.548738
88.588773
87.130903
89.994489
87.519825
89.924681
88.274455
88.908236
87.663829
90.492871
87.591545
89.624264
87.575340
88.564886
87.069533
89.554370
86.499494
88.748045
86.872364
87.813732
86.838600
89.325271
86.661754
88.951891
86.918166
87.888167
86.875288
89.772163
86.411946
89.110817
86.909633
87.478491
86.592832
89.314084
86.911693
89.022815
86.773513
87.683830
86.641625
89.679286
87.242724
89.270356
87.218704
87.201451
86.963003
89.477261
89.459576
86.912287
86.954049
87.560751
85.409066
89.039501
85.994086
88.685600
86.282707
87.691235
85.200964
88.471910
85.225548
88.521824
85.695410
87.609201
85.145677
88.935154
84.944988
87.870358
85.548445
87.335017
84.791879
88.032709
84.964244
88.002182
85.301518
87.317846
84.728210
88.457177
85.057683
88.425574
85.765725
87.523612
85.059683
88.768859
85.253906
88.453138
85.838922
87.707985
85.454563
88.840310
85.656701
88.596479
85.820066
87.770593
85.444702
88.980713
85.643233
88.684433
86.296144
87.837662
85.751230
89.405615
85.773323
88.709433
86.009480
87.006085
85.770025
88.584723
88.467400
85.707927
86.630703
86.866465
84.625851
88.098980
84.564696
87.763196
85.203637
87.184135
84.125091
87.835373
84.503245
87.129618
84.858906
86.914400
84.144358
87.635284
84.377032
87.322261
84.621122
86.693526
84.195042
87.953205
84.455631
87.505001
85.002872
87.448409
84.345375
88.130053
84.857416
87.512698
85.008766
87.632272
85.172102
88.484648
85.026727
87.508786
85.089308
87.459851
85.138330
88.503774
85.442465
88.057647
85.612903
87.345472
84.650233
88.156514
85.235705
87.739626
85.267238
87.362893
85.217343
88.829050
85.412075
88.042999
85.369183
86.797678
85.511888
88.174891
88.209644
85.818145
86.793355
87.538023
84.258151
87.511717
84.683745
87.180701
84.560583
85.997569
83.862577
86.768756
84.315010
86.895211
84.477638
86.509254
84.235936
87.406443
84.369244
86.835932
84.207165
86.283768
83.090932
86.521462
83.376399
85.855621
83.958355
86.063698
83.322075
86.428556
83.145043
85.897843
83.396655
85.245207
83.557066
86.725847
84.098578
86.536877
84.030088
85.860575
83.556446
86.619313
83.474015
85.984233
83.839407
85.517675
84.036750
86.982564
84.270647
86.819164
84.689262
85.402151
83.970385
87.420772
84.844711
87.259778
85.226502
85.820443
84.597821
87.737339
87.765188
84.818813
85.842873
86.850111
84.961325
87.864402
84.836171
87.062081
84.619637
86.099975
84.336754
87.373492
84.530494
86.943085
84.737045
86.050914
84.598430
88.188601
85.133044
88.207448
85.619628
86.679700
86.065179
88.660399
93.153245
93.015998
93.417086
91.499082
94.155655
95.696129
96.460120
97.065685
97.213514
95.071067
96.217747
96.038522
96.994060
97.567158
98.260835
96.919525
98.434973
99.465184
98.547385
98.591583
98.000141
96.507334
98.023816
99.032485
96.941714
97.727905
95.389172
93.710147
96.867715
97.558273
96.386119
97.275368
97.617258
95.493412
97.826314
97.993980
97.710637
97.338337
93.805860
94.879578
98.230380
98.155944
96.956954
97.215899
96.697219
93.760483
97.287791
97.696247
97.491990
97.457502
97.467507
94.322427
97.318522
97.909018
98.158458
97.491239
97.959341
95.146691
98.602191
98.996979
98.375003
97.899125
97.144955
94.201236
98.170553
98.873623
98.388270
98.629152
97.996345
94.700590
97.934081
97.664947
96.521798
95.853579
95.384018
91.547799
94.838880
95.226910
94.991543
95.402714
94.836330
91.746326
94.779876
95.514504
94.944972
96.249834
96.164161
93.750849
96.415730
97.572001
97.090519
97.903997
97.022237
94.813656
96.620576
97.657678
98.905634
97.523953
94.802525
93.966405
95.696882
95.958787
94.990810
95.706888
94.937127
92.857585
92.671184
95.589075
90.508586
95.291539
92.014588
92.750602
86.123271
92.610957
86.420806
88.321213
87.185433
91.558612
84.337308
89.095526
84.280253
86.877773
84.854982
87.463698
82.939541
87.451902
83.266198
85.217007
84.259492
84.761557
82.850425
86.194976
82.853687
85.138458
83.416442
84.898425
83.661881
86.233514
84.156318
86.283518
84.950209
84.668882
83.861949
86.577747
84.017623
86.085799
84.845866
84.791875
83.846124
86.631143
84.243101
85.800309
83.665787
82.422982
83.090373
85.378632
85.747412
83.844900
83.082479
83.460679
83.125111
85.886073
84.583802
86.357903
85.273030
85.208563
84.281217
87.284129
85.083945
86.788091
85.253091
84.851838
83.992949
86.536674
83.976297
85.762821
84.770967
84.381973
83.879544
86.414426
84.776297
86.823911
85.616717
84.816518
85.140869
88.035582
85.282295
87.240142
85.524505
85.515210
84.113512
87.118013
84.583272
85.817448
84.079945
83.976222
82.931156
85.060045
83.177021
84.524907
82.670148
81.539632
81.335308
83.569579
81.760083
83.149162
81.599196
80.560587
81.582266
83.764272
81.938196
83.594880
82.140413
81.165859
81.334527
83.725619
84.050382
82.242057
81.217590
81.785889
81.491960
83.381933
82.009980
83.952286
82.440205
81.319903
81.385007
83.793957
82.397601
83.742125
82.859648
82.197412
82.327284
83.935694
82.377815
83.965420
83.782765
81.851552
82.690436
85.134838
83.889506
85.146402
84.362377
83.004852
82.853506
85.544464
83.857790
85.097227
83.652122
82.096059
82.581056
84.965371
83.102288
84.896605
83.678161
82.342767
82.579015
85.131481
83.178959
85.008959
83.541707
83.596904
83.072690
85.223174
83.307566
84.741733
84.367464
83.600395
83.559645
85.360319
83.789971
85.143605
83.837667
83.473227
82.946733
84.933504
84.232851
83.029485
82.512437
81.873697
82.243497
84.301199
82.873736
84.391517
82.448675
82.410126
82.161363
84.019887
82.214668
83.900066
82.205803
81.929734
82.137009
84.555029
82.458742
84.245289
82.897402
82.649470
82.301827
84.578958
83.047566
84.286523
83.239861
82.591452
83.209548
84.873492
83.395557
84.203849
83.039450
82.102907
83.034878
84.510131
90.599134
91.292099
89.844474
88.084927
90.161550
89.263432
88.658587
89.073843
88.620294
87.333859
90.195442
89.826954
90.673639
91.249959
91.660466
89.791294
92.873611
93.124067
92.966966
93.114618
92.639723
88.942622
92.395278
92.798934
93.045317
92.820785
89.582538
90.042949
94.625489
94.574777
93.937566
93.725636
93.454834
90.118503
93.245033
93.641088
93.811535
94.252581
93.860696
90.372390
93.825289
94.128456
94.003547
95.612153
94.744168
91.106893
95.290673
95.786626
95.198881
95.643249
94.960962
91.789648
94.714175
95.665555
93.972673
94.690668
93.354515
91.115561
93.673118
95.418955
94.700480
94.953707
94.503201
90.813050
93.926419
95.046222
95.280893
96.446460
95.073695
91.680872
95.318452
97.146184
95.769582
96.729364
95.194667
91.524795
94.409076
96.069422
94.023487
96.467582
95.557132
93.441171
96.115360
98.184113
98.317374
96.980591
98.632269
