89.415368
87.608812
87.754711
92.381691
87.699408
87.536939
87.520695
85.782917
85.731443
87.603035
85.850509
85.873649
87.283178
83.961916
84.030618
86.279593
84.004480
84.192799
86.301729
84.320769
84.247205
86.564448
84.421127
84.389856
86.082202
84.265371
84.115411
86.249772
84.193182
84.561289
86.279549
84.476281
84.491684
87.029925
84.745978
82.442608
86.784195
82.458142
82.268395
85.258255
82.462022
82.565030
86.944337
82.620551
82.570222
85.412982
82.378022
82.689934
86.709955
82.528329
82.260647
84.938114
81.868774
81.902402
85.144657
81.930043
81.928990
84.375252
82.410091
87.034151
91.597449
81.967824
81.914885
84.522375
82.004174
81.732397
86.597770
81.535213
81.467249
83.787544
81.452022
81.385150
86.889585
81.114579
80.931295
83.912267
81.119856
81.228065
87.146793
81.495882
81.533658
84.247212
81.467367
81.676192
87.592160
81.601286
81.603213
84.418673
81.525761
81.716816
87.433058
81.391141
81.209950
84.257362
81.408263
81.261854
87.109975
81.295266
81.219994
83.948727
80.875999
81.045864
86.856447
80.886840
80.991381
83.782367
80.934942
80.986928
86.775213
80.953114
81.096040
83.762117
81.020682
81.237845
86.036999
81.231208
81.129635
83.700290
81.400546
86.596007
91.281505
81.774093
82.051978
84.579472
82.082983
82.238119
87.174022
82.263591
82.368092
84.114965
82.345767
82.096553
87.816803
81.990899
81.970661
84.458067
81.878616
81.973585
87.643676
81.933125
81.759540
84.365956
81.876483
81.959577
87.359383
81.918520
81.821598
84.380579
81.400838
81.456584
86.856024
81.461935
81.047905
83.576565
80.656679
80.490520
86.050798
80.292466
80.123674
84.652290
79.897226
80.085813
85.799198
80.279497
80.452012
85.044995
80.409306
80.739977
86.582043
80.735714
80.697284
83.392978
80.761832
80.810408
85.701980
81.038877
80.846842
83.180412
81.296494
86.004772
90.844697
81.775397
81.614985
84.125566
81.481432
81.439540
86.056123
81.579416
81.270718
83.371969
81.591740
81.585201
86.893387
81.291498
81.542444
83.847439
81.307384
81.146169
86.814679
81.264539
81.159188
84.015001
81.486991
81.382650
86.761679
80.842509
80.746644
83.357821
80.755986
80.893010
86.199817
80.480180
80.220450
82.926258
80.504233
80.706054
86.196731
80.598258
80.340054
83.073241
80.623911
80.663367
86.063568
80.266157
80.288206
82.759270
80.271843
80.509106
86.141224
80.513111
80.740916
85.135504
80.870925
80.783712
85.541928
80.947368
80.710510
84.351119
79.836254
84.398215
89.074336
79.582130
79.598927
82.039389
79.617014
79.736389
84.561189
79.898794
80.134958
82.211218
80.005220
80.375865
86.224192
80.552749
80.639810
85.306812
80.599255
80.780994
86.668103
80.993012
80.835176
83.353173
80.801932
81.178819
87.110974
81.332332
81.264805
85.884030
81.588832
81.575674
87.162236
81.511264
81.725471
84.094785
81.497712
81.815690
87.471373
81.989371
81.769641
84.519473
82.032456
82.032681
87.430115
81.530556
81.301156
83.956220
81.201815
81.086718
86.547467
80.485318
80.636259
82.985925
80.496594
80.488135
85.155507
80.305944
80.375565
82.193991
80.333082
84.936134
89.570806
80.273811
80.207360
84.953655
80.208011
80.246684
84.939233
80.188195
80.376418
84.628920
80.552161
80.517723
85.787428
89.605797
92.377069
93.748421
91.782881
91.305987
93.258144
91.754356
89.970148
92.460386
90.146102
91.607117
92.893764
93.884765
94.556882
95.119367
96.189482
95.729045
97.343651
97.921544
98.407075
99.238327
99.723074
99.569595
99.890593
100.000000
100.000000
100.000000
100.000000
100.000000
100.000000
99.765397
99.527081
100.000000
100.000000
100.000000
100.000000
100.000000
100.000000
100.000000
100.000000
100.000000
100.000000
100.000000
100.000000
100.000000
100.000000
100.000000
100.000000
98.262052
97.240005
100.000000
98.110774
98.414444
99.150838
97.223071
97.701626
98.630524
96.437342
96.208538
99.287227
96.268755
96.516991
99.657100
96.674404
96.274280
98.133716
96.854821
96.388390
99.588994
95.742941
97.547855
98.247719
97.531675
97.381972
98.712576
96.530190
95.968569
96.469392
95.293123
94.164002
97.589818
95.688214
95.577932
95.973180
95.266997
95.412863
98.448704
96.010534
96.149024
97.455583
95.558152
95.201780
98.841086
95.991853
95.610324
95.631726
93.919568
94.018123
97.411397
93.990960
94.655856
94.647555
94.276868
94.272066
97.653064
94.512381
95.521955
99.267421
96.481904
96.213809
98.048911
95.503374
95.230778
94.444130
94.860164
95.086940
96.781062
94.580855
93.993028
95.041969
94.680550
94.674187
96.761644
95.116908
94.472516
94.844833
95.009408
95.815764
98.351407
95.771616
95.689206
95.003704
94.350302
94.450974
98.004726
94.680080
94.991057
95.438034
95.148680
94.127460
97.282778
93.818426
95.134689
95.674410
95.303402
94.429364
96.966532
93.227753
93.430390
92.941801
92.412208
92.483510
95.794414
92.483870
92.868655
91.878175
92.396379
91.021658
94.884906
91.181954
91.101617
90.377146
92.474526
92.605671
94.868285
94.181778
91.162705
95.250419
93.312605
93.976585
94.396165
92.330674
92.612654
90.699592
92.409946
92.243680
94.010102
92.817608
92.681305
92.572446
92.968437
93.732179
95.859681
93.720210
93.393244
92.891468
93.889329
93.215499
94.507211
92.894753
92.537704
92.658016
94.932221
95.168442
96.116908
93.419001
92.752729
91.738134
92.438897
92.715510
95.824413
93.590354
93.649484
93.631452
94.679273
95.036114
97.836621
95.636946
95.540776
95.178378
93.492863
93.666857
96.483226
92.848742
92.573860
94.358235
93.305515
92.969372
96.517581
93.301529
93.663554
93.817421
93.762868
94.066888
97.113860
94.081466
93.807474
96.495893
94.036920
94.294595
98.359083
95.282454
95.571208
95.509813
94.790736
94.521125
96.311885
94.592449
94.468958
95.680711
95.522156
95.547386
97.843535
96.427402
96.391696
97.397782
95.166379
94.512311
97.243307
94.178262
94.125769
96.263698
94.338192
95.081768
98.916168
95.781799
95.520515
98.299078
93.116393
94.530269
96.279632
94.241706
94.137580
95.257039
92.153328
91.452794
95.111562
91.324104
91.337404
94.435429
91.629589
91.555441
93.467955
91.184903
91.367846
93.494015
90.731756
90.328799
94.401568
90.180973
90.455575
92.238439
90.546940
91.250722
94.883190
91.948145
94.146614
97.768057
91.831208
91.790108
94.560873
92.322182
92.584029
93.364071
91.856860
91.396946
94.328627
91.127804
90.815801
92.489576
90.383162
90.348934
93.770763
89.953163
89.922632
92.350928
89.900837
89.935334
93.344410
89.407997
89.380579
92.306197
89.741201
89.442429
93.579241
89.669982
90.216397
92.033982
90.948597
90.340674
92.005198
90.119285
90.281589
91.200654
89.891205
89.919453
91.155184
89.819496
89.717534
90.206783
89.076015
89.049059
91.197821
88.988507
89.445729
90.039416
89.730748
89.836244
93.256912
89.841875
90.812656
90.003503
91.491251
90.008018
93.454212
92.247875
90.970199
94.516016
91.978795
91.291837
93.569825
91.483174
91.697840
91.753382
91.928668
92.765252
94.887180
92.179702
91.766316
93.525550
91.755699
91.594705
95.276600
92.195180
92.415668
94.656475
93.130762
93.519126
95.103779
93.523974
93.573401
94.979401
93.609359
94.175870
95.751207
93.910016
93.092051
94.398341
93.457310
93.545133
95.585199
94.034183
93.107896
94.315288
93.348386
93.171925
96.865839
93.805958
93.720702
94.588293
93.145726
92.409803
94.573855
92.704341
93.013636
93.861285
93.543690
93.697739
97.602826
94.654719
94.597704
95.904525
96.914257
97.405985
98.792116
97.064238
96.315041
99.475110
97.338586
99.205420
100.000000
98.982098
98.752397
97.150439
96.773174
96.931616
100.000000
97.791319
97.051063
98.664888
96.604429
95.787485
98.804517
95.592746
95.442160
96.194739
95.344926
95.530403
98.854347
95.559172
95.870605
96.980991
95.909585
95.251198
97.436135
95.553469
96.337557
98.199251
97.964302
99.380887
100.000000
99.481794
99.270560
98.759520
99.248754
98.830675
100.000000
99.022769
99.437004
97.875636
98.604352
98.269232
99.516362
98.689145
99.480359
98.542171
98.606925
98.159378
99.468745
97.929754
97.569791
95.666168
98.079971
98.809793
100.000000
97.806343
95.475089
97.458799
96.553707
97.321642
99.459224
96.428108
96.305746
94.149619
95.891717
96.147278
97.119923
96.236549
96.403942
95.885490
97.609509
97.709706
99.292876
98.246173
98.553891
98.498722
99.604273
99.530116
100.000000
99.912610
99.063612
98.992420
99.607884
99.084010
100.000000
100.000000
100.000000
100.000000
100.000000
100.000000
100.000000
100.000000
100.000000
100.000000
100.000000
100.000000
100.000000
100.000000
100.000000
100.000000
100.000000
100.000000
100.000000
100.000000
100.000000
100.000000
100.000000
100.000000
100.000000
100.000000
100.000000
99.448334
100.000000
99.338460
100.000000
98.899382
98.172224
100.000000
98.866531
98.969464
100.000000
98.860703
98.769167
98.926172
99.988078
99.547437
100.000000
99.698617
100.000000
99.606690
99.725108
99.534947
100.000000
98.935004
98.819364
99.361105
99.001843
99.955419
100.000000
100.000000
100.000000
100.000000
100.000000
100.000000
100.000000
100.000000
100.000000
100.000000
100.000000
100.000000
100.000000
100.000000
100.000000
100.000000
100.000000
100.000000
100.000000
100.000000
100.000000
100.000000
100.000000
100.000000
100.000000
100.000000
100.000000
98.637906
100.000000
99.913287
100.000000
98.620523
98.843602
97.783006
99.491086
100.000000
100.000000
100.000000
98.058983
98.730368
98.864771
98.480526
100.000000
99.605941
100.000000
99.079089
100.000000
99.252676
100.000000
99.884875
99.409827
98.578864
98.831270
98.867574
100.000000
99.892765
99.888043
99.568991
100.000000
100.000000
100.000000
98.406721
98.300916
98.247438
99.465352
98.575409
99.057205
97.930319
97.827590
95.413281
97.988908
98.542712
98.647724
97.742257
96.682871
94.919323
96.738483
96.940702
98.991263
97.960665
98.728699
96.022685
97.377860
97.419544
98.944912
96.684002
97.261752
96.001858
97.565087
98.316024
100.000000
99.611165
100.000000
98.158357
99.447780
99.212829
99.802026
98.540277
96.876335
98.148304
99.408742
99.249087
100.000000
100.000000
100.000000
97.985311
99.924329
100.000000
100.000000
100.000000
98.841724
98.461323
99.716915
99.796546
100.000000
100.000000
100.000000
99.343493
100.000000
98.988358
100.000000
99.567018
99.725814
99.253524
100.000000
100.000000
100.000000
100.000000
99.402137
98.346450
98.491095
98.305115
100.000000
99.257760
99.572495
97.812333
99.858623
100.000000
100.000000
100.000000
100.000000
100.000000
100.000000
100.000000
100.000000
100.000000
100.000000
100.000000
92.234079
92.969849
85.280757
84.892229
84.868289
85.204326
85.050726
85.061655
87.013521
85.201795
86.974796
92.362297
83.185535
83.262704
85.479008
83.127590
80.852124
87.362970
80.896662
80.986710
85.106554
80.825630
80.827952
86.798404
80.713766
80.434773
83.389249
80.931983
80.919775
86.915565
81.119206
80.776113
83.462564
80.725662
80.847074
86.934599
80.852722
80.766650
83.713384
80.894861
80.835543
86.785586
81.091567
80.835633
83.682825
81.244957
80.978657
87.003741
81.203986
81.202617
84.134566
81.463273
81.473172
87.548622
79.788413
79.629349
84.298477
79.472430
81.640836
87.378279
81.593116
79.484257
84.292673
79.488386
79.299297
86.337991
81.239176
79.223515
83.551781
79.024992
84.751766
89.910195
78.967543
78.895522
84.088816
81.292323
81.364950
84.786907
81.343805
81.187437
83.483753
81.194523
81.218167
87.301104
81.355930
81.429293
84.169904
81.561164
81.381201
87.391600
79.329403
78.947151
84.273055
81.483898
81.517334
87.213307
81.518165
81.548627
84.062858
81.395990
81.367311
87.247744
81.371903
81.512141
84.239745
81.723063
81.896007
87.849566
81.882907
81.835711
84.614864
82.040619
81.887955
87.580144
81.782677
81.963540
84.334111
81.556470
79.532163
87.312903
79.495447
79.527807
84.097946
79.313016
81.437672
86.745992
81.779394
79.547657
83.864680
79.456335
86.798276
90.108452
79.466280
79.567237
84.330115
81.560556
81.614258
84.592793
81.453457
81.470976
83.918046
81.517216
79.277430
87.387560
81.536640
81.573402
84.200280
81.597102
81.597212
87.567032
81.723040
81.398957
83.895439
81.093940
81.336670
87.245824
81.317686
81.328880
83.861998
81.205260
81.222244
87.283248
81.409425
81.179459
83.841274
81.356182
81.450443
87.244549
81.165832
81.301320
83.840976
81.166846
81.148218
87.051495
81.291279
81.177596
83.861135
81.204739
79.083137
87.134659
81.331049
81.280510
84.030433
81.395894
81.528515
86.362148
81.281446
81.123452
83.176033
80.952741
85.704774
90.242612
78.173035
77.959847
82.668005
77.522490
77.485056
83.183018
77.179659
77.209262
82.035982
77.303118
77.402553
84.456233
77.649808
77.414303
82.709495
77.705299
77.945740
84.625470
77.971247
78.019445
82.908943
78.217272
78.149493
84.956287
78.181024
78.070736
83.123568
78.392282
78.389453
85.102816
78.197163
80.436446
83.077363
78.132931
80.513546
85.142734
78.350836
78.361121
83.440907
78.332422
78.493090
85.022215
78.374374
78.307909
83.230616
78.424826
78.467518
84.771901
78.295253
77.990847
82.719136
78.100544
77.961658
83.899045
78.063242
78.074766
82.719897
78.379207
83.967094
89.158615
78.353886
78.307318
83.085876
78.370369
78.622661
85.622302
78.504275
78.192579
80.172407
78.227050
78.313407
85.036717
78.353033
78.578069
83.530532
78.672832
78.980993
85.762663
79.259672
79.195302
81.703275
79.232239
79.412834
85.946502
79.242899
79.303660
81.767738
79.009572
79.126431
85.452188
79.137167
79.144765
81.647439
78.810188
79.210720
85.588077
78.933138
79.152582
81.676966
79.250745
79.683189
86.225507
79.908451
80.144671
82.943195
80.493574
80.876439
86.932552
80.556205
80.414553
83.064587
80.360953
80.684041
85.972503
80.473451
80.739506
82.733445
80.612788
86.281718
91.626678
80.603789
80.782726
85.750123
80.763612
80.939711
86.451866
81.133355
81.120971
83.043965
81.099809
81.166585
87.420671
80.986726
81.075685
83.639948
81.263476
81.450545
87.835296
81.605128
81.675449
84.231384
82.271211
82.289031
88.505956
81.637131
81.579131
86.694464
81.967400
82.320065
88.525175
82.368539
82.426994
87.299764
82.642290
82.354727
88.351686
82.086909
82.078269
86.948271
82.361607
82.377025
88.180850
82.219171
81.890709
86.590265
81.938849
82.205853
88.100381
82.079193
82.014187
86.651003
81.974966
81.873854
86.931905
81.715318
81.638176
85.844402
81.516991
86.818326
92.195590
81.942097
81.753722
86.371175
81.846262
81.842012
86.626143
81.471205
81.330795
85.440809
83.234227
81.347961
87.074785
83.020450
80.495772
85.188134
82.618111
82.535449
87.714679
80.321917
80.017994
84.455446
80.011132
81.929541
87.215122
81.555162
81.417429
84.064549
81.424990
81.491399
86.838840
79.228362
79.231141
84.037322
78.978812
81.441991
86.993615
79.033318
81.057597
83.637632
80.754725
78.650235
86.679165
78.687295
78.638138
83.456212
80.908267
78.939721
85.058784
80.707314
80.845227
83.238728
80.786457
80.789329
85.423283
80.730292
80.694390
83.107114
81.188789
86.229437
91.006657
81.361272
81.573613
84.198019
81.680174
81.868744
86.625053
81.776842
81.753112
83.676835
81.564483
81.647853
87.287802
81.449651
79.349061
84.267315
81.599260
81.702328
87.328785
81.619705
81.576795
84.152518
81.660958
81.707777
87.322403
79.165688
78.827806
83.834901
79.097207
79.085378
87.152942
81.203019
81.513950
84.139476
79.444349
79.356506
86.039086
81.585531
81.795477
84.291737
79.622235
79.685706
87.598792
79.483196
79.582858
84.494569
79.552689
79.577813
86.113069
81.862056
81.631913
84.169479
81.640994
81.757820
86.541725
81.540989
81.208031
83.476515
81.399009
86.249155
89.797132
81.564735
79.337370
84.091299
79.201959
79.413445
84.739418
81.847133
82.000258
84.089563
79.703769
79.830361
86.151835
79.668728
79.650272
84.191687
81.902527
81.771895
86.014694
79.635172
79.573511
84.489058
79.864709
81.993161
87.944043
79.909941
80.082334
84.918113
80.232856
80.548751
88.529384
80.706815
80.262692
85.243512
80.400680
80.646854
86.769532
80.262406
79.923096
84.726591
79.898778
80.090168
86.527903
80.166243
80.280672
85.092047
80.307156
80.401917
86.671499
82.434055
82.456691
84.869977
80.326464
80.396421
85.851004
80.042374
80.104981
84.375280
79.707597
85.304182
90.524881
79.796597
79.541375
84.633636
79.629224
79.589697
85.269934
79.414976
79.427211
84.071525
79.446281
79.558237
86.429904
79.634753
79.729242
84.824969
79.823351
80.129909
86.873911
79.996510
80.172028
84.931781
80.108590
80.091557
86.547908
80.048480
79.904281
84.850691
79.558371
79.812971
86.236265
79.743239
79.913308
84.670723
79.824298
80.001222
86.151961
79.466576
79.125297
84.100880
79.001250
78.973518
85.647894
79.155522
78.927417
83.841807
78.847514
79.212760
85.584231
78.992407
78.656451
83.678467
78.681992
78.859763
84.410986
78.804550
78.845139
83.363017
78.814678
84.558639
90.169977
79.555628
79.757795
84.203271
79.658896
79.696825
85.278799
79.357999
79.532563
83.839861
79.371463
79.405642
85.865535
79.202002
79.162551
84.154334
79.639722
79.557571
86.137568
79.600938
79.508391
84.567195
79.437045
79.746367
86.531472
79.779436
80.036229
84.659740
79.711453
81.839408
86.310362
79.713026
79.448887
84.358914
79.313028
79.334397
87.260628
79.167474
79.120589
83.928228
79.029164
79.037709
85.667035
78.740433
78.856939
83.650444
78.814209
79.241416
85.661073
78.938963
78.823163
83.802889
79.054232
79.134678
84.648484
78.931614
78.711741
83.036004
78.715701
84.330905
89.371899
80.677355
80.684744
83.358977
80.515454
78.397896
85.523506
78.365103
78.350617
82.509603
78.056925
80.426792
84.927718
80.145894
77.917620
83.118262
78.242474
78.125167
86.429837
78.437275
78.330229
83.337515
78.578295
78.824136
86.870319
78.554130
78.811576
83.795540
81.010410
81.305897
85.700201
79.206794
79.169011
84.149626
79.449168
79.630442
87.692772
79.497222
79.395174
84.340604
79.557342
79.685361
87.567118
79.391336
79.363690
84.012736
81.115248
81.242974
85.308928
80.908229
80.864271
83.449549
80.873106
81.245827
86.114003
81.310554
81.134097
83.516096
81.470515
84.523342
90.689727
81.089772
81.000147
83.570307
80.954752
80.772254
85.478439
78.303769
78.180523
82.592449
78.283342
78.445787
86.535840
80.654751
80.620028
83.359292
78.572055
78.550576
86.758595
78.814738
78.565834
83.509481
78.490672
78.526087
85.228608
78.610297
78.835664
83.623318
78.696859
78.737315
85.202654
78.482479
78.575484
83.549353
78.491191
78.699941
86.910592
80.962572
78.828737
83.887159
78.927145
78.800950
86.823941
78.690314
78.819955
83.176590
78.280070
78.186458
84.752376
77.768356
77.927934
82.638039
79.953079
80.043802
84.843160
80.030311
77.644527
82.181606
77.889558
85.067093
88.464527
80.111331
77.877721
82.549726
79.746579
79.629370
84.461293
79.549482
79.539782
81.922871
77.193960
77.349313
85.910965
79.524628
79.678562
82.255898
77.200501
77.440070
85.738443
77.468390
77.321662
82.234951
77.613354
77.459667
85.663338
77.396422
77.306805
82.246710
77.123808
77.191021
85.753888
77.331186
77.510107
82.338572
77.636461
79.760323
84.280769
79.869325
77.628130
82.351439
77.609346
77.516259
85.680443
79.705650
79.612015
82.327078
77.517616
77.473773
84.340236
79.937573
79.813233
82.445491
79.745205
79.788464
84.833909
79.821843
79.727001
82.034833
79.701013
82.999420
89.296518
79.437483
77.168804
82.159649
79.498614
77.542088
84.580947
79.443329
79.614094
81.884373
79.256185
79.470359
84.106524
79.615737
79.313512
82.145226
79.466660
79.309266
85.544672
77.150501
76.780691
81.896982
78.985072
76.698709
85.316842
76.859127
79.148258
82.046148
79.328462
77.516297
85.798061
77.152487
76.817429
82.039836
77.406191
77.243583
84.093378
79.602303
79.682366
82.341295
79.557935
77.414582
85.431459
77.119995
79.300046
81.994586
77.118235
77.129360
83.775942
77.252967
77.353153
82.412096
79.660721
77.361946
84.651840
79.509310
77.381239
81.991643
77.468783
83.143790
88.209333
76.991956
79.399010
81.916458
77.135141
77.101462
82.604898
79.492140
77.155784
81.813335
77.156824
77.431730
84.007299
79.727148
79.567892
82.529790
79.929528
77.800123
85.539657
77.297134
77.255738
82.227037
77.125664
76.919794
84.057174
79.648962
77.567986
82.471134
77.414145
77.404951
85.593134
79.816459
79.661979
82.467008
77.522780
77.066980
85.121820
76.503652
79.165764
81.650669
78.957113
76.852933
83.183671
76.534548
76.444658
81.456716
76.860266
79.324179
83.681363
79.309840
79.424391
82.197030
77.343250
77.461882
84.487772
77.430584
79.527572
82.052278
79.654681
83.328009
90.037506
80.121855
80.299821
83.134449
78.438958
78.534059
85.401293
81.092944
81.321897
83.453193
78.872482
79.324087
85.194180
81.365739
81.093025
83.574113
81.030057
80.911281
86.663501
78.906126
78.934779
83.714074
81.263217
81.531546
87.395618
82.002589
81.954871
84.813107
82.131209
82.230499
87.995717
82.336751
82.305319
85.261897
82.688099
82.709991
88.194220
80.711903
81.095975
85.998960
83.361890
83.716685
88.973921
83.510539
83.535374
86.255566
83.637397
81.770773
88.890206
83.550195
83.689858
86.251120
83.573533
83.210492
87.431015
81.200151
81.513723
85.800998
81.493466
88.054627
92.758768
83.980235
83.675861
86.497055
84.101322
83.867357
88.152435
83.747696
83.647961
85.949581
81.834254
82.380599
89.690833
84.487344
84.508578
87.058861
84.180711
84.158735
89.318205
84.047646
83.911623
86.628374
83.878711
83.647944
88.539944
83.698337
83.188640
85.848440
83.235939
83.309466
87.963921
83.164793
83.127258
85.384721
83.054182
83.042950
88.141554
83.098341
82.750979
87.440522
82.810269
82.932056
88.178144
83.671582
83.446323
86.202028
83.337635
83.554287
88.515521
83.677464
83.678501
86.300132
83.493090
83.837866
87.661407
83.505182
83.538374
85.453163
83.179294
87.088418
91.968979
83.015736
82.711225
86.947966
82.488231
82.578825
86.604141
82.136422
82.276078
84.092089
81.767811
82.005394
86.999708
81.637470
81.486352
86.175105
81.767475
81.542529
86.783078
81.310513
81.291678
83.818569
81.299757
81.093902
86.605268
81.023612
81.056817
83.556094
81.327127
81.396616
86.400794
80.963306
80.810984
83.095226
80.739909
80.526467
86.074990
80.522380
80.638270
83.213242
80.661986
80.713240
86.314693
80.766998
80.824503
83.618911
81.075134
80.932117
86.592547
80.807125
80.961400
83.391242
80.836346
80.772841
85.436694
80.729359
80.404938
82.864854
80.921008
85.752337
90.471661
81.008260
80.841905
83.266362
80.477697
80.575000
85.187913
80.531663
80.510208
82.600199
80.458409
80.415488
86.294001
80.501987
80.480292
83.324457
80.728978
81.080818
86.699239
81.151439
81.337418
84.118877
81.357627
81.336332
87.151480
81.332246
81.064404
83.843942
81.402895
81.559425
87.034195
81.594957
81.466024
83.935677
81.390456
81.529829
87.303620
81.653789
81.393726
84.111089
81.484030
81.487671
87.359525
81.518738
81.618528
84.308563
81.455403
81.420380
86.997652
81.318500
81.191720
83.749619
81.000260
81.329287
86.174154
81.148635
81.284001
83.486690
81.665388
86.548427
91.287962
81.694206
81.755320
84.135073
81.462461
79.480573
86.390728
79.498447
79.428928
83.748252
79.372579
79.653580
85.971881
81.417562
81.317255
83.923808
79.114761
79.570462
87.627439
79.630473
81.999942
84.581758
81.733052
79.819761
86.275124
79.624961
79.570200
84.463285
79.620953
79.996585
86.315816
79.711305
79.545128
84.246718
79.588823
79.772873
86.285243
79.685924
79.943536
84.744137
80.222958
80.266007
87.986488
79.982733
79.872877
84.584165
79.746899
79.658391
85.705596
81.548646
81.249253
83.825460
81.223289
81.202309
84.713214
78.944915
79.107360
83.696037
79.382543
86.470436
91.037271
81.503080
81.316560
84.050097
78.980081
79.176155
86.216691
79.105603
79.186280
83.570563
79.135210
79.321190
85.750876
78.943451
79.064220
84.070138
79.716691
79.745068
85.875927
79.688514
79.803750
84.601907
79.727975
79.757949
86.309274
79.661737
79.683067
84.214533
79.301571
79.239621
87.395822
79.454967
79.462376
84.272259
79.649127
79.722190
86.060301
79.487480
79.592654
84.686032
79.826614
79.725966
86.403834
80.152308
80.020604
84.878845
80.064265
80.331155
86.570966
80.009798
80.040129
84.941787
80.215998
79.952365
85.655796
80.161586
80.634630
84.774666
80.716121
87.453156
91.286885
80.778977
80.614383
85.494714
80.490417
80.559614
85.927910
80.489931
80.586872
84.657848
80.411418
80.665081
86.856061
82.766894
82.991708
85.850211
81.060957
81.223322
87.441632
81.086028
80.722229
85.286535
82.915596
83.624170
89.743540
86.234717
86.283978
88.826394
86.187799
85.461242
90.669110
87.010418
84.135254
88.632093
85.822164
85.522993
88.488744
85.692820
85.779638
88.645552
86.882843
86.284722
90.425956
85.490274
85.453706
89.166973
84.658234
83.929357
88.598056
84.648275
86.777071
89.260682
87.460275
87.881752
89.516741
88.572785
88.972439
90.337483
87.982035
90.844157
95.635606
88.044261
88.299995
92.928543
88.395944
88.170899
91.787814
88.799311
88.295269
93.048904
89.522447
90.161116
94.835703
91.044868
90.943591
94.793737
90.061878
90.075740
94.397194
92.188330
91.909388
94.117554
91.736327
91.643574
93.924692
91.802324
94.226194
96.067786
93.399569
93.827534
94.198727
92.276391
92.480845
93.816109
89.786426
89.951343
94.501659
91.912550
91.285513
93.138395
90.638016
90.969562
93.670316
91.019173
90.872677
93.127494
90.609450
92.213168
92.288209
91.261750
91.407968
92.631552
90.897186
91.157761
91.660975
90.917410
92.334024
94.150442
93.122318
92.664521
96.772731
93.965156
94.282657
95.546226
93.923420
93.518293
93.212099
94.814711
94.381893
95.193445
92.525872
92.995859
93.157579
93.842100
93.967826
95.525301
94.338811
94.530993
94.526534
95.089534
94.717277
97.589333
94.811424
94.649353
94.969296
93.726513
93.868188
97.402116
94.625274
94.910413
97.009649
94.151985
93.945058
95.677387
93.739074
93.377985
94.645212
93.258204
93.375834
95.407357
93.410926
93.597603
93.777878
93.073238
93.643755
95.811454
94.160478
94.683498
96.740832
96.029170
96.501874
100.000000
96.711649
95.931413
96.893442
96.150967
96.450694
99.380529
98.302531
97.327501
100.000000
96.713777
96.465734
99.216863
95.558827
95.097511
95.884819
94.569259
94.781416
97.384373
94.933833
95.681504
97.805719
95.842292
95.844713
97.754297
96.286078
95.932268
97.721210
96.506269
96.378297
98.017226
96.245776
96.121891
96.653069
95.657399
95.306153
96.384636
94.859070
94.579270
94.749818
93.699582
93.415091
96.470142
94.560493
94.882493
94.223734
94.622334
94.442319
95.655849
93.932793
93.968572
94.055619
93.880075
94.013583
95.887572
94.785470
94.920809
94.053176
93.014207
93.147907
94.602039
93.339996
93.114518
92.291449
94.446345
94.654215
95.609998
93.880121
93.003007
94.790546
93.566579
93.534413
96.232994
95.100963
95.598644
94.000510
96.130703
95.348095
95.878220
94.379118
94.295064
92.932179
92.978323
91.613611
92.446817
90.669833
91.826037
90.294770
92.770589
92.241743
94.071092
91.182432
90.856383
90.370032
92.254985
92.595607
94.719327
93.270060
94.071208
93.098596
95.203306
96.264190
98.127218
97.047820
99.173805
97.807794
99.623210
97.672532
99.771523
97.845080
98.274260
98.519181
98.582703
98.707230
100.000000
99.665497
99.599251
99.315235
99.255153
98.513007
99.728509
97.486227
96.827960
97.131212
97.740288
97.826009
99.757565
98.830005
99.250381
100.000000
100.000000
100.000000
100.000000
100.000000
99.358675
97.692533
99.332973
99.463169
99.515572
97.615955
95.931192
95.766297
95.439321
94.911744
95.576238
91.380422
90.788985
88.326154
89.426613
89.219893
92.162130
90.485244
89.783965
85.879151
89.680191
88.438271
90.218732
85.962850
87.883405
87.496500
91.341580
91.637067
93.310935
90.266623
90.065419
91.879417
90.090571
89.735338
91.715473
88.191443
89.541509
90.814035
87.519462
87.487919
91.419524
87.561347
87.864810
89.429468
87.256513
87.181497
89.826469
87.601622
87.675840
89.055506
87.922003
87.977083
91.584308
87.942635
89.152982
93.101792
87.541956
87.430189
91.399365
87.028225
86.612413
87.200608
86.073021
85.569413
88.884988
85.488511
85.548850
87.995784
85.856230
86.121054
90.769133
86.401566
86.015734
88.243764
85.828649
85.712619
89.592590
85.077635
85.022390
87.182972
85.078482
84.574972
89.062658
84.719509
84.827304
86.875006
84.990122
85.149913
89.398165
84.862386
84.631705
87.138162
84.982813
84.790191
87.399779
85.101401
84.996864
87.147307
84.935789
84.693742
87.317418
84.833276
84.894506
86.829029
84.538717
84.977120
88.973114
84.730538
84.625423
85.394690
84.496787
84.613926
88.008470
84.461847
85.391638
89.616047
84.742363
84.815038
87.062706
84.574327
84.642533
86.230183
85.062551
84.984463
88.303984
84.789951
84.824670
87.305597
85.364983
85.638186
89.456992
85.253345
87.159481
88.359744
85.046575
85.169539
89.389198
85.250286
87.058603
88.796694
88.073250
85.648279
90.338509
86.080415
86.408876
89.546899
88.838473
88.589151
90.960485
88.696086
88.761075
89.561836
87.929121
87.956745
90.764631
88.232128
88.456807
90.235026
88.659458
88.507450
90.488001
87.775428
87.648188
88.833696
88.094432
89.695979
91.812069
89.930599
88.043608
89.427792
88.231362
88.012199
90.926516
89.968081
88.294678
92.636915
90.647624
90.362690
92.351089
90.692933
89.049143
89.461512
88.988403
88.851416
91.949243
89.203209
89.191251
91.483959
91.159655
90.571608
92.447535
90.386843
90.866702
90.918884
90.842628
90.330362
92.509434
90.745300
90.831933
91.021732
90.497089
89.216867
92.579411
89.327587
89.208791
91.371658
89.564363
89.192063
91.409696
88.851124
88.927681
90.031643
87.199811
87.121158
91.147671
87.058517
88.898582
90.293784
88.958054
88.721435
91.018819
89.052029
86.966142
89.168277
86.843533
86.825844
91.011507
87.022624
86.681799
88.978646
86.621081
88.436368
90.175797
86.927775
87.602711
92.391102
87.164050
86.801337
90.864923
87.001393
86.717054
87.933102
86.843731
86.917332
88.503810
86.951989
87.151714
89.152027
87.147872
87.198038
91.370497
87.275334
87.634873
89.540450
88.034180
88.050269
92.006574
88.555759
88.523604
90.523671
88.903101
88.516242
92.340116
88.379978
88.490791
90.438426
88.072246
87.815631
90.112654
87.831209
88.090929
90.069713
88.001383
87.859072
90.210511
88.115065
88.375353
90.552021
88.164457
87.903272
90.435040
88.161407
88.073959
90.465718
88.382076
88.444461
92.295144
88.142448
88.204984
88.540093
87.918123
88.190431
91.215602
88.227760
89.006184
93.093639
88.881902
90.258730
92.027349
89.668981
89.599500
88.965255
88.301107
88.408113
91.054192
89.699545
89.805414
91.377833
89.764152
89.801504
91.805112
89.942609
90.239201
91.639785
88.538825
88.553897
91.871364
89.748278
89.659267
91.234335
88.321668
87.931170
91.143000
87.489144
88.955250
90.485483
87.728946
87.239488
90.880882
87.284393
88.855489
90.634125
89.065409
88.976758
90.565079
88.593812
88.459914
89.937932
88.636191
88.576194
90.746165
88.578888
88.619563
90.056995
88.727352
88.461560
90.760099
88.600709
88.640466
89.050275
88.733921
88.628476
89.949671
88.264842
88.598264
91.585813
88.384096
88.344256
90.154504
88.044055
88.064539
87.346510
88.164901
88.052161
89.565400
88.285715
88.347447
89.807860
88.531443
88.472376
90.328429
88.152864
88.115637
89.027407
88.163139
88.210528
90.337989
88.277890
88.169930
89.123921
88.314188
88.122861
90.349728
88.258294
88.385726
89.333652
88.336574
88.482748
90.434070
88.308231
88.582774
89.596635
88.942702
88.803594
90.800616
88.745634
88.821588
90.383613
87.195916
87.087395
90.666901
87.265132
87.759035
89.538771
89.018117
89.140669
91.131022
87.376969
87.271422
88.713175
87.231245
86.811013
89.709747
86.750293
87.736883
91.805760
88.635437
88.472602
90.348319
87.960419
87.923514
87.732526
87.899750
87.787477
89.427640
87.919720
88.155724
88.816591
88.106358
87.979713
89.976341
88.198474
87.977054
87.848086
88.072529
88.132954
90.398081
88.058959
88.274026
88.551436
88.301771
88.488657
89.361905
88.882582
88.750601
89.088709
87.599454
87.343552
89.497116
87.107134
87.174522
88.727857
87.308507
87.192894
89.697838
87.262427
87.177003
88.616792
87.374960
87.271028
89.579907
87.206176
87.230109
89.510645
87.554108
87.570538
91.330719
87.515594
87.455456
88.418694
87.342516
87.328875
88.680241
87.334354
88.355617
92.160973
89.098659
88.963937
90.877613
87.155323
86.622722
87.138965
88.258785
88.132532
89.723866
86.941359
87.302587
89.469718
87.344593
87.407315
91.168759
87.328718
88.792597
89.276284
86.871884
86.907769
89.071559
86.712496
86.938476
89.333201
86.870534
86.644606
88.730870
86.504578
86.615181
88.993942
86.799923
86.852264
90.918042
86.914800
86.830444
89.439228
86.727800
86.548585
89.005495
86.677591
86.862737
89.113769
86.829842
86.749541
89.045534
86.929525
86.921859
88.783319
86.526290
86.743104
90.422860
86.508309
86.865854
88.020150
86.566800
86.728011
89.808162
86.661051
87.659188
91.437911
87.090739
86.923198
90.435780
86.063473
86.226307
87.242195
86.534501
86.522562
89.597643
86.450988
86.617318
88.979872
86.761240
86.974048
90.906669
87.487541
87.692269
89.250425
87.309803
88.724826
94.407265
92.075930
92.614029
93.239283
92.862184
94.988720
96.418218
96.342661
98.030498
96.926421
96.434072
96.191990
99.097499
98.736424
99.915028
98.251027
98.895959
98.969364
100.000000
98.351167
98.474280
98.261937
98.670243
98.102012
99.500016
97.974855
97.102901
96.323214
97.303632
97.913364
98.222657
97.406407
99.005429
97.681295
99.848220
99.769054
99.130620
98.942590
95.924561
97.619005
98.225237
97.709048
98.807261
97.734860
97.738698
94.295868
97.344439
97.228083
97.791302
97.230366
97.125452
95.500044
97.383766
97.681794
98.720589
97.526153
98.050623
96.315217
98.781268
98.813518
99.258491
97.742518
97.396027
95.570131
98.218662
98.627973
99.310487
98.390306
98.173348
95.715409
97.781634
97.265927
97.364718
95.609066
95.383774
92.572832
94.957117
94.843650
96.306802
95.109267
95.143832
92.616353
94.736759
94.979529
96.029967
95.453871
95.849486
94.397548
96.576331
96.963081
98.097742
97.284295
97.413820
95.238137
97.264648
97.204483
99.084653
97.099307
95.243851
95.753835
96.313852
95.782304
97.342157
95.703592
95.523589
93.110481
93.564988
94.377095
95.585147
94.642149
94.766104
93.428707
92.527201
90.853217
95.274517
89.696242
89.981199
93.238493
88.159729
88.048413
91.620849
88.174724
88.166601
90.543866
88.474441
88.504124
90.291176
88.266697
88.223006
89.426674
86.404685
87.915776
90.025240
86.274237
86.497972
89.878793
87.318275
87.152012
91.563961
87.265510
87.532863
90.443140
87.538032
87.491721
91.214435
87.473918
87.868700
89.567700
87.730390
87.616221
91.508931
87.068864
86.670878
87.396501
86.485376
86.578824
90.494421
86.867309
88.031767
92.137628
87.417483
87.027543
91.383364
87.561224
88.061449
89.736552
88.030528
88.081119
91.356968
87.949133
87.804082
89.743659
87.734181
87.521312
91.100054
87.051045
87.519341
90.627580
87.507782
87.501370
89.803606
87.810154
87.903041
89.978654
88.540835
88.576788
90.486586
88.083256
88.024969
90.544760
88.065999
87.862601
89.832688
87.510813
87.471733
89.265414
86.839787
86.588762
88.623986
86.296761
85.819751
87.660249
85.242718
84.985860
87.391517
84.673841
84.676801
86.675817
85.173406
85.379721
87.653497
85.473281
85.522417
86.740081
84.960119
85.188991
87.208631
85.237992
87.037218
90.837031
83.367055
83.202878
87.670211
83.582971
85.766450
86.599024
84.975457
82.917858
87.119842
83.284216
83.804786
88.173735
85.276875
85.359982
87.559754
85.624920
85.553378
87.822769
85.940735
85.804407
87.918085
86.116638
86.149702
88.305163
85.917688
85.982722
88.015648
85.723365
85.475971
87.315568
83.280937
83.515808
87.232611
85.069617
85.344798
87.402216
85.166024
85.347309
87.250290
85.090364
85.004353
87.715699
83.235403
83.263726
87.404281
83.229505
85.687053
87.965530
85.502358
85.606709
87.566955
85.478421
85.385547
87.269181
83.398333
83.246035
87.031244
83.376483
86.968876
90.087287
83.634901
83.553217
88.073986
83.675726
83.487801
85.718485
85.420130
85.227514
86.874280
85.423719
85.178579
87.784869
85.438453
85.470044
87.520517
85.333585
85.626268
87.998236
83.425993
83.664978
87.724098
83.533408
83.711796
88.224775
85.678947
85.318912
87.458492
84.926559
84.793632
86.993722
85.082867
84.803463
93.328996
90.862360
89.987812
92.909217
89.843332
88.308812
90.530863
89.951076
88.046352
90.764615
88.207263
89.280869
92.783972
90.519055
91.337061
91.579516
91.065968
91.067920
93.155684
90.886473
90.677653
91.332213
90.276132
89.867889
93.050672
90.470131
91.379824
95.293199
93.880100
93.470290
94.778290
92.728266
92.731224
92.262838
93.524480
93.585643
95.274935
93.950185
93.708101
93.402893
93.673734
93.630830
97.416131
94.982522
96.457754
94.303537
96.108915
96.055519
97.652899
96.265669
95.953525
95.009705
96.254546
95.593379
97.323512
95.382127
95.161510
94.737203
95.325173
95.959002
97.278390
95.150139
95.451974
95.012022
94.863837
95.042331
98.783083
96.153520
95.698661
95.271043
95.935578
96.418666
98.645569
95.923408
95.419093
94.488472
96.144186
95.973718
97.271420
96.605038
96.970845
95.938306
97.071220
98.902138
99.753438
98.856276
100.000000
