86.205301
83.620873
91.496056
85.146810
88.641057
85.586513
91.752238
83.302564
87.904478
83.600963
86.750743
84.154107
88.589764
83.091577
86.587525
82.911281
85.937516
83.492355
87.239911
82.333960
86.147776
82.550563
85.658551
83.109825
86.102513
82.302979
85.620909
82.631977
85.376803
82.920273
85.976213
82.057762
85.965269
82.582894
85.283368
82.784632
86.144361
81.693549
85.838104
82.247410
85.054191
82.445979
86.374084
81.496007
85.109457
81.843067
84.261513
82.258309
85.586491
81.168483
84.510285
81.312267
83.832268
81.065483
83.733976
81.062339
84.071804
84.043463
81.773187
83.865326
84.194736
80.944064
83.428927
81.266942
82.960222
80.957152
83.107991
80.786968
83.262912
81.019265
83.096922
80.818129
82.203404
80.351771
82.643265
80.614702
82.749082
80.662260
82.528084
80.524194
83.664329
80.860872
83.444369
81.962151
83.457997
80.878259
83.367736
81.048543
83.003031
81.098993
83.548869
80.497900
83.315981
80.837444
83.263604
81.297785
82.823522
80.173424
83.072907
81.025468
82.770651
80.803426
82.502978
80.201843
83.059848
81.197192
83.097741
81.128303
83.071690
80.518098
83.210369
80.950595
83.178004
81.484286
82.790580
80.730304
83.227174
83.487014
81.158709
83.263467
83.319017
80.370879
83.483170
81.049434
82.502839
81.546261
83.693939
80.603963
83.425437
80.704820
83.036721
81.210823
83.254303
80.816763
82.365568
80.860066
82.308205
81.328361
82.706524
80.861684
83.415264
81.044677
83.306262
81.276170
82.902102
81.072544
83.671239
81.438945
83.263246
81.257468
82.768723
80.845661
83.004164
81.293134
82.506576
80.777316
82.254085
79.888588
82.592489
80.260087
82.348605
80.565191
82.171936
79.805105
82.663410
80.272203
82.583719
80.555472
83.137756
79.888281
83.247370
80.398805
82.805682
80.881326
82.507241
80.790250
82.818975
82.800825
81.470513
82.791473
82.982655
80.633533
83.805677
81.252533
83.288873
81.237485
83.186815
81.056957
83.305589
80.879924
83.393554
81.666713
83.144015
80.932144
83.694895
81.167930
83.679423
81.726547
83.491294
81.492492
83.883764
81.923222
83.876625
82.012029
83.502265
81.063399
83.453443
81.388795
83.293829
81.382808
83.204481
80.608229
83.335575
80.916214
83.330024
81.402627
83.453128
81.122025
83.332890
81.440302
83.435417
81.410109
83.064500
80.694166
84.089092
81.231946
84.040742
81.493779
83.998887
81.694534
84.469034
81.535833
84.089989
82.442113
83.956021
82.245798
84.256584
83.807610
81.437159
82.799925
83.142885
79.485389
83.092038
80.588155
82.976499
81.163292
83.707637
80.481072
83.863223
81.311030
83.559785
81.473362
84.018571
80.455495
84.471114
80.985822
83.739064
81.718459
84.365012
80.828099
83.829139
80.834274
83.536908
81.347261
84.332170
80.838405
84.345719
81.491595
83.830402
81.657073
84.309268
81.362549
84.702562
81.560350
83.990112
81.869500
84.725983
81.817374
84.630676
81.999945
84.494144
82.365952
84.772557
81.741182
84.340311
81.876485
83.673730
81.826077
83.748402
80.921626
84.194644
81.228983
83.241408
81.334591
83.045936
81.128161
83.735280
83.505386
81.018504
82.887475
83.234167
79.791790
82.786597
81.073671
82.727949
81.133401
83.257502
79.782236
83.686670
80.844604
82.930745
81.368734
83.017840
93.300971
93.552102
92.873731
94.955893
92.075149
90.438684
92.328292
92.527737
90.651963
90.834019
89.941494
93.458956
96.084286
97.403123
96.475561
98.643212
97.878873
98.591347
100.000000
100.000000
100.000000
100.000000
100.000000
100.000000
100.000000
100.000000
100.000000
100.000000
100.000000
100.000000
100.000000
100.000000
100.000000
100.000000
100.000000
100.000000
100.000000
100.000000
100.000000
100.000000
100.000000
100.000000
100.000000
100.000000
100.000000
100.000000
100.000000
99.109182
100.000000
100.000000
99.749175
100.000000
99.130937
98.819045
98.013892
99.443181
97.319915
99.244015
97.615658
97.450639
97.504551
98.195307
97.572875
98.216893
97.445299
95.598304
98.341275
98.268558
97.462867
97.600383
97.554880
95.814059
97.432831
97.749823
97.257491
96.905309
96.268599
93.280303
95.944915
95.495099
95.488240
95.288906
94.949342
92.953797
96.660899
97.200502
96.702481
97.505922
97.651752
94.531274
96.858140
97.352291
97.123521
97.677329
97.050975
93.596013
94.776138
95.858654
94.374433
95.648363
95.260043
92.465340
94.468090
95.597437
96.201288
95.059676
92.958423
93.517664
96.733165
96.869290
96.157734
96.278262
95.153361
94.664397
96.284922
97.209527
96.276085
96.623801
95.363490
92.932109
95.944275
96.714968
95.962060
97.137690
95.532216
92.749758
95.357307
97.787496
96.786714
97.494409
96.238103
92.993619
95.144906
95.842141
95.546600
96.241804
95.610552
92.928885
95.651016
95.798501
94.204178
95.550209
95.865368
93.453516
96.213576
96.011868
94.581497
94.988111
94.376848
90.533418
93.294588
94.433571
93.192291
94.567143
93.760572
89.053763
93.863773
92.916835
92.697700
92.967893
92.934538
87.959349
92.457952
92.919839
93.946609
94.346239
89.399047
90.536086
94.796836
96.113341
93.867652
94.072158
93.463593
90.156911
93.207332
94.089875
93.368896
94.473009
93.287005
90.299699
93.618823
95.856916
95.233547
95.457260
94.301939
90.994623
94.416924
94.921421
93.634982
94.610430
93.335960
90.539944
95.648359
96.947647
95.390432
95.150717
93.586503
89.527885
93.073989
94.491281
93.779578
94.878346
94.278293
90.902720
94.606560
96.458572
95.184530
96.150303
95.419807
92.467174
94.434767
95.793721
94.188710
94.652273
93.605857
91.372893
94.240280
95.428081
94.261930
95.378585
95.079676
92.018419
94.991715
95.962683
95.606495
95.354271
90.996083
91.735040
95.436397
96.278377
95.574033
96.823201
95.980393
94.100143
95.195747
95.844923
94.836146
95.131059
94.779277
93.197640
95.338334
96.215670
95.787991
96.975617
96.464192
94.467832
96.277052
96.371152
95.399069
96.051746
95.614917
92.895416
95.139117
96.718031
96.254250
97.045768
96.167999
95.250804
94.747980
95.467208
93.463773
94.082064
93.514104
92.294986
92.789236
93.652241
92.374598
93.541994
92.352792
90.450598
92.207695
93.758804
92.421180
93.495554
92.690943
90.605794
91.583928
92.676674
91.709589
92.453701
91.423373
89.760950
91.184434
93.309437
93.507804
92.478810
91.586298
91.621679
93.516916
94.219636
93.686744
94.303138
93.801304
92.299340
93.017854
93.872556
91.790034
93.384849
91.512213
89.878198
90.818250
92.144792
90.786119
91.574824
91.089294
89.111260
90.519302
91.695530
90.422383
91.147061
90.942348
89.112353
91.291775
92.124612
91.484897
91.973079
91.976223
89.217597
91.064241
91.554227
90.400344
91.080295
90.389418
88.010535
90.669641
91.411654
90.202916
91.160821
90.526031
87.060332
90.616039
90.697859
90.854168
90.800953
90.879762
87.228818
90.998408
91.687596
91.042457
91.533275
90.810853
88.087882
91.728017
92.519906
93.230369
92.991180
89.633726
90.225880
92.866153
93.650954
92.104849
93.058462
92.211071
90.278341
91.839379
94.684015
93.371311
94.385910
93.158007
91.159179
92.430405
94.139927
92.505050
93.948968
93.108663
91.881693
92.457103
94.844226
93.245017
93.892837
93.367970
92.201752
92.839815
94.672409
93.564528
93.928540
92.601568
90.967837
92.815188
94.280970
93.688047
94.671777
93.059559
90.834611
92.814015
93.909834
93.134876
94.201816
93.785682
91.389703
92.929654
93.669896
93.175595
93.752890
93.070166
90.710570
94.115587
95.313642
95.191868
95.908686
95.467027
93.200153
97.007057
97.709310
97.266366
96.780374
93.224616
94.028082
98.304122
99.327006
98.281932
98.357286
97.922109
95.955268
96.951537
98.836607
97.360190
98.820493
96.885284
95.597038
96.116115
95.989427
94.755270
95.550174
94.568173
93.275437
94.030101
95.613359
94.336604
95.202180
94.434878
93.332123
94.640182
94.650096
95.168154
95.603546
95.852296
93.992573
97.926980
97.772380
97.745977
98.010650
97.771612
95.033424
97.778917
97.640061
97.329050
98.216659
97.155300
94.783959
97.099848
97.044284
96.167032
97.891672
97.611522
94.739182
97.105582
97.333831
96.847329
97.229061
96.702677
91.922830
97.255498
98.871256
98.509892
97.233031
92.323097
93.811364
96.871314
98.371483
97.058212
97.224386
96.634436
93.539307
95.487072
97.032538
95.515354
96.711205
96.103805
93.767868
97.152605
98.356605
97.881347
98.798604
98.308207
95.906060
99.126205
99.842220
99.632658
100.000000
99.230989
96.442694
99.042320
99.906498
99.944979
100.000000
100.000000
98.311721
100.000000
100.000000
100.000000
100.000000
100.000000
98.575266
100.000000
100.000000
100.000000
100.000000
100.000000
98.157791
100.000000
100.000000
100.000000
100.000000
100.000000
99.235365
100.000000
100.000000
100.000000
100.000000
99.576987
96.798651
99.224614
99.126613
99.308830
98.304909
95.142132
96.013442
99.314586
100.000000
99.413398
99.592819
99.055999
97.425504
99.650830
100.000000
99.664129
99.955058
99.340816
97.058482
98.070905
99.479455
97.699683
98.039843
97.237237
96.004173
97.266701
99.215259
99.199368
100.000000
100.000000
99.898594
100.000000
100.000000
100.000000
100.000000
100.000000
98.114608
99.389087
100.000000
100.000000
99.347006
99.618892
97.247907
99.643546
100.000000
99.314610
100.000000
99.834732
96.172122
99.406849
100.000000
99.337264
99.753682
98.326313
95.709172
97.975724
98.647629
97.708697
97.976963
97.009306
96.013951
99.052809
100.000000
99.925787
99.331011
97.643591
97.671105
100.000000
100.000000
100.000000
100.000000
100.000000
100.000000
100.000000
100.000000
100.000000
100.000000
100.000000
98.406996
98.838168
99.920350
99.829270
100.000000
100.000000
98.758596
100.000000
100.000000
99.988374
99.946771
99.666486
97.406272
99.405601
99.512897
98.507893
98.840085
98.056015
94.713326
97.729298
99.472902
97.907893
98.559573
97.603620
94.105954
97.337269
98.510488
98.188897
98.645188
98.859064
95.684293
97.101301
98.137415
97.442513
98.319026
98.146344
95.318272
98.149925
98.979418
99.066780
100.000000
100.000000
97.657401
100.000000
100.000000
99.994148
99.388912
96.544988
96.507630
99.240617
100.000000
99.247659
100.000000
100.000000
98.434129
99.324278
100.000000
100.000000
100.000000
100.000000
98.733641
100.000000
100.000000
100.000000
100.000000
100.000000
99.297972
99.941850
100.000000
100.000000
100.000000
100.000000
98.375280
100.000000
100.000000
100.000000
100.000000
100.000000
97.431721
98.968815
99.875224
99.405118
100.000000
99.664986
97.327519
99.637567
100.000000
100.000000
100.000000
100.000000
99.995461
100.000000
100.000000
100.000000
100.000000
100.000000
100.000000
93.664831
92.380551
82.918396
85.720169
83.143597
86.063346
79.525868
84.282050
82.060200
79.900827
84.586972
81.968941
78.102154
81.950405
78.421192
80.630122
78.483003
82.859306
77.565324
81.003925
78.266199
80.359470
78.069142
81.239499
77.338330
80.215346
77.673057
80.470996
78.215641
81.062373
77.727739
80.516288
77.622093
79.323627
77.694796
80.517971
77.562304
80.015846
77.982659
80.063309
77.984482
80.384395
77.442193
80.254014
78.209831
80.632499
78.481943
80.717334
78.150186
80.839713
78.667039
81.050484
79.406237
81.149535
78.866740
81.777843
79.421127
81.162408
79.286619
80.971063
78.528976
81.236880
79.010922
81.070361
78.769265
80.308782
78.611109
80.988629
81.140892
78.897815
80.393091
80.775617
77.785165
80.650437
78.577588
80.616584
79.413513
81.082201
78.710456
81.364594
79.111563
81.183452
79.027814
81.264806
78.531595
81.396479
79.106051
81.282312
79.769307
81.948433
79.114536
81.150166
79.208107
81.406479
80.260208
81.664510
79.889447
81.962384
79.946979
81.736574
79.980358
81.636098
79.538415
81.988373
80.300188
82.002889
80.761662
82.623260
80.376590
82.739462
80.712733
82.226992
81.031577
82.714469
79.675422
82.783189
80.069538
81.910894
80.693319
82.439947
79.490004
82.230023
79.976386
81.949875
79.873966
81.682049
79.584228
81.964612
81.888809
80.316083
81.732404
81.864534
79.506248
81.964976
80.071647
81.942391
80.064733
81.639591
79.388102
81.629588
79.719043
81.555156
80.179525
81.838169
79.890489
81.933691
80.295817
81.856704
80.317824
82.157264
79.932391
82.110726
80.043070
81.739343
80.057492
82.092646
79.629110
82.571268
79.988564
81.940384
80.762165
82.655820
80.122276
82.359972
79.814342
82.092067
80.802772
82.702097
79.863899
82.677497
80.582844
82.389205
80.677949
82.489241
79.944594
83.031719
80.470150
82.683585
80.606142
82.802180
80.210057
83.129118
80.971615
83.118508
80.872339
82.476612
80.434024
82.488976
82.532638
80.710550
81.722638
81.969711
79.199681
81.949812
79.521704
81.577076
79.295677
81.479379
78.370772
81.176901
78.936616
81.096783
79.373474
81.901214
78.819444
81.413089
79.240657
81.279093
79.840542
81.878941
79.124440
82.051162
79.734017
81.816565
80.031436
82.203312
79.460660
82.248446
80.194737
81.735305
80.149667
82.443411
79.482334
82.561115
80.008516
81.826261
80.182102
82.263534
79.496029
82.397459
80.239850
82.323323
80.405915
82.309084
79.478267
82.385805
80.199667
82.473244
80.222160
82.282656
79.415094
82.275529
79.822799
82.002660
79.940690
81.643454
79.707618
82.099347
82.282643
80.245619
81.897484
82.116660
79.163638
82.225248
79.822864
81.586573
80.004833
82.218813
78.707008
81.825027
79.226602
80.863433
79.497709
82.174393
78.565169
81.545934
79.799577
81.247244
80.080995
82.102047
79.909128
82.427152
80.393325
82.151110
80.579948
82.664153
79.552369
82.319940
80.318421
81.530130
80.624178
82.195001
79.240450
82.136268
80.385534
81.735876
80.182744
82.262720
79.002461
81.823267
79.954004
81.984401
80.619299
82.710844
79.553264
82.792206
81.201206
82.789101
81.740046
83.117893
81.087053
83.253498
81.407890
82.973624
81.377485
82.593124
81.692642
83.500587
83.471974
82.248860
83.031212
83.776861
81.267768
83.587103
82.373653
83.782203
82.415622
83.762308
81.526722
84.149699
82.196035
83.977310
82.530775
83.890275
81.676627
84.152187
82.434117
84.142817
82.781414
84.170303
81.856441
84.232346
82.719714
84.818317
83.367860
84.715779
82.600423
84.220500
82.532927
84.327925
83.486898
84.742344
83.205243
84.923563
83.101256
84.918060
83.444512
84.387957
82.630042
84.721239
83.412041
84.765931
83.720151
84.317428
82.675820
84.803275
83.354294
84.535530
83.484072
84.347391
83.027219
84.597903
83.054071
84.528120
83.066382
83.663704
82.827227
84.753588
85.325515
83.028462
83.379359
84.803900
82.974389
84.961424
82.983578
84.983655
83.403406
84.272268
82.175060
84.682545
82.784841
84.515553
82.771205
83.750573
82.064968
84.333868
81.946708
83.879588
82.079083
83.316776
81.783384
83.679435
81.380578
83.465431
81.480943
83.128685
80.976106
83.072946
81.156823
82.952447
81.113055
82.873348
80.664399
83.553117
81.180458
83.328538
81.135320
83.143755
80.699560
84.036857
80.906398
83.595847
81.911880
83.755157
80.619042
83.373171
80.512442
83.237029
81.814061
83.214630
80.445484
83.585054
80.840297
83.627696
81.604725
82.853767
80.634084
83.206039
83.452871
81.476307
83.553031
83.642249
80.684418
83.631043
81.196578
83.552258
82.073424
84.066246
81.399165
83.592146
81.212553
83.016171
81.339176
83.676961
80.865610
83.494543
81.312935
83.037131
81.327840
83.544238
80.834825
83.407445
81.241362
83.142740
81.437687
83.650501
80.668713
82.933109
80.789664
82.887258
80.792879
83.439964
80.690064
83.447698
81.389169
83.396217
81.384391
83.693896
81.097327
83.798419
81.417942
83.336070
81.614357
83.849412
80.943922
83.675932
81.376397
83.295059
81.375986
84.051852
81.262000
83.635584
81.341186
83.398436
81.405055
83.259689
81.299010
83.425949
83.739767
81.192970
82.842072
83.525673
80.282415
83.029868
80.976115
82.577294
81.049464
83.909856
80.190186
83.802482
81.071537
83.236897
81.055993
83.512377
80.526286
83.599717
80.796138
83.565958
80.881620
83.016740
80.617202
83.797963
81.029861
83.570778
81.056954
83.928214
80.712884
83.955762
81.130573
83.526151
81.981542
83.986681
81.304076
83.920428
81.430558
82.915008
81.584680
83.656452
81.013489
83.569787
81.292261
82.691471
81.783829
83.698867
80.939688
83.770593
81.322966
83.635089
82.063657
83.758947
81.007319
83.669995
81.300307
83.126372
81.843833
83.347432
81.295170
82.853657
82.777951
80.962003
82.126205
82.611515
79.794167
82.103736
80.382484
82.166876
80.407551
82.590142
79.758539
82.307104
80.449827
82.091303
80.725368
82.790133
80.612399
82.662307
80.906494
82.706873
81.487120
83.250727
80.891779
82.909857
81.354182
82.585788
81.352349
83.121801
79.706628
82.534531
80.657194
82.257857
81.138507
82.352347
80.107317
82.701465
80.498945
82.418210
81.061425
82.227911
80.145029
81.978683
80.314055
81.977477
80.219210
81.877131
79.982509
81.759487
79.865600
81.539748
80.183769
81.422998
79.952187
81.776466
79.956102
81.593848
80.276733
81.122886
79.948498
82.559054
82.807046
80.291522
81.923766
82.630858
80.291966
83.018938
80.136026
82.489663
81.618838
83.276214
80.160719
83.219612
80.630880
82.179326
80.795326
82.684101
79.926624
82.738886
80.283809
82.087199
80.937534
82.895211
80.320673
83.279833
80.756223
81.970570
81.124934
83.164313
80.494817
83.351724
80.872867
83.004500
81.169575
82.972189
80.216106
82.971316
80.568709
82.087454
80.559604
82.537832
79.701688
83.005744
80.036863
82.063457
80.720206
82.806667
79.481185
82.661223
79.589434
81.631292
80.787580
82.583977
79.998039
82.808307
80.197485
83.098080
80.646724
82.042506
80.353102
82.580560
82.339076
80.564961
81.648369
82.747697
79.574516
82.340629
80.153592
82.160858
79.960171
82.640167
79.398131
82.288800
79.499153
81.671977
79.953711
82.182378
79.198118
82.008398
79.692686
81.994190
79.827527
81.969988
79.232591
82.236361
79.758997
81.944069
79.903308
82.416219
79.503618
82.829037
80.094584
82.633999
80.660453
82.631218
80.858968
83.453654
80.686287
83.649512
81.595278
83.944060
80.695680
83.492987
81.119649
83.120698
81.694789
83.762247
81.000277
83.465823
81.047211
83.093103
80.679239
83.079128
80.259443
83.149460
80.581545
83.172884
81.282457
82.952704
81.475737
83.234516
83.605150
81.530051
82.962564
83.234479
80.376169
82.712418
80.568944
82.746374
80.328387
83.076438
79.675431
82.723649
79.746791
82.089296
80.095103
82.459570
79.286302
82.336942
79.691810
82.308083
80.238881
82.474344
79.599296
82.307701
79.667905
81.799857
79.810821
82.210012
79.626457
82.670352
80.088411
82.067020
80.268679
82.181188
79.315191
82.460144
79.817249
81.928387
80.188874
82.323250
79.658797
82.769461
80.180851
82.520280
80.183990
82.237240
79.795090
82.322606
79.731283
81.992552
79.683297
81.658726
79.519073
82.133912
79.591003
81.673801
79.546188
80.914850
79.508398
81.855510
82.095463
80.079348
81.687311
82.174295
79.087986
82.407047
79.661977
81.844205
79.586929
82.323562
78.550213
81.807556
79.032067
81.252225
79.220310
82.284415
78.572177
81.585953
78.876937
80.840491
78.830303
81.889769
78.649941
81.751785
78.755296
80.914553
79.450833
81.916194
78.496746
81.704930
78.752991
80.784185
79.357904
81.968638
78.429824
81.900905
78.832395
81.872130
79.612406
82.119613
78.659906
81.887562
79.173801
81.799601
79.632910
81.797490
78.709619
81.856837
78.985765
81.816990
79.526168
82.123186
78.981463
81.815009
79.230034
81.719190
79.439817
81.460403
79.179960
81.603877
82.102773
79.583618
81.295269
81.580067
78.358393
81.222479
78.896714
81.099325
78.898335
81.956995
78.906612
81.574473
79.012337
81.306773
79.185136
81.681314
78.615329
81.446909
78.631378
81.383854
78.832990
81.633910
78.670825
81.350687
78.824686
81.068910
78.688843
81.422316
78.387205
81.610014
78.722738
81.365296
79.546559
82.102922
78.768063
81.469656
78.934985
81.291971
79.136231
81.862723
79.080028
81.524242
79.009937
81.246216
79.112622
81.353450
78.703452
81.134146
78.843753
80.866989
78.759405
81.271764
78.797523
81.736400
79.246536
81.399671
79.163913
80.845393
78.765104
81.500236
81.727781
79.239377
81.396176
80.994707
78.135328
81.001749
78.395114
80.600777
78.702670
80.700109
78.640409
81.059838
78.701813
80.797524
79.494678
81.281474
78.871502
81.831987
78.963370
81.097113
79.094661
81.741507
78.558114
81.563565
78.765187
80.809543
78.828524
81.811041
78.979290
81.194248
78.994213
80.918019
78.870838
81.080613
78.943386
81.801496
79.301012
81.369121
78.987289
81.409912
78.201395
81.302303
78.396330
80.946178
78.770585
81.040354
78.147264
81.082181
78.365840
81.134228
79.135158
81.431731
78.449289
81.407465
78.964912
81.481889
79.685460
81.099571
78.780942
81.776270
81.792102
79.673853
81.782474
81.952596
78.772690
82.314524
80.044868
82.357916
80.440261
82.332504
80.075187
83.044686
80.812806
82.343558
80.951061
82.657454
80.375725
82.764404
80.568353
82.476746
80.418092
82.470482
80.524812
83.244480
80.514309
83.095757
81.469652
83.295189
81.341859
84.105956
81.618540
84.167404
82.025835
83.810280
82.192454
84.426668
82.511103
84.510023
82.916194
84.468079
82.962538
85.439611
84.022250
85.798713
84.458149
85.656416
83.432135
86.212696
84.449461
86.286852
84.534790
85.755656
83.743804
86.376736
84.375175
85.821101
84.267159
84.925558
84.438144
86.447660
86.275277
84.572670
85.431631
85.620548
84.284356
86.062863
84.889647
86.212600
84.806304
85.650887
84.258262
86.620429
84.965806
86.798059
85.674003
86.559217
85.758046
87.995994
86.235079
87.686704
86.103667
86.570514
85.272183
87.932292
86.089283
87.937515
85.733863
86.393814
84.916781
87.334841
85.563668
87.156280
85.329167
85.849980
84.673049
87.217491
84.969221
86.897186
85.126720
86.057196
84.581052
87.015686
84.681438
86.520969
84.798943
85.898745
84.814930
87.127427
85.182264
86.741548
85.123422
86.307596
84.394268
87.148070
85.236448
86.550890
85.287108
85.592907
84.190344
86.858232
85.843100
84.520630
84.877594
84.564265
83.067736
85.080734
83.402950
84.454090
83.730711
84.457518
82.493846
85.058210
82.941294
84.237619
82.726862
84.116695
81.232309
83.915546
81.883301
84.051456
82.615619
83.511182
80.535929
83.838800
81.193501
83.421033
81.222418
82.969719
80.373744
83.245749
80.301746
82.997228
81.264851
82.707329
79.829407
82.396113
79.772131
82.021100
80.544356
82.183618
79.945724
82.873749
80.242477
81.878797
80.522586
82.290592
80.257372
82.936599
81.369383
83.118309
81.144536
82.657240
80.783222
83.312040
81.831788
82.954523
81.625985
82.133533
81.528263
82.602555
83.308074
82.012716
82.470613
82.963091
80.485603
83.244340
81.377645
83.006497
81.122322
83.056295
80.566876
83.312112
81.308017
83.291800
81.154422
83.261803
80.268359
83.633800
81.611616
83.309213
81.993565
83.920137
81.008228
84.418665
82.375707
83.677633
82.245055
84.518310
80.583144
83.629856
80.893445
82.970182
81.542518
83.928532
80.421596
83.547537
81.104728
83.200378
81.290440
83.277275
81.055030
83.583410
81.255403
83.420069
81.200740
83.273493
80.861578
83.550200
81.390305
83.386473
81.382298
83.152115
81.124121
83.140962
81.029972
83.022365
80.923894
82.873344
80.899594
83.782425
83.361688
81.676674
83.439177
83.669906
80.434388
83.500229
80.470813
82.519688
80.605039
83.701829
80.104007
83.337663
80.430857
82.295603
80.714004
83.719689
79.928157
82.610857
79.961478
82.415222
80.447477
82.944232
80.239538
83.352600
80.742876
82.894304
81.148314
83.157375
80.418040
83.149566
80.764381
82.958418
81.222520
83.422114
80.721572
83.124527
80.642328
82.874386
80.944058
83.086613
80.442932
83.258880
81.075751
82.870866
81.184697
83.454751
80.430434
83.085894
80.666602
82.511747
80.613823
82.612827
80.311124
82.646900
80.494711
82.395165
80.292510
81.775327
80.181980
82.691901
82.980444
81.033247
82.599343
82.999862
79.953353
82.782986
80.126449
82.415416
80.726798
82.739817
79.667957
82.583119
80.131656
81.544561
80.287476
82.693795
79.139110
82.683881
80.176582
82.164685
80.813650
82.597432
79.680378
82.364563
80.659876
82.311930
80.854703
82.771453
80.388199
82.295842
80.410904
81.733062
80.312782
82.373947
80.597451
82.206599
80.390006
82.235134
80.709530
82.013266
80.068406
82.226631
81.105557
82.411833
80.677965
82.621914
81.303452
83.072562
81.073789
82.913975
81.268414
83.096319
81.033706
83.111448
81.280470
83.250656
81.325778
82.567623
81.470889
83.370324
83.210905
81.977536
82.916718
83.897757
81.589310
83.876240
82.094027
83.524052
82.300828
83.655722
81.646521
84.287299
81.820361
83.778503
82.146333
83.539278
81.719433
84.223163
82.399701
83.901035
82.656643
84.280859
82.660489
84.700723
82.906316
84.982013
86.716402
86.518226
88.766135
90.579091
88.909657
89.492229
88.027216
86.156745
87.678811
87.864986
87.088295
87.156734
86.314442
87.832975
89.945167
91.184429
90.841539
91.811526
90.777544
91.077280
91.782913
93.504612
91.614983
92.881401
90.843175
90.196874
90.751083
93.377516
91.235370
93.503325
92.291104
91.972544
93.241218
94.900023
94.723856
92.855301
91.918658
92.315858
93.362747
96.291986
94.113941
95.124865
93.853932
93.950576
93.060257
95.088179
93.787052
95.191787
94.559759
94.525990
95.232684
96.237052
94.586313
95.370417
94.409393
93.506474
94.235434
95.432192
94.559247
95.456769
94.359661
92.882389
94.858039
96.164781
95.230881
95.414868
94.953172
92.584034
93.725709
94.998612
93.241446
94.283152
93.529516
92.425027
93.726390
94.058139
93.377443
93.578529
92.888495
91.310312
93.617368
93.855857
93.542539
93.556125
92.884691
90.169229
92.663199
93.384629
92.211277
92.786511
92.455130
89.879773
92.906972
93.341723
93.772267
93.913286
91.740149
93.094923
95.956463
96.969985
95.939869
96.511705
95.789466
92.925797
95.346746
96.177372
94.872394
95.071870
95.286244
92.164323
94.478445
95.442452
94.794898
95.743704
95.565494
93.046065
95.731248
96.650102
95.690152
96.297495
95.536094
93.089005
95.429670
96.814796
95.965289
97.532702
96.938687
95.302886
95.257835
96.603306
95.218627
95.995453
94.722951
93.221197
93.692154
95.926306
94.148745
94.995994
94.190251
91.864857
92.892411
95.326313
94.347476
95.558524
95.320180
94.500692
96.080190
98.365897
97.928009
98.305606
96.841952
95.056486
96.878752
97.657064
98.549971
97.916476
95.615975
96.444870
97.572796
98.921754
97.177663
98.083141
96.022504
93.950656
94.517496
97.087267
95.326645
96.586402
96.195332
95.596014
95.842272
97.337385
96.152833
97.738313
96.453475
95.966720
96.235119
98.072952
96.441351
97.737960
96.339761
94.774654
96.027704
96.727366
95.300044
96.486741
95.194807
92.738557
94.863216
95.201324
94.330314
95.174934
94.540810
92.532552
94.537501
95.340447
94.247857
94.228485
94.241320
91.702815
94.163669
94.862955
94.838640
95.781229
95.141206
92.153345
93.301931
94.167033
93.245866
94.078044
93.639937
91.101690
94.284067
94.781955
94.979707
94.704376
92.023881
92.358985
94.880324
95.709441
95.199235
96.317066
96.111195
93.902743
96.420330
96.750958
95.615277
95.796098
94.804727
91.901769
93.224246
93.314059
91.457786
92.671627
91.273167
89.495848
91.996221
93.452718
92.614617
93.323104
91.904536
89.316523
91.365237
94.146346
92.690696
94.943132
94.459438
92.498327
94.323427
98.148110
97.379853
99.065326
99.042992
97.029102
98.820377
99.972756
98.030611
100.000000
98.776482
97.311913
97.326207
100.000000
99.355318
100.000000
99.724865
99.106455
98.797858
100.000000
98.628753
99.646618
97.724157
97.131292
96.446681
100.000000
100.000000
98.974030
99.161848
100.000000
100.000000
100.000000
100.000000
100.000000
99.236774
98.129471
98.851427
100.000000
98.052538
98.326783
97.036393
95.132123
95.805855
97.471908
93.987210
92.769185
90.093171
87.849642
87.944764
91.577121
88.439019
92.547130
88.472847
84.254880
88.363915
90.578527
88.498352
89.977365
87.540749
86.124648
85.953421
91.939155
88.127389
90.360205
88.706592
92.098303
86.671747
89.786574
86.093868
88.336740
86.640423
87.605902
85.684318
88.220445
85.404529
87.033559
86.341446
85.662650
85.776499
87.482918
86.278043
87.479929
86.333756
85.073001
86.608672
88.389122
88.562809
87.328307
85.472587
86.374825
86.199281
88.502730
86.347851
87.911724
86.641647
85.005251
85.158594
86.922497
85.153529
87.327312
85.719275
84.394184
84.498306
88.262496
86.272085
88.046126
86.422036
84.931965
84.385996
87.068208
84.255769
85.823063
85.014985
83.937399
83.911603
86.399362
83.943375
85.587147
84.049773
83.306056
83.812692
86.829192
84.330277
85.845938
83.945902
83.741225
83.700197
85.730078
83.984064
85.981766
84.085757
82.943081
84.109238
86.158379
84.440142
85.960804
84.652039
82.801195
83.999865
86.303753
84.377840
85.945992
84.289000
81.769537
85.294547
85.836020
85.641395
84.994220
82.365692
83.209265
84.991454
87.406490
85.725102
87.426723
86.215033
85.442607
86.022585
88.109239
86.155657
87.530763
86.587527
85.002949
86.018813
88.833534
86.897407
88.345838
86.737086
84.651885
86.471466
88.286150
86.598914
88.033637
87.033748
85.170398
87.863322
89.208835
87.844724
89.297684
88.320199
86.231318
89.349991
90.646181
89.901323
90.498895
89.993228
86.492967
88.836310
90.354498
89.967819
90.616696
89.924801
87.522659
90.174295
91.396246
90.465709
90.549655
89.878913
86.631069
89.901018
91.141505
90.524331
91.142955
90.392617
87.157537
90.204353
91.253175
91.357330
90.635399
86.933049
87.497231
91.080260
92.228461
91.531797
92.434054
91.854589
89.759247
90.669723
92.394700
91.277078
92.405957
91.398216
89.214035
91.334175
91.953984
90.981344
91.630339
91.032333
88.374015
90.396627
91.641011
90.891572
91.852920
91.068046
88.844203
88.238847
92.246418
88.838715
91.054981
89.312474
88.875531
88.073188
90.738220
88.039129
89.545719
88.185683
87.167873
86.644227
89.725075
86.994364
88.206887
86.798524
86.631557
86.369056
88.856123
87.032704
88.709487
86.826932
86.078110
85.810435
88.203324
86.334201
87.906857
86.518271
85.249341
85.881233
87.679316
87.813052
86.702736
84.942113
85.614316
85.330750
87.645520
85.588213
87.893852
85.897434
86.108593
85.172567
88.464169
85.862989
87.887939
85.995735
85.950042
85.419528
88.589925
86.831766
88.304798
86.871648
86.527555
86.630229
89.147458
87.061541
89.516842
87.831036
87.542334
87.364030
89.822603
87.453017
89.381975
87.670663
87.392512
87.057900
89.534310
87.422720
89.185501
87.791928
86.881894
87.613020
89.586638
87.541422
89.619403
88.688618
87.836890
87.971699
90.625254
88.692715
90.395558
88.821019
88.230096
89.210611
91.532381
89.428228
91.173806
89.003279
87.515308
88.990434
91.069211
91.244693
89.499461
88.567095
89.298685
89.228045
91.539778
89.175729
91.102817
89.473633
89.376397
88.797845
91.451810
89.127478
90.940344
89.166053
89.472449
88.588840
91.662125
89.233904
91.333621
89.801796
90.017363
89.003310
91.747606
89.530391
91.183290
89.268364
89.659275
88.633250
91.032842
88.564121
90.226706
88.508609
88.764710
88.516426
90.835874
88.430176
90.604958
88.853640
88.759811
88.403529
91.161489
88.602040
90.621268
88.659706
88.548048
88.490123
90.703821
88.614956
90.515716
88.669828
88.647862
88.517179
90.991948
88.980289
90.768455
89.109609
88.130645
88.866303
90.838287
90.687470
88.703729
87.850613
88.452278
87.110066
90.149334
87.542137
90.040653
87.785373
88.876886
87.019527
90.217607
87.242444
89.915377
87.400607
88.974684
87.426711
90.501321
86.708303
89.779043
87.361381
88.647870
86.499100
89.895883
86.853782
89.607333
87.054829
88.563085
86.780624
90.210047
87.016707
89.832952
87.392847
88.753607
87.021617
90.445352
87.182510
89.849154
87.700539
88.949948
87.349562
90.656144
87.672731
90.272213
87.843603
89.105901
87.354681
90.638332
87.630099
90.074300
88.199545
89.055353
87.418134
90.848297
87.642963
90.097994
87.910799
87.455439
87.536972
89.980031
89.849397
87.620080
87.235504
88.434095
86.612837
89.843099
86.407110
89.345573
86.907181
88.585578
85.980760
89.026274
86.343844
88.796223
86.678735
88.086326
85.890132
89.151300
86.255649
88.883944
86.423446
87.774230
86.206600
89.775961
86.288766
88.974884
86.673081
88.447494
86.017667
89.690586
86.841114
89.528319
87.264736
88.609812
86.644000
90.177639
86.970328
89.390491
87.149917
88.440095
86.561402
89.828310
87.281442
89.717701
87.414335
88.314337
86.635674
90.020972
87.094861
89.539254
87.334192
88.496181
86.506835
90.340105
87.464993
89.818104
87.619074
88.022857
87.304830
89.977701
89.770407
87.403365
87.978970
88.543411
86.466820
89.388325
86.867892
89.166652
86.572124
87.353719
85.698212
88.592577
86.138905
88.679325
86.360678
87.631784
86.275069
89.222278
86.384918
88.965005
86.301005
87.269942
85.375576
88.768678
85.998174
88.316534
86.074609
87.552922
85.289535
88.424900
85.558577
87.972227
85.581448
86.977452
85.520933
88.551913
86.282230
88.355472
86.141315
87.407126
85.323671
88.462003
85.693708
88.188006
85.849213
86.976333
86.002582
88.940656
86.527698
88.821479
86.514086
86.990156
86.430528
89.370754
86.583996
89.219669
87.143956
87.185394
86.592510
89.092086
89.114192
86.906722
86.888868
87.818078
86.667260
89.353879
86.579847
88.760435
86.664732
87.371303
86.352689
89.250402
86.588155
88.887833
86.523531
87.285500
86.386790
89.496814
87.158367
89.756231
87.846065
87.938933
88.368212
89.976659
94.900656
93.985322
94.508403
92.194621
95.553073
96.434592
97.246996
97.818347
97.979050
95.434902
97.065344
97.205738
97.952238
98.578090
99.176697
97.195419
99.407711
100.000000
99.302184
99.436684
98.957073
96.827882
99.408160
99.570710
98.268977
98.091527
96.868261
94.185476
97.283291
98.225874
96.961215
97.940805
98.210308
95.721267
98.352435
98.720417
98.322851
97.745996
94.714672
95.728902
99.118597
98.974930
98.099373
98.173209
97.762806
94.522862
97.593829
98.589694
97.969105
98.420383
97.745357
95.317978
97.563412
99.137260
98.461670
98.667619
98.295877
95.882740
98.749266
100.000000
98.863143
99.013788
97.871159
95.012005
98.201127
99.828579
98.750055
99.531877
98.639623
95.250816
98.027888
98.521865
96.547974
96.879986
95.598183
92.105138
95.078398
96.118753
95.359266
96.073878
95.258937
92.240935
94.815237
96.309483
95.114730
96.954620
96.463615
94.002845
96.493264
97.952795
97.383082
98.115951
97.457436
94.869566
97.222743
98.043452
99.359410
98.230310
94.839583
94.322192
96.293916
96.479286
95.679648
96.221447
95.619691
93.105659
93.350922
96.077978
91.996588
96.643864
93.569100
93.270242
87.568368
93.523142
88.056721
90.271185
88.027552
91.772594
85.439020
90.078613
86.264794
88.440842
86.392074
87.798789
85.119856
88.842283
85.195334
86.962498
85.279017
85.840586
84.948359
87.331356
84.947850
86.580727
85.406602
85.609460
85.932188
88.378594
86.320284
88.103626
86.203930
85.892331
85.850099
88.561568
86.004060
88.138732
86.647450
86.063378
86.499978
88.480405
86.494963
87.574252
85.569048
84.077058
85.352364
87.603620
87.991267
85.831933
85.085744
85.354957
85.553360
88.044758
86.463324
88.365211
87.573241
87.218329
86.728052
89.550769
87.118469
88.695075
87.533996
86.429381
86.206764
88.908582
86.301834
87.965267
86.688420
86.124521
86.024498
88.713154
86.844516
88.504425
87.759402
86.274315
86.908690
89.605491
87.379077
88.472708
87.091282
87.059259
86.529913
88.188214
86.794051
87.977340
86.473515
85.013813
85.745061
87.480891
85.270067
86.874209
84.905317
83.826719
84.102364
85.814332
84.355129
85.575291
84.039469
82.791803
84.121391
86.111112
84.238313
85.508829
84.706367
83.037100
83.831305
86.049511
85.868441
84.377551
83.342587
83.888723
84.331749
86.156371
84.801030
86.483888
85.016692
83.392176
83.841691
86.173166
84.824992
86.352182
85.293960
84.080609
84.509387
86.244836
84.995786
86.673515
85.343680
83.583323
85.558582
87.129173
85.475050
87.270557
85.757583
84.501026
85.476275
87.538595
85.354297
86.831680
86.034141
84.146155
85.409279
87.030115
85.571024
86.404777
85.792943
84.382704
84.704136
86.690285
85.258361
86.636821
85.515991
84.657864
84.994098
87.015524
85.679717
87.141678
86.247378
85.113778
85.336994
87.891708
85.444988
87.805823
85.755499
84.666150
85.123183
86.858899
86.603295
85.462788
84.190176
83.615526
84.696653
86.867830
85.172063
86.585559
85.273772
83.677054
84.469231
86.411684
84.577608
86.303573
84.543780
83.810366
84.213260
86.601616
84.564519
86.698820
85.143759
84.326455
84.604410
86.662886
85.010527
86.318465
85.006276
84.540759
84.973534
86.813961
85.047917
86.255477
85.031300
83.619761
85.543605
86.771676
93.018175
93.505199
91.966150
89.905065
92.357904
91.346008
90.650381
91.092586
90.823855
88.561095
91.804804
92.074904
92.701699
93.006406
93.061955
90.670414
94.660390
94.541309
94.494522
94.541822
94.087036
89.888434
93.982896
94.364047
94.310384
94.027855
90.838909
91.762327
96.573322
96.294521
95.737542
95.716126
95.260320
91.936164
94.790151
95.515300
95.634913
96.518898
95.720715
92.239727
95.324754
96.386517
96.005387
97.650998
96.605291
92.851454
96.235399
97.136501
96.205112
96.989826
96.233644
92.470976
96.319886
97.189406
95.644667
96.232221
94.915111
92.517515
95.251836
96.554712
96.101842
96.384445
96.068026
91.926907
95.436548
96.366788
96.834682
97.554289
96.799646
93.005351
96.810327
98.115741
97.327466
98.108980
96.671152
92.435199
95.887728
97.138622
95.781046
97.634395
96.899124
94.553138
97.902642
99.666045
99.543770
98.467819
99.789956
