87.892267
87.396334
93.940971
88.324389
90.948596
88.834534
92.571891
87.157168
91.145828
87.380251
89.652609
87.573669
90.882794
86.738413
89.857685
86.789008
89.192228
87.042205
89.820334
85.989924
89.395633
86.692213
88.867855
86.928499
88.771308
85.979678
88.918878
86.138032
88.348627
86.457961
88.789122
85.836126
88.827422
86.197076
88.790468
86.390445
88.937165
85.548912
88.756515
85.895017
88.206170
85.984545
88.645687
85.196965
88.129743
85.249321
87.772599
85.655811
87.881724
84.628041
87.551404
84.603581
86.828463
84.364139
86.029827
85.049505
87.300504
87.483414
85.358420
86.534736
87.375773
84.916215
86.914141
85.155408
86.719446
84.926214
86.308801
84.300340
86.582941
84.554911
86.429740
84.623579
85.389671
84.232033
86.117462
84.570164
86.107292
84.516599
85.412750
84.586939
86.726345
85.027792
86.641844
85.180180
85.920200
84.828124
86.669242
85.177851
86.614030
85.178606
85.886864
83.960770
86.894497
84.602258
86.868224
84.872583
85.542717
84.364722
86.878468
84.527169
86.118417
84.276006
85.251831
83.941894
86.748773
84.298768
86.289597
84.654582
85.646808
84.089181
86.622623
84.404670
86.003303
84.878164
85.365711
84.374815
86.503263
86.315832
84.814649
85.909398
86.133869
84.276649
87.037884
84.941366
86.402901
85.164055
86.723510
84.488010
86.784043
84.321133
86.707368
84.679759
86.048584
84.516266
86.688463
84.790543
86.690781
84.943648
85.562537
84.335257
86.695640
84.673594
86.549071
84.861092
85.786155
84.791161
87.039927
84.884585
86.675150
85.463904
85.316972
84.197436
86.753350
84.546870
86.291662
84.507514
85.305430
83.474940
86.289566
83.665835
85.767533
84.150244
85.340579
83.547932
86.159468
84.132418
86.016025
84.352267
85.871783
83.831664
86.726687
84.425649
86.752499
84.552734
85.279927
84.398291
86.582182
86.721076
84.905840
85.441208
85.919607
84.528047
86.921654
84.794241
86.200901
84.671165
85.729407
84.600698
86.740593
84.502134
87.204747
85.370995
85.731426
84.457059
87.321932
84.866956
86.992139
84.844682
85.988465
84.786668
87.190863
85.491484
87.192114
85.728184
86.249800
84.734460
86.990607
84.961123
86.742130
84.946722
85.924179
84.663398
86.368525
84.540095
86.445365
84.629936
85.881048
84.595787
86.849696
84.871385
86.842397
85.009396
86.116860
84.287805
86.579382
84.844028
86.612523
84.946260
86.221554
85.138606
87.360899
85.496431
87.450980
85.672040
86.394071
85.844657
87.654725
87.190186
85.050865
85.387229
85.677718
83.828503
86.311862
84.419291
86.343285
84.798454
86.253524
84.004729
86.972597
85.035160
86.987260
85.454765
86.859051
84.250495
87.570562
85.127022
86.738682
85.280197
87.045437
84.667769
87.331138
84.609819
86.706339
85.033730
87.291049
84.688385
87.540826
85.323203
87.105686
85.343096
86.992020
85.103207
87.783769
85.176560
87.201743
85.394804
87.340241
85.623522
87.899151
85.748707
87.859338
86.326020
87.403068
85.090676
87.476739
85.133140
86.799055
85.275646
86.353961
84.652087
86.873923
84.397751
86.701869
84.744851
85.544044
84.679274
86.590045
86.555216
84.593285
85.271635
85.820556
83.642870
86.342193
84.274663
86.195565
84.553638
86.005262
83.556898
86.936107
84.202756
86.194592
84.606762
86.087626
95.914191
95.955665
95.470829
97.209591
94.552797
92.527454
94.520808
94.959292
92.991359
93.238713
92.478391
95.339633
97.993675
99.194903
98.458743
100.000000
99.745746
100.000000
100.000000
100.000000
100.000000
100.000000
100.000000
100.000000
100.000000
100.000000
100.000000
100.000000
100.000000
100.000000
100.000000
100.000000
100.000000
100.000000
100.000000
100.000000
100.000000
100.000000
100.000000
100.000000
100.000000
100.000000
100.000000
100.000000
100.000000
100.000000
100.000000
99.955931
100.000000
100.000000
100.000000
100.000000
100.000000
100.000000
100.000000
100.000000
99.949243
100.000000
100.000000
99.629933
100.000000
100.000000
100.000000
100.000000
100.000000
98.078388
100.000000
100.000000
100.000000
100.000000
100.000000
98.038844
100.000000
100.000000
100.000000
99.834579
99.103100
95.567012
99.003156
98.555248
98.194035
98.213600
97.933575
95.721461
99.476418
100.000000
99.534946
100.000000
100.000000
96.823285
99.492937
100.000000
99.726302
100.000000
99.608266
95.934584
97.305324
98.847514
97.278879
98.101025
98.252510
95.008175
97.314597
98.456567
98.526431
97.930703
95.573890
96.220819
99.841134
99.914480
99.164310
99.315702
98.425552
96.790894
99.058297
99.512071
98.905401
99.206606
98.172781
95.137059
98.702380
99.487649
98.652216
99.777629
98.291126
94.881724
98.375863
100.000000
99.661084
99.852499
99.138297
94.943971
97.835504
98.360543
98.251113
98.723461
98.354185
94.858264
98.589611
98.306516
97.346752
98.190532
98.451750
95.292703
98.770071
98.550556
97.242280
97.493122
96.911986
92.568646
96.180627
97.072088
96.182635
97.128134
96.671866
91.335593
96.386209
95.696039
95.223733
95.681917
95.369685
90.291172
94.852380
95.380219
96.324919
96.350914
91.053065
91.105092
95.969454
96.861567
95.137092
95.425713
94.902948
91.736059
95.992983
96.532415
96.082441
96.785964
96.096436
92.161832
96.278031
98.231833
97.526378
97.530031
96.595724
92.785762
96.556440
97.238040
95.845766
96.645143
95.984973
92.170132
97.989312
99.176841
97.902283
97.577956
96.066667
91.149910
95.548828
96.888456
96.239901
97.215965
96.895770
92.521939
97.221222
98.626377
97.807065
98.853234
97.922399
94.287268
97.187848
98.444125
97.003063
97.326001
96.623574
93.593123
97.136015
97.693972
97.060950
97.782205
97.741535
93.849980
97.755358
98.415556
98.414276
97.669420
93.234741
92.665409
97.249347
97.832418
98.297826
98.449908
98.813353
96.253530
98.084657
98.408038
97.045626
98.092539
97.554454
95.320801
97.922599
99.243871
98.341344
99.619724
99.189984
96.995859
98.980218
98.974166
98.211811
99.117864
98.271912
95.393955
97.843058
99.370376
99.366622
99.781233
98.914273
97.528642
97.924809
98.461169
97.184045
96.958271
96.783864
94.692428
95.843566
96.568979
95.527841
96.476720
95.251748
93.284978
95.602537
97.088853
95.744803
96.526708
96.082315
93.380091
94.954681
95.980274
95.229460
95.853274
94.869411
92.444023
94.567255
96.617733
96.836800
95.973220
94.381744
94.280807
96.995784
97.388580
96.978688
97.434353
97.145992
94.375178
96.309494
97.150418
95.112400
96.294485
95.099722
92.571327
94.268333
95.558841
93.911221
94.618805
93.915189
91.890078
93.668239
94.624013
93.947293
94.410902
93.711474
91.628478
93.982550
94.868179
94.855912
94.919077
94.962175
91.402530
93.969818
94.227387
93.400106
93.603902
93.157072
90.294144
93.307444
93.930655
92.839477
93.661851
93.080970
89.295879
92.811121
93.341376
93.102139
93.260641
93.228915
88.991997
93.405645
93.991361
93.477355
93.858731
93.303337
89.493629
93.930063
93.872692
94.597402
94.678387
90.710086
91.038462
94.574293
94.838837
94.268481
94.624367
94.446449
92.236949
94.770835
97.202694
95.893833
97.184127
96.216673
93.318472
94.928088
97.002285
95.303660
96.608254
95.687873
94.213605
95.661563
97.427208
96.193018
96.473177
96.103885
94.383245
96.094586
97.824543
96.586065
96.841182
95.975047
93.557731
96.190468
97.419809
96.597664
97.583673
96.207552
93.473234
95.757019
97.223719
96.559171
97.486620
96.689784
94.105122
96.007948
96.692594
96.204394
96.560579
96.027560
93.395911
96.757432
98.310618
97.975263
98.929915
98.061548
95.830290
99.565425
100.000000
100.000000
99.689432
95.896316
96.207250
100.000000
100.000000
100.000000
100.000000
100.000000
97.944894
99.530661
100.000000
99.928704
100.000000
98.974462
97.530453
98.111237
98.640222
97.044336
97.775118
96.661187
94.971466
96.713952
97.829505
97.097864
97.646991
97.209143
95.205182
97.310378
97.362671
97.409159
98.013900
98.269671
96.104574
100.000000
100.000000
100.000000
100.000000
99.858070
97.482235
100.000000
100.000000
99.786385
100.000000
99.478856
95.713614
98.937229
99.177807
98.226487
99.742096
99.347704
96.431920
99.450678
99.611329
98.943087
99.321716
98.842440
94.027720
99.484410
100.000000
100.000000
99.524809
94.282831
95.253002
99.152948
100.000000
99.263780
99.477728
98.808689
94.943101
97.854372
99.277992
97.713112
98.970451
98.053255
95.398995
99.239320
100.000000
99.834407
100.000000
100.000000
97.625962
100.000000
100.000000
100.000000
100.000000
100.000000
98.076086
100.000000
100.000000
100.000000
100.000000
100.000000
99.640415
100.000000
100.000000
100.000000
100.000000
100.000000
100.000000
100.000000
100.000000
100.000000
100.000000
100.000000
99.750297
100.000000
100.000000
100.000000
100.000000
100.000000
100.000000
100.000000
100.000000
100.000000
100.000000
100.000000
98.471371
100.000000
100.000000
100.000000
100.000000
96.936008
96.876582
100.000000
100.000000
100.000000
100.000000
100.000000
99.434698
100.000000
100.000000
100.000000
100.000000
100.000000
99.209984
100.000000
100.000000
100.000000
100.000000
100.000000
98.131248
100.000000
100.000000
100.000000
100.000000
100.000000
100.000000
100.000000
100.000000
100.000000
100.000000
100.000000
100.000000
100.000000
100.000000
100.000000
100.000000
100.000000
99.159956
100.000000
100.000000
100.000000
100.000000
100.000000
98.164157
100.000000
100.000000
100.000000
100.000000
100.000000
97.324421
99.826624
100.000000
99.256426
99.605139
98.656518
97.109461
100.000000
100.000000
100.000000
100.000000
98.079193
98.405930
100.000000
100.000000
100.000000
100.000000
100.000000
100.000000
100.000000
100.000000
100.000000
100.000000
100.000000
98.805251
99.042127
100.000000
100.000000
100.000000
100.000000
99.243968
100.000000
100.000000
100.000000
100.000000
100.000000
97.887174
99.670260
99.855135
98.830917
99.242906
98.490246
95.079464
98.096813
100.000000
98.294107
99.028764
98.531329
94.565069
97.769563
99.597815
98.769513
99.709461
99.517381
96.309871
97.487219
99.191014
97.966048
99.401564
98.978933
96.002154
98.387786
100.000000
99.779928
100.000000
100.000000
98.425959
100.000000
100.000000
100.000000
99.618317
97.483801
97.454187
99.630347
100.000000
99.931583
100.000000
100.000000
98.626712
99.122030
100.000000
100.000000
100.000000
100.000000
98.788386
100.000000
100.000000
100.000000
100.000000
100.000000
99.593148
100.000000
100.000000
100.000000
100.000000
100.000000
98.988980
100.000000
100.000000
100.000000
100.000000
100.000000
98.101317
99.405767
100.000000
99.855339
100.000000
100.000000
97.965880
100.000000
100.000000
100.000000
100.000000
100.000000
100.000000
100.000000
100.000000
100.000000
100.000000
100.000000
100.000000
96.289362
95.404465
86.233521
89.181650
86.691748
88.814318
83.235462
87.773218
85.651216
83.228849
87.772230
85.090479
82.309141
85.161459
81.974722
84.066273
82.063035
85.268703
80.945450
84.672095
82.303334
83.973035
82.266572
84.053970
80.646754
84.173888
81.779339
83.539261
81.947715
83.881214
81.674357
83.685561
81.252800
83.358139
81.909768
83.578044
81.028782
83.560145
81.889268
83.421559
81.948223
83.158673
81.394890
84.135392
82.116451
84.110156
82.375356
83.794473
82.197718
84.260614
82.411659
84.433956
82.983880
84.450384
82.434857
85.198746
82.685057
84.524993
83.164992
84.390367
82.561988
84.696160
82.782569
84.470203
83.065081
83.468819
82.360389
84.164649
84.378886
82.731190
83.332215
83.518902
81.990702
84.035991
82.595288
84.132692
82.597590
84.148861
82.399402
84.422200
82.626536
84.622396
82.844499
84.244248
82.660892
85.000721
82.868160
84.896632
83.183109
84.479313
82.845000
84.642303
83.248554
84.863927
83.332117
84.308706
83.418869
85.465363
83.038882
85.329502
83.341752
84.462695
83.010321
85.798952
83.558628
85.861781
84.432006
85.518274
83.624116
86.132869
83.899439
86.183230
84.331897
85.275455
83.789433
86.246583
83.506561
85.784827
84.300341
85.110018
83.567006
86.094074
83.642391
85.524291
83.576661
84.845015
83.722628
85.648663
85.411152
83.854993
84.938128
85.065243
83.226882
85.573085
83.577267
85.572296
83.711426
84.917200
83.226079
85.696041
83.519122
85.524557
83.716086
85.232351
83.165026
85.434262
83.713602
85.302979
84.049747
84.904557
83.336617
85.624902
83.804937
85.305004
83.932491
84.847387
83.061417
86.250780
83.793624
86.182539
84.287572
85.514926
83.225137
86.058569
83.766956
86.268833
84.330481
85.666403
83.220381
86.254687
84.167225
85.898554
84.183721
85.409161
83.611406
86.067922
84.103223
85.898105
84.539208
85.417965
83.841692
86.686139
84.726348
86.688905
84.723829
85.415015
84.298404
86.257834
86.082955
84.317099
84.779393
84.706662
82.763215
85.107452
83.030331
84.855510
82.826716
84.354749
81.915493
84.737895
82.422259
84.661552
83.054120
84.742812
82.054050
85.118852
82.823187
84.379573
83.566410
84.579015
82.565244
85.340565
82.863631
84.967351
83.806020
85.238902
82.668533
85.434711
83.154302
85.550374
83.788933
85.384094
83.293908
85.813242
83.176191
85.434871
83.907224
85.324583
83.242725
85.671426
83.829487
85.471549
84.112363
85.432635
83.193427
85.566710
83.762002
85.549296
84.208189
85.087563
82.996661
85.675344
83.370827
84.824475
83.685790
84.623899
83.606702
85.704256
85.894114
83.784894
84.727412
84.887064
82.891006
85.474415
83.122408
84.760543
83.298531
85.072698
82.506127
85.258500
82.577369
84.777359
82.934728
84.717560
82.506437
85.270976
83.144201
84.814579
83.386712
85.032672
83.513842
85.815421
83.787043
85.759350
84.319525
85.321817
83.538727
85.853973
83.732746
85.075319
83.535629
84.736169
83.215755
85.564570
83.303389
85.097261
83.591586
84.943726
82.925200
85.707597
83.332587
85.549211
84.182000
85.607710
83.963572
86.821668
84.740325
86.659552
85.055538
86.385265
84.743772
86.716883
85.105250
86.586746
85.051291
85.290023
85.589326
87.018041
87.161315
85.642421
85.943901
86.667555
85.042271
87.852719
85.812136
87.989705
86.702919
87.409813
85.432719
88.139487
85.741785
87.256710
85.969674
87.347774
85.707996
87.573240
85.734558
87.746576
86.291839
87.155700
85.889087
88.311063
86.790445
88.374059
87.319017
87.667930
86.270635
87.763974
86.428726
88.059684
87.249060
87.511344
86.876088
88.669212
87.345489
88.488451
87.129112
87.246305
86.436323
88.209193
86.773337
88.343286
87.021285
87.032056
86.310040
88.297879
86.558682
88.140720
87.019970
87.307387
86.237502
88.115332
86.521402
88.011953
86.489184
86.408631
86.671080
87.864725
88.228061
86.895984
86.770351
87.913633
86.891793
88.366291
87.068823
88.580416
87.229375
87.548915
86.404900
88.337443
86.271430
88.014464
86.584040
86.845549
85.886489
87.997635
85.801873
87.581071
85.917321
86.216203
85.519464
87.345615
85.394581
87.002719
85.445387
86.186156
84.825984
86.734201
85.026767
86.517171
84.992491
85.869297
84.692596
86.806346
85.291148
86.580289
85.169374
86.034903
84.856891
87.110075
84.860834
86.642906
84.854210
85.883364
84.539836
86.727663
84.721705
86.795329
84.913044
85.876882
84.817563
86.833130
84.583046
86.676384
84.727230
85.050604
84.840791
86.521778
86.626810
85.561657
85.800304
86.518696
84.127073
87.246985
85.076309
86.927160
85.376386
86.983332
84.683772
86.766058
84.752415
86.620727
84.821208
86.505501
84.352492
87.144876
85.197508
86.632575
85.009352
86.142738
84.320133
87.175935
85.264403
86.841841
85.311350
86.212196
84.247117
86.727528
84.667748
86.503018
84.705482
86.010105
84.232705
87.254833
85.125257
87.025644
85.221230
86.271939
84.703922
87.433804
85.344847
86.944015
85.299046
86.735541
84.034862
87.303121
85.356559
87.082088
85.142285
86.578499
84.523027
87.315259
85.076332
87.134361
85.260671
86.141618
85.181401
86.897977
87.052080
85.043416
85.810456
86.236979
83.907422
86.794798
84.812129
86.725254
84.861578
86.225239
84.429953
86.966776
84.984722
86.863690
85.148426
86.218716
84.551022
86.915557
84.853235
86.740098
85.023265
86.218223
84.416737
86.891008
84.966845
86.810473
85.012820
86.535337
84.296275
87.202868
85.080972
86.470382
85.319022
86.931368
84.919250
86.822883
85.193798
86.687179
85.390984
86.621728
84.530752
86.870441
84.946635
86.829685
84.842511
86.244098
84.659424
86.961864
84.980873
86.896028
85.262424
86.494244
84.601835
86.843708
85.019757
86.594653
85.081184
85.982152
84.579206
86.793077
86.313280
84.700219
85.409861
85.281982
83.845679
86.045662
84.224131
85.971123
84.264023
85.532432
83.885580
85.844631
83.872091
85.936641
84.142665
85.725145
84.029767
86.473901
84.312435
86.525078
84.690752
85.781247
84.469910
86.767386
84.257346
86.656339
84.653371
86.315220
83.895511
86.552484
84.134430
85.951841
83.981432
85.682725
83.733887
86.655022
84.227899
86.073622
84.406008
85.547643
83.770154
86.001530
83.787131
85.722417
83.560649
85.077533
83.486085
85.688743
83.401374
85.438817
83.590856
84.943893
83.406458
85.422045
83.527393
85.201754
83.727779
84.597432
83.870616
85.900476
85.923336
84.690822
85.023904
85.585569
83.773151
86.264955
84.136725
86.314203
84.916544
86.146897
83.827551
86.414911
84.356312
86.116207
84.168656
85.409235
83.601332
86.002288
84.093815
86.089300
84.257991
85.753456
83.884017
86.418015
84.558579
86.176920
84.930426
86.096933
84.122066
86.667405
84.509278
86.360867
84.921242
85.790310
83.872976
86.118095
84.236810
85.761961
84.520225
85.281922
83.445166
85.843075
83.899453
85.716851
84.176292
85.284214
83.634560
85.422987
83.405260
85.422471
84.161242
85.269734
83.585217
85.991312
84.154122
86.119525
84.284934
85.051822
83.979394
85.685722
85.628453
84.120898
84.553087
85.367074
83.193520
85.926446
83.519400
85.690886
83.779339
85.090509
83.081831
85.500861
83.369017
85.121872
83.784167
84.836037
82.858882
85.300784
83.647815
85.375456
83.685776
84.955311
82.927646
85.503309
83.448507
85.341710
83.795188
85.526367
83.363863
85.981966
84.331370
85.827382
84.597552
85.745555
84.323103
86.669438
84.674547
86.819320
85.019555
86.584404
83.997893
86.762950
84.926455
86.879074
85.148090
86.370684
84.431682
86.739466
84.531595
86.266578
84.520283
85.558896
83.973868
86.304052
84.217693
86.181802
84.619823
85.357166
84.750904
86.596524
86.742144
84.854823
85.313368
85.842810
83.910182
86.611400
84.497241
86.053766
84.302973
85.670986
83.669160
85.953428
83.436043
85.848369
84.031929
85.557486
82.684297
86.104195
83.249815
85.430978
83.690838
85.289993
82.866536
85.657806
83.226157
85.210411
84.084870
85.368355
82.913506
85.778806
83.473084
85.761747
83.759668
85.180087
82.663674
85.678124
83.701606
85.651852
84.028133
85.480454
83.172543
85.806539
84.045790
85.736869
84.178142
85.239014
83.164248
85.486334
83.744428
85.115371
83.608861
84.786762
83.191453
85.788172
83.361821
85.403910
83.452912
84.041082
83.452556
85.413565
85.505737
83.929088
84.680098
84.749449
82.592353
85.524920
83.289035
84.724344
82.984419
85.039856
82.271530
85.152490
82.755480
84.523535
82.801832
84.781350
82.267594
85.139718
82.679257
84.514179
82.906708
84.632416
82.452961
84.679928
82.608544
84.483751
82.747581
84.289531
82.114170
84.520061
82.611615
84.425453
82.592703
84.343174
82.190205
85.279441
82.812613
84.699740
83.191162
84.409778
82.388666
85.237588
82.989855
84.863986
83.153230
84.430409
82.579936
85.063202
82.860793
84.978901
83.017622
84.675710
82.848165
85.199162
83.186622
85.020093
83.062420
84.136298
83.093518
84.790210
84.975094
83.089532
83.801372
83.906990
81.810329
84.512466
82.651463
84.704848
82.975012
84.260770
82.499674
85.050074
82.778594
84.693146
82.798340
84.310209
82.489751
84.717348
82.555564
84.663886
82.906678
84.120056
82.591549
84.653728
82.298801
84.458614
82.621908
84.127296
82.165550
84.752272
82.772140
84.793986
83.156720
84.426074
82.702818
84.753206
82.713589
84.906278
83.169395
84.469722
82.903175
85.041261
83.049012
84.463704
83.042836
84.373953
82.546600
84.883482
82.665376
84.166024
82.672700
84.300228
82.758688
85.020708
82.982565
84.541334
83.066742
84.099537
82.677432
84.706303
84.497900
83.285255
84.125973
83.931582
82.046810
84.356758
82.320168
84.089710
82.560912
83.618789
82.156530
84.279078
82.616001
84.112263
82.770864
83.895940
82.274985
85.136335
82.773839
84.788213
83.458951
84.186317
82.243667
84.960785
82.696683
84.563046
82.807268
84.472067
82.519866
84.929624
82.931952
84.696012
83.202726
84.250354
82.366778
84.778982
83.279211
84.660212
82.959976
83.784846
82.177627
84.130392
82.488313
84.062645
82.511763
83.316659
82.112946
84.171431
82.349976
84.088037
82.797478
83.624013
82.534623
84.867904
82.945954
85.070135
83.180668
83.747207
82.873116
84.735945
84.972242
83.277544
84.240827
84.629541
82.604622
85.414054
83.499290
85.496493
84.222015
85.124695
83.961226
86.254827
84.476918
85.979832
84.805884
85.048814
84.383406
86.000952
84.515978
85.659392
84.261547
84.922119
84.200752
86.370015
84.428129
86.440445
84.954671
85.860559
85.030347
87.361820
85.445993
87.449783
85.582167
86.415967
85.758067
88.377239
86.551751
88.376955
86.568386
87.270227
86.760017
89.367950
87.130384
89.334144
88.032478
88.559887
87.487215
89.653292
88.043794
89.617257
88.165854
88.580500
87.574030
89.737125
87.547346
89.561181
87.868438
87.883069
88.012405
90.087686
89.968158
88.153697
88.446462
88.544851
88.299860
90.001328
88.928156
90.203055
88.989823
88.539817
88.506589
90.251748
88.992429
90.314499
89.461375
89.252561
89.692435
90.871866
89.494794
90.845896
89.476832
89.277195
89.191319
90.894572
89.651408
90.800590
89.173154
88.820767
88.947800
91.025132
89.277526
90.975456
89.209219
88.801599
88.562516
90.885017
88.509431
90.600957
89.021960
89.067225
88.425005
90.268000
88.686769
89.688854
88.400561
89.024752
88.671270
90.768294
88.730293
90.206392
88.689821
89.337486
88.549667
90.883682
88.884907
90.239776
88.850540
88.632260
88.325661
89.927612
89.608557
88.342709
87.850409
87.821014
86.683550
88.974114
87.348273
88.396254
87.378186
87.681847
85.815357
88.402195
86.525690
88.128401
86.438889
86.634263
84.978720
87.591630
85.315746
87.128896
85.383291
86.091491
84.806847
87.361150
85.068604
86.681711
85.044154
85.913156
84.200316
86.515885
84.641011
86.337359
84.774585
85.341269
84.075800
86.251201
84.063591
85.626986
83.983837
84.883249
83.802105
86.125606
84.181456
85.532227
84.401641
85.059659
84.106092
86.188777
84.708747
86.186688
84.422234
85.374029
84.481837
86.826335
85.026705
86.419273
84.818607
84.425894
85.050977
86.272164
86.616195
85.627922
85.051207
85.961155
84.738448
86.469776
84.988711
86.312660
84.844988
85.721496
84.598242
86.884327
84.948861
86.708588
84.759004
86.136444
84.423773
86.945112
85.192283
86.890202
85.369881
86.896935
84.851793
87.471213
85.528035
87.189146
85.432010
87.108527
84.302027
87.198707
85.052495
86.809254
85.239747
86.396355
84.825104
87.125747
84.886989
86.964138
85.398456
86.298641
84.888966
87.068585
85.010009
87.010340
85.291967
86.484068
84.658772
87.094100
85.169188
86.921521
85.351717
86.117518
84.522315
87.072173
84.797537
87.016988
84.950528
85.654028
84.807330
87.068901
87.018166
85.220339
86.054229
86.281243
84.058757
86.686184
84.426812
86.250394
84.477199
86.447625
83.601131
86.607369
84.040372
86.181199
84.784473
86.062846
83.492949
85.986504
83.765992
85.704465
84.587484
86.084613
84.014245
86.615857
84.878629
86.255908
84.896925
86.085458
83.976601
86.304911
84.977249
86.197330
85.094225
86.242877
84.069492
86.311593
84.698856
86.107815
84.901676
85.970560
84.147555
86.576896
84.742687
86.716877
84.838764
86.534326
83.792955
86.739518
84.489717
86.022489
84.278000
85.493170
83.575783
86.345911
84.419639
86.105652
84.176362
85.055016
84.541708
86.404437
86.690834
84.939084
85.432612
85.715264
83.436798
86.221392
83.937740
85.606061
83.849148
85.618736
83.398160
85.966480
83.845128
85.447865
84.077549
85.712142
83.118000
85.697666
83.771418
85.928837
84.082493
85.182297
83.624294
86.424702
83.903705
86.099807
84.203971
85.670072
83.879978
86.309412
83.843596
85.440602
83.722917
85.237070
83.733785
85.973777
84.080333
86.098275
84.578698
85.267619
84.006712
86.049963
84.760573
86.229503
84.625145
85.831201
84.669146
86.588784
84.887088
86.494014
85.017906
86.275124
84.307271
86.562253
84.972713
86.487658
84.630100
85.952058
85.074703
87.120109
87.220275
85.961291
86.204832
86.622809
85.234642
87.343600
85.504904
87.161178
85.938087
86.910311
85.456854
87.404166
85.753497
87.141033
85.956737
86.672500
85.388229
87.462292
86.250222
87.657595
86.477260
87.158796
86.082236
88.196264
86.368792
88.159705
90.411477
89.341956
91.939029
93.485859
91.806868
92.573366
91.036832
89.220984
91.357632
91.766531
90.754850
91.004724
89.838837
90.218390
93.138948
94.064574
93.832884
95.120490
93.749300
92.684190
94.650943
95.570860
94.208045
94.934043
93.628031
92.048544
94.012078
95.875582
94.138601
96.366041
94.976932
93.956514
95.960067
97.827025
97.564947
95.765579
93.819297
94.985931
95.777020
98.933581
97.060677
97.517678
96.676112
96.197900
96.210498
97.541186
96.568938
97.970761
97.277572
96.867648
98.205852
98.919562
97.732393
97.574424
97.279211
95.864688
97.394368
97.829542
97.153001
98.099059
96.988013
95.114163
97.793760
98.799231
98.006067
98.031753
97.651366
94.806718
96.266763
97.780370
95.934512
97.117872
96.248973
94.746629
96.304486
96.706676
95.581921
96.128723
95.588871
93.547431
95.979446
96.556797
95.779573
96.079479
95.304129
92.424836
95.196775
95.807915
94.975776
95.182820
95.161869
91.946948
95.381680
95.803192
96.015922
96.328838
93.047357
94.202665
97.766093
98.548220
97.369919
97.927624
97.351193
94.496231
96.888954
98.267944
96.662154
97.184306
96.973555
93.738409
96.292944
97.058689
96.638846
97.207232
97.023526
94.114337
96.970837
97.960882
97.401964
98.006751
97.185805
93.933139
97.501717
98.601429
98.027000
99.108601
98.815685
96.666908
97.500709
98.589258
97.205346
97.914555
96.759750
94.940649
96.531303
97.828365
96.616779
97.199651
96.416985
93.285679
95.905400
97.439376
96.637495
97.674507
97.564338
96.275427
98.998068
100.000000
99.796869
100.000000
98.723805
96.729018
99.017372
99.739569
100.000000
99.804034
97.223345
97.007453
99.635439
100.000000
99.081617
99.142868
97.808945
95.973040
97.192464
99.217779
97.690244
98.752719
98.533238
97.297441
97.767159
99.753288
97.889802
99.310385
98.629017
97.725388
98.685847
99.739007
98.448961
99.368517
98.224094
95.993792
98.152415
98.487735
97.209774
98.049091
97.139653
93.775643
96.359943
96.637714
95.793263
96.651645
96.058524
93.885521
96.005936
96.845246
95.794085
95.986719
95.796178
92.883314
95.747360
96.381013
96.145899
97.113170
96.608514
93.273003
94.829244
95.735930
94.779967
95.680089
95.102073
92.117419
95.457840
96.178604
96.357918
95.789964
92.952649
93.067916
95.460012
97.086447
96.098087
97.389320
97.131687
95.035048
96.441371
98.245830
96.056767
97.074785
95.418984
92.693084
93.403503
94.501865
91.756451
93.603763
91.918371
90.124628
92.179305
94.133073
92.944116
94.280306
92.216466
89.667633
91.573930
94.738210
93.136166
95.389360
94.313005
93.070100
94.826649
98.705315
97.136805
99.884222
99.588700
97.840106
99.211877
100.000000
98.366835
100.000000
99.439272
97.922391
98.019484
100.000000
99.483346
100.000000
100.000000
99.438392
99.007213
100.000000
98.869515
100.000000
97.896438
97.500856
97.337333
100.000000
100.000000
99.694955
99.453750
100.000000
100.000000
100.000000
100.000000
100.000000
99.954225
98.543287
99.294968
100.000000
98.586047
99.482959
97.021206
95.765396
95.876867
98.625182
94.672241
93.909094
91.795618
88.218315
88.691569
92.731083
89.450691
93.427707
89.364375
85.396741
89.008457
91.257234
89.020942
90.490910
88.017451
87.414777
89.593443
94.283395
91.335626
92.859548
91.552919
93.072989
89.586960
92.603191
89.601919
91.127004
89.488281
89.055410
88.861839
90.772783
89.032630
90.320603
89.360927
87.696437
88.814840
90.523000
89.304339
90.688861
89.458651
87.299850
89.482920
91.053509
91.486733
90.159719
87.558110
88.272512
89.862807
91.509598
89.903402
90.867301
89.488486
87.277164
88.422141
89.938379
88.405617
90.301304
88.893061
86.382526
88.620635
91.038108
89.431187
90.904411
89.285638
87.166627
88.154568
90.762154
88.396815
89.702407
88.287572
86.305380
87.634222
89.433063
87.844950
89.181787
88.064383
85.645253
87.826965
89.750958
87.781607
88.795654
87.326457
85.472984
87.818599
89.246102
87.365012
89.023783
88.058990
85.699042
87.409488
89.302919
87.883228
89.234436
88.010873
85.387889
87.644085
89.599315
88.074001
89.425725
87.971249
84.574237
88.669009
89.240689
89.209799
88.346451
85.077891
85.633392
89.332066
90.430851
89.598627
90.290682
89.842059
87.651750
89.757337
91.210638
89.550781
90.406742
89.902834
86.987769
89.812284
91.313805
89.837773
90.778136
89.908012
86.766114
89.883232
90.903119
90.104808
90.823335
90.218519
87.593389
91.071289
92.194060
91.104387
92.136830
91.738265
88.525305
92.423803
93.374240
92.621844
93.214789
92.642782
88.735259
92.140372
93.178315
92.756718
93.403652
92.909445
89.764617
93.396831
94.279052
93.206530
93.261951
92.677278
89.038377
92.548880
94.063529
92.987380
93.976645
92.977084
89.387715
93.269823
93.850127
93.883706
93.440743
89.348947
89.695214
93.768587
94.990693
93.897964
95.079764
94.183214
91.699747
93.471033
95.129622
94.022635
94.973142
94.021386
91.048002
93.986681
94.711031
93.562421
94.486696
93.767641
90.564302
93.204898
94.294539
93.428663
94.414823
93.682821
90.759397
91.611401
94.490644
92.195192
93.576944
92.243666
91.102280
91.244910
93.565327
91.085954
92.166261
90.718041
89.580472
90.091790
92.183440
90.567088
91.386819
90.185164
88.481026
89.713216
92.097456
90.308048
91.805734
90.205551
88.403197
89.156785
91.589244
89.908169
91.095224
89.478482
87.913809
89.792152
90.435783
90.504283
89.744822
87.261437
87.544998
88.731791
90.761788
88.816531
90.847252
89.177566
88.118612
88.534337
91.565750
89.497638
91.278892
89.553387
88.209643
89.128580
91.358293
89.835359
91.270636
89.963686
88.343264
89.932558
91.950662
90.499781
92.281515
90.811902
89.474957
90.738014
92.598000
90.965592
92.201802
90.678873
89.270253
90.588238
92.143664
90.465466
91.940799
90.831444
89.027077
90.779185
92.499433
90.893989
92.780009
91.537149
89.623830
91.271115
92.728319
91.361768
92.807784
91.441520
90.007492
92.158875
93.424624
92.342816
93.333360
91.905245
89.359865
92.218064
93.324936
93.410539
92.378708
90.353125
91.167204
92.386053
93.736968
92.124030
93.507877
92.029454
91.160541
91.922488
93.632232
91.849451
93.381967
91.833137
91.077640
91.509738
93.513702
91.792746
93.426264
92.258131
91.521707
91.968517
94.197155
91.949932
93.417824
91.811637
91.500876
91.570639
93.503552
91.043379
92.576626
91.040040
90.630115
91.170738
93.257159
91.339197
93.110413
91.399716
90.630125
91.018753
93.786964
90.957831
93.109325
91.300383
90.333552
90.581066
93.365710
91.014411
93.081197
91.276503
90.555465
90.749595
93.467992
91.523723
93.168990
91.473968
90.265057
91.094539
93.222809
93.129991
91.268917
89.848276
89.914204
89.976035
92.508341
90.348343
92.258754
90.417016
90.622343
89.851166
92.275678
89.950827
91.948030
90.260548
90.422012
89.961321
92.648257
90.067107
91.898878
90.044540
90.297421
89.666935
92.160014
89.790277
91.788145
89.715586
90.069749
89.665810
92.223567
89.952980
91.956707
90.148074
90.168921
90.011480
92.521631
89.868787
91.819550
90.418588
90.683278
90.392498
92.751373
90.559442
92.223876
90.495387
90.578824
90.298033
92.745358
90.357120
92.452862
90.786244
90.577544
90.513255
92.928614
90.750369
92.374920
90.602248
89.339426
90.350829
91.993676
91.986370
90.212232
89.129023
89.764998
89.300152
91.778785
89.619533
91.561324
89.729638
90.119032
89.069021
91.276869
89.168187
91.170682
89.354993
89.683022
89.076355
91.262193
89.127835
91.351233
89.315931
89.518013
89.112631
91.811413
89.366186
91.409635
89.681109
90.214047
89.365184
91.958909
89.824562
91.980540
89.898495
90.761736
89.889175
92.221953
89.746648
91.807965
89.786121
90.215850
89.827327
92.394697
90.103883
91.995718
90.494504
90.239448
90.029238
92.398597
90.184473
92.099389
90.187129
90.530496
89.918260
92.720320
90.560848
92.422366
90.544307
90.078172
90.601947
92.229704
92.236935
90.589513
89.702934
90.788101
89.846297
92.050705
89.523025
91.551810
89.724485
89.451087
89.072646
91.341454
89.395399
91.490699
89.555051
89.763746
89.535621
91.881297
89.933451
91.635212
89.787358
89.431079
88.612822
91.394080
89.032051
91.016592
89.070349
89.339140
88.618737
91.066717
88.282764
90.466695
88.557642
88.641669
88.605704
91.225367
88.853734
91.209550
89.350309
89.126561
88.591898
91.196606
88.698694
90.504635
89.072279
88.708828
88.917248
91.351731
89.283743
91.279528
89.578253
88.449115
89.127863
91.552834
89.767760
91.458134
90.002798
88.908390
89.634226
91.757758
91.720755
89.855007
88.765876
90.101883
89.679569
91.715585
89.584958
91.025062
89.517492
89.293492
89.246341
91.790243
89.698502
91.446985
89.642983
89.338403
89.609572
92.260507
90.313753
92.354565
91.118578
90.131566
91.302305
92.738367
96.944642
96.305797
96.649390
94.082814
97.823216
98.718211
99.670253
100.000000
100.000000
97.424069
99.346623
99.537298
100.000000
100.000000
100.000000
98.993389
100.000000
100.000000
100.000000
100.000000
100.000000
98.502985
100.000000
100.000000
100.000000
100.000000
98.970951
96.049978
99.411836
100.000000
98.780987
99.626445
100.000000
97.133487
99.955862
100.000000
99.858070
99.344239
95.913003
96.361988
100.000000
100.000000
99.074003
99.076097
98.609094
95.250937
98.048854
99.613077
98.482638
99.016696
98.348458
95.648917
98.082229
99.659335
98.799454
99.107765
99.272606
96.125189
99.254149
100.000000
99.206698
99.685674
98.400534
95.380610
98.675135
100.000000
99.161525
99.894570
99.156451
95.550173
98.577374
98.793585
97.265723
97.239865
96.232702
92.470442
95.436956
96.821774
95.749557
96.953913
95.873445
92.400503
95.252924
96.796328
95.565550
97.653006
96.614633
94.407151
96.715181
98.846106
97.683510
98.705836
97.858636
95.524396
97.393290
98.813937
99.919147
98.412512
95.386840
94.839282
96.950930
97.837352
96.475513
97.352368
96.482245
93.941807
94.386388
97.053769
94.005440
97.877032
94.911088
94.121535
90.908544
95.575059
91.171483
92.427006
91.343818
92.850981
89.301710
92.730530
89.590558
91.349602
89.692210
89.933241
88.627658
91.567690
89.264750
90.819779
89.288716
87.725988
88.595489
90.731354
88.505064
90.227642
89.615591
88.214108
89.482880
91.725010
89.982690
91.388765
89.941471
88.436802
89.688729
91.767061
89.704371
91.331100
90.211325
88.655513
89.942491
91.832577
90.170324
91.035102
89.356452
86.742486
89.233089
90.754331
91.331884
90.264104
87.521134
87.876882
89.419809
91.325975
89.900074
91.442137
91.340396
89.726376
90.331830
92.506976
90.240187
92.289659
90.894920
88.989256
89.894273
92.219201
89.741641
91.083986
90.085036
88.847890
89.601815
91.616995
90.332486
91.295192
91.014965
88.716873
90.805447
92.583032
91.226583
92.155234
90.959534
89.112725
90.477084
92.207457
90.129272
91.272721
90.077329
88.121646
88.969482
90.610526
88.858910
90.714159
88.705763
86.450813
87.531469
89.174812
87.855482
89.219127
87.774870
85.552104
87.471030
90.032718
87.966465
89.356298
88.485014
85.896348
87.576708
89.703371
89.744875
88.098180
86.113453
86.375873
88.036341
89.062132
88.243647
89.289582
88.379411
86.022359
87.985608
89.120900
88.183691
89.281968
88.740043
86.512707
88.133442
89.472951
87.976701
89.903176
88.821822
86.172644
88.836776
90.321950
89.563120
90.474830
89.720356
87.368938
88.597533
90.665247
89.517388
90.205234
89.189077
86.168162
88.974997
90.299330
88.709813
90.076603
88.850999
86.553516
88.164168
90.125838
88.711426
89.865281
88.754139
86.945296
88.316388
90.436889
88.872193
90.236143
89.420638
87.405402
88.569863
90.585192
89.327619
90.489823
89.284108
87.157261
88.935205
90.377560
89.725491
88.799860
86.901758
86.426346
88.153688
89.876020
89.136356
89.872094
88.673974
86.524995
88.760743
89.876416
88.407921
89.789496
88.557158
86.703847
88.041018
90.140297
88.293928
90.013522
88.675353
86.970675
88.109118
90.152716
88.691490
89.838945
88.820611
87.213421
88.719441
90.095121
88.815389
89.538221
88.547431
86.123956
88.901205
89.805451
96.033531
96.251964
94.937131
92.022836
95.193282
94.129139
93.450460
93.592166
93.428933
90.616834
94.458377
94.165795
94.807337
94.992515
95.565364
92.536953
96.483943
96.530697
96.387878
96.362293
95.794877
91.372360
96.053075
95.963453
95.926171
96.291262
91.999736
92.677336
97.832397
98.200033
97.424488
97.010740
97.036352
93.955070
97.279550
97.874428
98.033424
98.802521
97.952651
94.133938
97.909591
98.633431
98.433170
99.742175
99.058914
94.419329
99.177409
99.833359
98.997608
99.662083
98.790546
94.893278
98.994175
99.350116
98.550497
98.976949
97.884908
94.113422
97.989260
99.433934
98.447592
98.514585
98.262932
94.338173
97.911178
99.297777
99.426884
100.000000
99.400648
94.830890
98.782198
100.000000
99.192694
99.865332
98.779700
94.286107
97.778966
99.088001
97.641497
99.279420
98.745960
95.895610
99.699785
100.000000
100.000000
100.000000
100.000000
