92.066106
96.540767
96.660261
99.384482
95.536285
95.488022
93.843921
94.377243
94.444841
95.631472
94.435616
94.523565
93.933263
94.578477
93.112875
94.894173
93.176550
93.245323
93.449530
93.282825
93.356648
94.999409
93.354889
93.368192
93.350024
93.367745
93.255446
94.941628
93.227248
93.487055
93.640089
93.683098
92.394849
95.514280
93.866137
92.604466
94.016749
92.622525
92.506641
95.756228
92.684292
92.833812
94.344093
92.928792
92.943569
94.486738
92.759481
92.857883
94.161011
92.782834
92.641685
94.125604
92.414621
92.267974
93.106217
92.318057
92.507706
93.695850
92.720440
93.387252
96.188204
92.375069
92.476505
93.925153
92.459856
92.304702
93.109455
92.248831
92.112824
93.239485
92.153406
91.942460
93.067080
91.775947
91.664403
93.325965
91.755296
91.814758
93.257079
92.067629
92.214911
95.283451
92.168148
92.275942
93.642919
92.267371
92.256266
93.912961
92.349686
92.272601
93.570076
92.071813
92.040133
93.691417
92.190830
91.985755
93.296640
91.967818
91.977793
94.999653
91.724713
91.632857
92.850171
91.547022
91.577857
93.116300
91.584616
91.453027
92.910739
91.598394
91.498812
94.722383
91.576299
91.766200
92.435382
91.791412
91.682748
93.134678
91.991895
92.953979
95.884157
92.230352
92.439263
93.958301
92.486619
92.532696
93.503233
92.660709
92.604182
93.537462
92.630809
92.446482
93.817880
92.443625
92.292594
93.726533
92.186767
92.287803
93.535205
92.218872
92.154356
95.053650
92.162558
92.232144
93.312579
92.192351
92.139180
94.998050
91.812238
91.746542
92.961507
91.638058
91.330815
94.283113
91.165018
90.972018
92.105847
90.846075
90.616277
93.600249
90.569283
90.736268
91.967684
90.813127
90.900951
93.815956
90.990348
91.030602
92.661297
91.198584
91.269576
94.222867
91.211644
91.274896
92.172698
91.386385
91.321108
94.109303
91.687285
92.392823
95.398046
91.839887
91.954751
94.713263
91.816614
91.637517
92.351261
91.787987
91.597804
94.164313
91.659819
91.731524
92.832955
91.521932
91.533339
94.301324
91.419517
91.402109
92.743793
91.478988
91.444427
94.541496
91.655488
91.550995
92.704420
91.094110
91.017422
93.890229
90.955009
90.941085
92.039866
90.604214
90.519770
93.389489
90.632385
90.682321
92.101705
90.707333
90.726870
93.525846
90.723803
90.756645
91.924192
90.497024
90.434610
93.405627
90.541780
90.529167
92.004257
90.791168
90.829176
93.755368
90.954083
91.036357
91.918376
91.118815
90.793172
93.131758
90.022796
90.600746
93.618988
89.748701
89.774958
92.793356
89.794976
89.877761
90.831484
90.168146
90.238109
92.974053
90.265525
90.506101
92.074429
90.794901
90.808065
93.805884
90.849180
90.965413
92.479371
91.053264
90.994685
93.969355
91.068394
91.269380
92.905073
91.404992
91.475679
92.923435
91.397365
91.556196
93.012006
91.578135
91.650603
93.001162
91.658507
91.908004
93.254403
92.020106
91.886863
94.937412
92.077885
92.108388
93.307767
91.601430
91.339792
92.906785
91.223871
91.061112
92.375340
90.832565
90.835700
93.549802
90.730109
90.612507
91.410803
90.526184
90.612129
93.124261
90.540786
90.311895
94.202641
90.442818
90.456460
93.625561
90.621309
90.583855
91.412711
90.501407
90.716051
91.922451
90.888515
90.836783
92.377563
98.156806
99.215775
98.969474
98.592670
98.591176
98.159935
97.801636
97.106729
98.625255
96.858573
97.082745
97.234757
99.461129
99.978888
100.000000
100.000000
100.000000
100.000000
100.000000
100.000000
100.000000
100.000000
100.000000
100.000000
100.000000
100.000000
100.000000
100.000000
100.000000
100.000000
100.000000
100.000000
100.000000
100.000000
100.000000
100.000000
100.000000
100.000000
100.000000
100.000000
100.000000
100.000000
100.000000
100.000000
100.000000
100.000000
100.000000
100.000000
100.000000
100.000000
100.000000
100.000000
100.000000
100.000000
100.000000
100.000000
100.000000
100.000000
100.000000
100.000000
100.000000
100.000000
100.000000
100.000000
100.000000
100.000000
100.000000
100.000000
100.000000
100.000000
100.000000
100.000000
100.000000
100.000000
100.000000
100.000000
100.000000
100.000000
100.000000
100.000000
100.000000
100.000000
100.000000
99.879297
100.000000
100.000000
100.000000
100.000000
100.000000
100.000000
100.000000
100.000000
100.000000
100.000000
100.000000
99.902175
100.000000
100.000000
100.000000
100.000000
100.000000
98.858487
100.000000
100.000000
100.000000
100.000000
100.000000
100.000000
100.000000
100.000000
100.000000
100.000000
100.000000
99.069795
100.000000
100.000000
100.000000
100.000000
100.000000
98.391794
100.000000
100.000000
100.000000
100.000000
100.000000
98.499221
100.000000
100.000000
100.000000
100.000000
100.000000
98.567423
100.000000
100.000000
100.000000
100.000000
100.000000
98.559112
100.000000
100.000000
100.000000
100.000000
100.000000
99.063954
100.000000
100.000000
100.000000
100.000000
100.000000
96.529486
100.000000
100.000000
100.000000
100.000000
100.000000
95.656483
100.000000
98.999664
100.000000
99.180888
99.156422
94.608970
98.719697
98.852127
100.000000
100.000000
95.253176
97.115557
99.487768
99.667081
100.000000
98.531816
98.657135
93.862628
98.558210
98.564317
100.000000
98.798179
98.557450
95.122633
98.817795
99.632940
100.000000
99.586482
99.255966
95.578161
99.623520
99.168994
100.000000
98.816959
98.601027
95.801112
100.000000
100.000000
100.000000
100.000000
99.770976
94.344377
98.332795
98.574718
100.000000
99.068653
99.303243
95.996884
100.000000
100.000000
100.000000
100.000000
100.000000
97.055258
100.000000
100.000000
100.000000
100.000000
100.000000
97.069690
99.887124
99.791386
100.000000
100.000000
100.000000
97.661736
100.000000
100.000000
100.000000
100.000000
97.016654
98.482730
100.000000
100.000000
100.000000
100.000000
100.000000
98.951200
100.000000
100.000000
100.000000
100.000000
100.000000
98.837820
100.000000
100.000000
100.000000
100.000000
100.000000
100.000000
100.000000
100.000000
100.000000
100.000000
100.000000
99.379359
100.000000
100.000000
100.000000
100.000000
100.000000
100.000000
100.000000
100.000000
100.000000
100.000000
100.000000
98.853631
100.000000
100.000000
100.000000
100.000000
100.000000
98.219380
99.247388
99.197263
100.000000
100.000000
100.000000
98.298795
99.796541
99.412059
100.000000
99.463871
99.447442
97.232857
98.240728
100.000000
100.000000
100.000000
99.170968
100.000000
99.608163
99.506448
100.000000
100.000000
100.000000
98.438522
99.381916
100.000000
100.000000
99.917483
99.715908
97.236636
99.300498
99.325456
100.000000
98.921201
98.932326
96.898063
98.986554
97.585130
100.000000
98.511247
98.508492
96.934941
98.851462
98.695007
100.000000
98.527297
98.810749
96.299788
97.710106
97.320182
99.242107
96.897381
96.957655
94.612045
96.663010
96.578830
98.341930
97.484780
97.538818
93.596614
95.950022
95.968462
98.331949
96.070137
96.283399
93.853418
97.424960
97.539718
98.611882
96.499275
96.348088
94.045665
97.762107
97.680370
98.945239
97.443834
94.674194
96.396270
98.219555
97.914871
98.998790
97.954436
98.153077
95.095169
98.628305
99.138810
100.000000
99.819568
99.682745
96.597063
98.550827
98.633244
100.000000
99.004578
99.071209
97.630505
99.740649
99.939433
100.000000
99.961030
99.943185
98.100160
100.000000
100.000000
100.000000
100.000000
99.661137
97.782684
99.773046
99.962608
100.000000
100.000000
100.000000
98.210981
99.849495
99.808660
100.000000
100.000000
100.000000
98.480995
100.000000
100.000000
100.000000
100.000000
100.000000
97.802489
100.000000
100.000000
100.000000
100.000000
100.000000
100.000000
100.000000
100.000000
100.000000
100.000000
100.000000
100.000000
100.000000
100.000000
100.000000
100.000000
100.000000
100.000000
100.000000
100.000000
100.000000
100.000000
100.000000
100.000000
100.000000
100.000000
100.000000
100.000000
100.000000
99.223986
100.000000
100.000000
100.000000
100.000000
100.000000
100.000000
100.000000
100.000000
100.000000
100.000000
100.000000
100.000000
100.000000
100.000000
100.000000
100.000000
100.000000
100.000000
100.000000
100.000000
100.000000
100.000000
100.000000
100.000000
100.000000
100.000000
100.000000
100.000000
100.000000
100.000000
100.000000
100.000000
100.000000
100.000000
100.000000
98.039401
100.000000
100.000000
100.000000
100.000000
97.889838
99.074235
100.000000
100.000000
100.000000
100.000000
100.000000
96.655589
100.000000
100.000000
100.000000
100.000000
100.000000
98.195038
100.000000
100.000000
100.000000
100.000000
100.000000
100.000000
100.000000
100.000000
100.000000
100.000000
100.000000
100.000000
100.000000
100.000000
100.000000
100.000000
100.000000
100.000000
100.000000
100.000000
100.000000
100.000000
100.000000
100.000000
100.000000
100.000000
100.000000
100.000000
100.000000
100.000000
100.000000
100.000000
100.000000
100.000000
100.000000
100.000000
100.000000
100.000000
100.000000
100.000000
100.000000
100.000000
100.000000
100.000000
100.000000
100.000000
100.000000
100.000000
100.000000
100.000000
100.000000
100.000000
100.000000
100.000000
100.000000
100.000000
100.000000
100.000000
100.000000
100.000000
100.000000
100.000000
100.000000
100.000000
100.000000
100.000000
100.000000
100.000000
100.000000
100.000000
100.000000
100.000000
100.000000
100.000000
100.000000
100.000000
100.000000
100.000000
100.000000
100.000000
100.000000
100.000000
100.000000
100.000000
100.000000
100.000000
100.000000
100.000000
100.000000
100.000000
100.000000
100.000000
100.000000
100.000000
100.000000
100.000000
100.000000
100.000000
100.000000
100.000000
100.000000
99.373768
100.000000
100.000000
100.000000
100.000000
99.093071
99.459027
100.000000
100.000000
100.000000
100.000000
100.000000
99.946204
100.000000
100.000000
100.000000
100.000000
100.000000
99.181810
100.000000
100.000000
100.000000
100.000000
100.000000
100.000000
100.000000
100.000000
100.000000
100.000000
99.942758
99.173514
100.000000
100.000000
100.000000
100.000000
99.195411
96.070515
98.637312
99.172086
100.000000
99.242665
99.139063
95.660871
99.125030
99.328097
100.000000
99.474827
100.000000
97.126812
98.765226
98.779562
100.000000
98.988933
99.444813
96.858456
99.560786
99.618390
100.000000
100.000000
100.000000
99.035974
100.000000
100.000000
100.000000
100.000000
97.785207
98.775639
100.000000
100.000000
100.000000
100.000000
100.000000
98.524267
100.000000
100.000000
100.000000
100.000000
100.000000
99.027992
100.000000
100.000000
100.000000
100.000000
100.000000
100.000000
100.000000
100.000000
100.000000
100.000000
100.000000
99.809307
100.000000
100.000000
100.000000
100.000000
100.000000
99.335906
100.000000
100.000000
100.000000
100.000000
100.000000
98.887086
100.000000
100.000000
100.000000
100.000000
100.000000
100.000000
100.000000
100.000000
100.000000
100.000000
100.000000
100.000000
98.422483
99.399203
94.227257
94.070538
95.307623
91.905881
95.304024
94.099442
95.345648
94.156115
92.894309
96.143003
92.546669
92.563306
95.562893
92.581171
92.575287
93.972621
91.397335
91.437028
94.169412
91.309659
91.300508
93.677963
91.278865
91.127185
92.851377
91.534809
91.399222
92.993991
91.649284
91.452177
92.955263
91.461110
91.469991
92.966999
91.439238
91.396528
92.979849
91.434140
91.375531
92.874779
91.448157
91.381484
93.167228
91.599159
91.520258
93.091511
91.581882
91.622983
93.244444
91.806060
91.862161
93.435207
92.128495
92.021231
93.307436
91.943607
91.864573
93.364626
91.910791
92.042016
93.521197
92.008730
91.888364
92.735787
89.826127
89.915864
92.890030
89.937941
92.682197
95.617656
91.583771
91.587882
93.317939
91.658925
91.718855
92.718908
91.773305
91.733658
92.892235
91.654307
91.629206
93.323569
91.797760
91.790447
93.254300
91.821893
91.754046
93.409611
91.798164
91.608704
93.179013
91.804153
91.706773
93.165550
91.875227
91.786365
93.253722
91.772307
91.677003
93.163239
91.624579
91.831507
93.337257
91.962410
91.989186
93.699415
92.027185
92.139738
93.614908
92.204869
92.046290
93.468785
92.041405
92.139539
93.381784
91.884279
91.941512
93.374634
91.950695
92.102645
93.248759
91.906337
91.841415
93.132863
92.094636
92.040511
93.154515
92.074193
93.052035
95.938060
91.983581
92.010143
93.443363
91.967662
91.984936
92.715884
91.806788
91.931797
93.053927
91.866735
91.807012
93.430839
91.841326
91.760361
93.324737
91.872504
91.774345
93.415424
91.761424
91.633931
92.952837
91.507679
91.541250
93.162854
91.462187
91.514474
92.976260
91.472321
91.546331
93.119759
89.809399
89.592100
92.922498
89.761563
89.818039
93.151669
91.405053
89.813776
92.892626
89.668147
89.601096
92.048008
91.458166
89.679289
92.851013
89.633731
89.808038
92.063695
91.418378
91.487036
93.001683
91.519283
89.804055
91.676743
91.421450
91.360114
91.059893
91.111282
89.751349
94.771082
90.701904
90.497806
91.975642
90.209533
88.371725
91.178124
88.376439
88.262174
91.448219
90.177914
90.191689
91.982100
88.368773
88.529311
91.965062
88.590574
88.728188
92.196286
90.669510
88.883785
92.067073
88.922720
88.970726
91.485179
90.772846
88.963269
92.275489
89.058374
88.988008
91.615213
88.965773
88.992712
92.059007
88.833077
88.926009
92.582214
88.982611
89.111339
92.406033
88.971085
89.063050
92.494774
89.033504
89.052813
92.203931
88.945415
89.090182
91.422090
88.916522
88.761710
92.064292
88.735365
88.704712
91.716314
90.760150
88.959121
91.926926
89.186456
90.990742
94.212655
90.961877
90.820999
92.267500
89.096431
89.237850
91.102462
89.155962
89.031855
91.910379
89.087119
89.227025
91.671739
89.230737
89.353802
92.626006
89.455160
89.638114
92.345453
89.885408
89.956945
93.129319
89.986731
89.998313
92.574731
90.073832
90.030277
93.137914
89.805842
89.743329
92.108018
89.769106
89.793098
93.085054
89.750130
89.832206
92.199744
89.766085
89.922951
93.277741
90.185605
90.371065
92.879316
90.739867
90.905437
94.329833
91.263928
91.414530
93.639974
91.350646
91.207942
94.525817
91.155109
91.335470
93.011570
91.247128
91.331702
93.075922
91.403485
92.033700
96.525317
91.317444
91.476628
94.794648
91.550541
91.662643
93.567773
91.975190
93.887253
94.854816
92.013841
91.989360
94.226775
91.827728
91.937470
95.172656
92.068120
94.002541
94.645995
92.444905
94.338669
95.873469
94.712094
92.925584
95.146416
92.490062
92.427573
95.834888
94.527534
94.764472
95.286960
93.090086
92.931986
96.307976
93.125724
92.965314
95.962543
94.399784
94.440507
95.833560
94.506557
94.564793
94.826471
94.346680
92.528912
95.589269
92.514597
92.652086
94.649782
92.507552
92.519905
95.451844
92.270066
92.271734
93.878082
93.890828
93.817557
93.738553
91.912298
92.377337
97.701153
94.035021
92.272175
95.322524
93.999741
92.213466
94.456305
91.780901
93.427919
94.363944
91.654325
93.134358
94.319242
91.321896
92.733040
93.972139
90.892605
90.713105
93.623178
90.583674
90.432615
93.336527
90.284183
90.164261
93.030918
91.555913
91.478303
92.854995
91.229014
91.460807
92.736242
91.295496
91.351836
92.771521
91.326089
91.380013
92.858746
91.196303
91.140396
92.458935
90.835010
90.946042
92.508565
90.951962
90.800015
92.324136
90.920320
90.997637
92.474063
90.935864
90.947899
92.296007
90.924470
90.869153
91.756126
90.919018
90.849609
92.261756
91.293735
91.488403
95.432218
91.328038
91.558266
93.100934
91.702558
91.770781
92.725808
91.754089
91.685694
92.724479
91.625897
91.657105
93.189387
91.564665
91.616658
93.060249
91.617874
91.606106
93.091288
89.775710
90.065318
93.214061
89.945135
89.995893
93.177334
91.561264
91.316171
92.728495
89.706018
91.409603
93.021829
91.555123
91.590569
93.124495
91.771348
91.770822
93.361534
91.935729
91.954433
93.262159
91.831490
91.806817
93.444335
90.028721
90.105166
93.370392
90.112160
90.088358
93.472012
91.894104
91.815942
93.161327
91.754103
90.005075
91.863720
91.628601
91.428701
92.651912
91.657411
91.587459
95.545464
91.699879
91.678563
93.169016
91.733744
90.179616
92.820485
90.426485
90.330589
93.356711
90.451445
90.365809
93.627420
90.356044
90.334672
93.416935
90.303254
90.124001
92.526364
90.277382
90.301569
93.580326
92.160485
90.274979
92.905377
92.270122
92.264598
93.894900
90.698319
90.995477
93.418494
91.114566
90.885383
94.174201
90.953186
91.093184
93.420313
90.815574
90.862904
93.957697
90.725515
90.796041
93.209958
90.854224
90.950428
94.140634
90.936654
91.048469
93.428213
90.857525
91.025041
94.188389
91.036933
91.042981
93.838142
90.848409
90.915045
93.676312
90.631332
92.460583
95.593942
90.460897
90.421455
93.815422
90.588937
90.528044
93.403903
90.443361
90.430708
93.343528
90.483488
90.565207
93.107416
90.641844
90.616095
93.960190
90.799786
90.832972
93.474257
90.883563
90.959302
94.141524
90.934482
90.863531
93.344479
90.850076
90.709279
94.153082
90.507017
90.736454
92.953706
90.589210
90.747933
93.838826
90.571108
90.597268
92.831921
90.318082
90.056027
93.390215
90.054318
89.947638
92.417041
90.092541
89.889512
93.148491
89.786157
89.981578
92.238934
89.819830
89.556250
93.018990
89.617961
89.628136
91.464369
89.828861
89.724027
91.347795
89.771271
90.392202
95.075177
90.220899
90.299718
93.384747
90.275231
90.396186
92.131596
90.175674
90.332236
93.131772
90.153132
90.076518
92.392665
89.910029
89.983247
93.199044
90.138944
90.062741
92.655367
90.344761
90.366778
93.546448
90.178928
90.374557
93.760713
90.409539
90.471036
93.659116
90.361048
90.257817
93.709443
90.259710
90.097659
93.383761
89.966006
89.934763
92.289690
89.712766
89.771512
92.947519
89.708566
89.682716
92.183391
89.556345
89.581765
92.753129
89.522930
89.705094
92.136183
89.564802
89.622850
92.848623
89.790717
89.794870
91.644888
89.694674
89.458354
90.897033
89.343642
89.992157
94.477387
89.229896
89.194405
92.337429
89.003130
89.080981
91.866035
89.122993
90.894583
91.811102
88.834165
88.855020
92.345262
90.587653
90.605877
92.169602
90.695272
88.951949
92.336019
89.022658
88.998407
92.299537
89.234398
89.310097
91.869538
89.236417
89.471898
92.680271
89.499115
89.583749
92.136142
89.823699
89.835028
93.003836
90.049395
90.190293
93.472526
91.725427
90.005731
93.280402
90.119671
90.135563
93.324258
89.942098
89.868795
92.889438
89.595602
89.342061
91.744956
91.054675
91.099151
92.535177
89.288719
89.502122
91.345594
91.293708
91.240658
91.206908
89.696930
90.151611
95.142137
91.319396
91.139251
92.614254
91.150888
90.990984
91.925549
90.880609
90.804101
91.846511
89.034730
89.140301
92.455982
89.152755
89.204484
92.468989
89.194499
89.209536
91.706817
91.132859
89.250126
92.501720
89.251841
89.207865
91.754958
89.290402
91.199936
92.655785
89.394851
89.334019
91.697800
89.227645
89.248760
92.490613
89.225668
89.260655
92.802281
89.384165
89.478744
92.832515
89.440156
89.444170
92.652641
89.314368
89.188445
92.180244
88.846451
88.783735
91.330623
90.332149
90.311131
91.739413
88.323740
88.399241
90.164043
90.218772
90.144630
89.955165
90.291768
89.119543
93.595773
88.590519
90.273175
91.740441
88.417637
88.177770
89.995008
88.109468
88.255559
91.155994
89.962528
90.130764
91.919716
88.343313
88.342057
91.636609
88.270829
88.350890
91.734465
88.241502
88.259469
91.560455
88.337462
88.184490
90.799019
90.073452
88.245165
91.557085
88.019490
88.113299
90.859519
88.355147
88.343746
91.663163
88.457739
88.435914
91.798220
90.228307
90.149980
91.509778
88.335520
88.227512
90.706010
88.167442
88.095338
91.565947
88.271607
88.348093
90.919514
90.311202
90.276715
91.756598
88.332531
88.294041
90.124556
90.180935
88.350997
90.054336
90.173287
88.814583
93.975152
89.925496
89.815274
91.341903
89.938028
90.050364
90.948768
88.219704
88.275294
91.108005
89.835478
88.121602
91.551224
88.290315
89.885596
91.350935
88.216674
89.781880
91.467896
88.126470
87.858262
91.203378
87.780002
87.749035
91.348124
87.866838
87.959158
91.370006
88.100765
88.267421
90.794226
88.185561
88.033699
91.330992
88.092447
88.238891
91.652496
88.237610
88.255713
91.603206
88.340137
88.328839
91.518659
88.301870
88.086029
91.362440
88.055214
88.000074
91.393129
90.080064
90.096863
91.658321
88.272120
88.162811
91.096035
90.174637
88.274846
91.390241
88.378869
91.236610
93.396554
88.098840
89.901670
91.394214
89.973758
88.035064
90.782341
88.295684
88.254842
91.282495
88.211359
88.335183
90.795511
90.160132
90.101757
91.781908
88.492563
88.518496
90.780487
90.067677
88.268020
91.594215
88.269425
88.159143
90.698341
90.152282
90.240323
91.674983
90.100075
90.045043
90.706151
88.310225
88.377204
91.697661
88.264753
88.031885
91.263635
87.776292
87.872714
91.082255
87.722454
87.747547
90.986815
87.659858
87.711715
90.933189
87.817996
87.926586
91.235584
89.983983
88.199605
91.545151
90.149170
90.298559
90.880073
90.194363
90.223084
91.488714
90.228246
90.444781
94.593895
88.902326
89.019312
92.439896
89.296832
89.386201
91.964124
89.791606
89.872469
92.733607
89.667680
89.785850
91.831881
89.799199
89.662298
92.900080
89.619080
89.621155
92.621833
91.476285
91.505944
92.992292
91.573454
90.023925
92.357759
92.112095
92.294227
93.837050
92.367089
92.499571
92.878851
92.464009
92.504905
93.996762
92.567599
92.680148
93.040016
92.730742
93.025357
94.610672
93.202142
93.481439
93.784040
93.346748
93.408438
94.943463
93.549912
93.676808
93.702142
93.496112
93.430322
94.871338
93.396449
93.344894
92.751658
93.345978
93.570949
94.747092
93.633098
93.274612
97.058390
93.721941
93.575399
95.363275
94.048643
93.963000
94.496905
93.923636
93.849018
94.910095
94.110489
94.301242
95.549396
94.349259
94.429229
95.697375
94.102357
94.039586
95.080999
93.899931
93.905321
95.468397
93.897924
93.617732
94.474879
93.607475
93.417539
96.305358
93.388299
93.158135
93.892645
93.155499
93.176149
95.817702
93.075203
93.140613
94.097775
93.082885
92.963822
96.080138
93.070580
93.139585
94.030722
94.834950
94.680362
96.356692
94.592177
94.674402
95.164292
94.762895
94.753014
96.525010
94.716454
94.731933
94.627711
93.368089
93.431630
95.950585
94.471989
94.296523
96.895453
94.096644
93.845424
95.358455
93.628589
93.673717
93.745154
93.396536
93.438043
94.569766
93.158117
93.165245
93.678986
91.760804
91.643333
94.670910
91.827722
91.689533
93.693520
91.632210
91.629712
94.557596
91.591195
91.524909
92.594814
91.484938
91.464586
94.361548
91.570956
91.641590
92.610127
91.324585
91.122342
93.906345
91.050278
90.891485
92.167275
90.978862
90.895087
92.404582
90.995543
90.976022
92.240207
91.051387
91.285507
92.726543
91.202434
91.057075
92.541833
91.091168
91.199343
93.966431
91.044432
91.010889
91.661044
90.825818
90.714862
92.060368
91.011247
90.961096
94.847765
90.934963
90.907120
93.697417
90.657336
90.570402
91.492568
90.698183
90.693681
93.321629
90.620022
90.522617
92.149957
90.668534
90.634390
93.781510
90.877163
91.062481
92.557949
91.218467
91.231941
94.412491
91.438036
91.391060
93.062202
91.492840
91.306884
92.823491
91.457345
91.526887
92.916760
91.547489
91.467914
92.888220
91.456804
91.505342
93.070030
91.707745
91.535377
94.435484
91.477132
91.503720
93.066013
91.523140
91.521097
93.079413
91.536345
91.501912
92.798899
91.355303
91.261299
92.757628
91.190668
91.322841
92.285897
91.253697
91.492753
92.578296
91.727305
91.829296
95.817954
91.911801
91.807452
93.177713
91.777574
91.737010
92.703723
91.882484
91.847828
92.934031
91.780530
91.874665
93.376919
91.684148
91.618925
92.940727
91.509688
91.785184
93.500879
91.970650
92.118219
93.593165
91.972223
92.093121
93.629782
92.056618
91.936889
93.367894
92.038315
92.209301
93.671188
90.287924
90.179816
93.270483
91.852201
91.934513
93.709656
92.096114
92.215015
93.677372
92.441519
92.409541
93.895454
90.526736
90.393846
93.530290
90.265173
90.121322
93.265533
91.748029
91.610892
92.943991
91.452428
91.441730
92.481931
89.720268
89.853950
92.853045
90.128022
92.785426
95.586261
89.909326
89.805537
93.069120
91.549662
89.786249
92.598960
89.884576
89.995665
92.829354
89.947331
89.995382
93.253402
89.915531
89.888622
93.307490
90.349696
90.341313
93.464337
90.319685
90.426715
93.646276
90.431956
90.472845
92.916831
90.536865
90.419698
93.350814
90.075299
89.991027
92.459659
90.152892
90.165304
93.469252
90.415475
90.339181
92.666305
90.234425
90.319527
93.779182
90.532602
90.455319
93.058154
90.790018
90.785678
93.927812
90.671081
90.734594
93.158649
90.700339
90.682534
93.953715
90.797600
90.543009
92.619025
90.902560
91.073529
92.661567
91.221646
91.586847
96.166353
91.128353
91.169638
94.376333
92.808419
92.774992
92.879822
91.112050
91.059112
93.839214
90.994239
92.900202
93.371355
91.105507
91.388516
94.764852
93.369105
91.858267
93.948419
91.620515
91.353948
94.273635
91.292174
94.049210
96.507518
96.178988
96.560771
97.999174
96.365390
95.860430
95.687939
94.820748
95.928159
95.951524
95.064819
94.828401
93.607939
94.775597
95.044201
97.193069
95.799737
95.407945
94.791680
94.727576
94.706948
97.384129
94.070186
93.555158
94.008040
95.595798
95.805674
97.324379
96.313432
96.727337
96.167068
97.259214
97.620905
98.520459
96.837901
95.915558
98.687930
96.806323
97.195672
99.971725
97.189435
97.183820
96.846205
97.638842
97.286040
100.000000
98.417516
98.820742
99.690135
99.662349
100.000000
100.000000
99.948485
100.000000
99.146156
99.873422
99.721044
100.000000
99.511330
99.525685
99.397396
99.646889
99.994916
100.000000
99.418458
99.487864
98.379415
98.206223
98.293080
100.000000
97.898372
98.070002
97.792387
97.859926
97.299319
99.684252
96.856255
97.072801
96.887383
98.048388
97.903921
99.342532
97.611760
97.415674
96.201454
96.698661
96.838354
97.824884
96.416496
96.635508
94.883781
97.542258
97.515161
98.995307
98.288419
95.874046
98.103858
98.956194
99.116117
100.000000
98.760506
98.570421
95.723374
99.393465
99.157900
99.368763
97.452083
97.737904
95.416347
97.246175
98.397172
99.524208
98.665439
98.989996
96.052578
99.428255
99.348574
100.000000
99.442475
99.385049
96.377088
98.742850
98.900683
100.000000
99.811474
100.000000
99.039440
100.000000
99.259189
100.000000
98.980105
98.708568
97.768362
98.640020
98.681070
100.000000
98.554045
98.550613
96.182859
98.203850
98.836462
100.000000
99.372082
99.953746
99.342841
100.000000
100.000000
100.000000
100.000000
100.000000
99.741974
100.000000
100.000000
100.000000
100.000000
100.000000
100.000000
100.000000
100.000000
100.000000
100.000000
100.000000
97.932218
99.556934
99.697412
100.000000
99.975859
100.000000
99.888084
100.000000
100.000000
100.000000
100.000000
100.000000
100.000000
100.000000
99.936955
100.000000
100.000000
100.000000
98.779550
100.000000
99.717530
100.000000
99.430192
99.103198
96.800103
98.308652
97.993004
99.523301
97.808968
97.952217
96.179726
97.651817
97.499845
98.581877
97.025189
97.102910
95.473858
97.049691
96.980914
99.373423
97.623328
97.787499
95.696237
96.975943
97.109348
98.120536
97.221274
96.107109
94.168644
96.229018
96.599465
97.550231
96.713482
94.504919
95.651863
97.612376
97.677217
98.792929
97.936876
97.402243
95.587936
98.032759
97.214964
98.485896
97.254516
97.087905
93.679735
95.785326
94.689398
95.308452
93.959266
93.857463
91.443146
93.756385
93.314278
95.531921
94.217758
94.017241
91.112496
94.364362
94.842864
96.437146
95.412738
96.204746
94.237562
97.283655
98.241150
99.653935
99.108990
100.000000
98.510570
100.000000
100.000000
100.000000
100.000000
100.000000
99.347227
100.000000
100.000000
100.000000
100.000000
100.000000
100.000000
100.000000
100.000000
100.000000
99.108002
98.701435
97.927537
100.000000
100.000000
100.000000
100.000000
100.000000
100.000000
100.000000
100.000000
100.000000
100.000000
100.000000
98.488241
100.000000
100.000000
100.000000
99.324553
98.878807
96.802244
98.360757
97.979325
97.718467
94.100052
93.671384
90.376122
93.683064
93.483367
94.624413
93.070932
91.374612
88.011825
92.372489
91.198657
92.813344
90.522800
90.707487
88.961502
96.772161
97.019382
99.375714
97.238671
97.141951
95.343956
97.238188
96.826474
98.095901
96.986252
96.706645
94.507262
96.592855
96.515713
97.823767
96.504112
96.564793
94.159427
96.359041
96.248298
97.850208
96.595606
95.478043
94.241291
96.817140
96.966464
98.087399
97.029397
94.498491
95.961081
96.784173
96.679395
97.837019
96.253772
95.828993
92.697159
95.293372
94.999233
95.776326
94.789471
94.963506
92.845173
95.363820
95.655860
97.415336
95.884908
95.609212
93.283971
94.304292
94.165154
96.574904
93.650512
93.506545
92.224550
93.584790
93.377761
96.000175
93.398944
93.474209
91.498028
93.559885
93.691115
96.374785
93.615559
93.371160
91.748581
93.609518
93.462547
96.126204
93.430456
93.455544
91.555044
93.541610
93.386390
96.039675
93.456394
94.564484
91.402534
93.137242
93.337072
95.875204
93.245481
94.366160
91.124569
94.196170
94.235332
95.141579
94.069543
90.994632
92.661553
92.934274
94.124371
95.610179
94.169503
94.233125
91.688562
94.700559
94.683964
95.449353
94.467503
94.547773
92.238097
94.709003
94.970039
96.224319
94.704469
94.714631
92.071118
94.451401
94.563127
96.045167
94.501578
94.549297
92.481135
95.178575
94.978284
96.808036
95.138518
95.293923
93.197430
95.860919
95.756232
97.377473
95.758015
95.831920
93.197101
95.301154
95.251856
98.050811
95.633218
96.791326
93.851389
96.997503
96.808712
98.028640
96.276291
96.138837
93.140883
96.310074
96.330662
97.756037
96.361314
96.378298
93.100398
96.395669
96.347080
97.389410
96.416391
92.952731
94.654415
96.902080
96.803610
98.308730
97.240793
97.287044
94.239752
97.319405
97.150105
98.218143
97.392864
97.299051
94.602760
97.291535
96.820479
98.191266
96.696235
96.859979
94.066914
96.961065
96.522687
98.080904
96.833252
96.965956
94.172463
96.854228
96.129397
98.554003
96.367200
96.132843
94.640423
96.431649
96.141681
98.692647
96.014910
95.950958
93.688572
96.028037
95.981961
97.416499
95.706233
95.836647
93.838466
95.887465
95.694695
97.293594
95.974665
95.820734
93.818820
95.826472
95.698113
97.417299
95.954330
95.771317
93.104631
95.648107
95.595657
96.682225
95.803495
92.931549
94.636533
95.761919
95.590621
97.173933
95.796136
95.701879
93.087797
94.623300
94.854376
96.796793
94.771210
94.851813
93.748493
94.827650
94.929409
97.511047
94.879864
95.153483
93.589643
95.431964
95.491153
98.020052
95.918556
95.936762
94.530479
96.100843
95.982186
98.377796
95.831604
95.766224
94.309990
95.514324
95.356013
97.782836
95.273401
95.402144
93.903215
95.348846
95.388681
97.842599
95.544113
95.559814
94.814058
96.484263
96.414278
97.867977
95.352430
96.533144
94.381448
96.786483
96.719881
98.325671
96.579127
96.478375
93.699194
95.365452
95.525150
97.370392
95.557736
94.119247
95.830045
96.735310
96.484795
97.847351
96.220926
96.119203
93.882727
96.150406
95.961397
96.807447
95.930293
95.953799
94.532646
95.965465
95.855944
97.391420
96.028183
96.220701
94.742205
96.094947
96.129194
97.333026
95.866633
95.808270
94.347201
95.851147
95.494244
96.705258
95.101910
95.140976
93.601351
95.075710
94.886802
96.354629
94.862464
94.839606
93.651204
95.071842
95.006916
96.125314
94.639569
94.473625
93.007103
94.717847
94.743913
96.210402
94.665767
94.666109
93.262822
94.818764
94.747689
96.356716
94.746403
94.815374
92.659675
94.910973
94.812582
95.576435
94.557898
92.176176
93.544948
94.504207
94.431784
95.877026
94.262195
94.214695
91.924253
94.431631
94.288433
95.361732
94.527215
94.580031
92.935062
94.692892
94.687411
95.918916
94.398754
94.332132
92.466596
94.482382
94.458349
95.874788
94.600550
94.377122
92.542276
93.582176
93.518238
95.956986
93.604851
93.588059
92.776907
93.500267
93.692044
95.914429
93.609093
93.894406
93.413130
94.145112
94.048379
96.380318
94.068913
93.986728
93.448334
94.061330
93.965417
96.218879
95.035142
94.297061
92.993607
95.182817
95.244659
96.573980
95.024551
94.936057
92.305301
93.904830
93.705476
95.479124
94.536179
92.239031
93.795682
94.751116
94.630818
96.039130
94.306941
94.403849
92.407097
93.483055
93.368339
95.328759
94.428197
93.769461
92.489427
93.660435
94.478112
95.963740
93.693851
94.481695
92.437923
93.636568
93.663355
96.198711
93.676101
93.812622
92.983297
93.892748
94.057614
96.678434
94.449339
94.322808
93.571209
94.789494
94.562703
95.901018
94.366382
94.373679
93.371820
94.506616
94.379230
95.983107
94.432608
94.310020
93.297805
94.553021
94.527014
96.874629
94.442678
94.502923
93.365319
94.645516
94.701780
97.241488
94.602118
94.392735
92.829418
94.555687
94.441227
96.423167
94.412851
92.715852
94.472824
94.320928
94.352551
96.697036
94.198755
93.810290
91.790290
93.661322
93.651445
95.657514
94.079792
94.385513
93.645497
94.465309
94.564759
96.946685
94.462403
94.398749
93.569248
94.080435
94.338275
96.631141
93.847201
94.134960
93.057069
94.173271
93.965014
95.409792
93.809710
93.803289
92.863617
94.038385
94.078869
95.709580
94.113441
94.005785
93.143285
94.044634
93.844311
95.330024
93.939474
93.937231
92.769734
93.970025
93.831943
95.371493
93.954576
93.933702
92.521746
93.730313
93.786609
96.262871
93.632886
93.833791
92.404200
93.707318
93.830577
95.816604
93.715280
91.897704
93.755533
94.070335
93.890952
96.364401
93.434715
93.479719
91.725040
93.662126
93.776169
95.777436
93.848700
93.705496
92.812259
93.963480
94.176022
96.812573
94.633249
94.751334
93.759601
95.601016
95.441126
99.811053
98.347008
98.696763
97.445422
99.181809
100.000000
100.000000
100.000000
100.000000
100.000000
100.000000
100.000000
100.000000
100.000000
100.000000
100.000000
100.000000
100.000000
100.000000
100.000000
100.000000
100.000000
100.000000
100.000000
100.000000
100.000000
100.000000
98.817363
100.000000
100.000000
100.000000
100.000000
100.000000
99.315946
100.000000
100.000000
100.000000
100.000000
97.552437
98.474635
100.000000
100.000000
100.000000
99.744565
99.696086
95.703394
99.340482
99.293593
100.000000
99.143372
99.196945
96.423947
99.413344
99.653031
100.000000
99.689592
100.000000
97.266027
100.000000
100.000000
100.000000
99.902704
99.659052
96.496551
100.000000
100.000000
100.000000
100.000000
100.000000
96.617507
99.191295
98.635437
99.419140
97.797107
97.511502
93.478750
97.154912
96.377261
98.285312
96.521217
96.693757
93.491286
97.036358
97.129234
98.188963
97.781953
97.335690
95.075545
97.975766
98.283161
99.337100
98.672370
98.707069
95.892773
99.323562
99.259464
100.000000
99.911919
95.842287
96.571677
98.446826
97.252613
99.334863
97.108269
97.041065
94.135847
95.927403
97.454398
98.534331
98.612183
97.857905
94.332819
97.319937
96.092227
99.135868
96.327888
96.514970
94.643752
95.345213
95.412377
97.857329
95.548248
95.546374
93.873937
95.678442
95.722154
97.889871
95.591431
95.549855
93.311346
95.736930
95.533893
98.000234
95.744073
95.861680
93.801158
96.503929
96.480320
98.038508
96.668183
96.744863
94.385864
96.711754
96.762061
97.929344
96.769187
97.033509
94.594368
96.966111
96.819645
98.154436
96.536413
96.219217
93.222926
96.035953
96.092865
97.441105
96.458561
93.650078
95.422365
96.603447
96.547783
98.155543
96.876865
97.383073
95.176096
96.134737
96.230726
98.104535
96.035661
97.146901
94.875619
97.028095
96.850667
97.857971
95.270047
95.554261
94.609496
96.827864
96.879298
98.306492
96.046052
96.014878
94.407729
96.546040
96.481059
98.936599
96.402169
96.371429
95.680266
96.393645
96.188059
98.540393
95.804221
95.745479
93.919911
95.280185
95.095210
97.344023
94.857856
94.441867
92.524603
93.961364
93.778301
96.331297
93.497451
93.425918
91.536348
93.790199
93.975031
96.558272
94.109090
94.121453
91.947191
93.709667
93.828002
96.222527
93.875927
92.111425
93.860779
93.890324
93.821993
96.416721
94.105656
94.107395
91.852881
93.709062
93.742776
96.229521
93.973662
94.311256
92.799211
93.895382
93.856060
96.386146
94.043185
95.218027
92.501337
94.264336
94.278290
96.695699
94.556708
94.570819
93.547527
94.323512
94.426352
96.616520
94.177542
93.928536
92.502672
93.663696
93.762781
96.022133
93.547536
93.800006
91.992810
93.498549
93.545612
95.949526
93.468778
93.494801
92.284999
93.733584
93.796236
96.251106
93.729318
94.146173
93.349037
93.997972
93.998775
96.483314
94.010920
93.983283
93.103795
94.109696
94.074176
96.233961
94.022838
92.820041
93.922170
94.183099
94.218216
96.797489
94.221289
93.985239
92.050330
93.959425
93.858709
96.080547
93.865792
93.901394
92.618265
94.062329
94.029495
96.458798
94.038645
94.102793
93.430520
94.003326
94.055311
96.488730
94.030016
94.178908
92.890971
93.979587
93.771327
95.027281
93.499953
93.474277
91.915850
94.826253
94.645754
100.000000
100.000000
99.638128
97.507217
98.972198
97.945335
99.014450
97.368465
97.426746
95.785546
97.453138
97.018285
99.097571
97.839847
98.563287
96.424106
99.414208
99.251746
100.000000
99.194734
99.047692
96.068356
98.736310
98.733338
100.000000
99.015792
96.176558
97.875063
100.000000
100.000000
100.000000
100.000000
100.000000
96.187198
100.000000
100.000000
100.000000
100.000000
100.000000
97.400171
100.000000
100.000000
100.000000
100.000000
100.000000
97.770898
100.000000
100.000000
100.000000
100.000000
100.000000
97.744883
100.000000
100.000000
100.000000
100.000000
100.000000
97.464585
100.000000
100.000000
100.000000
100.000000
100.000000
97.490336
100.000000
100.000000
100.000000
100.000000
100.000000
97.930417
100.000000
100.000000
100.000000
100.000000
100.000000
97.570211
100.000000
100.000000
100.000000
100.000000
100.000000
98.958468
100.000000
100.000000
100.000000
100.000000
100.000000
