84.412386
76.675748
76.842111
82.894903
76.533894
76.446442
79.122218
74.247990
74.037685
76.536551
74.073192
74.242160
78.651940
72.352519
72.178638
74.699488
74.375554
74.601705
77.000317
72.464060
72.603311
74.922566
72.567118
72.587001
78.988591
72.496439
72.294371
74.736930
72.182752
72.676500
79.136386
72.609568
72.582408
75.457495
72.857191
72.985612
79.542080
70.820158
70.373305
73.417255
70.612459
70.640175
77.680147
70.804457
70.633680
73.345062
70.226920
70.538887
77.243335
70.389724
70.009779
72.711420
69.610175
69.730921
75.457076
69.770588
70.150178
72.220547
70.288283
75.486941
83.916541
69.828303
69.874745
72.229796
69.554074
69.564429
77.045937
69.241117
69.360394
71.134689
69.011701
69.238984
77.700349
68.754011
68.620528
73.871883
68.899189
68.805868
78.082957
69.230254
69.123701
74.112844
69.052732
69.211517
78.426283
69.139900
69.026086
71.961508
68.889797
69.074235
78.184852
68.883665
69.072722
71.648474
68.989500
68.952197
77.778839
68.432015
68.560977
71.317129
68.448617
68.621045
77.522434
68.439317
68.375722
71.139448
68.505511
68.482601
77.627508
68.575695
68.582116
71.338085
68.834753
69.151964
76.457275
68.924153
68.959544
71.416967
69.319684
77.269580
83.441887
69.786879
69.719022
72.322233
69.877424
70.100578
77.803032
69.937015
70.037012
71.721210
70.021297
70.325176
78.642942
69.777217
69.769782
72.061409
69.576880
69.837030
78.663683
69.642514
69.451980
71.954996
69.470755
69.681879
78.446807
69.785268
69.651697
72.099420
69.441432
69.622546
77.806853
69.457407
68.649525
71.218407
68.369145
68.309205
76.824465
68.078086
67.816154
72.260953
67.390678
67.829883
76.474741
67.950749
68.148746
72.886997
68.072757
68.487486
77.394911
68.441712
68.519103
73.002557
68.357291
68.500442
76.256457
68.856633
68.551298
70.611212
69.165084
76.521619
83.029564
69.696918
69.815360
71.830352
69.211725
69.440137
76.626330
69.386854
69.429633
71.129821
69.510782
69.792896
77.897665
69.564855
69.727681
74.021541
69.465663
69.364700
77.797331
69.572336
69.185948
74.289097
69.418238
69.572594
77.922319
69.053810
68.996105
73.602508
68.855999
69.120332
77.240851
68.697749
68.117466
73.117152
68.625000
70.881356
77.292002
68.668923
68.534411
73.249179
68.647093
68.781158
79.085481
70.642175
70.506688
73.164848
68.455603
68.536316
77.245422
71.099043
71.234730
73.405529
68.834087
68.651464
76.453007
71.290346
71.029396
72.457825
67.793488
75.182820
81.235926
67.642569
67.756773
72.353189
67.446668
67.890679
75.269801
68.069769
68.240360
70.128860
68.224032
68.229352
77.462569
68.711102
68.564152
71.305207
68.529691
69.103359
77.877641
69.110638
68.514844
71.263821
68.815683
69.397831
78.375126
69.297719
69.698409
74.521380
69.747237
69.864080
78.500114
69.632519
69.773828
74.212543
69.638877
69.968829
78.721717
70.313076
69.821032
74.751356
70.090671
70.185460
78.626994
69.355964
69.209152
74.242349
69.042265
69.197662
77.728461
68.490013
68.578543
73.164645
68.698642
68.472990
75.956849
68.433367
68.297978
72.194677
68.249473
75.720189
81.943518
70.593587
70.570998
73.012582
70.543483
68.340812
75.621006
68.163037
68.442991
72.544162
68.340463
68.674883
76.348962
78.897387
82.596344
84.644481
80.596649
81.366967
86.217283
82.462814
81.514764
81.358016
80.391423
81.009432
86.332535
83.779738
86.120145
87.185264
88.338157
87.280108
91.140479
89.497685
90.095748
91.060845
91.246687
91.273329
94.049389
93.255141
93.819593
93.696458
92.708093
92.320117
94.077193
91.514952
91.006311
94.000409
91.591829
91.875250
94.681169
91.880992
90.291391
93.134895
92.336274
92.373142
96.402734
92.973569
92.129781
93.832762
91.952082
95.323719
98.938188
88.140726
86.295080
91.731310
85.903122
86.800944
93.240858
84.217470
85.137028
89.036489
85.844003
85.537708
93.246805
83.385900
83.462052
88.434404
86.698104
85.993725
91.821314
86.994425
86.226387
88.413521
85.528111
85.388278
91.834846
85.255147
85.350878
87.405012
84.666263
83.681724
89.042576
85.101250
83.479568
86.948394
83.871462
84.055622
89.892122
85.229841
85.594404
88.013766
86.018431
86.251085
90.789125
83.257886
82.260033
87.975816
83.763042
83.206587
89.180327
83.092600
82.876021
85.862443
83.221014
84.334035
86.415952
83.510496
83.743178
86.280754
83.692875
88.919141
94.530643
84.400129
83.701206
86.495730
82.920119
82.770671
87.480363
82.999382
83.112046
85.587704
82.224947
81.984466
87.933563
82.953614
82.502587
85.735181
83.391411
82.626861
87.578418
83.010335
84.111741
89.549619
84.218774
84.070412
88.200359
82.508078
82.510656
87.876054
83.033174
83.109695
88.636131
83.529375
81.953785
86.593113
81.616477
83.409169
88.960926
83.911956
82.914692
86.799284
81.702985
81.373744
85.978013
80.286265
80.180373
84.888449
80.107361
80.353930
84.363180
82.848072
80.776953
83.711869
81.272302
81.214816
82.472332
80.810199
80.711484
83.886889
82.992310
85.113421
90.679829
81.692500
83.073404
85.781642
80.632734
81.029670
83.921415
80.934586
80.423003
85.138741
83.870187
83.373732
86.440117
81.427057
84.816633
87.663380
84.786578
84.247667
87.785801
82.858997
81.916001
86.414668
81.562278
80.993206
87.700401
83.694735
83.997915
87.997681
81.854226
81.738550
86.714668
81.165559
81.879039
86.472097
82.673595
82.771247
87.953480
84.349131
84.579019
88.990787
85.271559
84.841007
88.093854
84.247633
84.710956
86.001658
83.325207
82.823719
88.042408
83.625689
83.665960
85.947022
83.784787
84.237711
88.030286
81.881267
82.208468
86.647202
82.102457
86.750853
92.364675
81.890322
82.316405
87.923550
83.145713
84.015023
87.856466
83.316411
82.684855
85.185644
82.539769
82.552532
88.603770
84.103514
84.057732
86.966822
84.952461
84.871151
90.394206
82.807563
82.208961
86.207865
84.078838
83.805363
89.302412
81.938543
84.940643
88.236762
85.188724
85.161780
91.209725
82.190629
81.335579
86.564101
81.263689
81.121161
88.966842
81.490544
80.556752
83.193865
80.301000
80.084822
86.408880
78.122729
77.744314
82.652680
79.869923
80.245203
86.385142
79.292786
78.642040
82.140383
78.976860
78.877073
84.726409
76.613171
77.291757
82.784866
78.103463
86.665883
91.344161
78.255080
78.055593
83.798605
78.334456
81.634350
84.307113
81.214964
80.568474
82.326013
80.046851
79.607029
85.686213
79.052447
76.477934
81.370279
76.005880
75.890794
85.576574
78.778621
78.453260
81.269319
77.760841
78.155201
85.547730
78.303718
78.454935
81.132611
78.435675
79.179230
85.413733
77.947100
77.049329
80.117004
77.157566
77.369676
83.718151
79.209217
79.033976
81.796720
79.090807
79.046974
84.258753
78.612146
78.326430
81.549633
78.654867
79.011367
84.291210
79.428656
79.405048
82.330037
79.462750
79.145019
83.466193
79.976274
79.652446
82.840486
80.718240
84.678996
89.947158
80.538295
79.585201
84.708012
79.796860
79.649662
84.544068
79.891436
81.143578
86.030386
81.740776
81.074136
86.708273
78.651026
78.314038
84.000549
79.406259
79.259193
87.940405
80.843042
80.836794
85.907816
80.927161
81.033605
87.701268
81.088611
81.959456
84.335846
81.618833
80.505791
87.176117
81.376013
81.107432
84.376467
81.757446
80.758565
87.007005
80.507141
80.107783
85.986182
80.901703
81.116210
88.862718
80.564971
79.970730
85.478819
82.117157
82.475890
87.985901
83.412884
83.692203
87.036360
84.307929
84.631789
89.882363
85.788319
86.708762
88.491903
85.784544
90.104011
94.565823
86.394746
86.251000
90.646536
88.019390
87.803233
89.712782
85.086238
85.064031
90.455902
86.259463
85.024982
92.256019
84.832901
84.102662
88.983118
83.775909
83.227008
90.974157
83.412705
83.612095
86.696089
83.640100
83.795092
90.264216
84.136756
83.117369
86.440728
83.690793
84.513264
91.481827
86.839347
88.785172
91.069128
89.115841
88.793152
93.642869
90.879900
90.372270
93.010007
90.922695
89.826696
92.542868
89.270901
88.728588
90.599615
89.289257
90.254767
93.536930
90.975910
90.590607
92.689012
90.150481
89.837543
90.947585
90.539548
91.195479
92.168807
90.198334
90.705008
95.136569
86.293745
87.573212
91.317544
85.864003
86.308186
89.376613
85.769187
86.143365
89.797450
85.904016
86.337964
90.427252
87.654663
88.107525
92.632031
88.742827
89.379590
93.463817
90.268717
90.150123
94.699264
90.796816
89.495747
93.922076
90.667812
89.799447
94.530155
91.072851
92.308705
95.361325
91.431891
91.882851
96.067067
91.504582
91.513680
95.677314
92.699661
92.172240
94.298063
91.748028
90.912628
95.623156
93.209073
93.120197
98.216805
93.657633
93.632297
96.372874
92.671682
92.836120
95.672171
91.951045
90.248916
93.458349
90.139274
89.065762
91.454935
88.862108
92.060327
96.733413
88.541199
89.016856
93.402312
89.030012
88.428992
92.807958
90.121734
89.198030
92.491313
89.261735
89.622724
93.691234
88.770397
89.032963
91.047907
88.029773
87.715138
93.238588
87.754209
88.654421
92.885215
90.505600
91.313424
97.428958
92.829500
92.077508
95.496994
93.574534
92.676940
96.057461
90.874258
92.880656
95.529697
92.144945
91.973400
95.017039
92.246748
92.141630
95.981616
92.623796
92.339556
95.072557
91.865921
94.157837
95.334725
93.725003
94.550718
95.081359
93.239897
93.672471
95.822377
93.457727
95.023274
94.735345
96.716952
97.007189
96.930232
97.130761
95.782875
97.714729
96.347409
95.831610
98.571891
97.241728
97.402329
97.773777
97.527741
96.970033
98.384678
97.365985
96.991509
97.480119
96.331753
96.182712
99.117528
97.449298
97.534242
98.545547
97.713323
97.133044
98.262204
95.875605
95.746722
97.157389
95.887186
95.075225
95.829536
95.330088
95.176549
93.805954
94.697188
95.235929
96.174494
94.213122
94.832139
93.777528
94.102931
94.594392
96.729350
94.655212
96.362884
95.248953
93.858697
93.792484
95.904329
94.296653
94.898198
94.893569
93.990787
93.938874
97.133296
95.249964
95.965630
96.374857
95.895623
95.771775
96.805309
95.129386
94.880153
97.304310
96.343168
96.078214
97.227462
97.120935
98.157369
95.813897
96.951161
97.208989
98.577248
97.453362
96.433979
96.930423
97.556476
97.377096
99.091625
96.829156
96.440206
98.100174
96.092304
95.401854
97.889912
96.186563
96.340982
97.339379
96.545708
96.375942
97.414132
95.659445
95.953595
95.988407
94.893363
94.728492
96.093240
94.847686
95.171446
95.753789
95.348057
95.568265
98.181334
96.049422
97.812148
98.519456
98.662530
97.744981
98.785139
97.691816
97.770570
98.571042
83.718238
83.578299
73.044553
72.550893
74.964242
75.410915
75.135508
72.861070
75.360245
73.060799
78.003178
86.061701
71.222962
70.990291
76.020141
70.885441
71.073663
78.531336
68.616081
68.839496
73.132602
68.485127
68.676675
79.606533
68.398553
67.788277
71.070977
68.294556
68.445246
77.797246
68.713004
68.475250
71.117488
68.322272
68.330564
77.867990
68.532664
68.485642
71.287473
68.245497
68.350947
77.716271
68.776998
68.407815
71.377477
68.899454
68.581289
78.178770
68.765613
68.784970
71.617252
69.057905
69.145555
78.432291
67.287077
67.211435
72.050475
67.150939
67.080972
78.359908
69.456962
67.203901
72.096525
66.925630
67.067423
76.865119
66.901740
66.933999
71.193278
66.440478
74.586899
81.351182
66.633505
66.523236
71.732027
69.100785
69.062689
74.558197
66.988202
66.545873
71.102280
66.665406
68.989494
78.228815
69.007447
69.314298
71.639249
69.242407
69.260057
78.331064
66.911798
66.575493
71.888497
67.109781
69.481470
76.077876
69.377773
69.185577
71.741654
69.003682
67.121818
78.105432
68.966969
69.233970
72.076438
69.420100
69.767853
78.944830
69.645604
67.211295
72.248903
67.503510
67.266695
76.256986
69.321855
69.718739
71.949164
69.180916
67.209739
76.035506
66.919159
67.051947
71.796356
66.883569
68.749948
75.048916
69.411765
67.041355
71.408456
67.105216
77.371316
81.673212
69.532770
69.366140
71.849718
69.285445
69.159966
74.575114
69.069845
69.061317
71.525921
69.116510
69.074234
76.077391
69.353596
69.329205
72.119373
69.156556
69.487845
78.531361
69.445569
69.132965
71.539712
68.747625
69.212367
78.094748
68.927326
68.985065
71.668623
69.112873
69.121067
78.228104
69.346004
68.868337
71.746782
69.235979
69.331489
78.243158
68.968105
69.207177
71.710634
68.953370
68.899625
78.104014
69.287514
69.130375
71.746402
69.022145
69.330609
78.208731
69.153818
69.124886
71.917775
69.274797
69.371314
77.028873
69.328919
68.963483
70.958938
69.036437
76.440311
82.591204
68.403800
67.862143
70.340996
67.606065
67.383511
75.336026
67.362317
67.249532
69.821370
67.149090
67.294557
76.706565
67.697073
67.846825
70.463274
67.765163
68.105414
77.190777
68.231697
67.977952
70.560720
68.204554
68.187994
77.611031
68.255557
67.987613
71.004913
68.252353
68.665031
77.516978
68.304271
68.444746
70.810903
68.128649
68.446937
77.730363
68.384607
68.486575
71.132027
68.483232
68.893334
77.825571
68.535090
68.514979
71.010280
68.605362
68.663413
77.425528
68.492840
68.234227
70.670022
68.250542
68.356836
76.278920
68.254550
68.093180
70.308851
68.519482
76.441091
82.714952
68.840532
68.271343
70.629737
68.379920
68.643734
76.315796
66.214707
65.901461
70.431139
68.283368
66.072509
77.556030
68.431881
68.622981
71.100826
68.871992
66.654616
78.372234
67.155286
67.027834
71.972315
66.993651
69.508209
78.582040
69.540890
66.952955
71.808008
66.418527
66.759714
77.989087
66.731630
66.687704
71.765842
66.318729
66.577935
75.781647
66.304875
66.614276
71.605614
66.486162
67.453794
78.736883
67.433168
67.446040
72.893982
67.816335
68.086116
77.171870
67.977085
67.917232
72.957080
67.762174
68.117738
75.918562
70.357447
70.634750
72.637934
70.501078
76.446539
83.399049
68.075007
68.001828
73.329871
68.076885
70.588532
76.334752
68.371866
68.438648
72.883472
68.145843
68.748356
79.928548
70.886118
70.743190
73.451702
68.312722
68.626992
80.178287
68.840711
68.956661
74.060742
69.647640
69.681909
78.537336
68.872475
68.642294
74.406060
69.324704
69.780020
81.209158
69.889891
69.986185
74.946288
70.082158
69.890240
78.672259
69.702675
69.821323
74.740789
69.739062
70.155981
80.738641
69.570642
69.311733
74.134577
69.408131
69.751420
78.394635
72.226864
69.627019
74.288469
69.726952
69.648626
79.403015
71.818594
71.743158
73.680217
71.439853
76.901911
83.980635
69.861893
71.913556
74.416872
71.944423
69.811438
78.998865
69.025973
69.063092
73.432666
71.449904
71.534220
77.673806
68.932494
68.165930
70.728528
68.268849
68.259645
78.857544
68.120242
67.805370
69.869415
67.592596
67.530066
76.149103
67.240356
67.080128
72.125622
66.999151
67.027834
75.798718
66.775914
66.804402
71.830461
66.670554
66.977381
75.987937
69.162366
68.964987
71.312717
66.040466
66.196649
77.810960
69.102333
68.729789
71.275140
66.371453
66.766672
75.699979
68.412005
68.585768
70.964384
68.560894
68.582904
73.969958
68.701878
68.564654
70.833843
68.974190
76.792074
81.564787
69.284300
69.326193
71.956816
69.464448
67.510678
77.288090
67.542608
69.522319
71.277505
67.120044
69.572048
76.153567
69.419413
69.289894
72.132373
69.533910
69.640536
78.245125
66.960569
67.000902
72.023616
67.008532
69.761626
78.467910
69.239896
68.774009
71.464537
69.165377
69.354306
78.294474
69.281860
69.273360
71.931739
69.430010
69.608560
78.574989
69.615735
69.722755
71.948884
69.378911
69.852302
78.767839
67.063072
66.988541
72.266529
67.397801
69.678991
76.579298
69.650097
67.259642
71.907804
69.558592
67.312501
77.258590
69.404468
68.975774
71.324076
69.137761
76.910642
83.372369
69.577656
67.018205
72.022423
66.695518
66.957409
77.016097
69.740341
69.825740
71.768808
67.346651
67.452049
76.511856
67.237518
69.509246
72.111910
69.553703
67.303144
78.562423
67.314067
67.334460
72.408460
69.830254
69.862950
76.932621
67.411889
67.850202
72.798056
67.707823
70.958896
79.709311
68.549179
67.993861
73.016168
68.122406
68.381785
77.240750
67.613676
67.325205
72.352910
67.641230
67.674582
79.113161
67.737512
67.926839
72.850024
67.743360
68.144084
77.023602
70.295593
70.225888
72.682706
70.088643
68.020645
78.013764
69.628526
67.519384
71.864543
69.566438
75.078524
81.983591
66.914712
67.001913
72.116476
67.129160
66.924015
75.079877
69.304170
69.263892
71.432121
66.904834
67.009068
76.504852
67.102308
69.691380
72.440218
69.719662
67.701886
79.344927
67.632704
67.596182
72.642866
67.434360
67.527493
76.707842
67.458274
67.314913
72.369274
67.091013
67.445588
78.597470
67.485434
67.499447
72.342600
67.473215
67.662394
76.359626
67.003342
66.750499
71.801945
66.537600
66.636774
78.186876
66.739795
66.455591
71.438288
66.101810
66.865148
75.705539
68.701759
68.683375
71.041607
68.736340
68.917731
76.581970
69.187478
66.573855
70.803642
66.458473
76.734175
83.767564
67.818741
69.946030
72.043859
69.780682
67.565019
75.446938
69.531473
69.768577
71.507190
69.409951
67.018306
76.182336
66.691258
66.939347
71.723909
69.427824
69.811599
78.659033
67.406642
67.519992
72.371940
67.266865
67.755081
79.049925
69.966961
69.975117
72.525941
67.261158
67.719639
78.964507
67.601469
67.408177
72.161210
67.139600
67.109157
76.182292
69.248862
69.287597
71.763207
69.228283
67.000462
78.141045
66.612522
66.592801
71.463413
66.595213
67.105451
78.204564
69.166639
68.931466
71.601722
69.124222
69.548178
76.977185
69.130580
66.642575
70.946867
68.756949
76.532882
82.956346
68.770817
68.757851
71.066194
68.126234
68.571394
74.013710
68.363493
68.387775
70.300189
68.128453
65.999302
77.481426
68.128725
68.080027
71.138202
68.217829
68.218624
77.308437
68.450017
65.989105
71.050500
66.254728
66.830211
77.869096
68.650870
68.946600
71.516184
68.977954
69.335689
78.357867
67.222449
67.133591
72.015859
67.673253
69.985590
78.997252
69.718729
69.727545
74.570959
69.814827
70.132100
78.833402
70.143665
69.581946
72.014735
69.201438
69.247999
77.884176
69.204297
68.945854
71.430786
68.923903
69.334709
76.980431
69.606831
69.283870
71.621125
69.561875
77.047500
83.150193
69.462874
68.941489
71.669270
69.112990
68.825827
76.084294
68.747364
68.294156
70.222763
68.356399
68.525335
77.373419
66.525689
66.179896
71.420157
68.820039
68.897943
77.860944
69.031199
66.344923
71.150273
66.233435
66.445651
77.778063
68.862710
69.045937
71.594597
68.958573
69.090311
78.016062
66.304158
66.264919
71.418105
66.161418
68.685022
75.950119
69.054192
66.797600
71.763426
66.783638
66.759113
77.797968
69.001679
68.844956
70.956468
66.170065
66.257811
77.497637
68.194762
67.964366
70.580637
68.153835
68.103602
75.657911
68.034968
67.954716
72.238783
68.032904
75.811436
81.967493
68.155818
68.190537
72.556068
67.673878
67.709450
74.996397
67.559972
67.290767
69.476274
67.111391
67.482199
76.856910
67.414937
67.353846
69.797434
67.157630
67.565954
76.529602
65.106129
65.004560
70.047035
65.177606
67.486025
74.494372
67.523056
67.280087
69.859021
67.281453
67.309321
76.802030
67.575192
67.616608
70.078664
67.603035
67.848951
76.757819
67.811830
67.633709
70.143544
67.720266
67.868664
76.627102
67.489519
67.434146
70.115130
67.553534
67.614020
76.843807
67.891160
67.766625
72.373309
67.593250
67.723008
75.481972
67.543293
67.890080
69.656682
67.371498
75.110259
81.454085
67.464058
67.151819
69.760174
67.378052
67.608160
75.153986
67.232066
67.408669
69.417536
66.804301
67.430796
76.520193
67.341430
66.946582
72.000066
67.201505
67.216739
76.507432
67.150240
66.496734
71.653330
66.638563
66.711212
76.211560
66.805260
66.803297
69.436883
66.886386
67.619090
76.526114
67.317577
66.915497
69.623888
67.335701
67.458624
76.567034
67.498281
67.267932
69.988068
67.277986
67.306192
76.392948
64.679206
64.837457
69.512625
66.971608
67.016998
76.244911
67.520129
67.625041
72.493556
67.463168
67.350416
75.153890
67.421386
67.103652
69.540819
65.049278
75.476214
81.649971
66.868031
66.805459
69.479576
66.859532
67.149479
72.420303
64.722872
64.639013
69.365789
66.885896
67.623403
76.455760
67.671077
67.324540
72.495754
67.557857
67.641138
76.334702
64.457479
64.656713
69.859915
64.391556
66.654747
76.436203
67.311840
67.267427
69.903867
67.210955
67.214973
76.383528
64.780504
64.699075
69.899664
64.745038
66.989596
75.908834
66.410872
66.589978
69.138503
63.785709
64.438026
75.756695
66.496590
66.225228
69.312932
66.633255
66.945575
75.927545
67.000521
66.710989
69.783802
67.263449
67.379810
75.216625
67.255814
66.982059
69.520238
67.205532
75.514702
82.181585
68.041796
67.839606
70.581014
68.150000
68.344430
75.904948
68.809051
68.752830
70.881211
68.722072
69.316108
77.504433
69.133069
68.896298
71.364321
68.398485
68.578269
77.521633
68.731903
68.657272
71.282888
68.557527
69.319005
76.297437
67.366689
69.464170
72.547414
69.793182
67.675766
79.191273
68.047642
67.854513
73.101066
70.443659
70.870806
79.490402
70.777658
71.250972
74.364648
71.468660
72.049574
80.362539
71.670305
71.532750
74.430735
71.719614
71.952680
80.140389
71.772599
71.750108
76.666641
71.551918
71.358559
78.476824
71.423414
71.625524
73.814909
71.826157
79.005409
85.423068
72.245285
71.623537
74.798108
71.939577
71.644435
78.946651
71.570659
71.501717
73.719865
71.934961
72.482903
80.849219
72.632887
72.589507
75.061395
72.326158
72.307967
80.587176
72.280352
71.880675
74.669346
71.678360
71.479611
77.524650
73.950444
71.170078
76.093006
71.109090
71.256760
79.145079
70.989237
71.465929
75.714868
70.951277
71.288541
79.398659
71.235059
70.754015
75.754550
70.612429
70.987748
81.522018
71.923499
71.825452
76.540624
71.629430
71.762834
79.851189
72.071390
71.922916
76.536259
71.566438
71.780475
78.513333
71.540863
71.565263
75.647812
71.314779
77.987633
84.421650
70.972039
70.769845
72.970824
70.607952
70.586123
77.522347
70.321147
70.124949
71.883856
70.047453
70.111110
78.265167
69.778021
69.357657
72.011663
69.524978
69.573656
77.805606
69.480174
68.892536
71.325273
68.941142
69.014489
77.431399
66.598339
66.385229
71.253115
68.851223
69.364135
77.297973
68.576632
66.075493
70.736630
68.454057
68.302185
77.008152
68.324351
68.330464
70.918684
68.498660
68.693318
77.173056
66.147352
66.098121
71.329078
66.450534
68.799728
75.310432
68.658235
68.877461
71.083435
68.643438
68.940544
76.253072
68.418809
68.125516
70.636088
68.832155
76.419138
83.074533
69.058941
68.748607
71.032908
68.115387
68.038383
76.121750
66.227003
65.824157
70.320638
65.854164
65.964826
77.464817
68.337511
68.065730
71.194210
68.685893
69.077640
77.902689
69.340567
68.893155
71.983958
69.228238
69.290204
78.229681
69.176281
68.972814
73.847682
69.201881
69.574769
78.177981
69.260641
69.065484
71.759296
69.025701
69.364903
78.403079
69.670988
69.349732
74.308467
69.457129
69.381976
78.577070
69.411040
69.545685
72.159029
69.318261
69.209732
78.081829
69.246357
69.000253
71.718965
68.946137
69.106202
76.919086
68.750650
69.208404
71.025559
69.306291
77.389784
83.827483
69.714983
67.121942
71.861325
66.718365
66.932490
77.028207
67.114631
66.850046
71.482646
66.809539
67.221891
76.274818
69.327706
66.625863
71.697378
68.935698
69.680297
78.857855
67.505345
67.760727
72.604328
67.345880
67.805609
78.912535
67.483913
67.355713
72.412884
67.284233
68.095549
78.958950
67.731502
67.434974
72.101313
67.223111
67.708310
76.934696
67.243552
67.515676
72.791228
67.846996
68.206847
78.942385
67.711449
67.637697
72.269374
67.080346
67.116229
76.024375
69.273085
69.158386
71.551458
69.089320
69.119202
76.889730
68.908945
66.592921
71.380820
67.138811
74.789427
83.266633
69.320032
69.193515
71.509638
68.944904
69.160832
74.591239
66.577216
66.884028
70.967587
66.468560
66.847269
76.012689
68.855793
66.584759
71.737901
67.214646
67.262071
78.300521
67.401015
67.505032
72.290759
67.506254
67.526930
76.347698
67.228825
67.179633
71.703826
66.663817
66.979989
78.299764
67.108634
66.863993
72.013694
67.326286
67.226361
76.416201
67.175492
67.199581
72.481352
67.449789
67.564470
79.021876
67.892809
67.747420
72.652055
67.542396
68.138019
76.875440
70.132503
70.064293
72.662200
67.900982
67.749538
78.055023
68.056095
68.328636
72.594210
68.475193
75.866238
82.883636
68.345913
68.302944
73.370810
68.193868
68.114203
75.926136
70.378294
70.457884
72.510768
68.010686
68.526633
79.458219
70.760588
70.907635
73.801881
71.449218
69.214266
80.004064
71.397147
70.773806
73.180623
70.688080
73.654942
79.935293
73.627266
74.152796
79.035073
73.841692
72.746506
81.518908
72.256613
71.676781
74.117382
73.077143
73.322846
81.541805
75.886345
73.852086
79.617980
74.655265
74.043176
81.935535
73.035557
73.666725
77.770574
72.659073
74.051752
80.135509
74.515019
74.994130
80.581636
75.536173
75.995841
82.645392
76.308796
77.121313
79.161732
76.081770
82.622055
89.602266
76.140959
76.664419
82.434470
76.412469
76.177689
83.434578
76.538601
75.928234
82.060154
77.481457
78.247477
87.275097
81.928451
81.984799
84.164245
78.487717
78.599423
86.723328
81.285450
81.119710
83.899088
81.032402
80.772500
86.612872
81.081392
81.748193
86.276540
81.041934
83.589209
87.283525
81.765210
82.042390
83.805956
80.992871
81.027406
88.040159
81.479353
80.718451
83.120449
80.069767
80.860555
87.317209
80.670267
80.547448
83.235144
82.051655
82.234367
85.966401
81.374759
81.435469
83.518647
80.967952
80.901709
85.307598
82.991570
83.034072
85.413377
84.251822
86.501103
93.214281
85.095564
85.692076
89.317425
85.219041
84.699661
87.721158
84.819753
84.681289
87.318551
84.248620
84.669291
88.358503
85.805911
86.439210
88.354980
86.639400
87.014857
90.529616
87.182768
86.702073
89.301132
86.603399
86.331521
89.751367
85.045469
85.039579
89.641848
85.854792
85.966328
92.323831
84.781659
84.609309
88.634327
82.328080
81.449862
89.330574
81.429851
81.616497
86.762313
81.685293
84.845545
87.371963
83.946706
84.619699
87.205893
85.173025
85.101450
91.558380
86.854948
87.519496
90.531827
87.518925
87.005720
90.973778
86.987360
87.326550
89.543022
87.625110
91.788648
96.626260
87.788336
87.496704
91.530540
86.404062
86.151211
89.091271
87.364749
87.797496
89.530123
86.116683
86.780457
93.259974
87.086507
86.900406
91.289900
87.531489
87.304385
92.805415
87.718427
87.758397
90.157331
87.781944
88.037242
92.142156
87.793947
86.929585
88.730888
86.464783
86.440478
90.344085
85.709775
85.746518
89.886620
85.517911
87.784894
90.116639
87.568688
87.130477
89.133667
86.948734
87.017407
90.260611
86.746892
86.866524
89.669702
87.981813
88.397359
90.423460
86.030781
86.737848
90.017503
87.108941
86.677458
88.828824
88.002768
88.479245
89.844229
89.512042
90.287816
92.762840
88.399188
88.285107
91.668699
90.559787
90.889776
91.289492
91.818261
90.952053
91.638067
89.931353
90.031927
90.700950
89.805821
88.258084
89.235086
87.315866
87.720842
88.793389
89.062246
88.539775
91.156596
89.055073
89.939451
88.906936
88.936061
88.953498
92.675956
89.795232
91.397585
92.592341
92.505395
94.552299
96.109722
95.337943
95.745275
97.328942
96.094466
95.132976
96.828179
96.200887
96.776407
97.458198
95.782039
96.118503
98.948379
97.599774
97.247683
98.925728
97.221579
96.255471
97.233480
94.863003
95.433596
96.702433
96.010359
95.028633
97.122840
96.184855
99.144173
100.000000
100.000000
100.000000
100.000000
98.871785
96.299299
96.876805
97.650016
96.945424
96.805707
94.581446
93.942865
94.555828
93.841320
93.173723
92.198717
88.308500
87.821485
86.709062
86.162608
85.924500
89.346448
87.587943
85.246432
84.491650
86.811352
85.355821
87.305684
84.492741
84.727061
86.085112
81.175359
83.994766
86.299549
82.063082
80.011036
87.403534
80.193261
77.272526
81.808730
77.542741
77.121715
84.640506
76.861006
76.737887
79.563113
76.847884
77.388746
82.779277
76.783009
76.498235
81.574071
77.033155
74.700209
81.981111
77.283510
77.126214
79.162294
77.040755
81.958577
87.578188
76.776830
76.499598
79.198566
73.675221
73.568637
79.886791
75.085427
74.639404
76.124568
74.221777
74.430533
79.323609
74.541164
74.815778
78.185070
75.090555
74.967715
81.129544
71.531735
71.468193
76.742820
70.974209
71.168117
79.989647
73.878310
72.807392
75.995384
70.785116
70.855562
79.556960
71.060420
71.218058
78.620626
71.006223
72.928082
78.184514
73.387272
73.518172
76.418530
73.701419
73.657491
79.977220
73.737481
73.431279
76.279041
73.515485
73.502383
79.712860
73.183250
73.813069
78.340925
71.088288
70.483665
75.828986
72.978824
72.903737
75.135314
73.079700
77.787286
83.942039
73.956911
73.861304
76.354241
73.436670
73.515523
78.791728
73.850883
73.415640
75.388698
73.424130
73.809461
80.361937
74.188272
74.226812
77.187552
74.269875
74.343785
80.264642
74.097085
74.085733
77.197452
74.016960
74.420934
80.921285
75.346450
74.777109
78.457754
74.957091
75.619627
81.723435
76.330928
76.012198
79.119376
76.065180
76.636040
81.923760
77.734724
77.316666
81.019761
77.842095
78.150391
82.337974
78.178859
77.809858
80.546892
77.233750
77.088590
82.405784
77.561928
77.479447
82.674224
77.687876
77.602317
81.405131
77.613599
77.654299
81.628287
77.798781
81.398861
87.460993
78.832306
78.228494
81.273249
78.457005
78.427086
82.609030
78.222465
78.059397
80.477822
78.905707
79.066422
84.431426
79.570161
78.735432
83.708516
79.039597
79.470773
83.948448
79.353670
79.014280
81.891625
78.935186
79.108316
83.973760
78.641616
79.336327
83.824670
79.178507
76.821307
85.657476
77.428644
76.888843
81.705697
76.172705
78.463245
82.233221
78.606817
76.609121
81.625420
76.293685
78.875226
83.984363
78.824207
78.227542
81.326152
79.037224
78.454089
82.450049
76.368761
76.107785
81.140004
76.321327
75.890571
81.897497
75.949558
75.953073
79.781037
76.111904
80.588879
86.324502
76.728208
76.113101
79.193911
76.323303
76.151244
80.900491
75.913635
76.255208
78.301566
76.396564
76.581396
82.575109
76.796627
76.626303
79.849573
76.640010
77.519324
82.880644
77.867606
77.815368
80.728442
78.323846
78.405013
84.047215
78.574619
78.273621
81.267908
76.186446
76.238336
83.989687
78.027788
77.746678
80.397958
77.579277
77.883222
83.499654
77.809897
77.423303
80.483947
78.092916
78.447825
84.321198
78.378210
77.973882
80.590487
77.933991
78.031444
84.099770
76.413711
75.993155
81.387206
76.181185
75.889769
81.695378
77.919406
78.079924
79.986449
78.228482
80.568644
88.200953
79.556255
79.030862
81.429590
78.337418
78.181976
80.792392
78.694120
78.448638
80.186003
78.208309
78.431213
84.299709
80.496782
80.128337
82.877936
78.373248
79.218398
84.662523
78.988939
79.045996
83.060044
78.699143
78.703673
84.388409
78.773021
78.048092
80.545438
77.508261
77.706022
83.445277
77.926610
77.406322
80.202262
77.614478
77.823406
83.909423
77.855577
77.988313
81.728636
77.337416
77.581295
83.174334
77.635139
77.608810
82.056463
79.367740
79.200618
83.081012
79.221280
79.007298
82.178216
79.285188
79.327009
82.704703
79.240622
78.919243
80.546481
78.601364
82.118630
87.189464
79.296659
79.159072
81.687694
78.737510
78.780593
80.947277
78.861018
78.645144
78.687441
78.868142
78.860267
83.060097
78.922765
78.722497
79.471123
78.471202
78.514738
81.638331
78.751050
78.430851
81.355713
78.963792
78.866999
83.251515
78.915339
78.682587
81.441086
78.815376
78.979637
82.197369
78.966928
79.032223
81.677672
78.994842
79.351510
83.727611
79.741713
79.582634
82.314893
79.602326
79.681258
83.679615
77.737156
77.624587
81.890382
79.594814
80.037241
83.583491
79.847252
79.876516
82.344728
79.608444
79.242136
81.365199
79.359143
78.819270
82.581671
79.047379
82.587372
87.630553
79.411310
79.243564
81.452732
78.608678
78.527369
79.706511
78.214137
78.055592
80.274083
78.171883
78.619887
82.750412
78.653298
78.032343
79.091829
78.325659
78.330416
81.274318
78.492299
78.319428
81.194213
78.468051
78.670874
81.904154
78.707089
79.108530
79.917091
79.166008
79.141756
82.444367
77.625288
77.343459
80.185593
77.049548
77.322685
82.013448
79.153146
77.102615
80.084491
77.394900
77.307356
81.929194
77.173431
77.039454
79.702672
77.268478
79.126793
81.766942
79.191277
79.358333
82.224247
79.251481
79.186255
81.687054
79.193615
79.174163
80.925447
79.339421
81.593507
88.482059
77.835017
77.525846
79.940502
76.892893
76.530768
80.478320
76.750445
76.413184
78.482692
76.820172
77.314628
81.658462
79.039555
79.059702
80.111856
77.240203
77.068467
81.396035
76.474456
76.584304
78.967370
78.289460
78.673997
81.424929
76.606145
76.439404
79.092123
76.357824
76.303240
82.745522
76.679103
76.621162
79.586835
76.660888
78.560540
83.230346
76.631040
76.456915
79.491211
76.840164
76.861722
82.876169
76.883776
76.874861
79.703679
76.678559
78.912957
82.587637
76.362946
78.532619
81.394153
78.472530
78.485702
81.430107
76.599090
76.706230
80.488637
76.654863
81.090732
87.522214
77.120779
77.098977
81.332160
75.922391
76.320505
80.587052
76.374893
76.410210
78.337179
76.283435
76.447970
82.610331
76.512698
76.552589
80.091212
77.479634
77.519652
82.749839
79.371490
79.007032
85.976116
82.873686
83.951439
87.023890
83.783449
84.405862
88.001972
85.705234
88.338527
91.423329
88.079689
87.643631
91.719221
89.381792
90.856800
92.951268
89.431257
89.665550
92.899095
88.217419
90.729335
93.294639
88.919413
90.030217
90.925451
88.593513
85.775778
91.549923
88.183087
89.201282
90.016096
90.271737
91.064651
92.649354
90.982857
92.883770
91.844876
92.410173
91.025058
95.600135
93.241731
92.590877
93.256510
91.669716
91.781022
91.259559
91.309646
91.364783
92.310923
91.483137
91.548505
92.767551
91.885764
93.188225
94.756580
92.882913
93.520986
93.748963
94.405626
94.324790
96.112785
94.282541
93.845490
93.493687
94.765761
95.240165
97.225719
95.124664
95.014302
94.191073
95.437879
94.722135
94.220085
93.201264
93.009242
91.216642
92.628874
92.627853
93.921570
92.681805
92.811910
91.586387
92.393583
92.636084
93.487807
93.004488
93.725916
93.544647
94.081101
94.600830
95.901468
94.836353
94.865774
94.186732
94.901842
94.801326
96.997296
94.806379
94.132366
94.811654
93.090830
92.446537
93.252734
93.090915
92.960953
91.499298
90.099877
90.839608
90.085891
88.967472
87.262877
91.774462
85.826500
83.629291
89.869903
81.781757
79.708949
88.268826
77.774353
77.424688
79.863200
75.291233
75.279150
80.137642
75.682836
75.553443
77.925814
75.362724
75.165831
81.283891
77.477771
76.855772
79.543240
74.989635
75.362047
81.656267
76.105794
76.054291
79.192078
76.081138
76.617361
82.044870
76.457472
76.249674
78.485455
76.288669
76.905997
82.389013
76.748625
76.380407
79.025299
75.930257
75.537394
79.743892
72.741169
75.026365
77.610805
75.596858
80.484868
86.270735
76.429450
76.079938
81.462639
76.483809
77.229784
82.331128
74.853793
74.853293
78.901739
74.630711
77.002062
82.612887
74.366089
76.534823
78.629023
75.894358
76.270640
82.357951
76.675219
76.679954
79.073077
76.874764
77.237143
82.994689
77.422518
77.636786
79.798099
76.818216
74.469974
83.289237
74.264207
74.065446
79.023513
76.195958
73.680300
80.191287
75.533663
72.824911
77.670797
72.876692
71.921928
80.461130
71.119647
71.091195
76.117849
70.716981
73.193152
79.251845
73.765872
73.893084
76.428151
71.606457
71.547314
79.104175
73.355000
73.233181
75.763040
70.738290
77.326910
83.364899
71.525695
71.255096
76.499826
74.021771
74.285394
77.034685
71.029892
70.975190
75.703543
71.142288
72.056051
80.801803
73.706437
73.857667
76.572736
74.265581
74.463126
80.591256
74.657846
74.729933
77.363484
75.137651
75.141931
80.941436
74.541832
74.848573
77.268766
72.164696
71.856246
79.926069
74.029247
74.378708
76.570997
73.738092
74.260346
78.512239
73.925523
71.663333
76.278722
71.519967
71.344972
80.425046
73.941905
73.666129
76.351213
71.668554
72.303750
80.683992
74.352992
74.216490
76.442549
74.105423
71.492576
79.625018
71.299014
70.731999
75.651086
70.898445
77.240722
83.165317
74.197984
71.574944
77.184312
71.937236
71.801341
77.082352
71.759268
71.258420
75.747151
71.451341
71.540759
80.206813
71.609394
73.762885
74.036447
71.470021
74.356426
78.605175
71.432209
71.578051
76.660651
71.806105
72.218672
80.840826
72.211445
71.677241
76.630191
71.152072
71.016292
79.430643
74.020793
73.423344
82.583706
76.981884
76.117393
83.828662
78.155311
76.394972
79.557413
76.368431
73.860818
81.668809
76.952981
75.869938
80.622900
77.571539
78.429592
84.641942
80.694962
80.323647
80.904667
80.634243
80.027968
82.633067
79.614578
76.941303
81.264624
77.395890
84.792030
90.036828
82.453093
81.137424
83.403050
79.905545
80.479266
84.163836
81.577543
81.848759
84.058769
81.926897
82.095222
85.676384
81.699357
83.899505
85.033977
85.975382
85.705699
87.344919
85.124213
84.701496
87.608494
84.908582
85.089043
88.591424
85.336500
84.376043
87.095825
83.825670
83.455607
88.395947
84.224416
85.365628
87.366519
84.397915
84.736758
88.955077
84.063226
83.816175
89.831746
85.836506
84.694636
89.079798
85.337635
86.108904
89.606277
85.489736
86.411876
88.317227
84.216962
86.034393
88.175166
87.185978
87.742558
91.170971
89.214313
89.858684
91.178039
89.982816
95.776624
