86.754449
83.612147
83.775832
87.074016
81.110063
81.114269
84.386523
79.124262
79.063519
81.134089
79.291710
79.121505
84.114288
79.250481
79.146381
79.627992
79.371094
79.545779
82.934960
77.308217
77.394978
79.747701
77.424005
77.380829
82.700413
77.291120
77.101696
79.838640
77.143541
77.623254
83.033933
77.481574
77.453808
80.301754
77.759448
77.909339
83.247705
77.830250
77.529023
80.697188
77.705864
77.693558
83.526732
75.621119
75.371485
78.293496
77.712322
77.868687
83.320574
75.297775
74.904571
77.533561
74.525331
74.691185
81.590762
74.697857
74.817233
79.391744
75.128650
81.739278
87.262654
74.665454
74.645882
79.642862
74.485266
74.410085
81.245931
74.053167
74.178123
78.756642
73.866539
74.093799
81.732244
76.061085
75.904495
79.006536
73.632978
73.745460
83.863055
74.218620
76.731846
79.467699
76.618684
76.866528
82.481950
74.219531
74.172926
79.526350
73.912341
74.074883
82.171669
73.911758
73.873499
79.341626
73.944871
73.793656
81.863014
73.469047
73.662501
79.008771
73.563583
73.526312
81.616071
73.458443
73.508651
78.661392
73.511201
73.463051
81.492623
73.616200
73.709841
78.929834
73.736402
74.046381
80.571652
73.949915
73.958552
78.730916
74.086654
81.334714
87.155066
74.591135
74.771105
79.849076
74.745859
74.868721
81.726266
74.932788
74.939774
76.788668
75.040522
74.779690
82.738321
74.803347
74.780311
77.178968
74.582775
74.613133
82.571960
74.428104
74.560310
79.439301
74.658539
74.688531
82.382019
74.623800
74.592465
79.588215
74.234764
76.807872
81.732495
74.196950
73.664654
78.855865
73.454149
73.424930
82.676675
75.398922
75.028570
77.673409
72.456479
73.051376
82.468143
73.055238
75.592226
78.236092
73.136203
73.336605
81.413780
73.317368
73.280037
78.425234
73.343609
73.515320
80.354538
73.563643
73.561381
78.094686
73.907474
80.714145
86.640995
74.529403
74.733068
79.357687
74.299780
74.243838
80.653015
76.882016
76.603072
78.502857
74.186035
74.642932
81.784471
76.519457
76.670863
79.057982
76.500033
76.294775
81.768845
76.588948
76.227279
79.384429
76.851823
76.804996
83.507035
76.325332
76.102271
78.816754
76.019047
76.326780
82.992560
75.834663
75.483555
78.182164
75.735444
75.908087
83.097110
75.915261
75.740035
78.468153
75.946497
76.126126
82.843851
75.500601
75.515926
78.221235
75.632242
75.734508
82.925068
73.746514
73.601597
78.628361
73.833144
76.094713
82.360712
76.266050
73.687135
77.612797
72.627771
80.979471
85.036405
74.927457
74.644415
77.370698
74.726984
72.743870
79.367636
75.233255
72.963327
77.300281
75.442912
75.592834
81.331419
73.708857
73.556818
78.649692
73.398909
73.853348
83.442881
73.915094
73.516805
78.649743
73.703655
74.130267
82.289270
74.083179
74.171193
79.491368
74.375467
74.667431
83.949522
74.555185
74.546837
79.370133
74.264655
74.808261
82.532653
77.487892
77.000059
79.860687
77.295960
77.411604
82.591236
76.980659
76.487657
79.237764
76.502163
76.550300
83.325715
76.039184
76.054874
78.347248
75.926734
75.772439
81.909460
75.770378
75.697080
77.584047
75.472091
81.595573
87.096027
73.308810
73.090857
78.189837
73.347444
73.395438
81.547311
73.087346
73.267280
77.690555
73.170240
73.286449
80.534265
85.775294
86.714802
88.503544
88.007837
85.571121
89.037921
88.014110
85.958327
87.365123
86.713710
86.529680
89.306906
89.506953
90.161320
90.671107
91.606905
91.101419
93.804673
93.210784
93.738226
94.633554
95.076692
94.864551
96.697123
96.345430
96.982496
96.947946
96.139826
95.755398
96.890937
96.657962
96.440418
97.468827
97.307088
97.592332
97.318509
97.243023
96.041352
98.683120
97.862991
97.999063
98.893128
98.411127
97.831852
99.460498
97.670343
99.009325
100.000000
94.429136
93.194774
97.696652
92.679864
93.153375
97.232463
91.131691
91.785292
95.353415
92.477486
91.995098
95.966147
90.434057
90.458368
94.717926
90.913913
90.421122
96.002250
91.098524
90.515883
94.701881
89.816913
91.764224
94.768935
91.572919
91.617750
93.653150
90.970135
90.274076
93.291099
91.294931
90.034266
92.981436
90.191190
90.231353
93.841863
91.451259
91.710401
93.809899
92.151717
92.521818
94.537736
89.575896
88.910099
94.086694
90.036689
89.713082
93.452658
87.614542
87.502585
92.271259
87.798722
88.932968
92.226111
88.342016
88.382915
92.477037
88.233854
92.133308
96.616943
90.994869
90.529584
93.050114
89.824082
89.426917
90.666354
89.519726
89.730594
91.644242
88.896596
88.710092
91.968899
89.206752
89.148784
91.692924
90.071588
88.973528
91.632203
89.669431
90.476303
95.330332
90.603741
90.453333
92.155087
89.040131
88.943202
91.760259
89.123019
89.701560
92.484336
89.901267
88.673288
92.785142
88.606533
89.947919
92.730636
90.104341
89.129501
92.709044
87.838133
88.144795
89.942413
86.898541
86.879324
90.969427
86.761235
87.081418
88.632714
86.892249
85.196316
90.082594
85.372127
85.512279
86.882426
87.178640
87.120508
90.232524
89.068189
87.603085
93.884724
88.163305
88.929412
89.826457
87.203574
87.460862
87.887664
87.337248
86.980990
89.375232
87.977107
87.492503
89.947401
87.676232
88.817357
91.477344
88.608495
88.319327
90.085868
88.859101
88.151395
90.164655
87.873825
87.195061
89.943077
89.750861
90.289396
91.946422
88.204318
87.591914
88.954753
87.403395
87.982171
91.641712
88.505290
88.593538
90.116981
89.971166
90.540770
93.988588
90.938369
90.715391
91.695415
88.473995
88.437011
91.981715
87.492220
87.216323
91.645041
87.598447
87.664793
91.960910
88.031151
88.404348
90.476945
88.419777
88.802338
92.657373
88.578989
89.513750
94.585736
88.518804
88.910160
93.871509
90.037533
90.275550
92.193056
89.648033
89.285045
91.402637
89.195955
89.124764
92.690056
90.338928
90.354727
92.993790
91.379428
91.210995
94.391500
89.233346
88.683730
92.318658
88.544268
90.262694
93.260171
88.515718
89.070090
94.258107
89.803084
89.634469
95.222141
88.956390
88.147863
90.919379
87.931255
88.029768
91.916295
86.178402
87.427348
89.741883
85.217805
84.905831
91.088860
85.529053
85.180609
89.578542
84.861884
84.998961
89.707444
84.565325
83.754805
88.829429
83.980290
83.921900
88.161992
83.900837
85.031364
89.478701
85.548874
90.149702
95.225823
85.625940
85.432453
90.726491
85.931042
86.272760
89.277966
85.776243
87.292827
88.883816
87.139591
86.657873
88.863341
86.051867
86.198134
88.300430
85.679560
83.620227
90.033811
85.779577
85.590408
87.997441
84.976300
85.064097
88.686090
85.430469
85.264081
88.035516
85.512319
86.074470
89.683903
84.841481
84.188459
86.581386
84.005446
84.289921
88.146972
84.007175
83.861540
85.855057
83.571285
85.927398
87.077580
85.145390
83.017272
87.911225
83.042098
83.635183
87.909449
85.908979
85.903224
88.577952
85.782559
85.565264
87.604159
86.286139
86.056228
88.611246
87.113311
88.761221
92.926480
86.863615
86.175167
88.829470
86.282837
86.105686
88.623993
86.451307
87.699374
90.143964
88.232735
85.873376
90.602316
85.753913
85.584395
88.042661
86.297819
86.241436
90.697591
87.363621
87.676471
90.001070
87.522342
87.564583
91.833815
87.816006
88.609373
90.739613
88.189976
87.226628
91.271023
87.538826
87.756674
90.772476
88.295608
87.153968
91.182173
87.572836
86.995016
90.123755
87.669294
88.048953
91.425697
87.211780
86.458632
91.399519
86.763528
87.156539
90.715815
87.690544
87.773842
92.994007
90.790544
90.909952
92.612794
91.895604
92.599698
94.203903
92.049953
93.030121
97.682003
92.446796
92.673453
96.261686
94.077962
93.830589
93.888384
91.560707
91.606560
96.074388
92.728873
91.802995
95.953110
91.184413
90.616056
94.579672
90.294941
90.033604
93.235266
89.924146
90.424580
92.748299
90.328663
90.610023
94.161461
90.609777
89.734950
92.679526
90.311388
91.082136
95.134558
93.082149
94.672081
96.709089
94.982527
94.825647
95.984960
94.774691
95.883660
97.786377
96.272204
95.580756
95.534413
94.735795
94.413935
95.610932
94.674998
95.765381
96.478936
94.663917
94.136792
95.524095
93.949087
93.621248
93.217464
93.918256
94.827559
96.870249
93.861113
92.972394
96.540984
92.064330
93.258370
95.821288
91.927531
92.102313
91.580696
91.526005
91.709799
94.568154
92.012134
92.094797
93.520651
93.283898
93.611970
95.630075
94.201302
94.714216
96.293084
95.718326
95.605383
97.426438
95.981626
95.225192
96.892756
95.811559
95.162109
97.392773
96.201952
97.261484
98.157995
96.778951
97.276248
99.038339
97.144410
97.218209
98.780632
98.420800
97.665623
99.030392
97.573084
96.797608
98.606353
98.713837
98.565156
100.000000
98.987748
99.066590
99.484530
98.214370
98.390180
100.000000
97.380866
96.062560
96.743217
95.866094
95.244519
98.167893
94.748536
95.470575
99.108060
94.588156
94.632317
98.060298
94.516157
94.417463
96.177942
95.766065
95.042473
97.461626
95.224559
95.596815
97.066575
95.053173
95.177276
96.570348
94.415357
94.278434
96.657720
94.315920
95.140787
98.168748
96.830156
97.224693
100.000000
98.900517
98.269358
100.000000
99.343897
98.657422
99.281653
96.535758
96.689722
98.489369
95.882432
96.045610
98.292436
97.371981
97.231795
98.732120
97.548174
97.288677
98.056235
98.158568
98.538960
99.235876
98.040892
97.033010
96.792896
97.869906
97.925313
97.836555
96.447513
96.916111
96.222990
98.489751
98.858511
98.623627
98.686529
96.952812
98.576192
98.105261
98.505747
99.898424
99.585837
98.772329
99.024548
99.161298
98.507215
98.462529
99.846754
98.593322
97.557012
97.955885
97.112732
100.000000
98.988273
99.058010
98.917408
98.611331
97.957761
100.000000
97.546272
97.449951
97.845752
97.651416
96.877324
98.348953
96.124445
96.078401
94.739415
96.192270
96.980120
98.007816
95.957210
95.904974
94.199775
95.727397
96.189746
98.305603
96.345813
97.193880
95.653811
95.643194
95.743974
97.493452
96.085377
96.587405
95.225226
96.699612
96.630117
98.726301
97.930809
97.785748
97.450427
97.823752
97.687225
98.362783
97.941675
96.014780
97.647695
97.889541
97.827682
99.491310
99.262926
99.522862
97.241042
98.516958
98.762866
100.000000
99.098029
98.086261
98.143038
99.055213
99.001967
99.848794
98.673884
98.420153
99.042277
98.615274
98.114271
99.387442
98.051349
98.234611
98.245141
98.614981
98.282027
99.952491
97.710752
97.832124
97.204179
96.794226
96.718877
98.830674
96.977385
98.036997
96.952476
98.165534
97.638889
99.896196
98.304183
99.904141
100.000000
100.000000
99.666308
100.000000
99.846207
99.755851
100.000000
89.180911
88.031670
80.688008
80.171935
80.203399
81.626741
80.172166
80.310847
82.792418
78.288899
83.684563
88.886057
78.468056
76.098467
80.896628
75.981328
75.946925
84.053849
76.209683
76.166412
78.354738
75.842805
75.979784
83.443701
73.454577
73.018971
78.741655
73.372188
73.404722
83.637020
73.799741
73.508510
78.755117
73.314845
73.499888
83.680662
73.583483
73.407301
76.429041
73.547106
73.214684
81.630671
73.648354
73.455369
76.640016
73.680798
73.575917
82.064077
73.690418
73.789641
76.676915
74.160946
74.162925
82.469522
74.571005
74.426541
76.989310
74.417779
74.378284
82.261135
74.087275
74.470373
77.282840
74.349104
74.180895
81.013999
73.974907
74.144360
76.374965
73.935526
80.926171
86.995484
73.791213
73.876844
76.999861
73.975843
73.989894
81.049452
74.084706
73.879877
76.271205
74.051401
73.912803
82.358875
73.956540
74.062218
77.039494
74.164480
74.059826
82.338032
74.233707
73.890997
77.062868
74.277731
74.338200
82.159873
74.186084
74.055201
76.743477
73.887885
74.050180
82.150942
73.983352
74.222991
77.037616
74.320927
74.735979
82.703703
74.576185
74.462983
77.402959
74.652504
74.551561
82.439422
74.377183
74.599155
77.189407
74.131918
74.430462
82.108974
74.516514
74.312068
76.973713
74.103196
74.058354
81.484878
74.139800
74.371584
76.528456
74.324018
81.486655
87.142054
74.420521
74.328384
77.211150
74.152311
74.242946
80.939481
74.134172
74.097958
76.777767
74.146317
74.209903
82.353889
74.173621
74.326065
77.172845
74.261341
74.352152
82.571843
74.398342
73.890114
76.618156
73.814620
73.937008
82.117917
73.771238
73.930834
76.722150
73.890373
73.988625
82.147165
74.098188
73.693460
76.663366
74.086856
74.194439
82.233702
73.837018
73.982696
79.007898
73.939785
73.854111
81.989560
74.006499
74.106438
79.294181
73.981803
74.159180
82.095868
74.214007
73.975996
79.281788
74.267979
74.271289
81.175519
74.164970
73.906263
78.370341
73.810127
80.507602
85.996885
73.303263
72.930167
77.916429
72.445868
72.393598
79.464183
74.647946
74.556129
77.124473
71.981166
72.042543
80.728771
72.712057
72.440868
77.845656
72.694087
73.116069
81.113970
72.875200
72.927036
77.975446
73.080130
73.170787
81.427645
73.244691
73.047513
78.378324
73.203282
73.187151
81.573002
73.390186
73.414552
78.237457
73.225236
73.405901
81.752483
73.459001
73.613562
78.661587
73.400164
73.626142
81.773017
73.255222
73.510564
78.433578
73.541985
73.513397
81.417842
73.188645
72.989475
78.024472
73.044552
73.106903
80.250076
73.319752
73.046801
77.848097
73.472779
80.410208
86.246014
73.499691
73.085205
78.047023
73.324669
73.419756
80.400168
73.483916
73.059609
75.480337
73.002234
73.429714
81.545853
73.369176
73.439298
76.338057
73.555643
73.900278
82.292224
74.307370
74.263467
76.999754
74.175493
74.470508
82.449136
74.280379
74.328355
79.438302
73.805046
74.033215
81.887176
73.861778
74.109107
76.773417
73.774803
73.828196
82.084896
73.568661
73.901870
76.842453
73.936645
74.390338
82.613020
74.751431
74.942661
78.111528
75.424649
75.661255
83.520212
75.606529
75.254102
78.349860
75.381670
75.549732
82.397191
75.235323
75.525680
77.906741
75.561456
82.748922
88.593287
75.511859
75.492221
78.715351
73.226776
75.721405
82.865346
75.998496
75.956524
78.216276
75.870850
75.885379
81.946044
75.906951
75.876235
78.759801
75.968655
76.215943
84.243024
76.524798
76.445469
79.476352
77.183520
77.302301
84.859360
76.586494
76.450309
79.403965
77.025873
77.314332
85.114012
75.081560
75.316906
80.042357
75.288896
75.023384
84.871035
76.921945
76.880174
79.862093
77.141091
77.182844
84.767694
74.801351
74.656617
79.606101
74.547924
74.957648
84.628563
74.906120
74.764000
79.708255
74.624323
74.690598
81.596892
74.439790
74.371963
78.728784
76.354709
81.310409
87.764643
76.886000
76.865887
79.486932
74.679850
74.879190
83.002973
76.333097
76.145767
78.480889
76.239065
76.332639
81.950236
76.055484
75.748375
78.180150
75.445679
75.231601
82.888309
75.239926
74.916074
77.576653
74.840483
74.807926
82.279958
74.547603
74.414537
77.139704
74.179378
74.318534
81.927972
74.113845
74.051956
77.081728
73.944175
74.316509
82.112985
73.974726
73.703602
76.515032
73.289289
73.646236
81.826787
73.790979
73.493821
76.373368
73.689043
73.821222
81.632002
73.452464
73.446660
76.281198
73.564244
73.637158
80.150873
73.470278
73.579495
78.184842
74.020950
80.971889
86.968871
74.230366
74.390686
79.497615
74.457177
74.700508
81.282065
74.689639
74.447623
76.465282
74.450084
74.476030
82.320600
74.429593
74.436775
79.368411
74.514177
74.470029
82.291933
74.142219
74.472058
76.966286
74.357191
74.458314
82.306311
74.093700
73.818807
78.850360
74.116710
73.971345
82.123863
74.002632
74.221873
79.362851
74.335667
74.422263
82.523811
74.642824
74.583909
79.640908
74.565102
74.733608
82.693666
74.242926
74.345345
77.379832
74.548079
74.510540
82.769644
74.850153
74.692747
79.314819
74.485867
74.644963
81.303117
74.146086
73.980653
78.684766
74.192459
80.965047
87.033721
74.334761
74.269468
79.356262
74.216212
74.255829
81.132494
74.614231
74.719733
77.026804
74.642947
74.837827
82.763136
74.602217
74.465597
77.137192
74.717368
74.421456
82.550072
74.556580
74.702445
77.625315
74.702160
74.748734
82.997596
74.992150
74.885544
78.050684
75.040252
75.578731
83.459369
75.703755
75.347935
78.062943
75.115521
75.691636
83.413538
75.017363
74.947572
77.696074
74.706102
74.882961
83.090075
75.202337
75.086438
78.025679
75.062209
75.376588
83.206452
75.063197
75.083712
77.821990
75.189017
75.228467
82.262489
74.927357
74.929232
77.141588
74.600343
81.700875
87.590550
74.508276
74.493974
77.319734
74.468384
74.404644
81.530153
72.018228
72.033409
76.724293
72.116544
74.413580
82.911846
74.533578
74.488136
77.624088
74.654456
74.951781
83.320630
72.675171
72.730889
77.742029
72.623852
72.604712
83.012496
74.712142
74.623876
77.648038
74.413860
74.628682
82.637280
74.724108
74.905735
77.513891
74.610386
74.778093
82.709256
74.499607
74.145685
76.938277
73.799599
73.842679
82.164433
74.056268
73.874979
76.672072
73.781026
74.143463
81.999405
73.817269
73.673117
76.381690
71.327367
71.681061
80.672306
73.978730
73.898525
76.017753
73.880314
79.079577
85.494109
74.378116
72.597372
76.942189
74.548183
74.593866
81.649414
74.436548
74.609458
76.754392
74.390627
74.235737
82.237801
74.181513
74.058917
76.991720
74.447104
74.557732
82.607681
74.601921
74.603065
77.482762
74.639747
74.947403
83.003105
74.886365
74.838538
77.665870
74.673142
72.600210
82.976821
72.313918
72.348656
77.316201
74.306088
74.247919
80.498692
74.094399
74.146722
76.910002
74.039246
74.114569
82.133130
71.767749
73.767512
76.590586
71.494778
72.159160
82.117371
73.985385
73.999214
76.746503
74.092513
74.249159
81.010050
73.935429
73.654051
75.774689
73.813465
80.632079
86.404309
73.634915
73.582147
76.221000
73.114450
73.205798
80.222338
73.406519
73.339676
75.207742
72.966017
73.175537
81.274146
73.086721
72.978397
76.014050
73.171557
73.320993
81.314044
73.242844
73.178294
76.035011
73.505129
73.714818
81.881147
73.523794
73.741696
76.636801
73.894968
74.278719
82.236574
74.387369
74.145031
77.108840
74.465756
74.742339
82.827069
74.604606
74.438240
77.420309
74.462296
74.819041
82.740052
74.655354
74.321232
76.939247
74.171559
73.969351
81.808188
73.861821
73.732398
78.683141
73.690942
73.976859
81.050547
74.100900
74.042959
78.728622
74.327164
80.831286
86.726378
74.113001
73.915320
78.747824
73.698226
73.590477
80.141585
73.551320
73.334047
77.757016
73.272667
73.453442
81.326821
73.448031
73.359840
78.673990
73.420297
73.684024
81.593627
73.745664
73.394282
76.380983
73.520978
73.559926
81.685083
73.642422
73.757298
76.606903
73.804730
73.788438
81.778514
73.713264
73.565390
76.501504
73.452391
73.562886
82.040171
73.987508
73.920844
76.795042
73.942750
73.853766
81.831785
73.864230
73.542065
76.017464
73.217584
73.163999
81.369975
72.816075
72.880402
75.567227
72.716175
72.790408
79.659646
72.742003
72.626585
77.144402
72.948528
79.920020
85.739519
72.980066
73.108896
77.672916
72.574223
72.266080
79.274746
72.204745
72.304684
76.783904
72.196339
72.274230
80.683697
72.351281
72.459803
77.286935
72.142991
72.576345
80.650076
72.499769
72.274922
75.050568
72.272822
72.515273
80.693065
72.222637
72.163695
74.974035
72.109247
72.216962
80.702206
72.265982
72.471184
77.455937
72.579465
72.711292
80.846585
72.635064
72.708319
77.557127
72.663495
72.580838
80.574571
72.388338
72.390238
77.496486
72.348402
72.693969
80.814789
72.707783
72.612573
77.542781
72.412969
72.409988
81.463144
72.636488
72.559164
77.193699
72.547834
79.337368
85.126452
72.254371
72.164034
77.206951
72.191826
72.478854
79.270779
72.154807
72.204528
76.838946
71.654748
72.028843
80.471483
72.252100
72.056586
74.944814
72.046603
72.186422
82.237518
72.046098
71.692761
77.032688
71.467278
71.785650
80.212964
71.888284
71.779074
77.166467
71.963652
72.461152
82.488096
72.226611
71.816643
77.271170
72.144082
72.425865
80.610300
72.458465
72.308738
77.467327
72.365507
72.370746
80.387792
71.994363
71.991791
77.096783
71.956701
71.969749
80.235666
74.749696
74.694416
77.596453
72.303548
72.371005
79.314831
72.237727
72.252200
77.060920
72.388577
79.489569
85.254601
71.963051
71.836534
76.968462
71.942483
72.091493
78.830183
72.222032
72.170445
76.837007
72.176567
72.389125
80.528297
72.438076
71.974854
77.747224
72.460188
72.594412
80.354086
71.840645
72.118715
77.416806
72.050067
71.814711
80.414896
72.441739
72.281975
75.249107
71.977047
72.210533
80.480278
72.269456
72.153238
75.204313
72.185648
71.814496
80.007227
71.273411
71.580739
76.907642
71.497319
71.677582
79.669521
71.465356
71.318625
74.159608
71.526348
71.884744
80.007225
71.945496
72.029199
77.392577
72.312677
72.325719
79.183790
72.468913
72.339783
77.226668
72.203217
79.626989
85.688841
72.734024
72.860746
78.353029
73.243871
73.519031
81.956145
73.942837
73.791699
78.688428
73.786899
74.392483
81.613416
74.124307
73.854531
78.949899
73.618750
73.559037
81.548257
73.791303
73.797986
79.043544
73.577949
74.348762
82.324191
74.555522
74.688728
79.969576
74.840674
74.990007
83.020400
75.181897
75.202924
80.603585
75.452239
75.585793
83.250834
75.497220
76.208374
81.459497
76.239375
76.774663
85.982700
76.462347
76.388178
81.656046
76.603676
76.978495
85.814108
78.957742
76.535767
79.334485
78.652348
76.124119
84.145107
76.094068
79.000763
81.360323
76.445147
82.900420
88.705338
76.751122
76.531010
81.967652
76.862638
76.764106
82.856520
76.457509
76.272477
78.752947
76.779041
77.447861
86.505302
77.663374
77.537125
82.500676
77.308961
79.517576
84.444448
77.001477
76.833126
82.103919
76.584152
76.504984
85.442789
76.586892
76.244436
81.334623
78.458475
78.465401
82.958470
76.078907
76.122720
80.855492
75.863501
76.055880
84.999627
78.385249
78.069678
80.927989
75.728661
75.789180
85.071740
76.813035
76.512297
81.836774
76.358302
78.981037
83.703221
79.002233
78.992961
81.698286
76.535918
79.178522
84.421546
78.956298
78.912613
80.535213
78.545962
81.986819
89.214754
78.358234
78.015799
80.548336
77.840610
77.833358
83.497970
77.606615
77.442287
79.518929
77.198711
77.300284
83.958400
74.629267
74.375373
77.140012
74.573374
74.589155
83.578522
74.186429
73.954107
78.949506
73.948911
73.899463
81.432661
73.859808
73.751614
78.832681
73.955352
74.007399
83.054595
73.713301
73.644028
78.302211
73.542241
73.217105
80.891546
73.394099
73.263348
78.390496
73.403967
73.543737
82.986627
73.536068
73.659373
78.897453
73.992938
73.702739
81.626911
73.732296
73.617741
78.769006
73.703780
73.587333
80.291906
73.523600
75.348255
75.633326
73.754862
80.533655
87.925974
73.881961
73.867968
78.755262
73.159064
73.335416
82.052409
73.472342
73.294080
77.761345
73.292648
73.398931
81.346711
73.103334
73.124331
78.773490
73.795112
74.069248
81.806210
73.981493
73.947022
79.480710
74.181653
74.100228
82.208873
76.551855
76.297463
79.165182
76.708883
74.528841
82.085836
74.145809
74.284123
79.230130
74.321396
74.417859
82.285119
76.800632
76.662668
79.592145
74.323659
74.408537
84.091206
74.332653
74.472057
79.457467
74.186816
74.391789
82.062107
76.461141
76.428880
78.999014
73.964843
74.371375
82.925501
74.037713
74.068448
78.769056
74.459832
81.411445
87.448046
74.479211
74.457335
79.421926
74.209597
74.336427
83.039279
74.279417
74.384984
76.656353
74.324092
74.492782
82.433896
74.245423
74.082599
76.795150
73.930551
74.550814
82.552891
74.718863
74.865847
77.715260
74.626035
75.092937
82.867264
74.740499
74.592567
77.313864
74.674749
75.088169
82.835552
74.701882
74.526879
77.132445
74.480911
74.745831
82.905306
74.749312
74.973655
77.725438
75.046389
75.418381
83.081904
72.695772
72.598167
77.475783
72.422195
74.687633
82.160278
74.462865
73.985840
76.642522
73.696302
73.937491
81.011675
73.854182
74.065476
76.636077
74.303241
81.129617
86.781369
74.248083
73.866353
76.735844
73.779927
74.010065
80.981674
73.942350
73.919875
76.101687
73.920755
74.121060
82.115981
73.898434
74.034559
76.933507
74.374468
74.628365
82.462730
74.786998
74.585724
77.437842
74.776878
72.546785
82.711994
74.735902
74.472984
77.018993
74.143986
74.158981
82.173342
72.202152
71.980893
77.042482
72.218496
72.387035
82.432261
74.552646
74.549306
77.584697
74.696937
74.669642
82.993010
75.066063
75.019711
77.699327
74.852306
75.220593
83.062370
75.025872
75.017854
77.740996
75.040367
74.922650
82.098789
75.236015
75.653793
77.723806
75.666638
82.209783
88.142299
73.474685
73.245816
78.554624
75.493121
75.560374
82.381276
75.312734
75.467926
77.661464
73.036070
75.761459
83.461096
75.714709
75.741630
78.948643
76.126830
76.343057
83.970412
76.129751
75.821240
78.257191
75.547760
78.534665
86.260929
78.646425
79.121732
84.203327
78.589332
78.089795
85.529070
77.097663
79.358036
81.962140
78.512706
78.559247
85.253403
78.702964
78.791206
82.086997
79.647914
79.061962
85.774892
78.128402
78.569568
82.622178
77.731260
76.599583
83.760892
79.907984
80.082094
82.786521
80.589661
81.575105
86.254255
81.799028
82.186626
86.288631
81.165531
86.290158
92.041214
83.612801
83.835955
87.045827
83.653178
83.597019
88.742495
84.240985
81.482832
86.815334
82.904431
85.471383
92.131542
86.755729
86.646349
88.832263
85.695278
85.890770
91.622785
85.924020
85.687245
88.306564
85.653983
87.735878
91.174066
87.954121
88.555903
90.763585
87.787552
88.320883
91.879278
86.459911
86.728807
90.167956
85.787571
85.892521
90.968611
85.944762
85.142331
89.332640
84.543025
87.168729
90.285205
87.021203
87.115287
89.376445
86.749600
86.621152
90.153823
85.608474
85.708128
89.511528
87.316858
87.459703
89.366300
86.915477
87.075111
89.378881
88.214687
90.545724
94.750213
90.944487
91.225988
92.841429
90.724717
90.463028
90.291749
90.087257
90.151281
91.158430
89.550928
89.918468
91.435855
91.168093
91.472300
92.915166
91.832338
91.947227
92.387853
92.416330
92.072734
93.893405
90.243112
90.413193
92.646315
90.681061
90.783090
93.347924
91.667735
91.717227
94.445608
89.129837
88.845867
92.683072
88.732658
88.045406
92.919109
88.025424
88.197707
90.774857
88.293038
88.547997
91.032871
89.824460
90.528028
92.890860
89.215587
89.260326
93.757034
92.615810
93.502597
96.081658
91.520167
90.863434
93.535104
92.883995
93.278631
95.256034
93.550353
94.168206
99.320293
91.723270
93.311081
95.139923
92.414683
91.899705
93.012550
91.519888
91.719583
93.295300
90.057520
92.419061
95.392437
90.911143
90.951355
94.918076
91.510006
91.083663
96.025460
91.658096
91.741242
93.790114
91.554728
91.413593
94.315910
91.164932
90.565173
92.317937
90.344142
91.769981
92.328026
91.135506
90.595960
92.794259
90.501787
91.061639
92.695330
90.741409
90.415090
92.082198
90.101221
90.168731
91.924616
90.066631
90.115954
93.486926
92.619403
92.766651
92.760671
90.708786
91.007501
92.534514
91.197400
90.850087
90.931647
90.997048
91.450294
93.539685
91.616096
91.736290
93.975283
92.471914
92.281247
94.066654
92.709295
93.348040
93.361451
94.111387
93.171881
93.904057
93.324878
93.290864
91.828282
91.957775
89.441833
91.378124
89.701646
89.772262
89.872987
90.889973
90.315531
92.250972
90.259817
90.878521
89.545292
91.151603
90.711403
93.702025
91.391527
92.399904
93.053777
94.409389
96.311455
97.081189
96.148823
97.383713
97.449900
97.870152
96.922202
98.840620
97.032835
98.102077
98.125202
97.618423
97.900404
100.000000
99.028340
98.822424
99.301951
98.433198
97.828033
98.063516
96.332324
95.927249
96.825041
97.665148
97.747518
99.122089
97.994995
98.727281
100.000000
99.300030
100.000000
100.000000
99.538010
98.194036
96.861075
100.000000
98.755849
99.549203
95.463966
94.828318
95.129612
94.429936
94.753090
93.401476
91.443153
89.211996
87.515062
87.609648
85.909697
89.398892
89.224402
88.486709
85.177713
88.393959
86.765704
90.156241
84.551886
86.268018
87.532537
85.472458
87.777482
88.336635
86.305854
84.236264
88.686457
84.429500
83.929044
87.839035
84.245316
83.968586
87.365949
83.637787
83.484897
85.864337
83.543611
83.815096
85.737020
81.201986
80.931196
86.061205
83.659662
81.330381
86.490604
81.807413
81.724519
85.772039
81.669008
85.178498
90.635886
81.359204
80.955073
85.658893
80.793182
80.216546
83.060454
79.664335
79.212117
82.721665
81.322952
81.224094
84.161267
79.299379
79.534596
84.980040
79.821347
79.576182
85.780378
79.116129
78.985883
83.572011
78.234456
78.265661
83.218434
78.466588
77.842187
81.012240
77.973846
77.956199
82.923979
80.743688
80.857665
83.474354
80.528420
80.227462
83.295380
78.330334
78.318985
83.214458
78.443818
80.851675
84.536997
78.499965
78.267626
83.245132
78.460660
80.723310
84.470640
78.236917
78.467857
80.917886
78.232040
77.870791
82.763722
78.078331
77.858843
81.915348
77.793855
81.242753
86.718519
78.524163
78.397411
82.940047
80.499829
80.483247
82.040829
80.867918
80.714012
82.227668
78.250025
78.415343
84.796328
81.332420
81.571407
83.635703
81.235342
80.951595
83.506965
80.828116
80.907321
83.505416
80.998359
81.080950
85.314217
79.822932
79.349840
84.782327
79.722539
82.328079
86.206177
83.070558
82.551630
85.582644
82.805153
82.958577
86.198611
82.403504
82.025783
85.085030
82.467457
82.514530
86.807800
82.975630
82.451134
84.772401
81.902437
81.707687
85.366435
82.153525
81.999420
86.605482
82.173512
82.159532
84.652174
82.194913
82.079870
85.785180
82.225768
84.486987
89.532071
83.250653
82.766094
87.310867
82.927690
82.923508
85.635290
82.734677
82.828339
86.648458
83.393714
83.404268
87.313327
83.886963
83.373199
87.615341
83.218874
85.447472
86.686541
85.355686
84.914694
87.784936
85.125819
85.222305
87.969497
84.851704
85.360905
87.661318
85.467041
85.209252
88.360223
83.747370
83.446662
87.734310
83.077565
83.414208
87.829647
83.495285
83.257083
87.596876
82.984103
83.327623
86.926645
83.229710
83.064531
85.694674
83.457547
83.097191
86.865769
82.992023
82.791776
85.486779
83.165932
82.623038
85.259675
82.509341
82.337469
84.250466
82.635067
85.103914
90.031305
83.267475
82.813141
85.541051
83.001800
82.709097
84.052443
80.603975
80.841964
82.774950
80.625153
81.179885
86.898681
81.102349
81.003671
84.170659
81.232546
81.744430
85.910416
82.108150
81.877058
84.936456
82.559864
82.734510
87.026768
82.979975
82.681970
87.103238
82.571647
82.736578
88.218644
82.237807
81.976857
84.715577
81.913400
82.125943
86.571915
82.224539
81.761687
84.618041
82.309309
82.535808
87.267569
82.409686
82.246680
86.773403
82.407180
82.411883
87.158278
84.799709
84.536083
87.105923
84.274001
84.385830
84.828640
82.342103
82.483126
86.042761
82.589039
86.641687
91.669345
85.339723
85.240467
87.148975
84.563899
84.505875
86.656354
84.845779
84.727345
86.136882
84.441634
84.510173
88.420036
84.745850
84.755032
88.593094
84.758922
85.212777
88.818810
85.049277
84.953917
87.112757
84.740256
84.640494
88.373941
84.752417
84.345918
86.423939
83.854990
83.888967
87.455194
84.008274
83.711903
85.993686
83.653318
83.854022
87.775198
84.041092
84.103563
87.375275
83.464225
83.580302
87.143198
83.735668
83.662797
85.986289
83.499921
83.599789
87.031853
83.544853
83.445254
85.948171
83.419505
83.497173
86.849713
83.664030
83.489340
86.344025
83.163291
85.331173
89.414111
83.217302
83.170658
85.510090
82.845827
82.920178
85.096314
83.040096
84.374789
84.311691
84.651540
82.918535
85.774177
84.685704
84.683142
85.255081
84.321353
84.496823
85.862287
82.794237
82.766421
85.397805
82.984860
82.831919
85.888393
82.949496
82.915496
85.404866
83.157344
83.115440
86.198869
82.988872
83.386508
85.524830
84.694757
83.539524
87.552358
84.036901
83.727693
87.622220
83.731318
83.800864
87.515877
83.679750
83.443290
85.890206
83.610770
84.171649
87.480605
84.038331
84.162073
87.795911
83.715842
83.626047
85.475452
83.580347
83.075648
84.638412
83.156322
85.429097
89.552498
83.431327
83.159489
85.355739
82.660398
82.729304
84.172389
82.507896
82.454394
84.085881
82.493545
82.736757
85.492641
82.808777
82.555478
85.098195
82.798910
82.680908
85.585833
82.753533
82.710507
85.144461
82.814249
82.984659
84.852088
83.030477
83.189638
85.828979
83.579695
83.687529
86.731825
84.034108
83.807684
85.962588
83.539271
83.543544
86.355734
83.579775
83.499655
86.082368
83.605133
83.523761
86.133141
83.531571
83.447341
85.954187
83.699999
83.552495
86.192675
83.896264
83.859493
86.230851
83.783676
83.586169
84.838584
83.584429
83.685577
85.147253
83.547905
84.713809
90.531686
83.917831
83.807340
85.953314
83.297891
82.973378
84.850924
82.924982
82.734676
84.500142
83.229853
83.635749
86.111592
83.498102
83.578410
86.108080
83.517694
83.482750
85.918831
81.016525
81.059677
85.369182
80.920710
81.197419
85.848128
83.060448
82.833562
85.047802
82.682332
82.682833
85.634780
80.918076
81.058444
85.807786
81.092384
80.943160
86.087015
80.777374
80.821294
85.465874
80.992130
81.250754
87.005308
81.209221
80.985763
85.635022
81.090620
83.264638
85.501221
82.646510
80.904846
85.352730
80.683338
83.135547
85.639456
82.900832
82.909823
84.720279
82.976152
85.263668
89.857387
83.409453
83.141417
85.390616
82.380766
82.602058
84.915884
80.773311
82.781661
84.392554
82.797868
82.835414
86.784078
83.104169
83.151568
86.015228
83.709913
83.842611
86.974058
83.802295
83.523660
89.738219
87.234442
87.980908
91.291763
87.684862
89.924699
91.498092
91.179131
93.977499
93.930890
91.549359
93.153910
94.981883
94.564807
95.828380
95.374464
94.792997
94.770445
96.267010
93.804116
94.454217
95.530644
94.325470
93.617162
95.805514
92.284511
91.356777
93.661217
93.292555
94.153968
94.596799
93.841554
95.546902
95.555670
95.266352
95.637309
96.163920
96.302533
93.765789
97.054307
95.628974
94.837484
96.263719
95.026777
94.927350
93.370095
94.733586
94.508157
96.291755
94.585736
95.558956
94.368455
95.790980
96.082022
98.067108
95.765453
96.409137
95.663750
97.242117
97.929119
98.621667
96.818971
95.581050
94.865936
96.489431
96.811650
97.921382
97.543573
97.350913
95.063327
96.253103
95.628394
96.556918
93.974596
93.901649
92.324592
94.134659
94.120411
96.152772
94.223203
93.517404
92.261632
93.175945
93.417729
95.326365
94.598195
94.988551
93.808764
95.640796
95.225423
97.408117
95.594855
95.775292
95.007598
95.653223
95.506708
98.562692
96.201932
94.485800
95.354306
94.637537
94.167094
95.100624
94.761870
94.557070
92.258870
91.841472
92.530475
94.311972
92.058904
92.257275
92.599911
89.644493
87.705421
94.059120
85.755601
84.357843
91.190563
82.116958
81.942554
84.520583
81.976620
82.201430
84.964136
82.490086
82.435768
84.414684
82.200028
82.055797
84.407373
82.244032
81.743351
84.057560
82.042530
82.304083
84.698519
80.827478
80.711391
85.756600
80.699000
83.513390
86.892538
81.180931
81.112152
85.284279
80.909348
81.430915
87.112714
81.367960
81.401559
85.601853
80.586631
80.220013
83.158174
79.698394
79.888795
84.363521
80.194439
83.886482
89.559368
81.018409
80.675973
83.680257
80.867550
81.647794
85.799117
81.729115
81.649271
85.284358
81.406497
81.399693
85.826712
81.255614
81.006303
85.020680
80.426684
80.857067
85.582075
81.049780
81.303080
85.759263
81.466134
81.688241
86.126357
82.169359
82.420899
86.522629
81.565877
81.488350
86.609520
81.636356
81.191296
85.672669
80.852427
80.702948
85.303197
80.348480
80.221545
82.360667
79.898351
79.118017
83.821896
78.531310
78.093913
81.004722
78.055787
78.095216
82.579399
78.380259
78.739822
81.361074
78.596532
78.712776
82.397700
78.009693
78.177184
80.880354
78.302701
82.791501
88.160951
78.797065
78.399119
81.534850
78.779332
79.077814
82.302965
78.286329
78.199171
80.831637
78.519337
79.127307
84.067129
78.706279
78.814496
83.451993
79.070211
79.090810
83.762495
79.382526
79.255794
83.923456
79.706780
79.619233
84.317541
79.419079
79.517933
82.066559
79.013470
79.020314
83.338177
78.675829
78.802146
81.208364
78.630013
78.940474
83.450310
78.553468
78.640575
83.089711
78.561046
78.423956
83.660871
78.566785
78.541465
83.091726
78.669011
79.190408
83.850900
78.975236
79.009230
83.365520
78.862941
78.701325
82.931385
78.642946
78.481194
80.448623
78.563870
82.641462
87.973298
79.074885
78.959360
82.017054
78.918100
78.833870
82.647564
78.951562
78.566364
80.602966
78.594338
78.472221
83.619203
78.669335
79.002647
81.196442
78.749595
79.113689
83.893537
78.741270
78.942926
81.428630
78.791955
79.026542
84.064184
79.013940
78.722812
81.207504
78.030523
78.183313
82.745232
78.611122
78.143046
87.115533
84.654161
83.628764
88.800358
85.616937
81.620634
84.171339
81.150058
84.075214
86.735621
83.986539
83.176417
86.717604
84.420811
85.299196
87.749851
85.107266
84.978792
89.368010
85.141815
84.690865
87.600435
86.217453
83.919074
87.744813
84.568862
87.703258
93.956869
88.439565
87.633068
89.662114
86.762952
86.777911
88.777453
86.225797
88.438548
90.407197
88.429991
88.392586
89.863493
88.235017
88.142959
93.037618
89.984027
91.615296
91.277678
91.295573
91.162230
93.310300
91.314589
91.025102
92.304051
91.330912
90.492650
92.932904
90.443161
89.897425
92.109375
90.529988
91.100506
93.160696
90.333164
90.568702
92.353199
90.053893
90.100056
94.905486
91.205545
90.760787
92.599859
91.175242
91.793996
94.706304
91.120392
90.350410
91.691161
91.818583
91.902318
93.147754
92.548025
93.207408
93.305506
92.737977
95.090857
95.912765
95.268312
98.202409
