83.117753
79.236679
87.118147
80.025715
84.062830
80.443684
89.059597
78.455251
83.658602
79.248407
82.220182
79.320410
85.283085
78.304318
82.361932
78.555548
82.045174
78.695791
84.185305
77.920614
82.226503
78.154541
81.890930
78.868538
83.355909
77.848374
81.777390
77.583722
81.301320
78.500321
83.150358
77.591257
81.614004
78.313695
81.882981
78.834502
83.517616
76.659271
80.701308
77.072602
80.448761
77.892140
83.192738
76.583017
80.906839
76.403042
79.708326
77.115927
81.852667
75.955929
79.558959
75.942153
78.719522
75.970691
79.810204
75.694243
79.142040
79.513992
76.457519
80.113516
80.316345
75.771037
78.485100
76.165552
78.670802
76.692525
78.646401
75.202567
78.395430
75.379822
78.185861
76.228552
78.190329
75.035101
78.286735
75.608959
78.085001
76.041826
79.045216
75.435359
78.564914
75.792855
78.684087
76.784678
79.294134
75.585203
78.511491
76.038932
78.487670
76.762203
79.125977
75.404483
78.468586
75.881539
78.499532
76.184697
78.769657
75.499730
78.720309
76.187706
78.084010
76.281027
78.937859
75.410742
78.440516
76.206848
78.255644
76.356697
79.152822
75.596179
78.513803
76.177411
78.520019
76.476932
78.788579
75.856986
78.699726
78.893081
76.361220
79.272098
79.480865
75.306717
78.805646
76.321343
78.225366
76.656844
79.864093
75.575207
78.867855
75.600556
78.678372
76.615866
79.298114
75.558104
78.105747
76.231290
78.008627
76.505025
78.748103
75.874865
78.601843
76.068288
78.271411
76.343746
78.862136
76.413609
78.841344
76.675918
78.325481
76.445281
78.982020
76.412604
78.382601
76.017285
78.042809
76.011080
78.506477
75.490201
77.706959
74.813975
77.235547
75.538633
77.716421
74.943901
77.569639
75.474065
77.453756
75.704031
78.921220
75.138316
78.063171
75.367483
77.664479
75.712999
78.477973
75.996928
78.115590
78.267466
76.273661
78.853275
79.014518
75.626843
78.961190
75.794515
78.439053
76.984548
79.163231
76.288378
78.750600
76.847680
78.767193
76.958167
79.116352
76.329374
78.786942
76.721038
78.625298
76.855902
79.200759
76.468293
79.088585
77.163790
78.971299
77.236954
79.461819
76.355999
78.879967
76.301269
78.850399
76.701258
79.178942
75.891123
78.579982
76.082136
78.641580
76.322780
79.239478
76.284914
79.530406
76.555969
78.986441
77.061263
79.884517
76.015092
79.300401
76.324941
79.285366
76.826465
79.977476
76.462414
79.896200
76.760661
79.998704
77.240422
79.603792
77.223259
79.740482
79.369438
76.627419
79.070256
79.315151
75.007283
78.634560
75.637962
78.675070
76.604086
79.884382
75.832406
79.196221
76.194754
78.598456
76.634010
80.563138
75.850160
79.551415
76.296503
78.326375
76.685957
80.150324
76.363984
79.220368
76.065728
78.609656
76.677887
80.647477
75.744204
79.716064
77.190175
79.106355
77.156327
80.710343
76.866544
80.248289
76.864205
79.198864
77.137990
80.852323
76.897937
79.885821
77.408216
79.908910
77.579084
81.144460
76.848845
79.430444
77.144133
78.923930
77.036489
80.092607
76.041373
78.930156
76.279561
78.881924
76.620370
79.182641
76.300537
78.499982
78.289784
76.483320
78.765175
78.989130
75.640225
78.236787
76.147628
78.109874
76.044364
79.090168
74.553711
78.370716
76.319518
78.138458
76.478116
79.044968
89.847351
89.811819
89.613044
91.538752
88.079911
87.575905
89.432216
89.641806
87.327109
87.581602
86.744182
91.327141
93.779959
94.984546
93.807500
96.388752
95.251849
97.191293
98.729479
99.944492
99.526728
100.000000
100.000000
100.000000
100.000000
100.000000
100.000000
100.000000
100.000000
100.000000
99.769342
100.000000
99.491521
100.000000
100.000000
99.659383
99.603576
99.951252
98.333687
100.000000
99.653903
99.523383
99.556394
100.000000
98.873012
98.411176
97.303162
95.926016
97.461794
97.379523
95.016480
96.024764
94.529334
96.126703
92.848221
94.973839
92.478103
94.360245
92.879263
93.639146
92.651830
93.146172
92.619390
93.304550
92.831087
92.010080
93.364937
93.775865
93.226153
92.939277
92.838980
92.003185
92.824338
93.597039
92.624473
92.671589
92.165268
89.979250
92.309583
91.446689
91.186323
90.930595
90.750702
90.044285
92.852237
93.291068
92.738194
94.001768
93.755907
91.512921
92.396989
93.004053
92.807414
93.194619
92.352359
90.193544
89.457478
91.335241
89.844018
90.485054
90.920856
89.178544
90.044493
90.628861
91.195172
90.501386
89.681809
90.309241
92.523007
92.874123
91.986884
91.962792
91.673873
92.418212
91.613460
93.485279
92.369742
92.161548
91.129225
90.089067
91.257620
91.889042
91.437222
92.935236
91.177824
89.488291
90.992601
93.492992
92.933219
92.733838
92.345674
89.724305
90.450563
91.161322
91.368666
91.722530
91.736882
89.520045
91.828756
91.250064
90.398489
91.080025
91.786943
90.378048
91.999384
91.723345
90.396335
90.557132
90.616658
87.169583
89.428202
90.568491
89.433459
90.678857
89.798034
86.045172
89.589103
88.797406
88.139074
88.818210
88.232213
84.756632
87.850036
88.398269
89.528990
89.566167
85.789158
87.041044
90.515154
91.552580
89.841201
89.841968
89.583855
87.976884
89.820083
90.534139
90.005444
90.915296
89.775312
87.510100
89.943793
92.335469
91.516297
91.564814
90.409989
87.992337
90.286538
91.218483
89.979764
90.684517
89.385979
87.526179
92.046904
93.253332
92.101335
91.500801
90.128909
86.286213
89.598639
90.994288
89.775592
90.772804
90.487149
87.845434
91.246018
92.567323
91.834746
92.370459
91.935587
89.367845
90.856831
91.728125
90.151846
91.254572
89.634430
88.359855
90.164892
91.260881
90.108326
91.382318
91.266352
88.650234
91.116111
91.893973
91.857853
91.125867
87.861118
88.414059
90.442410
92.075466
91.389819
92.277475
92.022751
91.451257
90.777960
91.156528
90.666418
90.260089
90.125220
89.838236
90.466627
91.895408
91.701283
92.617717
92.569474
90.950022
92.003114
92.298741
90.929948
91.919311
90.948806
89.524354
90.906228
92.633059
91.744070
92.417430
91.777594
91.798055
90.013327
90.595838
89.416646
89.459646
89.048626
88.739268
88.466071
88.864463
87.888676
88.855672
87.590810
87.181984
88.047056
89.298214
87.833512
88.752855
88.278466
86.912420
87.429817
88.174475
87.008704
88.007845
86.964256
86.185823
86.589314
88.785255
89.403223
88.602948
87.943642
88.566765
88.997437
90.433582
89.375781
90.564996
89.854578
89.117303
88.688186
89.569616
87.514620
88.973047
87.263134
86.482874
85.878697
88.006264
86.338878
87.012576
86.347134
85.646331
86.079329
87.507268
85.787952
87.183600
86.310299
85.774932
86.604489
87.959681
87.068321
87.832825
87.455748
86.066694
86.720108
87.346980
86.857685
87.046997
86.550958
85.028694
86.465441
87.682570
86.044199
87.456829
86.388549
84.168556
85.957710
87.089633
86.111882
86.935469
87.054112
84.687242
87.512682
88.380290
87.429425
88.385689
87.294724
85.195378
88.166840
89.059232
89.848852
88.884766
87.135381
87.358694
88.206656
89.288537
87.915048
89.253215
88.188295
87.572621
87.383301
90.658097
88.861532
90.491090
88.703827
88.096778
87.777550
89.778110
87.512191
89.563257
88.087042
88.556574
88.095536
90.601766
88.363712
89.355285
88.937043
89.033957
88.876812
91.037200
89.090425
89.684966
88.573313
87.692987
88.546012
90.265992
89.372731
90.782516
88.394830
87.623800
88.082274
90.172631
88.690606
90.311537
89.078584
88.336340
88.469198
90.013255
89.356488
90.039762
89.267405
87.604818
89.919730
91.367994
90.948545
91.943497
91.106049
89.949613
92.152086
93.531598
93.770562
92.869116
90.151251
91.111829
94.728542
95.457287
94.357388
94.583432
94.034600
93.598744
92.928208
94.928388
93.297384
94.784888
92.618089
92.167321
91.495726
91.913339
90.282251
91.291071
89.724317
89.496190
89.566376
91.193569
90.644975
91.386950
90.940202
89.748257
91.196460
90.941067
90.667869
91.337512
91.838591
91.132932
93.839272
94.592829
94.231516
94.173638
94.148975
92.549970
94.673472
94.682663
94.475483
94.779618
93.927416
92.043226
94.215353
94.317896
93.499204
94.916768
95.043249
92.880526
94.528524
94.944536
94.348893
94.639248
94.285797
90.479254
94.659772
96.334370
95.902179
94.893372
89.971908
91.574295
93.722270
95.276041
93.787010
94.318545
93.319789
90.364183
92.470138
94.041139
92.240486
93.232151
92.509193
91.050290
93.428548
94.658783
94.719670
95.449904
95.349021
92.880160
95.910358
96.573277
96.744834
97.262911
95.969146
93.691767
95.675699
96.289913
96.823384
97.338782
98.199809
95.469237
96.682115
98.438295
97.261250
98.110319
96.980000
95.492786
97.906159
98.249868
97.167606
97.856835
96.663917
94.725817
98.236455
99.447666
99.143448
99.878071
98.977746
95.839832
97.755729
98.985950
96.386829
97.396508
95.485983
93.607124
95.283788
95.101145
95.595622
94.319628
91.927959
93.050319
95.388012
96.226000
95.467420
95.758442
95.090103
94.355741
95.930561
96.222792
95.913675
96.499280
95.304712
93.445323
93.733517
95.442815
93.478197
93.933301
92.920801
92.448822
92.547790
94.859880
95.092368
96.876037
96.240753
96.090712
97.304344
97.803203
97.543125
98.811389
97.612132
94.606626
95.821234
96.688619
96.388543
95.798476
95.519844
93.821956
96.082475
96.514330
96.105752
96.999312
96.506081
93.693718
96.787607
97.128473
96.225515
97.090418
95.632849
94.021903
96.006129
97.198816
95.755339
96.035539
95.182556
93.874781
96.986636
99.068824
97.853922
97.311752
96.393464
96.496083
98.949311
99.243973
99.620428
100.000000
99.990250
99.642770
99.322615
100.000000
99.191146
100.000000
99.605063
98.334028
98.092244
99.382983
99.189072
99.994653
99.492567
98.469274
99.352404
100.000000
98.999548
99.001991
98.704588
96.885980
98.561790
98.614970
97.621014
97.927278
97.202407
94.110560
96.858453
98.515484
96.976465
97.479546
96.710978
93.458278
96.416138
97.499037
97.187304
97.780675
97.887134
95.053180
95.819415
97.008771
96.321923
97.178312
97.143473
94.756840
96.856870
97.861014
98.416874
99.267474
99.232525
96.908309
98.843605
99.912881
99.162225
98.654826
96.111051
95.767489
98.190146
99.199908
98.347621
99.591963
99.457239
97.559582
98.250554
100.000000
99.963025
100.000000
99.303673
97.774651
99.283044
100.000000
99.502844
100.000000
99.546855
98.694658
98.871964
100.000000
99.176872
100.000000
99.632106
97.842375
99.320658
100.000000
99.282670
99.437595
99.084836
96.728359
97.684934
98.408083
97.911986
98.580227
98.291944
96.155009
98.465109
99.856213
99.330423
100.000000
100.000000
98.981693
100.000000
100.000000
100.000000
100.000000
100.000000
99.205132
90.731024
89.131994
77.470607
80.834168
77.457159
81.812166
74.555719
79.248384
77.134041
74.782448
80.704757
77.560418
72.411875
76.920062
72.856956
74.978420
73.134036
78.042926
72.517353
75.884794
73.248484
75.166646
73.117045
77.106487
72.073547
74.973702
72.706727
74.832027
73.131621
76.720140
72.130946
75.298554
72.729965
74.577066
72.615907
76.255802
72.487457
74.939055
72.935645
74.888798
72.414574
76.074174
72.461495
75.397433
73.103941
75.257421
73.690632
76.330573
73.483115
75.531791
73.787117
75.644378
74.517499
77.155555
73.849662
76.330856
74.108388
75.758261
74.042103
77.076364
73.938449
76.540593
73.977469
75.948846
73.746088
76.365594
73.633563
75.930400
75.689677
73.894018
76.220636
76.492215
73.208695
75.371801
73.676874
75.510656
74.017326
76.821440
73.716655
75.746240
73.413105
75.478165
73.826571
76.962888
73.542465
77.362483
74.256788
76.190665
74.282933
78.068858
74.421745
77.285103
74.808898
76.465498
75.061348
77.757004
74.437105
77.421922
74.151016
76.375127
74.948829
77.682556
74.022575
77.410610
74.595572
77.492609
75.652076
78.134349
74.876435
78.327613
75.679810
77.880594
75.892121
78.875977
74.562312
78.388046
74.944717
77.122846
75.885097
78.423517
74.263821
78.193561
74.311933
76.940297
74.980244
77.938871
75.102333
76.992589
76.921409
74.969535
77.678785
77.725151
74.318070
77.219947
75.060189
77.105444
75.210620
77.441177
74.372349
77.283512
75.001558
77.337237
75.167253
77.925889
74.788250
77.165166
75.270369
77.212479
75.216249
78.021365
74.715053
77.729572
74.646237
77.488851
75.245261
78.002723
74.571200
77.655208
75.324355
77.628950
75.262754
77.927926
74.624672
77.525633
75.217441
77.691293
75.907331
78.527502
74.438732
77.626853
75.323538
77.428897
75.727336
78.439748
75.005372
77.574785
75.814719
78.017825
75.757603
78.468079
75.082513
78.509565
75.740372
78.382301
76.320027
78.779725
75.987263
78.083713
78.012924
75.895302
78.008451
78.229952
73.975030
76.960623
74.794931
76.748921
74.373872
77.426775
73.236818
76.591831
73.638206
76.507832
74.521102
77.565152
73.483011
76.830976
74.057884
76.510546
74.795407
77.762423
73.886634
77.166398
74.517400
77.015926
74.606540
78.111287
74.116994
77.189606
74.694507
76.980845
75.359350
78.418292
74.529072
77.742130
75.070745
77.440437
75.255123
78.505187
74.391633
77.909791
75.565029
77.464649
75.514619
78.738128
74.434742
77.958755
75.482016
77.791229
75.342838
78.554191
74.480205
77.700044
75.071267
77.561656
75.191030
77.997081
74.719116
77.500477
77.775570
75.296473
78.247189
78.294525
74.376995
77.040439
74.619056
76.614832
74.965636
78.019339
74.193562
77.040656
74.220513
76.655591
74.405194
77.844101
74.035389
77.017340
74.410375
76.785157
74.818924
78.156404
74.952889
77.724162
75.132723
77.405145
75.943476
78.337426
75.108249
77.605229
75.181868
77.055032
74.859505
77.730434
74.598002
77.412755
75.054339
77.120904
74.963523
77.952181
74.246609
77.522903
75.114850
76.976364
75.839342
78.262362
74.916931
78.391681
76.012657
78.269037
76.864749
78.873747
75.636789
78.164477
76.044903
78.072849
76.554570
78.437420
76.459299
78.773994
78.848961
76.966426
79.000198
79.171746
76.029626
78.526890
77.108750
78.888268
77.084226
79.335684
76.150492
79.375370
76.533988
79.212337
77.449903
79.628955
76.792709
79.309030
76.714139
79.295268
77.631128
79.514340
76.807594
79.783397
77.357998
79.337669
78.169465
80.282617
76.951525
79.798834
77.293709
78.991430
77.850923
80.525198
77.750059
80.681922
78.105316
79.649829
78.214382
80.313557
77.219056
80.036567
77.611034
80.125003
77.953867
80.173044
77.149900
80.392151
77.362407
80.061549
78.536825
80.197267
77.163848
80.211326
77.320014
80.199908
78.359060
79.700321
77.860043
79.825276
80.271078
78.875468
79.479268
80.568780
77.573172
79.662179
77.968380
79.750060
78.083493
80.131551
77.252698
80.302186
77.470169
80.172609
78.030955
79.818248
77.041071
79.211251
77.199162
79.455410
77.548906
79.091484
77.035681
79.109161
76.923267
78.947989
77.064057
78.843486
76.178784
78.653552
76.619457
78.375759
76.552101
78.709902
75.936625
78.849472
77.031777
78.402543
77.120631
79.583023
75.946119
79.241725
76.361001
78.540843
76.770936
79.651267
75.660898
78.807268
76.380236
78.713712
76.914057
79.536763
75.954172
78.888010
76.567334
78.664948
76.669380
78.679494
76.018369
78.376329
78.690758
76.955673
79.340757
79.697004
75.777616
78.372121
75.934913
78.573349
76.949145
79.861390
76.098564
78.443357
76.092165
78.186811
76.264573
79.328444
75.556693
78.298660
76.097915
78.225882
75.918539
79.427183
75.277847
78.158803
75.946270
78.236602
76.222864
79.230139
75.092613
77.949645
75.468635
78.240826
76.204078
79.181489
75.253764
78.635570
76.176718
78.501954
76.704943
79.853146
75.637222
78.968735
76.236669
78.657792
76.790909
79.907541
75.555452
78.697865
76.142185
78.769380
76.719878
80.213112
76.350384
79.233592
76.682283
78.963679
77.137165
79.317379
76.777928
78.519916
78.716609
76.361226
79.088486
79.386058
75.188426
78.353168
76.133554
77.888900
76.365846
79.269384
75.522829
78.832092
76.049326
78.669763
76.583909
79.746731
75.341846
78.649329
75.663448
78.707357
76.104353
79.224685
75.601779
78.810906
76.099570
78.558120
76.543993
79.521070
75.501344
79.047000
76.365618
78.818692
76.960155
80.082764
76.351265
79.060928
76.672860
79.070100
76.849070
79.616194
75.772639
78.716388
76.263334
78.573947
76.777076
79.165169
75.718644
78.885022
76.577449
78.804900
77.211257
79.490900
75.845653
78.728837
76.049327
78.776493
76.708496
78.989091
75.443395
78.203869
77.437178
75.700882
77.932681
78.460503
74.631137
78.129029
75.460854
77.195988
75.479049
78.738062
75.068678
77.984668
75.429039
77.476886
75.932630
78.631408
75.239240
78.212866
75.734615
78.087947
76.553333
79.202967
75.441665
78.580128
75.517158
77.879655
76.072617
79.055590
75.163561
77.819714
75.486995
77.340609
75.729861
78.191827
75.134150
77.823664
75.309174
77.676401
75.786251
78.187231
74.675714
77.531532
74.891134
77.436136
74.952214
78.151384
75.187663
77.262834
74.750104
76.967753
75.023242
77.813077
74.838630
77.797541
75.266391
77.465899
75.531194
77.406441
75.231249
78.014401
78.152018
75.445256
77.947335
78.800732
74.903158
78.543051
75.506449
78.468903
76.332949
79.339984
75.138623
78.762268
75.991042
77.625000
75.573122
78.778161
74.852616
78.190068
75.323979
77.827300
75.844387
78.781054
74.954389
78.585255
75.980187
77.666844
76.502335
79.747968
75.456270
79.138567
76.125932
78.258755
76.327080
79.457823
75.292750
78.515938
75.859352
78.227750
75.577901
78.969233
74.536139
78.126875
75.427188
78.039733
75.759667
78.942429
74.426126
77.748612
75.075418
77.524695
75.778669
78.845892
75.036681
78.002162
75.711041
78.170911
76.242481
77.930615
75.662016
77.830810
77.746937
75.808251
77.706501
78.238492
74.474458
77.250983
75.032073
77.179727
75.210123
78.388385
74.272977
77.724275
74.810944
76.612778
75.004638
78.631334
74.375878
77.482591
74.870591
76.810017
74.904524
78.447817
74.205230
77.651173
74.667745
77.356616
75.405233
78.951476
74.841720
78.192426
75.357648
77.879601
76.321206
79.363592
75.597897
78.669789
76.478435
78.819454
77.014355
79.882203
75.734901
78.607015
76.624244
78.504872
77.088234
79.691152
76.224225
78.570368
76.433207
78.276929
76.060121
78.879207
75.905845
78.670303
76.010476
78.268210
76.081030
79.182132
76.527005
78.751660
79.069010
77.096329
79.550962
79.695135
75.764570
78.148095
76.109860
77.945230
75.813381
79.188627
74.765408
78.255931
74.706207
77.268439
75.140675
79.047474
74.773738
77.236915
75.209823
77.008269
75.277249
78.565428
74.483197
77.521819
74.702578
76.946472
75.136684
78.728255
74.447898
77.382253
75.024007
77.259112
75.359460
78.182070
74.305728
77.577662
74.679369
77.129959
75.290876
78.283223
74.642880
77.897460
75.373602
77.781295
75.402789
78.408727
74.449172
77.612101
74.427370
77.483480
75.275027
77.891426
75.192691
77.673240
74.985351
77.167856
75.510700
77.564295
75.127992
77.279150
78.091412
75.492802
77.956742
78.645133
74.681346
77.496752
74.956971
77.012297
74.843903
78.193642
73.371666
76.903349
74.076397
76.614840
74.398311
78.438952
73.354105
76.998874
74.340400
76.922951
74.324001
78.088742
73.458717
76.894031
74.121441
76.483277
74.208161
77.925085
73.276124
76.770147
74.264768
76.573708
74.219714
78.139817
73.708740
77.033187
74.221480
76.944327
74.417341
78.253300
74.062494
76.879641
74.040140
76.835271
75.090590
77.998754
74.238140
77.366570
74.704375
77.264722
74.950174
78.556779
74.487613
77.683596
74.924423
76.753917
74.815655
77.937266
74.878586
77.412491
77.275358
74.914586
77.819656
77.984755
73.279241
76.641054
74.427411
76.559667
74.688170
77.876547
73.363813
77.198223
74.548676
76.794326
74.572977
78.175496
73.558541
76.892987
74.275708
76.720680
74.606727
77.661356
73.980946
76.692248
74.285016
76.507474
74.346153
77.734305
73.285619
76.795495
74.481838
76.896342
74.754117
78.258912
73.228603
77.120082
74.189492
76.597544
74.892543
77.938789
73.532682
76.912288
74.112245
76.741688
74.615639
77.846539
73.620552
76.513489
73.878499
76.283204
74.417433
77.772275
73.485157
76.839973
74.161353
76.741765
74.558464
77.404844
73.701969
76.575590
76.717234
74.375051
77.372607
77.357788
72.885755
76.140554
73.259559
75.973839
73.915482
77.329246
73.117924
76.343679
73.479350
76.162514
74.795879
76.983176
73.317847
76.950524
73.708310
76.616963
73.941082
77.819023
72.780828
76.750105
73.523492
76.280044
73.542664
77.821829
73.372095
77.118882
73.627112
76.370580
74.839854
78.052839
73.621799
76.859374
74.304325
76.236319
73.954435
77.490870
72.860329
76.129574
73.590016
75.680323
73.650297
77.017520
72.924196
76.129339
73.325102
76.205936
74.605336
77.584344
73.433592
76.481175
74.030812
76.366559
74.852132
77.197050
73.623055
76.852780
77.262811
74.842703
77.872232
77.914556
73.574325
77.288729
74.740744
77.015890
75.292432
78.097043
74.935830
78.022832
75.839976
77.357918
75.963640
78.224332
75.276363
77.843527
75.510502
77.246601
75.210649
78.069161
75.046679
78.229967
75.627613
78.020280
76.671198
79.460338
76.217945
79.089593
76.591073
79.015000
77.405405
79.906147
77.022909
79.928375
77.576074
79.865129
78.138663
80.264646
77.997386
81.102109
79.441859
81.208740
79.608552
81.940338
78.749071
81.545977
79.149755
81.133957
79.333362
81.939412
78.822728
81.516315
78.689673
81.353765
79.631780
81.240640
78.870073
81.707802
81.527779
79.417882
81.489052
81.584278
79.178148
81.181051
79.772890
81.452287
79.951556
81.298911
79.557476
81.384141
79.951995
81.496097
80.314470
82.358081
81.034037
82.813649
80.824219
82.653389
80.675049
82.392073
80.389750
83.059089
80.727806
82.710320
80.433080
81.850688
80.093032
82.407536
79.879295
82.112264
80.052689
81.305770
79.813191
82.397644
79.763564
81.898397
80.114072
81.777119
79.280990
81.987378
79.379302
81.998562
79.324821
81.892405
79.560027
82.176769
79.618573
81.421910
79.505193
82.031265
79.443716
82.655034
79.889952
81.993029
79.822131
81.387423
79.198709
81.111625
80.699107
79.227866
80.779914
80.486656
77.927568
79.875524
78.079588
79.693372
78.219747
80.035140
76.926706
79.344091
77.297714
78.966252
77.063310
79.252765
76.224143
78.765266
76.715722
78.831580
77.348091
79.057499
75.360980
78.548334
75.907619
78.408348
76.599604
78.679618
75.320422
78.275599
75.806993
77.944647
76.011502
78.278853
75.130461
77.997554
75.289437
77.577997
75.225590
77.859719
74.896011
77.806768
75.839912
77.350434
75.583691
77.815405
74.853680
78.123332
76.244644
78.047453
75.934330
78.295657
75.974008
78.652444
76.467608
78.236242
76.909656
78.016758
76.579365
77.880396
78.721424
77.288597
78.612367
79.335940
75.264488
77.992201
76.143043
77.871049
75.858102
79.202456
75.849157
78.424318
76.055160
78.233236
75.892812
79.542625
75.716716
78.913729
76.510803
78.800589
76.634313
79.920381
75.983438
79.655512
77.282754
78.933988
76.948140
80.016631
75.674055
78.778057
76.588412
78.417261
76.843231
80.006368
75.576554
78.975853
76.472039
78.427605
77.008887
79.851445
75.714461
79.120554
76.656990
79.041624
76.866943
79.813191
76.100031
79.035587
76.906765
78.490758
76.716394
79.384795
75.905529
78.784297
76.472473
78.402109
76.642276
79.048354
75.779402
78.560214
78.703584
76.707914
79.466629
79.662915
75.334331
78.462039
75.282844
77.693343
75.573186
79.897795
74.781680
77.939612
75.255252
77.590026
75.450236
79.056100
74.615729
77.632546
74.876543
77.148228
75.221534
78.937023
75.255289
78.446847
75.649490
77.629457
76.114305
79.132488
75.433236
78.117191
75.660345
77.850469
75.968545
79.135516
75.290586
78.261585
75.566977
78.103946
76.137387
79.159250
75.107116
78.483046
75.972359
78.267002
76.126249
79.460925
75.493044
78.203975
75.533370
77.799542
75.436463
78.441270
75.124250
77.352817
75.477887
77.338021
75.182643
77.231627
75.275524
78.118060
78.553791
76.095626
78.342948
79.100557
74.468199
77.407785
75.230977
77.336569
75.363466
78.467962
74.470652
77.628584
75.375435
77.217883
75.517255
78.457535
74.184311
77.770044
74.785637
77.657280
75.830593
78.648577
74.932861
77.949629
75.172332
77.502429
75.215354
78.747018
75.083701
77.396095
74.846544
76.512625
75.055277
77.384826
74.838202
77.185751
75.205184
77.497218
75.557287
77.971491
75.138142
77.514937
75.649060
78.132060
76.026892
78.491600
75.765523
78.888853
75.919827
78.634617
77.066842
79.307588
75.551770
78.999466
76.455085
78.398638
76.590891
78.740991
76.240159
79.450274
79.413148
77.477518
79.097440
79.998482
76.223206
78.677709
76.569174
78.761579
76.985183
79.307361
76.464735
79.158417
76.512211
79.070906
77.199409
79.501696
76.579327
79.872780
77.429121
79.443684
78.521650
80.815002
78.160171
79.832525
78.258402
79.955490
81.807876
83.115070
84.331690
85.422436
84.588755
85.096963
83.462144
81.982562
83.036261
83.400911
82.317940
82.444654
81.566489
83.928463
85.094806
86.235837
86.231944
87.366411
86.302229
87.381218
87.505689
88.979849
86.928331
88.092950
86.209057
86.567334
86.279770
88.851432
86.491957
89.375366
88.032956
88.368888
88.367977
90.748567
91.371084
89.166888
88.308039
89.922974
88.506659
91.655907
89.695461
90.304853
88.977388
90.421882
88.705414
90.326513
89.476277
90.492143
90.408704
90.803805
90.691123
92.448135
90.866617
91.239989
90.430539
90.127679
90.797515
91.188785
90.612896
91.318256
90.302425
89.764124
91.186300
92.565000
91.589795
91.822229
91.379931
89.366259
89.599725
91.535911
89.798468
90.665939
89.790184
89.815852
89.583363
90.401255
89.449666
89.793792
89.505990
88.836580
89.944651
90.557987
90.110132
90.427754
89.893893
87.259294
89.353351
89.851183
88.667434
89.511727
88.960283
87.071505
89.644025
90.338069
90.650190
90.753555
89.335965
90.499667
92.463165
93.767375
92.560484
93.209245
92.355842
90.659941
91.926825
93.004030
91.756463
92.359803
92.210345
89.506116
91.600202
92.415998
92.300878
92.964587
92.904643
90.430068
92.582144
93.690344
93.207343
93.512805
93.155697
90.743233
92.466469
93.793985
92.888494
94.459084
93.645218
92.772466
91.475500
93.517051
91.749791
92.996833
91.082423
90.534765
90.475049
92.071718
90.592598
91.826329
91.017077
89.268672
90.268702
92.539398
91.402177
92.665895
91.936641
91.848506
93.197236
95.489017
94.706516
94.709565
93.399262
92.429951
93.441918
94.989964
95.215800
94.229940
93.051531
93.678528
94.318896
95.498666
94.017194
94.715262
92.833778
91.643950
90.845322
93.731504
91.419346
93.149140
92.296298
92.881924
91.560046
94.209792
92.084149
93.893093
92.319271
93.077663
92.575256
94.075935
92.438494
93.922592
92.601785
91.659430
92.800552
93.478435
92.094858
93.253603
92.245459
90.197606
91.907865
92.465570
91.515384
92.103300
91.840324
90.468601
91.932037
92.859683
92.022566
92.333521
91.906892
90.564409
92.044935
93.439230
92.661356
94.212514
93.276472
91.371362
91.347977
92.888381
91.934603
92.926802
92.060636
90.253421
92.503997
93.469918
93.589387
92.812226
91.129506
91.732944
92.734884
94.115870
93.195472
94.700967
94.012084
92.818921
95.071809
95.548491
93.999285
94.131100
93.444633
90.770745
92.166472
91.673770
90.234322
91.213843
89.929513
88.444481
91.229984
92.040398
91.474870
92.052779
90.841206
88.338970
91.110988
92.493313
91.903533
93.266025
93.057964
91.915867
94.174865
97.081275
96.519510
98.253684
98.157037
97.247994
98.278873
99.579400
97.073401
99.696765
98.282916
97.659653
96.482203
100.000000
98.182761
100.000000
99.111937
99.056224
98.077525
99.921084
97.539932
99.041624
96.489618
96.522515
95.888067
99.794612
99.559184
98.344065
98.653809
100.000000
100.000000
100.000000
100.000000
100.000000
98.580970
97.129664
98.582683
99.924185
97.656760
97.537303
95.650950
94.135971
94.894560
96.429002
93.100214
91.726074
89.040588
86.690421
87.142042
90.217520
88.000910
91.377269
87.184265
83.646683
86.800066
89.408713
87.385420
88.844917
86.592394
85.966641
81.043277
88.592141
83.795180
86.485754
84.656871
89.900637
81.528941
85.740634
80.640682
83.231068
81.264352
84.923177
80.153988
83.028344
79.999363
82.446019
81.572204
81.594899
80.484463
82.755614
81.237829
82.841715
81.230234
81.244529
81.656556
83.652608
83.882699
82.230987
81.639816
82.686104
80.481441
83.356318
81.332532
83.176621
81.451855
81.530864
80.247164
82.218897
79.744467
82.678159
80.993748
80.508328
79.879605
83.450358
80.890031
82.632304
80.419088
80.962932
79.117704
81.890048
79.736185
81.462384
79.527943
79.941980
78.331810
81.236632
79.310285
80.965122
79.564649
79.106058
78.776718
81.700016
79.310528
81.149566
78.766562
79.535344
77.599288
80.899065
79.068353
81.056582
79.311307
79.063498
78.422192
80.539047
78.656604
80.283331
78.974178
79.006672
78.913249
81.933095
79.793440
81.667830
79.476772
78.150533
79.803354
81.231156
81.267978
79.869476
78.410925
79.149247
79.842656
82.687945
80.476569
82.419026
80.724129
81.259606
80.276758
82.697510
80.652914
82.435448
80.929141
80.598096
81.375229
83.869621
81.099200
83.456244
81.301591
80.436060
81.615796
83.495451
81.944652
83.620684
82.081791
81.785352
83.153797
84.808168
83.704876
84.915167
83.584699
83.050019
84.621958
86.414178
84.987601
86.342671
85.411419
83.486092
84.450316
86.324778
84.954303
86.639690
85.883667
84.226656
86.110166
87.391707
86.235499
86.496357
85.542768
83.943812
85.423578
87.810405
86.269025
87.782690
86.223219
84.298254
86.025146
87.583611
87.760594
86.311016
84.253861
85.198289
85.896035
88.060467
86.256989
88.215242
86.970843
86.189006
86.224215
88.246237
86.443919
88.178809
87.125603
86.189121
86.867921
88.214707
86.594667
87.732271
86.757352
85.381556
85.904718
88.791918
86.605379
88.766586
87.191578
85.897523
83.842108
88.114778
84.836939
86.775596
85.169340
86.714278
83.212936
86.255432
83.291730
84.662206
83.555657
84.201102
81.724654
85.255609
82.048514
83.742990
82.865697
83.168354
81.768493
84.941717
82.112445
83.923562
82.484808
82.762921
81.728899
84.367375
81.437152
83.538064
81.122868
82.185613
81.399854
83.197716
83.319592
82.214071
81.556577
82.094303
80.297294
83.921586
81.369112
83.727326
81.332152
83.331677
80.219519
84.426724
81.206226
83.633465
81.606841
83.072419
81.121302
83.894102
81.527707
83.545861
81.806990
82.980463
81.991613
84.471421
82.473810
85.023050
82.930849
84.287944
82.867416
85.340684
82.836110
84.942233
82.742013
84.013858
82.952954
85.007337
82.529864
85.419247
83.448080
83.356411
82.698416
85.926418
83.716992
85.866143
84.189392
84.821160
83.722317
86.243899
83.846113
86.340092
83.895635
85.410399
84.655068
87.335536
85.029866
86.914998
84.816129
84.317006
84.687827
87.093071
87.364302
85.611571
85.472493
86.922597
85.137653
87.724756
85.172287
87.397224
85.072787
86.788776
84.622986
87.766012
84.916239
87.455230
84.959055
86.854119
84.979327
87.913157
85.247315
87.783945
86.082627
87.478838
84.883422
88.284389
85.217556
87.732773
85.084289
87.086646
84.491056
87.462824
84.380172
86.731163
84.256529
86.173000
84.489973
86.907052
84.129886
87.272773
84.778243
86.304265
84.502616
87.557310
84.458605
86.869468
84.519287
85.975656
84.395619
87.910789
84.596445
87.464392
84.701323
86.434708
84.512340
87.878155
85.094875
87.360467
84.847563
86.156642
84.764907
87.424625
87.157580
84.697198
85.595491
86.007516
82.931417
86.596040
83.554847
86.463904
83.725464
86.587888
83.238720
86.634300
83.492119
86.541139
83.763467
86.700226
83.134270
87.018261
82.969776
86.119228
83.219181
86.231644
82.606517
86.225801
82.793509
85.950024
83.428427
86.154394
82.901817
86.365889
83.087867
86.407413
83.617871
86.303849
83.168582
86.904972
83.254402
86.243790
83.867477
86.329742
83.514532
86.817544
83.723678
86.373986
83.942307
86.412736
83.478735
87.146162
83.760167
86.749122
84.255956
86.498794
83.473713
87.370268
83.824814
86.485761
83.502945
85.205170
83.981638
86.764602
86.688040
84.056985
85.179465
86.273767
82.724648
86.328160
82.743488
85.998566
83.274739
86.168223
81.559591
85.712725
82.158681
85.207047
82.547602
85.578352
81.676194
85.809956
82.073065
85.197792
82.509823
85.450320
81.577134
86.030415
82.059381
85.203015
82.600390
86.195101
81.645222
86.020292
82.710855
85.606690
83.013659
86.461495
82.521218
86.525297
82.612909
85.591691
82.934853
85.938563
81.999080
86.001045
82.573802
85.472707
83.323389
85.714672
82.207296
86.197280
82.639682
85.628715
82.684487
86.084758
82.356522
86.719330
82.988615
86.277166
83.395116
85.441332
83.363940
86.454211
86.357925
83.635265
85.350479
86.237511
82.337109
85.807162
82.467494
85.614747
82.815212
84.813517
81.759079
85.203336
82.183610
85.091445
82.637148
85.257612
81.391022
85.583220
82.355408
85.165323
82.194273
84.704849
80.164183
84.862036
80.915440
83.629922
81.622006
84.718386
80.668890
84.247097
80.661846
83.359481
80.984595
83.865526
80.493302
84.956807
81.132641
84.508883
81.660338
84.472981
80.676911
84.843248
80.923094
83.657721
81.983713
84.300067
81.739873
85.196536
82.286276
85.155776
82.762966
84.270645
81.475970
85.424200
82.747011
85.255499
83.017823
84.626887
82.529509
85.522200
85.609154
82.775657
84.590828
85.701171
82.031020
85.843691
82.249745
84.627931
82.263116
84.568514
81.630105
85.269339
81.753785
84.815689
82.280453
84.615492
82.133121
85.961179
82.853251
86.052556
83.514509
85.433256
84.283829
85.694943
91.520615
91.292455
91.286669
90.124105
91.892415
93.771099
94.883482
95.539997
95.419704
93.467880
94.475396
94.271827
95.273802
95.886624
96.517944
95.527785
96.605188
97.455909
96.929299
96.567613
96.679136
94.819905
96.424732
97.199238
95.404458
95.518980
93.749189
92.229154
94.985277
96.117714
94.558048
95.273666
95.886671
93.850183
96.154257
96.548759
95.919557
95.574566
92.416336
93.295278
96.489541
96.420240
95.310908
95.391150
95.015923
92.298005
95.773793
96.104169
95.801142
95.914318
95.828445
93.223122
96.106289
96.704017
96.709305
96.327293
96.627962
94.823444
97.453253
98.529434
97.434313
97.297834
96.337047
94.136728
96.975957
98.403165
97.547697
97.905531
97.292214
94.401027
97.128315
97.040746
95.674804
95.396724
94.945312
91.331234
94.528793
94.842283
94.731544
94.845951
94.609627
91.549288
94.359802
95.207923
94.770599
95.839519
95.771030
93.397387
95.910655
96.906690
96.594698
97.388257
96.517346
94.290865
96.067570
97.095277
98.351349
96.947847
94.302249
93.503442
95.020059
95.035784
94.263104
94.650614
94.140114
92.410652
93.207097
94.846440
89.392753
94.053631
90.952689
91.933877
84.096666
91.073407
84.350601
87.220553
85.018154
90.493295
81.695030
87.061801
81.665791
84.444992
82.302977
85.975415
80.919887
85.206147
80.677634
83.994891
82.024007
82.848927
80.285909
83.999355
80.530935
82.892338
81.414128
82.916653
81.142208
83.911543
82.071225
83.360416
81.938339
82.709092
80.596172
83.764696
81.495823
83.991229
82.311420
82.484754
81.904145
84.544860
82.060292
83.524206
81.303655
80.930018
80.846670
82.891238
83.268147
81.107274
81.281885
81.973432
81.204230
83.195669
81.752484
83.436451
83.499456
83.418166
82.680493
84.887004
82.521381
84.255058
82.682208
83.134473
81.088647
84.249473
81.365847
83.244556
81.738102
82.855139
81.618957
84.238276
82.359746
83.871170
82.708955
83.407477
81.818991
85.619839
82.764831
84.600696
83.008752
83.610102
81.373699
84.753028
82.321710
83.512647
81.941407
81.968782
80.775370
83.061703
80.341386
81.498300
80.517928
80.145486
78.959013
81.143050
78.793521
80.909412
79.488777
78.974394
79.321961
81.673457
79.300458
80.566048
79.257095
79.398983
79.217270
80.569517
80.723657
79.278205
78.964195
79.469466
78.728617
80.559977
79.405313
80.954544
80.453114
79.052538
79.138635
81.645452
79.683894
81.650055
80.735533
80.888435
79.804044
81.821086
80.204833
82.049861
80.446787
80.287025
80.331199
82.692399
81.101685
82.858965
81.357266
81.191133
80.241041
82.884243
80.379208
82.356899
80.692791
80.087888
79.952589
82.319606
80.156339
81.590966
80.710182
80.391636
80.002018
82.795841
80.066888
82.188970
80.726100
81.504935
80.117151
83.099512
80.196056
82.580813
81.915071
81.941816
80.178408
83.271033
80.554137
82.591257
81.449607
81.530338
79.817077
82.170188
81.681422
80.474119
80.592772
79.741090
79.724364
82.103774
79.924345
81.065300
79.635723
80.068790
79.615995
81.981271
79.375637
81.797281
80.088243
80.178311
79.659885
81.758291
79.564850
81.442656
80.176892
80.605949
79.191956
81.765394
80.142504
81.649147
80.273246
80.367543
80.190732
82.114486
80.246353
81.624050
80.414276
79.294169
80.004024
81.844179
88.298153
88.942417
87.054352
86.053911
87.826464
87.101874
86.389775
86.549324
86.381307
85.235760
87.502082
87.272940
87.987147
88.588931
88.771973
87.326307
90.176965
90.747311
90.488156
90.465110
89.763816
87.199572
89.973937
90.148949
90.468382
90.150273
87.517740
88.984303
93.170446
93.115126
91.831726
91.948299
91.102438
89.414763
91.178549
91.701199
91.842760
92.598015
91.635575
89.141908
91.617720
92.531529
92.194125
94.055374
93.102039
89.757538
93.596826
94.184005
92.777917
94.264395
92.745616
89.996180
93.189579
93.373708
92.272700
92.717403
91.598113
89.103068
92.230276
93.505683
92.530633
92.690269
92.254765
89.173176
92.284265
93.227731
93.767304
94.262783
93.490385
90.129700
93.557437
94.851689
94.254351
94.483600
93.668987
89.486266
92.722450
93.776447
92.433200
94.462421
93.952286
91.692170
94.812674
96.648469
96.446387
95.806759
96.723701
