90.692653
91.358788
91.429445
95.167985
91.428244
91.364946
91.179170
89.705198
89.765617
91.440288
89.724208
89.833892
90.039354
87.993035
87.991247
90.183258
88.107489
88.143939
89.185261
88.219683
88.362589
90.391457
88.414870
88.369246
90.300510
88.193997
88.233229
90.295586
88.241046
88.476875
89.353064
86.509968
86.602832
89.026448
86.914935
86.834591
89.766738
86.823775
86.790467
89.209615
86.928213
87.103943
91.239025
87.237465
87.191628
89.456397
86.947283
87.034208
91.032536
86.943081
86.789320
89.067745
86.535811
86.458822
88.387330
86.499518
86.561370
88.418537
86.841925
90.033924
93.720434
86.448175
86.491131
88.697518
86.549116
86.262450
89.646769
86.306252
86.066883
87.862288
86.046159
86.038263
89.787571
85.846442
85.649382
88.094648
85.824664
85.755645
90.066351
86.057449
86.151998
88.433754
86.178667
86.342185
90.376051
86.355366
86.260069
88.632016
86.220019
86.263942
90.251155
86.077850
86.121844
88.503536
86.062741
86.064971
90.000587
85.986440
85.839656
88.189034
85.540224
85.641825
89.592296
85.455449
85.467686
87.855390
85.487984
85.491181
89.614160
85.529592
85.578913
87.902076
85.618724
85.876122
89.109934
85.794598
85.800478
87.741293
86.036620
89.656855
93.349066
86.376288
86.542420
88.780927
86.538556
86.730793
90.150826
86.704775
86.704900
88.235702
86.853434
86.660314
90.657162
86.520472
86.500671
88.618829
86.376748
86.511446
90.375665
86.430637
86.388381
88.329628
86.275367
86.466581
90.150705
86.375888
86.284820
88.394147
85.959311
85.929677
89.766084
85.765784
85.434067
87.614077
85.133062
85.107436
88.922242
84.844012
84.583085
86.799200
84.504475
84.764735
88.665658
84.903535
84.998676
87.057293
82.989385
83.164190
89.429192
85.240730
85.381554
87.434756
85.318918
85.277238
88.720746
85.631258
85.416514
87.228827
85.813528
89.081828
92.966225
86.164491
86.181919
88.202583
84.082473
83.951658
89.018758
84.143393
85.759408
87.499626
83.996032
86.015572
88.328743
85.685997
85.948837
87.665719
85.687423
83.543105
89.558436
83.831015
83.697569
88.043959
85.937208
85.855238
89.555168
85.313300
83.263824
87.331475
85.286907
85.251037
88.879047
82.892326
82.743314
86.877111
82.977335
83.069729
88.938300
84.981514
84.974799
87.132529
84.986419
85.178910
88.830602
84.767005
84.712387
86.951152
84.726654
84.877309
88.768764
85.038612
85.143236
87.242656
85.343996
85.325517
88.607332
85.390960
85.182019
86.417857
84.236167
87.317287
91.108052
83.959022
83.932777
86.264587
84.005290
84.242462
87.505816
84.352680
84.463947
86.286739
84.553835
84.816526
88.958328
85.028908
85.153980
87.350356
85.021468
85.215169
89.331623
85.365958
85.292241
87.454221
85.374588
85.593019
89.799495
85.565166
85.722838
88.051458
85.818022
85.910230
89.900676
85.954130
85.936903
87.977660
85.997415
86.186571
90.127702
86.430509
86.231018
88.439004
86.480134
86.514719
90.101947
83.979658
83.724471
87.927631
83.603168
85.354417
89.242747
84.977126
85.106190
87.054876
84.944723
84.825136
88.133156
84.748736
84.694898
86.368821
84.757670
87.957347
91.731664
84.562782
84.530034
86.984818
84.773614
84.764367
87.981285
84.644539
84.930914
86.644401
84.937309
85.087019
88.922617
93.364325
93.797159
95.267650
93.251519
93.006598
95.544495
94.165672
93.045247
94.046636
91.631993
93.256213
93.898777
95.464420
96.064704
96.480506
97.456510
97.228177
98.179055
98.994224
99.571810
100.000000
100.000000
100.000000
100.000000
100.000000
100.000000
100.000000
100.000000
100.000000
100.000000
100.000000
100.000000
100.000000
100.000000
100.000000
100.000000
100.000000
100.000000
100.000000
100.000000
100.000000
100.000000
100.000000
100.000000
100.000000
100.000000
100.000000
100.000000
100.000000
100.000000
100.000000
100.000000
100.000000
100.000000
100.000000
100.000000
100.000000
100.000000
100.000000
100.000000
99.564117
99.512189
100.000000
99.768471
99.478209
100.000000
99.927580
100.000000
100.000000
100.000000
100.000000
100.000000
100.000000
100.000000
100.000000
99.474331
98.863328
98.257073
98.189201
97.177651
100.000000
98.586597
98.624724
98.345341
98.249258
98.254272
100.000000
100.000000
100.000000
98.995773
98.597853
98.167285
100.000000
98.975259
98.647786
98.262208
97.195483
97.153528
100.000000
97.309544
97.773234
96.313969
97.363478
97.427657
100.000000
97.792269
97.408086
100.000000
99.668244
99.426683
100.000000
98.824731
98.482593
96.344446
98.096815
98.175156
100.000000
97.642706
97.304266
96.739868
97.864349
97.796917
100.000000
98.178111
97.524144
96.416886
98.190197
98.853460
100.000000
98.826962
98.750644
96.591250
97.514448
97.352659
100.000000
97.696252
98.038949
97.020068
98.069112
97.143956
99.724539
97.140150
98.148416
97.234360
98.168267
97.322006
99.389850
96.310377
97.758344
94.581772
95.584096
95.617961
98.361397
96.985065
97.251091
94.164669
96.783978
95.620248
97.494257
95.789348
95.742937
92.931196
95.368809
95.390348
97.497088
96.796246
93.689371
95.841413
96.130015
96.508086
97.031994
95.126168
95.250115
92.259055
95.191991
95.059552
96.515400
95.511994
95.202597
93.795237
95.543093
96.361490
99.349091
96.333646
95.975897
94.188640
96.555986
95.937760
98.171988
95.464896
95.216010
93.913850
97.383508
97.724338
99.779769
97.358113
96.605647
92.954421
95.192686
95.303620
98.172794
95.895570
96.083817
94.722405
97.216481
97.441842
98.896208
98.025962
97.993305
95.686181
97.737558
97.831829
98.956101
97.194666
97.024763
95.648918
97.527315
97.343900
98.881248
97.648363
97.869066
96.158615
96.811978
97.183191
99.523227
97.155408
95.365761
97.227594
97.171453
97.413046
99.622490
98.238015
98.614664
97.291902
97.954383
97.590777
98.870732
97.653194
97.463684
97.284299
97.199716
97.164200
100.000000
98.119539
98.146418
99.002307
97.943668
97.572863
99.668347
97.184999
97.142829
97.791954
97.363298
98.014078
100.000000
98.663481
98.575750
99.150146
98.144509
97.555401
100.000000
97.118298
97.040395
96.998392
95.406488
94.792402
97.909861
94.642020
94.493327
96.283571
95.050942
95.002654
97.966811
94.639468
94.805341
96.345646
94.264415
93.741823
97.395322
93.753125
93.811404
94.190638
93.823283
94.620474
98.042805
95.397438
97.078950
99.812363
95.406177
95.222487
98.984156
95.574144
97.411185
95.342592
95.152532
94.799086
97.370804
94.373980
94.212570
95.367204
93.717367
93.846730
96.686512
93.348030
93.365600
94.219440
93.463354
93.276802
96.472739
92.834824
92.840331
95.085137
93.286454
93.012787
96.532397
94.774861
95.098788
94.578421
94.002566
93.457383
95.032640
93.252102
93.311091
92.838875
92.917102
92.866688
94.062710
92.650380
92.750534
91.856244
92.224636
92.097938
95.287583
92.259932
92.575756
91.679805
92.703379
92.767160
95.658746
92.813121
92.579955
91.602916
94.356604
94.217989
95.934475
95.153868
93.572297
95.139545
94.804973
94.394443
95.991584
94.339019
94.607696
93.434913
95.074211
95.668921
97.324079
96.288549
96.109689
95.084650
94.872418
94.830887
97.752191
95.246830
95.318937
95.409424
96.130522
96.316719
98.056805
96.478123
96.459405
96.507540
96.653834
97.059200
98.549435
96.753400
96.114320
96.118482
96.309289
96.360924
98.323893
96.873156
96.227461
95.944193
96.334270
96.127951
99.208802
96.689880
96.876185
96.978426
97.446336
96.812331
98.467283
96.887525
97.103079
96.275354
97.807374
97.989409
100.000000
98.758304
98.795600
98.528795
99.596949
100.000000
100.000000
100.000000
98.790045
100.000000
100.000000
100.000000
100.000000
100.000000
100.000000
99.595811
99.958181
99.840578
100.000000
100.000000
100.000000
100.000000
99.554650
98.721381
100.000000
98.513669
98.309671
98.241738
98.310669
98.648112
100.000000
98.578166
98.731146
98.543094
98.796226
98.250687
99.877872
98.484060
99.225421
99.643011
100.000000
100.000000
100.000000
100.000000
100.000000
100.000000
100.000000
100.000000
100.000000
100.000000
100.000000
98.944876
100.000000
100.000000
100.000000
100.000000
100.000000
99.474716
100.000000
100.000000
100.000000
100.000000
99.912550
96.721336
100.000000
100.000000
100.000000
100.000000
96.604921
98.201892
98.934460
99.555827
100.000000
98.864913
98.635481
95.283549
98.259406
98.365247
100.000000
98.725844
98.815607
96.943093
99.736882
99.884618
100.000000
100.000000
100.000000
99.423126
100.000000
100.000000
100.000000
100.000000
100.000000
99.982199
100.000000
100.000000
100.000000
100.000000
100.000000
100.000000
100.000000
100.000000
100.000000
100.000000
100.000000
100.000000
100.000000
100.000000
100.000000
100.000000
100.000000
100.000000
100.000000
100.000000
100.000000
100.000000
100.000000
100.000000
100.000000
100.000000
100.000000
100.000000
100.000000
100.000000
100.000000
100.000000
100.000000
100.000000
99.285338
100.000000
100.000000
100.000000
100.000000
100.000000
100.000000
100.000000
100.000000
100.000000
100.000000
100.000000
100.000000
100.000000
100.000000
100.000000
100.000000
100.000000
100.000000
100.000000
100.000000
100.000000
100.000000
100.000000
100.000000
100.000000
100.000000
100.000000
100.000000
100.000000
100.000000
100.000000
100.000000
100.000000
100.000000
100.000000
100.000000
100.000000
100.000000
100.000000
100.000000
100.000000
100.000000
100.000000
100.000000
100.000000
100.000000
100.000000
100.000000
99.532234
100.000000
100.000000
100.000000
100.000000
100.000000
98.620083
100.000000
100.000000
100.000000
100.000000
98.429572
99.164165
100.000000
99.845560
100.000000
100.000000
100.000000
99.561834
100.000000
99.938660
100.000000
100.000000
100.000000
98.569119
100.000000
99.444146
100.000000
100.000000
100.000000
99.920446
100.000000
100.000000
100.000000
100.000000
99.955550
98.530432
99.371226
98.541627
99.869572
97.906690
98.402501
95.721656
98.598615
99.203438
100.000000
97.679079
97.632279
95.617184
97.625930
97.865647
99.000246
98.584950
99.204931
96.298276
97.365918
97.441026
98.949824
97.650025
98.670883
96.305782
98.401768
98.410415
100.000000
99.574214
100.000000
98.447302
100.000000
100.000000
100.000000
99.328836
97.451854
98.279639
99.452455
99.839919
100.000000
100.000000
100.000000
98.044405
100.000000
100.000000
100.000000
100.000000
100.000000
98.760243
100.000000
100.000000
100.000000
100.000000
100.000000
99.895710
100.000000
100.000000
100.000000
100.000000
100.000000
99.555217
100.000000
100.000000
100.000000
100.000000
100.000000
98.708966
100.000000
99.882574
100.000000
100.000000
100.000000
98.393698
100.000000
100.000000
100.000000
100.000000
100.000000
100.000000
100.000000
100.000000
100.000000
100.000000
100.000000
100.000000
94.920084
95.813818
89.407668
89.131512
91.046960
88.374234
89.121339
89.217285
90.994404
89.265007
89.622531
94.167338
87.367245
87.374443
89.490696
87.300867
85.293358
89.942173
85.462534
85.618129
89.371714
85.383420
85.235166
89.591423
85.387839
85.063550
87.532967
85.487351
85.421831
89.835465
85.722721
85.392331
87.650007
85.358110
85.446864
89.785120
85.603281
85.376312
87.839130
85.508717
85.371147
89.525431
85.552129
85.506921
87.976953
85.769746
85.597183
89.949128
85.712489
85.688477
88.103758
85.922891
86.020818
90.293200
86.357431
86.300649
88.386334
86.087710
86.047987
90.243062
84.069908
84.239312
88.461899
84.107199
86.035797
89.360481
85.890294
83.962095
87.669014
83.853558
89.360615
92.135318
85.626733
85.660663
88.203218
85.806322
85.875460
87.928548
85.967885
85.881755
87.515077
85.726796
85.842077
90.134573
86.085855
85.931635
88.154247
86.017452
85.909783
90.267364
86.075578
85.760095
88.213893
86.030575
86.129882
90.084263
86.079572
86.092795
88.131103
85.924619
85.892094
90.007596
85.860830
86.019426
88.337146
86.262083
86.468910
90.641614
86.414938
86.386737
88.585616
86.539968
86.284523
90.330158
86.212499
86.327995
88.361424
86.042457
84.313131
90.204281
84.215535
84.254924
88.233222
84.104060
85.997023
88.363440
86.155631
84.234463
87.891441
84.383991
89.737792
92.436291
84.328850
86.206729
88.314059
86.042715
86.084261
87.937388
85.980807
86.080656
87.986369
86.124652
86.013156
90.270995
86.056122
86.094372
88.323953
84.205630
84.121595
90.411216
84.238180
83.800628
87.906749
83.722122
83.815695
88.642403
83.669374
83.708220
87.909798
83.784538
83.800402
88.712224
83.989973
83.611245
87.835720
83.792728
83.961207
88.713326
83.602557
83.683235
87.874949
83.674645
83.516102
88.543629
83.711465
83.675939
87.943860
83.683069
83.789588
88.676366
83.767084
83.778770
87.985668
83.936939
83.949098
87.950257
83.758558
83.559895
85.320465
83.364976
87.210783
91.387725
82.917933
82.641275
86.792365
82.292127
82.228863
86.316050
82.126094
82.133709
84.196705
82.125478
82.174005
87.456345
82.438722
82.368706
86.893576
82.558524
82.654721
87.640299
82.838999
82.741764
86.925986
82.831039
82.980078
87.918065
82.894285
82.916222
85.234540
83.049778
83.003686
88.115601
82.959766
83.052739
85.095123
82.835157
82.974710
88.164694
82.985868
83.096891
85.555381
82.972591
83.119152
88.091360
82.951126
82.963903
85.199223
82.813587
83.088349
87.830451
82.941917
82.659126
86.906503
82.820881
82.695478
87.074135
82.789016
82.824490
84.891757
83.128734
87.228479
91.525732
83.206542
83.025659
85.265596
82.998218
83.166286
87.275495
83.164723
82.917959
84.749950
83.013920
83.119686
88.083779
83.163550
83.318663
85.553386
83.401890
83.550951
88.750591
84.022453
83.992667
86.132884
83.948962
84.094706
89.049270
84.087886
84.087439
86.228940
83.744807
83.626361
88.552992
83.840162
83.785515
86.074536
83.685842
83.851367
88.541964
83.724816
83.833004
86.209897
84.076089
84.361364
89.231005
84.769177
84.977300
87.337520
85.306065
85.575565
90.054966
85.332773
85.188024
89.490319
85.268313
85.522388
90.649151
85.380623
85.406853
87.136111
85.407015
89.576972
93.866121
85.258059
85.501045
87.873788
85.591399
85.645246
89.809109
85.969715
86.035781
87.730368
85.913252
85.971321
90.538145
85.872557
85.804839
90.175698
85.984357
86.274038
90.917292
86.419523
86.523049
88.728259
86.883271
87.016706
91.607678
86.552196
86.349417
88.888355
86.825383
87.055839
91.675759
87.167487
87.149512
89.373129
87.226205
87.061054
91.467150
86.749785
86.843030
90.831468
86.807567
86.925156
91.212592
86.758684
86.625069
90.548335
86.582069
86.848308
91.173024
86.635453
86.602027
90.598980
86.459414
86.386542
90.131249
86.324289
86.254850
89.840713
86.140268
89.926539
94.448164
86.533133
86.365078
90.345740
86.492239
86.499681
89.795355
86.005605
85.864145
89.442960
85.809738
85.741620
89.989952
85.523206
85.156344
89.042888
85.048481
84.921844
89.229395
84.848507
84.631269
88.389278
84.520190
84.290338
88.721977
83.983961
83.981363
87.925685
83.797788
83.851395
89.659979
83.784696
83.684278
87.942377
83.664138
83.896586
88.516093
83.520271
83.613652
87.472301
83.104908
83.337821
89.431862
83.373822
83.129037
87.414812
83.324186
83.506911
88.067065
85.183694
85.271859
87.240722
83.142057
85.179960
88.413752
85.246222
85.156594
87.045476
85.584120
87.843510
93.033992
85.722613
85.935028
88.133091
84.111323
84.337643
89.487685
84.354827
84.210149
87.744842
84.100659
84.192235
90.073704
83.959281
84.011714
88.121744
84.073431
84.052514
88.733373
85.790500
86.024984
88.232829
84.069397
86.240036
89.994720
83.766583
83.525580
87.734209
83.928787
83.866802
89.896381
85.884075
85.960819
88.189040
83.960280
84.201534
90.296099
86.225060
86.393928
88.302545
84.143511
84.245526
90.358607
84.054977
84.137599
88.408974
84.174647
84.150152
89.101874
86.281631
86.092462
88.135988
86.112802
84.218056
89.447786
83.958126
83.706652
87.573438
83.993444
87.856530
92.147916
85.869038
84.031666
88.222137
84.001889
86.054892
87.959631
84.429441
84.449586
88.197610
84.469640
84.399717
89.260238
84.316336
84.407244
88.419622
84.336765
84.308742
90.349247
84.371038
84.288723
88.623632
84.519088
84.626720
90.766931
84.615234
86.643266
88.964583
86.883124
85.186628
91.311910
85.215320
85.029102
89.115453
84.934180
85.167736
89.978463
84.826008
84.926451
88.790058
84.821573
84.851683
89.679249
84.970356
85.011195
89.146859
84.967344
85.116343
89.874110
84.924109
84.895323
89.059508
85.015230
84.997501
89.173715
84.805549
84.849287
88.453645
84.664450
88.610986
93.810922
84.486508
84.443793
88.660953
84.500742
84.412747
90.101167
84.279253
84.421683
86.184793
84.413447
84.433129
89.431215
84.627406
84.500362
88.981027
84.660657
84.804187
89.891877
84.885548
84.904691
89.150156
84.776231
84.857340
89.685993
84.682559
84.654595
87.006671
84.361561
84.584377
89.359395
84.656808
84.845953
88.716170
84.669525
84.647984
89.243401
84.246679
83.880098
88.335430
83.966076
83.860030
88.738862
84.140436
83.760813
85.936329
83.637955
83.983971
88.669771
83.717276
83.441815
85.769588
83.587859
83.623978
87.585502
83.718781
83.715516
85.477363
83.672631
87.797672
92.377531
84.226510
84.294367
86.364507
84.345803
84.406710
88.407941
84.167312
84.353229
87.991260
84.225793
84.032847
88.837631
83.938299
83.902175
88.206917
84.224775
84.266199
89.119008
84.332196
84.416967
88.592958
84.207965
84.539882
89.432688
84.441920
84.593938
88.797525
84.458015
84.447515
89.336681
84.381563
84.156001
86.435874
84.155246
84.036944
88.763977
83.862954
83.921791
86.060686
83.744111
83.803793
88.720188
83.505683
83.563560
85.706358
83.432594
83.840347
88.601225
83.668446
83.551496
87.902597
83.922980
83.906724
87.847132
83.735416
83.550424
87.073282
83.350399
87.426204
91.735068
83.149274
83.135743
87.358371
82.936329
82.933755
87.192791
83.005826
83.147404
86.661661
82.864792
82.908757
87.919822
82.771772
82.752088
87.129403
83.003591
82.942001
87.896802
83.003955
82.943921
87.346493
83.292572
83.423982
88.380142
83.262914
83.505161
87.676848
83.605525
83.639457
88.690085
83.973898
83.850557
88.081206
84.094491
84.351253
89.113783
84.059847
84.036838
88.377277
84.174870
84.219426
89.027121
84.042487
83.926519
88.010021
83.654399
83.568178
88.252689
83.412621
83.332929
87.482033
83.320030
83.528787
87.602214
83.871609
83.635539
87.461725
83.847436
87.608473
91.813232
83.575781
83.476702
87.465460
83.412926
83.292080
88.572078
83.171265
82.994825
86.683992
83.067418
83.046614
87.978042
83.034595
83.193761
87.453872
83.232137
83.279503
88.213302
83.357825
83.240811
87.512985
83.324285
83.337715
88.218864
85.351158
85.445578
87.697370
83.359964
83.418520
88.226586
83.252160
83.300115
87.462308
83.173699
83.356748
88.477580
83.586001
83.456640
87.832534
83.657165
83.475421
88.241887
83.324517
83.308179
87.049395
82.927600
82.879873
87.767838
84.497400
82.619918
86.690402
82.366082
82.450318
87.736155
82.450988
84.362177
86.279705
84.623451
86.642148
90.905921
82.589240
82.527090
86.647479
82.423897
82.122128
86.186609
82.041725
82.013288
85.911818
82.032329
82.176577
87.405996
82.178863
82.246476
86.333633
82.085887
82.081380
87.165575
82.223303
82.149562
86.437617
82.154544
82.164926
87.170347
82.087727
82.014323
86.403567
82.036153
82.107505
87.314114
82.142726
82.251314
86.457420
82.431350
82.231864
87.298487
84.392567
84.300387
86.495298
84.340735
82.292108
88.507712
82.210617
82.180375
86.396564
82.134087
82.392043
87.385329
84.462227
82.346803
86.618910
82.342400
82.337652
86.437865
84.399337
84.223622
86.209815
82.222971
86.180966
90.492987
82.047682
81.926633
86.095474
82.056398
82.154068
86.182379
82.032237
82.101839
85.914549
83.758584
81.987097
87.037577
84.162101
84.036441
86.199717
84.000505
81.972571
88.288771
82.076540
81.735279
85.980997
81.565602
83.773886
86.805962
81.812920
83.747937
86.151871
81.839548
82.183051
87.293078
82.055429
81.797250
86.261239
82.115553
82.261440
87.121972
82.198660
82.266118
86.474461
82.098929
82.148699
87.015774
84.098586
83.963947
86.172340
81.908070
81.847954
86.843467
82.189409
82.152318
86.534826
82.111521
82.095787
87.789174
82.181591
82.136921
86.144191
82.293017
86.412141
90.630218
81.988512
81.910522
86.152510
83.955584
83.902624
85.781557
82.148306
82.051122
86.009699
81.997479
82.242180
88.470230
84.349245
82.117132
86.694667
82.526512
82.546908
88.472262
82.011984
82.135513
86.390993
81.992742
81.990015
87.016168
82.209863
84.363148
86.497692
82.129121
84.288917
88.494343
82.220062
82.360036
86.549462
82.232203
81.816811
86.659732
81.486695
81.645493
85.876334
81.550544
81.686019
86.324839
81.441384
81.452605
85.657905
81.642063
81.989613
86.747674
82.058306
81.961303
86.332628
82.240623
82.137075
86.135588
84.221389
84.182961
86.131171
82.175080
86.615634
91.088062
82.714608
82.852419
87.235098
85.247613
85.338814
87.082028
83.704863
85.794092
87.543155
85.755007
83.965599
89.581379
85.846559
85.705367
87.767723
85.472468
85.551018
89.435080
83.708197
83.778656
87.889599
83.656939
84.080667
90.074231
86.379232
86.335257
88.748431
84.605129
84.676567
89.490206
86.827955
86.800626
89.119344
87.020568
87.081651
90.894479
85.363224
87.546247
89.849596
87.752313
88.080401
91.605872
87.803575
87.762356
90.114448
87.958984
88.140470
91.616011
87.948069
88.041279
90.041175
87.801805
87.656060
90.537509
87.762347
88.120713
89.729438
86.061719
90.955201
93.856601
88.196122
88.028264
90.487586
88.262600
88.264603
91.225871
88.136681
88.074066
89.930093
88.401703
88.701684
92.453885
88.871068
88.857655
90.849122
88.496204
88.359764
91.979287
88.377254
88.261103
90.554943
88.226429
88.044850
91.325190
87.945685
87.781236
89.828479
87.603037
87.556607
90.742833
87.580162
87.563082
89.342495
87.388555
87.530020
90.948690
87.392172
87.331168
91.435803
87.246856
87.452213
90.925367
87.942076
87.821028
90.000008
87.721329
87.846549
91.335421
87.953631
87.932210
90.127199
87.813682
87.943421
90.539009
87.899542
87.776868
91.296309
87.698185
90.162845
93.961564
87.298145
87.070884
90.829572
86.775715
86.897596
89.660936
86.623713
86.522355
89.894628
86.236374
86.251778
89.796291
86.034049
85.915683
90.051933
86.165603
86.058924
89.620612
85.769112
85.812748
87.846266
85.738233
85.747636
89.422966
85.670716
85.594047
87.805441
85.726492
85.854307
89.380394
85.474285
85.292871
87.172316
85.306433
84.995627
89.016957
85.113627
85.106627
87.301469
85.071241
85.246222
89.073538
83.369314
83.379744
87.725238
83.710244
85.302884
89.381405
85.364014
85.572155
87.446775
85.278548
85.305192
88.397919
85.274046
84.907919
86.885535
85.434496
88.620506
92.452263
85.231349
85.158879
87.355612
84.881672
84.877189
88.212181
85.007919
84.986278
86.654545
84.842210
84.854821
89.022217
84.876622
84.953448
87.344827
85.290197
85.396129
89.404538
85.583996
85.652976
88.101492
85.818077
85.765161
89.972758
85.830548
85.740602
87.812011
85.819126
85.948606
89.829535
85.915909
85.822149
87.934657
85.817885
84.007247
90.010236
86.056032
86.003927
88.159730
85.942433
85.959469
90.045664
85.909228
86.008035
88.109191
85.919246
84.083218
89.678377
85.844145
85.730340
87.805747
85.530006
85.757448
89.083336
85.618295
85.740345
87.636908
84.215446
89.558716
92.452458
84.212646
84.085656
88.087714
83.930181
83.951557
87.961043
83.971621
84.031659
87.742459
84.074902
84.189155
88.916329
83.966119
83.840882
87.974060
83.827186
84.108094
89.120589
84.209425
84.482525
88.414410
84.249819
84.374442
89.157365
84.356987
84.356675
88.444867
84.387445
84.633530
89.327541
84.353548
84.302353
88.278284
84.328361
84.407122
89.207910
84.513529
84.641739
88.711387
86.653761
86.823138
89.519912
84.542900
84.570229
88.556900
84.439087
84.361067
90.081199
84.023175
83.830261
87.791357
83.675964
83.584695
87.837673
83.613664
83.918640
87.734141
84.106737
88.098669
92.204378
83.936044
83.879866
88.008449
85.583153
85.643530
87.728075
83.737757
83.730674
87.640934
83.745911
83.834853
88.705226
83.790227
83.874206
88.212852
84.368633
84.373649
88.986107
84.413871
84.492688
88.603903
84.406705
84.493162
89.352330
84.560153
84.419394
88.200059
84.081386
84.151180
88.903062
84.164930
84.283718
86.312200
84.355830
84.408225
89.067355
84.291034
84.383378
88.758922
84.680812
84.533035
89.476838
84.797066
84.611191
88.907413
84.754532
84.809529
89.590158
84.697755
84.714118
88.904798
84.812942
84.614611
88.922705
84.820981
85.277905
88.837198
85.391752
89.068680
93.450782
85.368058
85.361068
89.428325
85.085895
85.133508
89.063113
85.195371
85.114776
88.778402
85.079194
85.474484
89.869490
85.310250
85.483303
89.763860
85.801714
85.996627
90.355835
85.789706
85.401642
89.286259
85.379067
88.097284
92.823073
90.493288
90.810512
92.838243
90.417559
89.958534
92.052214
88.932593
88.496939
92.820546
87.888125
87.744965
91.317606
89.719914
89.884917
92.592527
90.678800
90.341386
92.607649
89.607156
89.448022
93.050908
88.779179
88.232837
91.093632
88.760415
90.883370
92.944491
91.374620
91.840473
92.225744
92.516228
92.730881
94.302128
91.904832
91.957903
96.792566
91.992094
92.403566
95.979357
92.384797
92.369358
94.159115
92.829845
92.447619
94.880506
93.407652
93.973821
96.982585
94.997607
94.747436
97.742098
94.012305
94.097015
96.587831
95.569373
95.601157
97.137514
95.508569
95.442974
97.020784
95.535425
95.944844
97.437010
95.411521
95.432778
96.090427
93.979057
94.160829
96.838440
93.631619
95.056619
95.437456
95.048605
94.359274
96.144066
93.776948
94.212457
95.334765
94.145571
93.906218
95.722963
93.721013
95.117852
94.129920
94.311456
94.443183
95.495778
93.967090
94.129904
93.399956
93.727155
95.070325
96.563798
96.038320
94.491463
97.317388
95.495180
95.639384
97.924235
96.648463
96.267740
94.825213
95.997266
95.875242
96.309863
95.246747
95.479561
94.493803
95.068331
96.287540
97.686454
96.621590
96.835579
95.114547
97.199850
97.137887
98.726878
96.001460
95.949467
95.484524
96.525623
96.716633
99.597635
97.517317
97.719096
97.552656
97.147171
96.899936
99.209256
96.656040
96.385441
96.248351
94.927630
95.165927
97.815802
96.140152
96.406385
95.191916
95.949216
95.242434
98.288421
97.115659
97.569797
98.307687
97.554922
98.183701
100.000000
98.243284
98.967746
98.652125
98.733135
99.018229
100.000000
99.558934
99.150680
100.000000
99.471361
99.206037
100.000000
98.368860
97.888505
96.731551
97.312062
97.512953
99.629653
97.802264
98.299259
98.486049
97.452308
97.474263
100.000000
97.859303
97.562363
99.166391
99.235817
98.945459
100.000000
97.543360
97.507831
97.296736
98.077057
97.653490
98.585402
97.351494
97.016522
95.349879
96.185826
95.861643
97.469083
95.717230
95.904759
95.403025
95.696575
95.389166
96.683475
94.955796
95.089299
94.515652
95.011973
94.998922
97.807351
95.843466
95.903400
94.958513
94.138942
95.176523
96.642235
95.347566
94.161968
92.960469
94.429271
94.590489
96.497957
95.860217
93.606941
95.319536
95.660619
95.645379
97.977008
96.112850
96.369822
95.090223
97.030618
96.252913
96.844962
95.333163
95.252752
93.248381
93.944870
92.627112
93.624648
91.796980
92.837458
90.789822
92.907275
92.297207
94.938991
92.138926
91.844590
90.738356
92.294643
93.772635
95.669460
94.332396
95.058444
93.870135
95.277095
96.324589
98.927529
97.056986
98.951024
98.119103
99.586884
98.656710
100.000000
99.745794
100.000000
98.985860
99.564553
99.708740
100.000000
100.000000
100.000000
100.000000
100.000000
98.520293
99.678080
98.405754
97.874610
97.511342
98.883859
98.870962
100.000000
100.000000
99.605819
100.000000
100.000000
100.000000
100.000000
100.000000
100.000000
98.034110
100.000000
99.461274
100.000000
97.640317
97.793950
96.311106
97.264569
96.731196
96.801293
91.385309
92.092110
89.723571
90.661870
90.619379
92.307462
91.777879
89.836230
86.634939
91.013765
89.599710
91.618870
88.929073
89.085585
88.265198
92.704431
93.031416
94.807513
93.312178
93.137565
92.751694
91.992101
91.545914
94.514110
91.807435
91.492968
92.487010
91.287750
91.173524
92.793944
91.182037
91.471697
91.384383
91.078020
90.938884
92.878827
91.234950
91.317699
91.207157
91.523456
91.678401
92.861736
91.777015
91.381606
94.448625
91.374222
91.257510
92.779791
90.908890
90.421553
89.505382
89.922942
89.279655
90.219239
89.422494
89.608172
90.015246
89.768512
90.149122
93.662528
90.398527
90.013564
90.293518
89.604139
89.656538
92.737939
89.138090
89.025653
89.228026
89.137075
88.826864
92.166112
88.751847
88.920282
89.091805
88.984639
89.222311
90.927354
89.091079
88.767955
89.315127
89.149521
88.921136
90.667780
89.055748
89.028030
89.146792
88.954018
88.838658
90.669108
88.891765
88.817690
88.966294
88.626971
88.898488
90.485252
88.683358
88.661874
87.855233
88.593469
88.582734
89.647398
88.383474
87.693837
91.043723
88.700786
88.694380
90.326027
88.659861
88.603731
88.519694
89.160039
89.006743
91.492674
88.801074
88.903509
89.344222
89.309619
89.499925
92.596819
89.318864
89.136390
90.116983
89.019497
89.069164
92.404287
89.154221
89.083800
90.514388
91.221294
90.948026
93.232919
91.114981
91.340378
91.315202
91.873124
91.730830
93.940609
91.770971
91.909350
91.222253
91.219136
91.172874
93.567732
91.599916
91.598390
91.859783
91.849943
91.577295
94.707016
92.630051
92.497471
90.600125
92.632098
92.657622
94.465063
92.779039
92.769474
91.092829
92.808038
92.755878
93.884839
92.855443
90.989437
93.773040
93.522561
93.275400
95.029732
93.600953
93.703301
92.261088
93.755542
93.558811
94.769770
92.299126
92.263176
93.020982
93.902692
93.400088
95.092091
93.300453
93.519849
92.459611
93.492218
93.198845
95.087405
93.409687
93.656690
92.550549
91.832324
92.338813
95.381043
92.474636
92.160160
92.981426
92.629050
92.274405
94.333884
92.105169
92.081603
91.756184
90.940884
90.807673
93.991779
90.702034
90.779461
91.952006
91.990291
91.907504
93.882736
92.165011
91.885334
91.888837
91.993401
91.803168
93.925785
92.066374
91.730647
90.875049
90.412842
91.584238
93.035380
90.611804
90.636848
93.090808
90.671724
90.421540
93.642786
90.577577
90.475892
90.057067
90.540385
90.678908
93.259747
90.665983
90.800376
91.109570
90.771226
90.759613
92.727992
90.824903
91.110638
91.447895
91.583661
91.515670
93.268274
92.015717
92.059337
92.374261
92.251224
92.161627
93.726547
91.872191
91.862110
92.259971
91.620837
91.479519
94.329804
91.398481
91.486752
91.801194
91.419059
91.456974
93.154241
91.720760
91.787840
92.348313
91.717431
91.510496
94.527858
91.670505
91.586318
92.371950
91.829255
91.924394
95.019507
91.602356
91.546124
90.705937
92.649067
91.621078
94.020382
92.903257
91.991666
94.919113
92.291892
93.157727
94.657491
91.603261
91.465150
91.056263
91.544959
91.645396
93.643468
91.431235
91.407129
92.892186
91.461199
91.390744
94.320639
91.574537
91.836514
93.108361
92.680765
92.795044
94.296243
92.441779
92.401597
92.038093
91.324522
91.095054
93.653002
90.639793
90.683502
91.892899
90.700821
90.438370
93.337710
90.442970
90.602158
92.052529
91.635887
91.705780
93.023518
91.226517
91.123961
90.801131
91.215524
91.323242
93.155713
91.201726
91.314812
91.488289
91.456276
91.359392
93.305163
91.298068
91.348012
90.662937
91.469745
91.334877
92.373500
91.092896
90.171242
92.701621
91.032434
91.074955
92.765051
90.737453
90.819698
89.261963
90.953606
90.718173
92.126499
91.118104
91.124779
90.596063
91.220403
91.241731
92.899183
90.826260
90.952604
90.628616
90.936107
91.059315
92.894222
91.047714
90.920663
90.676008
90.018878
89.903771
92.856893
90.111613
90.001811
90.994764
89.931951
90.071711
92.870859
89.934470
90.201761
91.151774
90.559064
90.579671
93.337251
91.536027
90.554953
91.804204
91.548120
91.456322
93.230581
91.602697
91.850715
91.102327
91.761094
91.814136
93.642320
91.594736
91.502236
90.329126
90.363678
90.159354
92.331938
89.981247
90.281731
92.910686
91.312188
91.298414
92.868499
90.678224
90.847799
89.619830
90.791195
90.742262
92.049914
90.816633
90.037119
90.567725
90.993491
90.840463
92.740715
91.128127
90.831395
90.499558
89.912224
89.833514
91.727591
89.838375
90.058960
90.409755
90.183793
90.288595
92.282298
90.700296
90.629435
90.886365
91.046380
90.841730
93.561747
90.493773
90.535791
90.624873
90.607780
90.541086
93.706385
90.750833
91.781895
91.333316
90.739413
90.697338
93.621355
90.721813
90.825683
91.317157
90.962265
90.904273
92.801572
90.758538
90.758521
90.567410
90.756684
90.791084
93.072784
90.786530
90.381109
93.480606
90.753234
90.752379
93.561097
90.465200
90.037028
89.289292
89.860056
89.797680
92.326766
90.297722
90.716560
91.259399
90.737121
90.786163
92.486152
90.626105
90.658691
91.105149
90.324348
90.448265
93.302472
90.038075
90.323728
91.051781
90.354496
90.158804
91.823009
89.937492
90.036910
90.864131
90.240190
90.338503
92.250449
90.290671
90.264988
91.157779
90.166175
89.998572
91.792152
90.133634
90.149684
90.765210
90.297339
90.096377
91.878727
90.297056
90.192603
90.568054
89.955269
89.994570
91.688396
89.818521
90.120347
90.110423
89.908859
90.047646
92.481641
89.921235
89.623226
92.661985
90.429400
90.265589
91.808551
89.553573
89.704700
89.304090
89.878729
89.959469
92.285841
89.932740
89.992229
90.720845
90.188104
90.441996
93.618131
90.985252
90.990597
91.109653
90.844896
90.544300
96.831677
93.716342
95.276386
94.976119
95.695680
97.575631
98.940849
98.866717
100.000000
98.378527
100.000000
99.776020
100.000000
100.000000
100.000000
99.725817
100.000000
100.000000
100.000000
100.000000
100.000000
99.638411
100.000000
100.000000
100.000000
100.000000
99.218240
97.500124
99.326671
99.746721
100.000000
99.448242
100.000000
98.017092
100.000000
100.000000
100.000000
99.819667
96.860619
97.902794
99.708174
99.289607
99.527307
98.315405
98.274633
94.747674
97.919436
97.870322
99.241892
97.774851
97.726287
95.917572
98.110590
98.281939
100.000000
98.193400
98.592552
96.942776
100.000000
100.000000
100.000000
98.403694
98.012319
95.895216
98.873284
99.180359
100.000000
99.027557
98.862932
96.009723
98.462891
97.788020
98.775261
96.286960
96.002311
92.854858
95.595275
95.538496
97.596490
95.764360
95.889528
92.926375
95.413024
95.698106
97.528704
96.210646
96.572857
94.760302
97.254366
97.501465
98.791075
97.779869
97.934297
95.571228
97.888541
97.728150
99.731258
98.580039
95.492534
96.129700
96.969166
96.428163
98.073546
96.328992
96.248288
93.493331
94.407646
95.194492
96.814151
95.888531
97.095071
93.895337
93.919684
92.455315
97.473994
92.640955
92.961600
93.787063
91.273428
91.288980
94.512224
91.436111
91.539448
91.369438
91.653956
91.655001
93.267735
91.464767
91.480965
91.111806
90.307311
89.934059
93.157601
90.212348
91.806505
91.649921
91.030673
90.913584
94.504714
91.245485
91.301339
92.295208
91.313461
91.229824
94.303049
91.289048
91.662728
91.572951
91.561033
91.508772
94.579819
91.095036
90.681629
89.853216
90.315795
90.486748
93.627099
90.864317
90.386993
93.729490
91.275453
90.976262
94.401207
91.409316
91.780125
92.053368
91.904405
92.002952
94.362563
91.771003
91.672869
91.875087
91.554704
91.449780
94.103230
90.954185
91.179929
91.624343
91.463715
91.436279
94.565258
91.589468
91.861583
92.025167
92.258720
92.426387
95.201697
92.030678
92.056243
92.666571
92.051566
91.898497
93.159254
91.544447
91.335285
91.385656
90.827055
90.628065
91.906198
90.398551
89.887560
89.879068
89.410661
89.137493
90.777303
88.860893
88.866964
88.937573
89.330431
89.557065
90.984793
89.557039
89.668027
89.208048
89.080744
89.366218
90.730009
89.449029
89.417000
92.525436
87.385916
87.425327
91.070324
89.635632
89.760522
89.002505
89.206757
89.169013
90.522961
89.370990
89.867649
90.263903
89.323703
89.442849
90.947171
89.655663
89.645135
90.022446
89.867523
89.885068
91.317234
90.168633
90.215972
90.482886
88.089800
88.204548
91.277425
89.812507
89.476076
89.475099
87.460231
87.580539
90.540607
87.213584
89.360288
89.483175
89.147893
89.240581
90.529487
89.068717
89.069310
89.860590
89.281729
89.323035
90.678916
89.274765
89.726541
90.369731
89.634089
89.636750
91.033729
89.527766
89.501391
89.690907
87.587448
89.520769
90.574444
89.529094
89.399839
91.839609
89.654541
87.727338
91.433372
89.673309
89.543209
88.267675
89.412509
89.300130
90.433288
89.390964
89.332298
90.005483
89.526911
89.523005
90.942099
89.603087
87.755284
90.255856
87.648049
87.600634
91.097095
89.578868
87.907433
90.389975
87.716583
87.480782
90.828606
87.032126
87.220426
89.293332
89.187858
88.902725
96.545006
94.872135
94.167281
95.048970
93.689189
92.506240
93.808706
91.961492
92.089827
92.852548
93.427444
92.755270
95.596282
93.755421
94.615140
94.424215
94.245804
94.022093
96.004491
94.064897
93.807802
93.140994
93.303412
94.865682
96.117137
95.307044
93.274251
96.798263
96.649598
96.347016
98.908510
95.800103
95.618466
94.098084
96.452431
96.603381
97.962602
96.961527
96.781790
95.052062
96.516388
96.467595
98.593125
97.991856
98.840687
95.840442
98.541011
98.580218
99.870829
98.583548
98.428117
96.352077
98.708461
98.301065
99.744421
97.859452
97.680817
96.055023
97.913179
98.423114
99.500966
97.716691
97.936927
96.104824
98.629555
98.804285
100.000000
99.775168
99.416613
97.056993
99.534971
99.972873
100.000000
99.550408
98.969833
96.235027
98.502803
98.274948
99.313442
98.900316
99.317175
97.700247
100.000000
100.000000
100.000000
100.000000
100.000000
