88.632734
85.725941
85.833124
90.910789
85.634665
85.674281
86.101533
83.705878
83.644548
85.591024
83.794743
83.803120
85.740210
81.566586
81.519331
84.250137
81.682930
84.218261
86.302522
81.817730
81.947172
84.433453
82.047658
81.967966
86.021462
81.836085
81.717242
84.446462
81.884926
82.297176
86.458072
82.193654
82.140383
85.009439
82.484570
82.350000
86.722063
80.221435
79.989489
85.269563
80.234261
80.272962
86.975706
80.598072
80.497378
83.060599
80.381005
80.433104
86.691423
80.211060
79.956729
82.575901
79.543421
79.565318
85.228123
79.647468
79.735375
81.910646
80.007626
85.421053
90.374050
79.704195
79.602566
82.184109
79.525417
79.243359
84.899000
79.286804
79.177644
81.091929
79.040333
79.014052
85.217263
78.802448
78.505680
81.498080
78.677220
78.833530
85.559344
79.235148
79.090046
84.225200
79.268635
79.205458
85.880465
79.235689
79.063321
82.031300
79.155492
79.302354
85.849747
78.970191
78.847607
81.827608
79.004311
78.869394
85.414808
78.876675
78.871308
83.927166
78.573369
78.758894
85.190621
78.523026
78.513882
81.204980
78.524111
78.581432
85.179159
78.672684
78.788038
81.371626
78.627679
78.947730
84.289240
78.877848
78.718606
81.158722
79.073574
85.013547
90.130932
79.610549
79.783396
82.242749
79.703379
79.818625
85.473180
79.940842
79.973567
81.596103
79.901369
79.840218
86.276598
79.779631
79.612598
82.019471
79.513364
79.706397
86.026326
79.614901
79.520780
81.899008
79.516477
79.723464
85.818268
79.615251
79.528909
81.883104
79.134901
79.273433
85.212221
79.160338
78.743661
81.180570
78.383011
78.380449
84.410726
77.943274
77.653579
82.408454
77.535710
77.980527
84.153993
77.983998
78.056984
82.963285
78.065069
78.345699
84.952055
78.242419
78.436578
80.891419
78.306404
78.480860
84.070287
78.708216
78.563049
80.566808
78.916984
84.466161
89.613005
79.442317
79.436092
84.058395
79.221121
79.267342
84.406761
79.480741
79.119383
83.323890
79.355073
81.579937
85.272542
81.201990
79.327760
83.693230
79.145372
79.072733
86.819614
81.323144
81.125684
83.953024
81.337025
81.524727
86.848496
78.735197
78.472060
83.332948
78.781297
78.715373
86.053229
80.437292
80.195773
82.947167
78.292443
78.406195
86.197547
80.487761
80.318510
83.095075
80.501703
78.408733
84.479227
80.209650
80.300138
82.793694
80.317674
80.376099
86.029682
80.736927
80.677800
83.312478
80.785744
80.807128
85.533344
80.987897
80.673884
82.339799
79.730215
84.399885
88.977927
77.411614
77.387483
82.126646
77.326881
77.591515
82.951169
77.645773
77.791859
82.089292
77.938417
78.204309
84.693757
78.292723
78.404986
83.276453
80.458144
80.629626
86.656971
78.844729
78.526951
83.346895
78.707457
79.124762
87.120184
79.103432
79.209253
84.061291
79.304927
79.558821
85.646171
79.341069
79.333585
84.050280
79.363599
79.660592
86.004459
79.776718
79.638386
84.457134
79.889925
79.854458
85.964273
79.269226
78.933332
83.781106
78.848186
78.773211
84.798709
78.494363
78.471957
82.967742
78.378836
78.180964
83.471547
80.343746
78.002273
82.151589
77.951559
83.326955
88.492926
77.944795
77.858935
82.890027
78.011138
78.001747
83.310284
80.005978
78.124823
82.530135
78.171270
78.420547
84.166139
89.552106
90.773117
92.228248
89.930722
89.247214
93.358417
91.463367
89.591471
90.718186
88.559152
90.105503
91.759171
92.433596
93.226779
93.724402
94.693088
94.192828
96.242448
96.450981
96.797312
97.672107
98.241274
97.890366
98.998570
99.460220
100.000000
99.944405
99.449050
99.056643
99.087570
98.527862
99.404754
100.000000
100.000000
100.000000
99.417836
98.827993
97.842062
100.000000
99.656007
99.637084
100.000000
100.000000
100.000000
100.000000
100.000000
100.000000
100.000000
98.337704
97.252621
100.000000
96.669828
95.141576
98.193292
95.319351
95.945731
97.229225
96.460516
94.194051
98.351959
94.358093
94.480872
98.369818
94.804124
94.369658
98.205921
94.905305
94.483887
98.232596
93.832596
95.540025
97.163118
95.556166
95.593742
97.286834
94.849292
94.031789
95.613999
93.409334
94.147107
96.014993
94.135892
94.283830
95.984414
93.367984
93.781522
96.875699
94.191318
96.064032
96.617387
93.689015
93.080598
97.318623
95.970694
95.618767
95.622081
91.960670
91.888552
95.734878
91.964777
92.718590
94.603195
92.309187
92.225900
95.852067
92.523774
94.574942
98.673056
95.170531
94.735992
96.312501
94.049711
93.833978
93.419472
93.552183
93.747659
96.663342
93.066537
92.812879
94.185046
93.409621
93.375038
96.782209
93.852315
93.238297
93.915864
93.557221
94.534129
98.259050
94.587394
94.486563
94.152833
92.953345
92.953357
96.794701
93.359142
93.631166
94.513610
93.970552
92.631296
95.785152
92.470822
93.871161
94.742836
94.023635
93.033742
95.706788
92.015712
92.203097
91.953007
90.897318
91.221205
94.300318
91.030673
91.460973
90.962042
91.077669
89.540048
93.448594
89.674773
91.113647
89.455961
90.788847
90.724043
93.472381
92.366101
90.139424
94.827759
91.652715
92.211069
93.142413
90.620255
90.836188
89.835427
90.622280
90.564614
92.513534
91.016719
90.926076
91.704450
91.020505
92.066328
94.499608
92.041706
91.631628
92.031488
92.067472
91.463883
93.175018
91.007535
90.699924
91.768019
93.125685
95.157264
96.165818
93.421922
92.758803
90.838532
90.745642
91.040635
94.582816
91.765007
92.025857
92.890496
93.091058
93.461590
96.696763
94.050671
93.875665
93.573228
92.269363
92.313971
95.171205
91.471339
91.150511
93.505377
92.023045
91.833804
95.232394
93.350332
93.707311
93.798926
92.349030
92.794176
95.720871
92.680533
92.912460
96.495893
92.618512
92.973612
97.098847
93.895374
94.399019
94.564452
93.554061
93.156901
96.375210
93.272306
93.223347
94.740346
94.195644
94.141516
96.216318
95.177612
95.093127
96.519298
93.310225
92.785925
95.505293
94.211707
94.064413
95.369280
92.543362
93.182480
97.401275
93.907465
93.671664
97.404125
93.083012
92.394027
94.828742
92.173071
92.296036
94.299082
90.118162
89.539511
93.593433
89.294456
89.091068
93.530521
89.677061
89.632821
93.456284
89.011253
89.346022
92.255614
88.545819
88.007891
92.858332
88.097660
88.344255
90.773159
88.497523
89.141704
93.590759
89.864949
92.674194
96.996915
89.941327
89.755997
92.765931
90.036252
90.515479
91.903452
89.882877
89.430984
92.970002
89.226905
88.767923
91.386371
88.220907
88.393077
92.248655
89.710970
89.906084
91.300138
89.909110
89.767885
92.012547
87.239460
87.144440
92.313794
89.585955
89.604622
92.029865
89.689049
90.232147
90.914917
88.791948
88.267850
90.559855
88.157973
88.336553
90.305773
87.825285
88.023271
89.819578
87.769889
87.807548
89.271820
87.339778
87.238369
91.236472
87.133047
89.514801
90.017448
87.792288
89.898648
91.625947
89.848982
89.584760
89.906022
90.114735
89.988364
91.941873
90.933597
90.997125
94.121330
90.536132
90.002127
91.977045
90.032966
90.241826
90.870571
90.533528
89.509102
93.197220
90.257576
89.865802
92.600166
89.931049
89.921123
93.603011
90.418561
90.455917
93.767319
91.386524
91.600535
93.807344
91.559914
91.708648
93.960118
91.797260
92.600936
94.521473
92.168363
91.248392
93.452096
91.536643
91.684325
94.277740
92.032496
91.238208
93.410231
91.416408
91.289588
95.316821
91.837466
91.908538
93.726344
91.437771
90.616628
93.251243
90.882002
91.008644
93.027972
93.445979
93.715883
96.058260
94.558587
94.675000
96.056824
95.601981
96.294191
97.288992
95.775186
96.294981
98.880671
97.281660
97.747828
99.288049
97.226244
96.970014
96.258743
95.429014
95.591269
99.077208
96.558963
95.737836
97.833651
95.198283
94.576686
97.466381
94.407755
94.067230
95.364774
94.071413
94.403520
95.989167
94.299571
94.569671
96.058940
94.447071
93.856665
95.776792
94.365755
95.098948
97.320535
96.949692
97.786891
99.698266
97.859927
97.629058
98.026186
97.714334
98.861244
100.000000
98.967763
98.227983
97.170403
97.301652
97.136373
98.497709
97.445838
98.387845
97.937511
97.271265
96.983624
99.414592
96.841680
96.418386
94.799088
96.783536
97.456611
99.214077
96.701816
94.666451
97.392721
95.276674
96.024872
98.337633
95.074244
95.010020
93.348222
94.654382
94.777278
97.144415
94.955878
95.121847
95.258414
96.279272
96.399642
99.252816
96.867285
97.464581
97.887448
98.272410
98.392645
100.000000
98.716753
98.016196
98.411943
98.300510
98.015742
100.000000
98.877753
100.000000
99.771571
99.384521
99.875201
100.000000
99.812117
99.951654
100.000000
100.000000
100.000000
100.000000
100.000000
99.788575
100.000000
100.000000
100.000000
100.000000
100.000000
100.000000
100.000000
100.000000
100.000000
100.000000
100.000000
98.946615
99.410835
98.758308
98.083331
100.000000
97.727664
97.284544
100.000000
97.613812
97.654546
100.000000
97.611215
97.534785
98.114233
98.789708
98.150393
100.000000
98.384409
98.624978
98.844915
98.287944
98.159761
99.654632
97.563509
97.357585
98.476032
97.443252
98.353841
100.000000
99.914300
100.000000
100.000000
100.000000
100.000000
100.000000
100.000000
100.000000
100.000000
99.525531
100.000000
100.000000
100.000000
100.000000
100.000000
100.000000
100.000000
100.000000
100.000000
99.966783
99.569333
100.000000
100.000000
100.000000
100.000000
100.000000
98.229466
98.911373
98.930942
99.600128
97.563643
98.843666
97.350641
99.565041
99.804882
100.000000
99.551181
97.689524
98.578909
98.988983
98.497742
100.000000
99.563192
99.707310
98.973987
99.660911
99.214068
100.000000
99.836847
99.345249
98.278513
97.895121
97.882836
100.000000
98.965726
99.892277
99.254445
99.360062
99.521854
100.000000
98.607905
98.347501
98.260020
98.604818
97.664354
99.112647
97.918885
97.767517
95.069014
97.071503
97.801574
98.633933
96.798253
96.702158
94.885271
96.653669
96.945224
98.990162
97.157564
98.738438
96.289832
96.463153
96.451485
98.180863
96.800476
97.276308
95.973053
97.541891
97.584391
99.373146
98.724312
99.380378
97.812665
99.467984
99.216046
99.203428
98.615164
96.901867
97.974028
98.629392
98.565183
99.569127
99.924532
100.000000
97.657030
99.143269
99.571003
100.000000
99.801290
98.882485
98.471044
99.178482
98.982238
100.000000
99.505660
99.924497
99.593651
99.337708
99.038303
100.000000
99.539282
99.811620
98.955354
100.000000
99.848504
100.000000
99.355134
99.384683
98.413675
98.441991
98.259167
99.598588
98.569594
98.799050
97.792569
99.082216
99.317864
100.000000
100.000000
100.000000
100.000000
100.000000
100.000000
100.000000
100.000000
100.000000
100.000000
90.557072
91.462445
83.296682
82.775907
84.832379
85.142340
84.928717
82.976265
87.068203
83.281052
86.955158
91.372353
80.813963
80.784123
85.407434
80.799365
80.780305
87.307568
78.738769
78.763063
83.096406
78.472640
78.433155
86.727873
78.459683
78.230395
83.478009
78.523621
78.547274
85.252669
78.839978
78.556361
81.140934
78.483127
78.451960
85.309755
78.554772
78.430819
81.247756
78.480993
78.381502
85.127107
78.724437
78.529021
81.271476
78.927191
78.582225
85.557087
78.960459
78.719664
81.575295
79.100110
79.136914
85.955597
79.657255
79.460488
81.840796
79.356959
79.276033
85.901403
79.152854
79.472753
82.006642
77.098859
77.007067
84.716246
79.062612
78.966086
81.172649
76.740260
84.770342
88.528129
78.835638
76.501207
81.747008
78.878121
78.958150
83.034185
79.106692
78.826742
80.931152
78.806242
78.866995
85.715105
78.963025
79.089964
81.671208
79.147764
79.024217
85.835076
79.203865
78.896847
81.784078
79.216315
79.184763
85.643818
79.205575
79.157226
81.585503
79.073284
79.072431
85.698513
78.946056
79.233430
81.872317
79.427175
79.648070
86.277157
79.557343
77.303470
82.142405
79.721485
79.602221
86.059333
79.289111
79.523622
81.862108
76.761825
77.263999
85.844563
79.294859
79.447504
81.598910
79.194639
78.985886
83.448735
76.885816
77.098316
81.428273
77.040308
85.070312
90.076867
79.662126
79.312746
81.929103
79.282208
79.392422
84.643726
79.174988
79.291806
81.643724
79.290978
79.201901
85.913878
79.390383
79.251674
81.944026
79.215043
79.276658
85.938984
79.363484
79.053330
81.491793
78.954147
79.032301
85.636203
79.023802
78.907651
81.455472
78.821330
79.017586
85.595254
79.183481
78.658609
81.429864
79.082712
79.209036
85.644574
78.790111
79.095233
81.418410
78.848962
78.853986
85.386732
78.871155
78.977681
81.573264
78.939188
79.029207
85.552495
79.076130
79.131585
81.810426
79.083886
79.288967
84.818554
79.047495
78.723118
80.739262
78.722855
84.049557
88.955835
77.966312
77.837597
80.350436
77.414749
77.313976
83.106537
77.190126
77.143132
82.086186
77.213135
77.290884
84.370951
77.558115
77.410700
82.635952
77.665669
77.871343
84.691058
78.025913
75.590819
80.522230
75.744319
75.888581
85.015313
78.195425
78.085004
80.766862
78.191073
76.080634
85.097296
78.225901
78.342608
80.641551
75.707285
75.881404
83.521222
78.227460
78.223472
80.973368
78.307340
78.405068
85.048880
76.050013
75.924821
80.705343
76.001398
76.154629
84.769659
78.248983
77.900735
80.287516
78.025820
77.976950
83.820716
78.093294
78.088314
80.327747
78.373483
83.949777
89.132806
78.448663
75.971290
80.671221
75.888359
76.119748
84.167396
76.181299
75.886040
80.111805
75.856335
75.939998
83.436275
75.942123
76.152141
80.941373
76.270855
76.575169
85.661215
76.991773
76.890539
81.687114
76.709718
76.994631
84.407881
79.375755
76.956199
81.760373
76.617655
78.992991
85.395459
76.648141
78.980852
81.585578
78.761190
76.612216
84.022069
78.788003
78.986569
81.645598
76.771713
77.223462
86.213627
77.643340
77.698329
80.585963
78.048392
78.446579
85.342100
78.273409
78.028608
80.641719
77.877642
78.218922
84.460486
78.097886
78.313795
82.641779
78.190378
84.691212
90.183140
78.148256
78.333862
83.356864
78.353714
78.376145
84.817994
81.132884
78.591824
83.104006
78.688053
78.857436
85.791377
78.644476
81.019310
83.577274
78.871718
78.956833
86.083929
81.661559
81.740597
84.234219
80.033090
79.879314
88.429847
79.419095
79.097649
84.295742
79.611431
79.907856
86.986789
79.951263
80.101126
84.909713
80.212330
80.117573
86.779871
79.493144
79.614941
84.464543
79.759746
82.298769
86.566799
82.083672
79.599661
84.165138
79.754207
80.026332
88.093818
82.151889
79.682847
84.332311
79.620793
79.634016
85.400222
81.602626
81.435647
83.583487
81.468671
86.851128
92.154015
81.912021
81.727910
84.267865
81.813011
81.888439
86.665629
81.421992
81.210922
83.094145
78.810328
81.216668
87.011865
78.720458
78.255574
82.955410
78.046987
80.221203
84.805617
80.149151
79.974455
82.177914
77.663676
77.346681
85.691919
79.342631
79.084817
81.761228
79.103344
79.094252
85.254014
76.855966
79.123212
81.771817
78.891288
79.165791
85.469158
78.864332
78.763493
81.294150
78.395495
78.718481
85.211666
78.590169
78.467461
81.130671
78.630061
78.862459
84.972073
78.396587
78.526610
80.983285
78.629729
78.478809
83.840797
78.314040
78.478778
80.712304
78.763407
84.595848
89.780091
79.067494
79.359561
81.782782
79.350348
79.542818
85.011991
79.679860
79.500230
81.251552
79.197063
79.325238
85.795957
79.286093
79.256533
81.913699
79.393478
79.264391
85.712175
79.157351
79.279831
81.766087
79.344974
79.419674
85.779991
79.060034
78.633114
81.388666
79.045718
78.942759
85.723018
79.149818
79.208960
81.905226
79.325851
79.410377
85.955565
79.526738
79.574210
81.850561
79.377628
79.596503
86.053009
79.349088
79.447485
82.106251
79.473036
79.448326
86.104922
79.641326
79.512168
81.892679
79.332800
79.541306
84.977136
79.277274
78.907088
81.012056
79.207980
84.513738
89.779443
77.073498
76.990709
81.863470
76.843197
77.095040
84.740922
79.656525
79.621334
81.618502
79.649682
79.535443
84.593305
79.533876
79.542300
81.913968
79.554337
79.536994
85.952847
77.261466
77.320129
82.246646
79.610275
77.481318
86.374519
77.639642
77.727000
82.690273
77.901490
80.508652
86.903932
80.346861
80.291861
82.885921
77.931127
78.235280
86.753345
80.178558
79.981174
82.248965
79.908096
77.788487
86.594792
77.900923
78.058066
82.722755
80.208237
80.312156
85.183017
80.192781
77.809143
82.586091
77.937532
78.062860
85.830243
79.990010
80.002053
81.958322
77.322309
85.332793
89.285877
77.287908
77.085655
82.143325
77.103515
79.466041
83.588870
76.917011
77.113020
81.528304
77.014966
77.260620
84.603723
79.569010
79.688048
82.516524
79.844525
77.724444
86.749221
77.565532
77.769974
82.660834
77.383517
77.573404
84.987727
77.439315
77.393681
82.362161
79.557658
77.453599
84.583705
77.292225
77.466558
82.209637
77.341363
77.532260
84.463006
77.107871
76.809485
81.785688
76.523482
78.811440
84.013064
76.785132
76.485734
81.635623
78.772947
77.033691
85.585087
78.871252
78.620731
81.238282
76.362821
76.381670
84.305124
78.885844
78.772465
80.861014
78.762462
84.603961
88.935026
77.204861
77.359852
81.812097
79.595193
79.538841
85.229244
79.420516
79.243147
81.552919
77.242920
77.001760
85.831297
79.207836
79.022304
81.808588
79.497750
77.114272
86.140166
77.252554
79.768728
82.228890
79.537025
77.438287
84.841376
77.427661
77.518506
82.371205
79.554774
79.675299
86.250968
77.256435
77.064035
81.900570
76.975809
76.992313
85.751154
78.979149
79.004555
81.696864
79.061621
76.800804
85.634559
76.544361
76.379266
81.269233
76.287115
76.908720
84.090401
78.763108
78.803447
81.417613
78.998532
79.063798
84.659686
78.860173
76.510020
80.569250
78.538679
84.287100
89.356928
78.501529
76.189851
81.014417
78.193633
78.205754
83.929303
78.231342
78.316892
80.177966
77.944062
78.166826
84.882909
75.645138
75.662497
80.776739
75.875575
75.833906
84.879386
75.919549
75.945601
80.880073
76.263347
78.568914
83.763226
78.321323
78.680096
81.410541
78.632840
78.939145
85.732959
79.285484
78.983603
81.825354
79.437141
79.632762
86.211757
79.292497
79.239935
82.111490
77.130409
79.559688
86.086502
79.503478
79.156080
81.711560
78.918227
78.874624
85.226474
76.502516
76.453428
81.134928
76.196497
78.914501
84.546906
79.094844
78.871703
81.086745
76.897941
84.549501
88.137740
78.756307
78.489026
81.091344
78.597715
76.015603
83.892275
76.006064
75.768001
80.020945
77.986495
78.226616
83.204708
78.260387
75.917893
81.050325
76.195042
78.432219
85.130575
76.422656
76.221721
81.040432
76.111895
76.197111
85.249338
76.294894
76.447221
81.207700
76.527841
76.492858
85.117629
78.566046
78.593901
81.178639
78.398248
78.350642
83.910671
78.784999
78.652075
81.437216
78.741007
78.719241
85.272074
78.544582
78.553092
80.747797
78.109454
78.185831
84.701145
77.862600
77.831028
80.359898
77.717225
77.515352
83.197084
77.569249
77.426816
79.741755
77.642967
83.398819
88.513704
77.764549
77.715005
80.224338
77.473087
77.335976
82.891248
77.119472
77.222226
79.390603
74.801439
75.027426
84.297952
77.112143
77.386863
79.879112
77.133299
77.286484
82.512239
74.958241
74.871372
79.787861
75.062815
75.037241
84.157450
77.156203
77.156537
79.817834
74.606173
74.894187
84.207327
77.234057
77.287625
79.999983
77.467223
77.520345
82.644883
77.432373
77.423208
79.994270
77.446723
75.162879
84.051344
74.911396
77.402935
79.969496
77.455141
75.181616
82.705934
77.600491
77.341707
80.019320
77.356801
77.368524
83.179878
77.490467
77.425818
79.627860
77.316303
82.867150
88.104194
77.157536
76.969740
79.813550
77.138879
77.484737
82.939809
74.883561
77.199308
79.244885
76.779608
76.896585
83.946064
77.241934
76.893105
79.898952
76.943341
77.021190
83.909675
76.968587
76.570850
79.391955
76.513865
76.553863
83.758092
76.741983
76.777611
79.625557
76.851407
77.372684
84.108560
77.008209
76.733287
79.717578
77.093001
77.240942
83.959333
77.391407
77.251379
79.868251
77.089914
77.319360
83.969526
77.007787
76.898256
79.554045
77.065778
76.910172
83.781427
77.313161
77.213671
80.004466
77.297826
77.229734
82.985120
77.099026
77.292657
79.508476
77.177729
83.141097
88.143166
74.715436
74.575705
79.561398
74.576737
74.675878
82.569388
77.138052
77.084414
79.381865
74.683531
74.941315
82.349869
77.394900
77.082187
80.037145
77.508172
77.713833
83.970911
74.675681
74.846786
79.915989
74.680932
74.519423
83.889426
77.398638
77.233757
80.116649
77.341894
77.126439
84.078998
77.324865
77.288356
80.012552
77.177636
77.133463
83.637935
76.652210
76.552124
79.152433
76.606308
76.809097
83.205150
76.468413
76.387629
78.967160
76.859180
76.959866
83.625432
76.883335
77.005293
79.732670
77.234764
77.345603
82.864098
74.994259
77.174364
79.524303
74.839021
83.390350
88.636402
77.884459
77.941435
80.786177
78.186886
78.347197
83.762466
78.835881
78.925637
80.965936
78.827134
79.160080
85.115760
79.110629
78.782988
81.183922
78.683729
78.757592
85.020148
76.363510
76.469358
81.414557
78.901690
79.278042
85.785037
79.659448
79.585274
82.387099
79.826625
80.117175
86.383834
80.141934
80.147726
82.834627
80.378058
80.607622
86.629405
80.639897
80.963627
83.605665
81.247118
81.550676
87.481637
81.447240
81.236704
83.894594
81.512908
81.763902
87.275962
81.510518
81.531217
86.102289
81.351687
81.121930
85.966327
81.146609
81.548141
83.486083
81.544910
86.431090
91.714732
81.786710
81.411121
84.299218
81.780702
81.698319
86.550215
81.546632
81.534351
83.516142
81.643367
82.298347
88.118120
82.268372
82.360331
84.685393
82.135179
82.039735
87.729483
81.758253
81.636953
84.396012
81.645139
81.487149
87.018109
81.364692
81.130641
85.905882
81.020701
81.043084
86.480216
80.991503
81.017311
83.023599
80.942337
80.901058
86.615448
80.957869
80.596360
85.494956
80.555770
80.767818
86.673761
81.541252
81.300485
86.018315
81.235870
81.450766
87.138788
81.565501
81.449344
86.141566
81.431662
81.467578
85.973533
81.276365
81.235996
85.339137
81.020606
85.574696
91.891947
80.897144
82.794488
85.044424
80.281791
82.662543
86.663295
80.217673
79.926441
84.003796
79.663078
79.753618
85.401856
79.331264
79.204920
84.159366
79.724582
79.382006
85.237440
79.017579
79.180392
83.863925
79.031875
78.883257
84.904525
78.957578
78.875615
83.610810
79.045769
79.237535
86.393549
78.673261
78.385151
80.787212
78.620037
78.354145
84.506898
78.233361
78.283890
80.837977
78.329510
78.613666
84.678668
78.494666
78.691999
81.246060
78.729240
78.633628
84.985689
78.646639
78.642144
83.366088
78.662482
78.561371
83.756171
78.503198
78.194058
82.810117
78.656306
84.030969
89.348729
78.678876
78.592112
83.269545
77.998960
78.164004
83.701903
78.434946
78.220667
82.633555
78.317688
78.303096
84.810142
78.086963
78.289516
83.286934
78.571095
78.904088
85.188966
78.918615
78.820250
84.113940
79.124989
79.116597
85.626140
79.120874
79.027478
83.728753
79.129466
79.247488
85.492386
79.099199
79.225507
81.679191
79.185915
79.185297
85.727820
79.578880
79.237862
84.078103
79.381682
79.283809
85.804656
79.264693
79.457284
81.825903
79.236213
79.354566
85.477025
79.065005
78.921023
83.758316
78.751047
78.992489
84.510663
78.860115
79.143998
83.460046
79.376229
84.960413
90.094388
79.644803
79.429232
81.688227
79.034367
79.256009
84.790812
79.320092
79.445129
81.338176
79.351798
79.444979
85.930709
79.260563
79.117339
81.565265
78.998259
79.413472
86.104449
79.497780
79.734934
82.421955
79.540116
79.882753
86.264981
79.604390
79.660046
82.126271
79.596823
80.052917
86.241284
79.729561
79.465801
81.893483
79.524736
79.708068
86.263285
79.751113
79.990520
82.514011
79.995796
80.262285
86.445764
77.677909
77.327618
82.197110
77.203194
79.487147
85.690269
79.226486
79.086276
81.472360
78.663615
78.918134
84.682036
78.889758
78.941803
81.386088
79.222646
84.740348
89.789026
76.970931
76.664805
81.541658
76.696727
76.657852
84.608832
76.581904
76.798682
81.059333
76.634811
76.872641
84.148263
78.808629
79.118915
81.782500
79.585949
79.706939
85.830362
77.446987
77.391677
82.157299
77.490370
77.346767
86.265971
77.413485
77.264295
81.799424
76.923961
76.891203
85.674748
77.058906
77.035049
81.728940
77.110863
77.261688
84.344495
76.973424
77.149913
82.256233
79.623596
79.692866
86.409773
77.739842
77.677982
82.391386
77.735938
77.811856
86.459431
79.957549
79.864666
82.557263
77.858178
77.557892
85.741452
80.288793
80.481023
82.388685
80.627877
84.325630
89.882607
78.379039
78.341763
83.209853
80.343278
80.264143
84.299353
80.373099
80.366060
82.279081
80.428180
80.715185
86.779519
80.347407
80.808994
83.573170
81.010026
81.358585
87.399245
78.881933
78.352822
82.933178
78.304908
83.694100
89.707166
84.053913
84.067915
86.493899
83.743457
83.455719
88.873779
84.597211
81.860299
86.724456
80.982773
81.007021
87.046806
83.233124
83.460170
86.625017
84.598709
83.901433
88.948343
83.001233
83.003632
87.115674
82.244947
81.445909
87.094042
84.609072
84.847779
87.276602
85.551992
85.874744
89.474353
86.583884
86.913285
88.258997
85.783361
89.368207
94.911122
86.136519
86.361252
91.054420
86.323512
88.217242
90.240808
86.597997
86.309444
90.952579
87.345329
90.118785
94.815771
90.997022
90.833449
92.772164
90.100977
90.117054
94.382625
90.128701
89.978534
92.308026
89.928160
89.695978
93.882969
91.874511
92.292537
94.379101
91.626942
91.918771
92.967851
90.385496
90.554375
92.092234
89.708551
89.922481
93.430805
89.897285
89.306868
91.478426
88.772865
89.127796
92.621240
89.053763
90.853195
92.935792
90.424498
90.481396
91.282076
91.321709
91.336696
92.645575
91.003050
91.221991
90.666292
90.824633
91.067837
92.525999
91.803594
91.751822
96.316677
92.563321
92.934200
94.179265
92.545766
92.018329
92.291702
92.092406
91.900598
93.817477
92.471912
92.907485
92.261304
92.278003
92.573979
94.466134
92.988262
93.126618
93.844852
93.601885
93.277461
96.508256
93.303240
93.183392
93.470832
93.722994
93.889015
96.142499
94.627281
94.837452
96.138509
92.965940
92.760168
95.695471
92.532964
91.912171
94.671224
91.862172
92.009740
95.448989
92.080010
92.416101
92.797142
91.758999
92.337854
95.850984
92.937220
93.289480
95.920515
94.536396
95.360240
98.922173
95.540640
94.669382
95.849427
94.563484
95.069187
98.164524
96.702679
97.287744
100.000000
96.693962
95.211104
98.110546
95.445394
94.930130
94.063543
93.228171
94.752343
96.100092
94.999979
94.374253
97.045159
94.582062
94.656673
97.749213
95.105357
94.701380
96.961092
95.301553
95.219511
96.725837
94.976676
94.823207
95.925098
94.323714
93.888078
95.061928
93.645628
93.392420
93.951812
93.628297
93.328645
95.399603
93.314020
93.588313
94.320937
93.386605
93.060619
94.542489
92.776019
92.718971
93.402539
92.704078
92.641237
94.802631
93.541146
93.814588
93.383053
92.981786
93.230286
94.522202
93.365981
93.160497
92.288718
93.393163
93.602004
94.589670
92.707921
93.004002
94.841798
93.626227
93.563918
95.215068
94.048151
94.517221
94.064984
96.082793
95.435551
95.892050
93.317522
93.298181
92.420338
91.958911
91.631383
91.365359
90.774094
90.779553
89.835784
91.996475
91.447945
92.956959
91.173840
91.832768
89.936716
92.208828
91.657921
94.701963
92.316612
93.258271
93.461268
95.267143
96.296417
98.044170
97.077371
98.202191
97.742753
98.614303
97.644653
98.888016
98.030591
98.125172
98.198836
98.629349
98.703857
100.000000
99.748259
98.754383
99.643965
98.534595
97.553413
99.007076
96.417696
96.922590
96.610816
99.529587
98.955299
99.755305
98.793866
99.233270
100.000000
100.000000
100.000000
100.000000
100.000000
98.189972
97.647671
100.000000
99.553270
99.510046
96.427046
95.825396
95.414720
96.396834
95.835202
94.646198
91.539876
90.836783
88.327893
87.549731
89.246579
90.762607
90.620480
88.544913
85.871084
88.252891
86.782663
90.209523
86.064621
87.980254
87.482617
89.521656
91.608000
91.935409
90.239958
88.177001
91.060566
88.198765
87.775418
89.805307
87.989294
85.945592
89.731516
85.670300
85.579561
89.612832
85.796015
85.956520
89.415515
85.447852
85.311007
89.861737
85.769738
87.655333
89.022312
86.048671
86.057099
89.612619
86.026990
88.026444
92.251772
85.604173
85.294512
89.560859
84.992534
84.674929
86.218285
84.068633
83.536302
86.900666
83.351578
83.730889
86.977333
83.887581
84.093273
88.999261
84.366185
84.046913
88.255295
83.621448
83.783705
87.857398
82.939080
82.962353
85.990130
82.942328
82.479428
87.091366
82.597712
82.627405
85.733016
82.914978
83.000988
87.500347
82.814731
82.509902
85.967299
82.783260
82.851132
87.368229
82.981588
82.878338
85.906089
82.770902
82.759993
87.376368
82.846691
82.816184
85.721107
82.539463
82.957126
87.058346
82.786232
82.559880
85.330132
82.460648
82.608477
86.084692
82.157107
84.362694
88.867041
82.728724
82.882899
86.892356
82.578715
82.539395
85.207092
83.033115
82.799149
86.330512
82.872270
84.683116
86.180580
85.280978
85.690286
87.753435
85.247932
85.227785
87.273619
84.868440
85.091407
87.686108
85.206088
85.160270
87.761416
85.998424
85.726178
88.720805
85.955723
86.281443
88.555041
86.974581
86.655531
89.329290
86.737747
86.896359
88.557549
86.141303
86.139735
90.657019
86.611914
86.621967
89.156023
86.748496
86.589941
90.391243
85.908859
85.536545
87.833183
87.989209
87.848355
90.328808
87.962249
87.865451
87.060560
87.959830
87.819414
89.583406
88.050865
86.954590
92.074069
87.036200
86.712348
90.908511
88.885140
88.885156
88.257097
86.930744
86.850146
90.621698
87.298106
87.337757
90.602894
89.263698
88.753030
91.116310
88.732953
89.130383
90.142121
89.162632
88.610994
91.088447
88.930890
88.984182
90.119869
86.838880
87.329103
91.174279
87.559922
87.221272
90.424921
87.715217
87.288706
89.733940
86.960223
87.055417
88.914550
87.134043
86.998825
89.444566
86.820067
87.117088
89.218214
87.075726
86.866338
89.402698
87.149898
86.951904
89.248687
87.001580
84.871442
89.369205
86.971962
84.747973
87.751245
84.741533
86.499193
88.238204
84.767423
86.640637
90.904433
85.153019
84.770754
89.141943
85.092162
84.911656
87.944402
84.878122
85.203926
88.454098
85.080006
85.275486
89.134959
85.423818
85.462967
89.688148
85.336407
85.741878
88.504970
86.259534
86.180189
90.328680
86.642331
86.816379
89.468898
86.944557
86.678212
90.724966
86.425329
86.662423
89.397750
86.241261
86.083267
88.331724
85.986160
86.159722
88.940476
86.102892
85.913879
88.371826
86.217359
86.579718
89.491462
86.424094
86.226600
90.332355
86.421425
86.186956
89.419882
88.206829
88.279896
90.788953
87.944434
88.001607
87.536068
86.264186
87.969557
89.452991
88.177758
88.029675
93.116788
87.317207
88.575262
90.602296
88.142192
87.974694
88.106077
88.139690
88.305270
89.449925
87.931581
88.031316
90.416440
88.076264
88.136022
91.757023
88.305558
88.645076
90.733022
88.461391
88.456430
90.446856
88.184327
88.073669
90.408350
88.203420
87.733175
89.710948
87.321359
87.377327
89.592191
87.479151
87.093407
89.439772
87.047022
87.259425
89.781998
87.264284
87.351791
89.126079
86.898539
86.920727
89.088279
86.991503
87.050133
89.308601
86.980686
87.106998
89.160284
87.114301
86.893426
89.320015
87.004181
86.849363
87.912787
87.068310
86.970429
89.734216
86.499982
87.480940
90.890137
86.766324
86.645867
88.730074
86.252753
86.361582
87.281047
86.523078
86.272346
87.848919
86.707349
86.603632
88.023149
86.719462
86.644819
88.846612
86.417062
86.457844
88.079500
86.389154
86.412419
88.797057
86.592372
86.469099
88.097873
86.476018
86.544994
88.851640
86.588315
88.131378
88.456095
86.577755
86.691923
88.828388
86.588100
87.104367
89.493518
87.322859
87.240725
89.428917
87.224604
87.289832
89.522659
87.170378
87.003214
90.571757
87.252092
87.571036
89.439824
87.513939
87.480143
91.024623
87.252814
87.221157
87.596262
87.060678
86.777078
88.089864
86.645006
87.608150
91.111443
86.896196
86.828347
88.718288
86.234741
86.223068
86.755298
86.122829
86.070047
87.746828
86.287981
86.539887
87.809445
86.425915
86.143876
88.499218
86.406070
86.231299
87.908042
86.368504
86.401423
88.831705
86.380427
86.762965
88.566804
86.725474
86.938372
89.344853
87.350259
87.299602
89.081962
87.603112
87.392302
89.509710
87.062870
87.195773
88.746185
85.746861
85.455191
87.998677
87.258163
87.325357
88.686077
87.311750
87.144966
89.492486
87.287084
87.236368
88.633292
87.488911
87.520434
89.903511
87.420967
87.308309
87.440343
87.277730
87.365989
88.663068
87.281605
87.453837
92.166257
85.912673
85.702662
89.346351
85.288105
84.861009
86.313089
86.448792
86.338148
88.023127
86.783159
87.250903
88.537719
85.615222
85.638097
88.101911
85.564321
85.629787
88.395466
85.039347
86.848543
88.962180
84.974277
85.250850
88.423682
85.182311
84.752915
87.029581
84.739451
84.740011
88.080472
84.958625
84.980814
87.626308
85.077718
85.026896
88.447956
84.963356
84.744940
88.946297
84.973058
84.986683
88.057183
85.056805
84.923656
87.427911
85.083850
85.156934
87.789572
84.635843
84.997701
88.872847
84.722892
85.043146
87.992994
86.518148
86.706750
88.264007
84.921054
87.581515
91.317959
87.010781
85.244293
88.899734
84.403843
84.472495
86.374993
84.705054
84.824373
88.003937
84.728051
84.926633
87.894373
86.590172
86.871886
89.518571
87.531538
86.060844
89.170574
87.355094
87.112833
92.868372
90.493379
91.188163
93.163150
92.912173
93.457362
96.536119
94.807842
96.864765
95.994773
96.500382
95.977345
97.780202
97.486123
98.596133
97.404912
97.435883
97.600178
98.840746
96.753236
97.201692
97.446244
98.516568
98.066134
98.436266
96.671439
95.797939
95.459305
95.988643
96.731288
98.148573
97.443982
97.934314
96.919002
98.856816
98.724449
99.038293
98.032920
95.285399
97.315479
98.296084
97.676573
98.166688
96.798739
96.811048
93.926468
96.443343
96.424526
97.230785
96.345704
96.272661
95.342099
96.551138
96.823033
98.791572
96.702920
98.009723
96.019027
98.797101
97.986678
99.296427
96.771838
96.519910
95.592819
98.230600
98.648442
99.330021
97.590506
97.382877
95.670399
97.138530
97.254438
97.353907
95.688375
94.620660
92.289612
94.162103
94.040170
96.201299
95.167292
95.140331
92.563849
94.767953
94.175963
96.809919
94.649470
95.213829
94.755052
96.531580
96.794624
98.090433
97.306414
96.500671
95.285446
96.482023
96.338009
98.554869
97.090767
94.911892
95.641665
95.450303
95.010092
96.643800
95.642036
95.504828
92.798693
92.669031
93.438563
95.540777
93.460817
93.595276
93.205659
91.071920
89.490300
95.235324
87.729041
86.266035
92.0000000281829671
88.041985
88.035055
90.270036
86.225221
86.314080
89.652903
86.559669
86.567034
88.468963
86.171869
86.211451
88.301624
86.406364
85.851372
88.239341
86.226939
86.497996
88.738860
85.285236
85.106090
89.715654
85.258248
85.602280
89.408730
85.461430
85.325880
89.423307
85.549185
85.907107
88.419816
85.711902
85.669073
89.665941
85.015713
84.706349
86.417118
84.192439
84.426005
88.579994
84.814311
87.007842
91.419038
85.270850
85.035272
89.676633
85.496014
86.231816
88.762326
88.029366
88.124879
89.331586
87.859340
87.841211
88.560973
85.628791
85.384279
89.145799
85.085173
85.355461
89.491823
85.596141
85.714287
89.827160
85.805601
85.868564
88.865075
86.367798
86.531888
90.403802
86.190306
85.931516
89.343463
86.052938
85.781554
87.853329
85.400548
85.299697
88.047502
84.697942
84.489117
86.496288
84.263482
83.703420
86.574295
83.069200
82.898182
85.306425
82.739367
82.578486
85.524112
83.188380
83.391133
85.647087
83.406206
83.514029
85.695589
82.867847
82.973811
85.179195
83.113468
85.789763
90.028589
83.037063
83.087068
85.689192
83.470632
83.625211
85.604772
82.981080
82.971147
85.034875
83.296627
83.798909
87.130982
83.289340
83.390235
85.673098
83.547053
83.665143
86.791730
83.884528
83.834572
87.970512
84.269365
84.173204
87.194026
83.839203
83.954089
85.996269
83.672503
83.535378
86.113989
83.275850
83.568271
85.271768
83.165526
83.341546
86.253983
83.040033
83.354997
85.255419
82.893644
82.934057
86.490049
83.152396
83.150259
85.283644
83.107772
83.846555
86.880689
83.453952
83.422497
85.555204
83.288025
83.276532
86.191927
83.312587
83.348751
84.867836
83.204931
85.822235
89.846580
83.517479
83.583498
86.162400
83.549727
83.487098
85.730188
83.418421
83.028655
84.959971
83.197831
83.241631
86.531395
83.283427
83.382320
85.397374
83.342000
83.668060
86.842201
83.292441
83.514730
85.662608
81.439647
83.603654
87.080072
83.369570
83.200088
85.560561
82.771140
82.847534
85.945838
83.147110
82.733383
91.272652
88.852394
88.090582
91.830124
87.628799
88.304085
90.481903
87.949855
86.014874
89.610856
88.091639
87.312617
90.942038
88.593217
89.564481
91.583246
89.179506
88.882681
91.353499
89.038929
88.725779
89.995526
90.175921
90.020133
91.702119
90.581976
90.253701
95.204783
92.075533
91.765256
93.456138
90.631071
90.678875
91.217616
91.957909
92.209425
93.586014
92.436548
92.519641
92.415589
92.220189
92.124859
96.013440
93.849851
93.560830
93.382710
94.425319
94.253232
96.247324
94.660023
94.344378
94.248789
94.706787
94.041859
96.135218
93.614370
93.436940
93.946704
93.800001
94.469677
97.311234
93.528207
93.885793
94.086088
93.090310
93.505723
97.727065
94.517411
93.951199
94.437569
94.328658
94.921562
97.562593
95.878048
95.340051
94.436274
94.810652
94.827022
95.951298
95.407565
95.827273
95.894944
97.132085
97.725600
98.547584
97.754344
100.000000
