91.659712
94.277493
94.390545
97.540934
92.784420
92.691715
92.179393
92.869351
91.516235
92.720717
91.559981
91.726034
92.182611
91.760702
91.786911
92.037666
91.859787
90.206608
91.479378
90.217469
90.271657
92.235229
90.324340
90.209125
91.407137
90.206486
90.151489
92.063280
90.212629
90.448327
91.630415
90.593441
90.520416
92.634943
90.793027
90.689528
92.052848
90.849146
90.696193
92.873276
89.012949
89.047100
92.365486
89.213774
91.103983
93.084632
89.046927
89.085927
92.201946
88.999587
88.813525
92.736576
88.543202
88.465817
90.802804
88.586184
88.742662
92.334421
88.899274
91.116542
94.733655
88.566984
88.529472
92.583495
88.548767
88.327595
90.728517
88.390582
88.259308
91.840403
88.165536
88.150255
90.942540
87.824896
87.723779
91.888115
89.807039
89.788035
91.131725
88.127872
88.221243
92.269863
88.295593
88.333068
92.693292
88.454724
88.291726
92.529245
88.376057
88.353002
92.581037
88.187859
88.115374
92.330130
88.193837
90.124598
91.179794
88.081125
88.065281
91.976751
87.738759
87.701612
91.920193
87.551001
87.741517
91.697164
87.708013
87.592521
91.913958
87.674106
87.724336
91.761131
87.666523
87.950667
90.272326
87.918029
87.919838
91.698746
88.088618
90.805270
94.344521
88.331078
88.563578
92.527972
88.853443
88.758391
91.202684
88.869487
88.853990
92.154696
88.855700
88.634896
91.771847
88.585441
88.577717
92.250530
88.383727
88.530002
91.552166
90.380683
90.304283
92.136602
88.369186
88.539131
92.400944
88.387377
88.299941
92.075748
88.024646
89.866159
90.832125
89.748305
87.498288
91.429725
87.274832
87.140471
91.107961
88.910268
88.679166
90.620892
88.671452
86.872165
89.810784
86.976316
86.975516
90.887230
87.110751
87.286083
91.620047
89.261830
87.415039
91.252784
87.351325
87.384837
91.136674
87.630425
87.554474
91.125138
87.863709
90.168166
93.915495
88.135847
88.183632
91.847560
89.943977
89.770885
90.152161
89.943583
89.718401
91.292855
89.875107
89.919709
91.932140
89.619230
89.749939
91.452785
87.733453
87.644163
91.792396
87.822242
87.753213
91.728272
87.938992
87.814199
90.621816
87.432597
87.107774
91.160416
87.221775
89.188153
91.088172
86.963680
86.783441
90.678944
86.956477
86.997863
91.175142
88.822356
88.892532
90.709657
88.876429
87.137915
90.987980
86.762855
86.722851
90.628877
86.766562
88.573970
89.937180
88.997492
87.197194
90.940395
89.139833
87.320817
90.876904
89.254240
89.058877
90.238394
86.420738
89.663447
92.815025
86.007395
86.037605
89.940211
87.941023
88.149246
89.838076
86.489818
86.582360
90.019296
86.513909
86.793122
91.135348
88.942663
87.268986
91.010147
88.985362
87.183996
90.460711
87.461415
87.262860
91.089019
87.380488
87.577748
91.979895
87.698025
87.729108
91.643675
87.749086
87.995125
92.048130
87.968171
87.976031
91.639527
88.015337
88.187791
92.380216
88.399616
88.222687
92.142652
88.408082
88.540556
92.384451
87.904444
87.639622
91.548528
87.593715
87.425241
90.383585
87.124285
87.115485
90.730491
86.986128
88.784341
89.236534
88.684593
86.899538
90.129318
86.862635
88.993834
92.626077
86.729158
88.572222
90.681568
88.728102
86.832577
89.051338
86.622736
86.954676
90.474588
86.902255
87.022411
90.034523
96.701603
97.006274
98.012317
96.439298
96.100141
97.523951
96.928194
96.042702
96.530218
95.577157
95.722884
96.604187
97.539905
99.147472
99.566127
100.000000
100.000000
100.000000
100.000000
100.000000
100.000000
100.000000
100.000000
100.000000
100.000000
100.000000
100.000000
100.000000
100.000000
100.000000
100.000000
100.000000
100.000000
100.000000
100.000000
100.000000
100.000000
100.000000
100.000000
100.000000
100.000000
100.000000
100.000000
100.000000
100.000000
100.000000
100.000000
100.000000
100.000000
100.000000
100.000000
100.000000
100.000000
100.000000
100.000000
100.000000
100.000000
100.000000
100.000000
100.000000
100.000000
100.000000
100.000000
100.000000
100.000000
100.000000
100.000000
100.000000
100.000000
100.000000
100.000000
100.000000
100.000000
100.000000
100.000000
100.000000
100.000000
99.475348
100.000000
99.736994
100.000000
99.780462
100.000000
98.884199
100.000000
100.000000
100.000000
100.000000
100.000000
100.000000
100.000000
100.000000
100.000000
100.000000
100.000000
98.855445
99.838794
99.860717
100.000000
99.852777
100.000000
97.848999
99.975463
100.000000
100.000000
100.000000
98.973596
100.000000
100.000000
100.000000
100.000000
100.000000
100.000000
97.884462
100.000000
100.000000
100.000000
100.000000
99.792539
97.916781
100.000000
100.000000
100.000000
100.000000
99.966542
97.581011
100.000000
100.000000
100.000000
100.000000
100.000000
97.636621
99.814855
99.725117
100.000000
100.000000
100.000000
98.141672
100.000000
99.693679
100.000000
99.572769
100.000000
98.237184
100.000000
99.692687
100.000000
98.964868
99.093624
95.602111
98.104975
98.224518
100.000000
98.334110
98.511727
94.670874
98.096571
96.964679
99.500033
97.145035
97.030309
93.613434
97.956127
97.926318
99.505033
99.254976
94.265862
96.630954
98.604072
98.928276
98.949676
97.676255
97.797814
93.402911
97.811868
97.814009
98.568146
97.993075
97.845069
94.804670
96.820547
97.645519
100.000000
98.889917
98.488590
95.163245
97.753717
97.177048
99.005737
98.012870
97.769964
94.907604
98.664850
100.000000
100.000000
98.645269
97.859008
93.988792
96.372846
97.805274
98.989389
98.400289
98.514612
95.126800
98.362745
98.592682
100.000000
99.254372
99.208004
96.648861
98.909912
99.189200
100.000000
98.485562
98.143356
96.139990
98.691222
98.552534
100.000000
98.882550
99.066280
96.807394
99.273734
99.526764
100.000000
99.513230
96.054117
98.062479
98.373833
98.628191
100.000000
99.461692
99.681427
97.930246
99.117025
98.808813
100.000000
98.831919
98.752742
98.337475
99.537266
99.596671
100.000000
100.000000
100.000000
99.573243
100.000000
100.000000
100.000000
99.573413
99.608656
98.399878
99.823720
100.000000
100.000000
100.000000
100.000000
100.000000
100.000000
100.000000
100.000000
99.723373
99.622629
98.338301
98.393620
97.892150
100.000000
97.722908
97.761315
97.648482
98.077972
97.994487
99.280050
97.712780
97.889356
97.066179
97.358277
96.826307
99.891081
96.911678
96.979664
96.056029
97.029964
97.621680
99.185377
98.421053
98.003885
99.798535
98.401098
98.247015
100.000000
98.676953
98.714504
97.210481
98.064814
97.792901
98.635710
97.532866
97.302795
96.080025
96.856029
96.901999
98.006510
96.428587
96.477512
95.765746
96.546839
96.438235
97.794326
95.988114
96.156460
95.796723
96.437743
96.157509
99.048487
96.083682
96.504177
95.293103
95.427366
94.848253
97.367975
94.558958
95.705973
93.495561
95.423679
95.387631
96.489709
95.235269
95.261852
93.097107
94.748372
94.764339
96.467194
94.902210
95.112316
92.982153
95.246254
95.281778
96.806242
95.363762
95.128374
92.980199
95.634875
95.369691
98.239839
96.299646
94.049396
95.745785
95.861971
95.598777
98.251691
95.609785
95.806985
94.015299
96.199047
96.792357
99.610333
97.578602
97.269207
96.156283
97.449043
97.399693
98.958428
97.829716
97.936376
96.688819
98.534979
98.713564
100.000000
98.760293
98.780113
97.670742
99.000653
99.431278
100.000000
99.013923
98.510472
97.264014
98.673017
98.889844
100.000000
99.173320
98.714145
97.210725
98.697716
98.638179
100.000000
99.153844
99.219178
97.561871
98.627541
97.997053
99.571901
98.038322
98.234993
96.872086
98.906305
99.131254
100.000000
99.943020
99.876796
99.023313
100.000000
100.000000
100.000000
100.000000
99.405454
100.000000
100.000000
100.000000
100.000000
100.000000
100.000000
100.000000
100.000000
100.000000
100.000000
100.000000
100.000000
100.000000
100.000000
99.886382
100.000000
99.645505
99.470542
98.732354
99.475791
99.713647
100.000000
99.850189
99.988095
99.163930
99.934900
99.300993
100.000000
99.715160
100.000000
100.000000
100.000000
100.000000
100.000000
100.000000
100.000000
100.000000
100.000000
100.000000
100.000000
100.000000
100.000000
99.812466
100.000000
100.000000
100.000000
100.000000
100.000000
99.878510
100.000000
100.000000
100.000000
100.000000
100.000000
97.561098
100.000000
100.000000
100.000000
100.000000
97.432979
98.820701
100.000000
100.000000
100.000000
100.000000
100.000000
96.202594
100.000000
100.000000
100.000000
100.000000
100.000000
97.767602
100.000000
100.000000
100.000000
100.000000
100.000000
100.000000
100.000000
100.000000
100.000000
100.000000
100.000000
100.000000
100.000000
100.000000
100.000000
100.000000
100.000000
100.000000
100.000000
100.000000
100.000000
100.000000
100.000000
100.000000
100.000000
100.000000
100.000000
100.000000
100.000000
100.000000
100.000000
100.000000
100.000000
100.000000
100.000000
100.000000
100.000000
100.000000
100.000000
100.000000
100.000000
100.000000
100.000000
100.000000
100.000000
100.000000
100.000000
100.000000
100.000000
100.000000
100.000000
100.000000
100.000000
100.000000
100.000000
100.000000
100.000000
100.000000
100.000000
100.000000
100.000000
100.000000
100.000000
100.000000
100.000000
100.000000
100.000000
100.000000
100.000000
100.000000
100.000000
100.000000
100.000000
100.000000
100.000000
100.000000
100.000000
100.000000
100.000000
100.000000
100.000000
100.000000
100.000000
100.000000
100.000000
100.000000
100.000000
100.000000
100.000000
100.000000
100.000000
100.000000
100.000000
100.000000
100.000000
99.952446
100.000000
100.000000
100.000000
100.000000
100.000000
98.988959
100.000000
100.000000
100.000000
100.000000
98.822323
99.162034
100.000000
99.927902
100.000000
100.000000
100.000000
99.552816
100.000000
100.000000
100.000000
100.000000
100.000000
98.906509
100.000000
100.000000
100.000000
100.000000
100.000000
100.000000
100.000000
100.000000
100.000000
100.000000
100.000000
98.530004
100.000000
99.189451
100.000000
98.568245
98.420785
96.050870
99.410919
99.918768
100.000000
99.250309
98.241522
95.305056
98.221580
98.397249
99.743624
98.617466
99.344598
96.574985
98.710026
98.742451
99.568291
99.044545
98.604484
96.585118
98.860500
98.926031
100.000000
99.969939
100.000000
98.392827
100.000000
100.000000
100.000000
99.945874
97.451817
98.468727
99.916240
99.867136
100.000000
100.000000
100.000000
98.290954
100.000000
100.000000
100.000000
100.000000
100.000000
98.977958
100.000000
100.000000
100.000000
100.000000
100.000000
99.868095
100.000000
100.000000
100.000000
100.000000
100.000000
99.803712
100.000000
100.000000
100.000000
100.000000
100.000000
99.017490
100.000000
100.000000
100.000000
100.000000
100.000000
98.612556
100.000000
100.000000
100.000000
100.000000
100.000000
100.000000
100.000000
100.000000
100.000000
100.000000
100.000000
100.000000
97.377049
97.213736
91.295758
92.416638
92.436503
90.904396
92.385432
92.466882
94.001506
91.231668
91.927462
94.897282
89.366793
89.311361
92.761352
89.370197
89.420151
92.147624
89.481416
89.597573
91.208863
87.416938
87.493893
91.925816
87.425060
87.242817
91.422689
87.604158
87.512530
90.923526
87.806755
87.482851
91.479660
87.466847
87.522419
90.878610
87.653033
87.489221
89.819044
87.508866
87.357492
90.677763
87.663582
87.650445
91.752399
87.793493
87.571940
91.042677
87.748754
87.705747
91.867192
88.109329
88.050725
91.373946
88.298899
88.256554
92.016681
88.125531
88.147236
91.340111
88.091056
88.195521
90.424093
88.134551
88.080796
90.456321
87.805587
87.873840
89.738716
87.909867
90.411217
94.112363
87.815985
87.848140
90.053932
87.821113
87.963447
90.501523
87.946474
87.845081
89.657233
87.802299
87.817005
91.252387
87.955706
88.061716
90.095773
87.964250
87.854885
91.299071
88.080686
87.796995
90.070195
88.009484
88.001621
91.173745
88.139541
88.048087
91.776170
87.924266
87.956308
91.103575
87.860010
88.094753
90.225360
88.389334
88.299365
91.671500
88.348311
88.353612
92.266309
88.491366
88.284510
91.393772
88.172594
88.368598
90.299222
88.101825
88.250093
91.270050
88.171776
88.342262
90.115018
88.079419
88.176945
90.878115
88.310618
88.312692
89.903015
88.342245
90.809601
94.363876
88.358773
88.159299
90.270135
88.126308
88.203799
90.386529
88.098062
88.105772
90.013178
88.087983
87.993680
91.362139
88.118689
88.010372
90.220395
88.138874
88.076888
91.414349
88.131499
87.923578
91.564675
87.838381
87.777386
91.098870
87.860815
87.682389
91.590910
87.816393
87.875704
91.073526
87.864697
87.619555
89.824270
87.861687
87.863192
91.112795
87.756688
87.770861
91.490709
87.745543
87.609269
90.900856
87.781073
87.750302
91.517467
87.699486
87.795982
91.003185
87.788842
87.847727
91.712465
87.922375
87.868074
90.363790
87.768156
87.639244
90.967599
87.488715
89.723566
93.272082
86.887193
86.730455
90.555584
86.366800
86.415794
88.872885
86.329032
86.190007
88.288426
86.237556
86.488587
89.949304
86.414584
86.489661
88.879450
86.779285
86.738142
90.139182
86.891741
86.781865
88.966272
86.980531
86.985577
90.369382
87.008245
86.909246
89.184388
87.075354
87.077365
90.509758
87.016198
87.082992
89.087062
86.894231
86.999968
90.533322
87.121850
87.203995
89.312301
86.993117
87.188238
90.479971
86.996438
87.078235
89.084451
86.922200
87.124290
90.233132
86.883711
86.882076
88.895374
86.833309
86.784816
89.553877
86.992603
86.907544
88.793975
87.196188
88.722910
93.454463
87.164615
87.161319
89.117366
87.001822
87.213395
89.801834
87.153574
87.039760
88.682182
87.108187
87.247655
90.497907
87.296231
87.314861
89.483997
87.533837
87.799537
91.175183
87.987672
88.077280
90.070779
88.013378
88.130011
91.446926
88.097371
88.058943
90.044997
87.785086
87.771633
90.936876
85.881341
85.887764
90.041373
85.647824
85.850536
91.029884
85.854485
85.994187
90.202107
86.157268
86.512232
91.730291
86.807659
87.075458
91.227125
87.399326
87.583138
91.393156
89.420337
89.247131
91.407949
87.243105
87.412482
90.761704
89.237195
89.488419
91.239817
87.598856
92.017239
95.640503
87.504681
87.641591
91.684165
89.698066
89.698009
92.329406
88.016759
88.164558
91.662858
88.015208
88.154630
93.057330
87.984364
89.973472
92.108825
90.032624
90.184687
93.388143
90.545958
90.546684
92.822232
89.011234
89.082118
93.993789
90.594626
90.504748
92.753599
88.821876
89.143787
94.141300
89.085765
89.269549
93.266849
89.294662
91.026271
92.882973
90.731569
90.684204
92.809288
90.865109
90.775582
92.678016
90.687831
88.646388
92.521099
90.481354
90.764444
93.480258
90.769051
90.630412
92.483107
90.434249
90.397178
92.567503
90.220318
90.205048
91.793013
90.156165
91.335225
96.222724
90.334531
90.282034
92.299910
90.334303
90.400629
92.263715
89.747505
89.740663
91.348070
89.634992
89.576529
92.374694
89.470285
89.088041
90.986141
88.904710
88.796646
91.595145
88.820254
88.531051
90.437529
88.355947
88.229838
90.955437
87.921084
87.963034
89.866103
87.741762
87.708235
90.660342
87.704036
87.686436
89.793379
87.603888
87.795413
90.849483
87.582661
87.437950
89.436479
87.135971
87.235344
90.473431
87.317356
87.165288
89.309967
87.387560
87.304152
90.391235
87.116904
87.281266
89.249533
87.203782
87.186479
89.487337
87.147485
87.195678
89.103596
87.587189
89.196256
93.989953
87.711462
87.831835
90.024163
88.026974
88.165448
90.563436
88.118618
88.015436
89.642029
87.916259
87.984791
91.154163
87.993293
88.031832
90.054261
88.029185
87.996907
91.065219
87.928176
88.043363
90.147070
87.949034
88.121483
91.151405
87.792569
87.546086
89.668048
87.716593
87.657734
91.000871
87.821567
87.938644
90.067867
88.013879
88.104691
91.327569
88.227970
88.338663
91.902682
88.196033
88.200066
91.434764
88.036486
88.147810
90.338226
88.162697
88.139427
91.444744
88.196781
88.116141
91.804694
88.048264
88.121119
90.545094
88.050151
87.800989
91.310622
87.945776
89.275471
94.048437
87.956884
87.942048
90.079522
87.970991
88.261949
90.548324
88.353242
88.497280
90.202138
88.539197
88.477088
91.578487
88.361769
88.342351
90.383586
88.318722
88.138197
91.445564
88.285369
88.311331
90.467161
88.523051
88.441847
91.823066
88.597685
88.607743
90.849756
88.793729
89.075530
92.348332
89.251102
89.076517
91.093358
89.055507
89.152835
92.234271
88.959554
88.791926
90.780140
88.827927
88.832408
91.994900
88.922516
89.018208
91.069397
88.854777
89.042949
92.278724
89.053798
88.974517
91.015197
89.082433
89.103604
91.601921
88.900784
88.938234
90.504887
88.669805
90.033565
93.796859
88.475395
86.505958
90.451743
86.656209
88.449176
90.035719
88.451577
88.359457
90.139897
86.480409
86.572280
90.810010
88.644752
88.624600
90.908172
88.751119
88.933540
91.259063
88.987355
86.985791
91.017415
86.842041
86.935477
91.031404
88.765667
88.799321
90.973009
86.420686
86.713236
90.751646
86.718972
86.730268
90.748220
86.599103
86.708873
90.575829
88.340516
88.067339
90.234140
88.020334
86.042637
90.197005
86.075277
85.921742
89.928650
85.839371
87.987653
90.019336
87.788174
85.622601
89.799011
85.640585
85.724096
89.134312
87.860787
87.759661
89.426721
85.824514
89.417962
93.421388
88.199667
88.340427
90.223665
88.401563
88.460954
90.903368
86.311455
86.378651
89.932764
88.192555
86.214217
91.232348
88.020523
86.033010
90.061588
86.256389
86.299107
91.504721
86.489658
86.505856
90.436111
88.214229
86.596640
91.713236
88.490665
88.550875
90.622469
88.401297
88.432398
91.674376
86.438069
86.280128
90.252252
86.123064
87.968102
90.067817
85.965795
87.815958
89.966426
87.739095
85.896929
91.040372
85.669915
85.607136
89.641062
85.602445
85.885638
89.973188
87.694136
85.761703
89.773191
87.849061
87.899227
90.340126
87.730115
87.553510
89.093423
87.491110
88.913214
93.613131
87.344690
87.209964
89.319778
87.051272
87.080064
89.663691
87.156577
87.139021
88.659352
86.954357
86.980229
90.291028
86.938341
86.827424
89.031901
86.933865
86.936834
90.332064
85.079565
85.099868
89.251145
85.347801
87.315641
90.718175
87.320937
87.497011
89.598846
87.546984
85.736395
90.973359
86.009056
85.902819
89.899890
88.086646
88.165685
90.349718
88.036740
87.983285
90.158099
88.145723
86.324297
90.315770
86.115589
85.974628
89.823467
87.568982
87.440740
90.637100
87.366633
87.284372
89.467837
87.307975
87.580176
90.101571
87.631582
87.667748
89.348790
87.758086
89.084973
93.659056
87.536741
87.457600
89.458061
87.335484
87.254800
89.726688
87.083237
87.108962
88.688726
87.034859
87.148714
90.342690
87.157196
87.207254
89.381517
87.237048
87.354472
90.590088
85.601874
85.371731
89.440256
85.477085
87.313982
90.571658
87.336424
87.512768
89.641261
85.512457
85.434802
90.602391
87.346659
87.391424
89.507419
87.287107
85.537233
90.793704
87.436223
87.550178
89.772827
87.573316
87.493855
90.589113
85.323366
85.260351
89.093925
84.986848
84.897862
89.077898
86.598554
86.600205
88.666075
86.244485
86.415509
87.834471
86.461806
86.313726
88.240070
86.517251
88.020278
92.722746
86.647492
86.526014
88.614425
86.322781
86.246626
88.763066
86.123959
86.249779
87.910099
86.153418
86.267551
89.795433
86.231769
86.355340
88.353996
86.161380
86.315251
89.640591
84.326515
84.266315
88.390073
86.289234
86.235042
89.640284
86.205770
86.217529
88.388511
86.088102
86.158390
89.732892
84.369953
84.458409
88.457316
86.558050
86.320748
89.716553
86.448622
84.465665
88.377306
84.318503
86.397975
89.587130
86.201564
86.122041
88.446889
84.251304
84.475653
89.774062
86.430149
86.466433
88.600231
86.440892
86.330420
88.904972
86.403331
86.298105
88.167273
86.452343
87.702735
92.395274
86.136161
86.104809
88.249536
86.156243
86.296213
88.722361
86.208279
86.193901
87.943234
85.956096
84.111498
89.489260
86.157921
86.098071
88.185685
86.097561
85.986239
89.350814
86.143573
85.830777
87.968386
85.699709
85.861562
89.267818
85.846533
85.882093
88.201682
86.111526
86.312187
89.647804
86.128590
85.981047
88.233987
86.159733
86.293054
89.572398
86.320572
86.230422
88.454809
86.226179
86.353069
89.463670
84.182203
83.916993
88.158049
84.015916
83.878277
89.334309
86.358825
86.312382
88.462482
86.234038
86.194900
88.883810
86.316905
86.282040
88.143922
86.372737
87.896770
92.572264
86.008472
86.073340
88.232955
84.039795
86.007147
88.508511
86.298062
86.132967
87.972368
86.156612
86.207828
88.457561
86.370326
86.195780
88.583863
86.466963
86.612014
88.452820
86.209133
86.255672
88.404225
86.196973
84.167775
88.375990
86.288771
86.369632
88.472141
86.281919
86.252200
88.451170
86.386123
86.270928
88.550353
86.187475
86.009678
88.035742
85.789071
85.736621
87.847576
85.684445
85.757556
87.729674
85.552765
85.587026
87.654582
85.738718
85.928589
88.054291
86.197282
86.079316
88.391883
86.370738
86.272760
87.576150
86.372959
86.258455
88.195604
86.363188
88.113346
93.009127
86.856306
86.913325
89.239678
87.325828
87.381154
89.634419
87.852951
87.808127
89.549064
87.748347
87.973786
90.695048
87.936841
87.710223
89.700892
87.627353
87.559022
90.477351
87.658068
87.727084
89.873685
87.806206
88.111138
91.210421
88.452127
88.495011
90.750865
88.650882
88.680277
91.785857
88.872897
88.787240
91.004465
88.894086
89.091559
91.893121
89.091009
89.391903
91.687868
89.545396
89.926583
92.674856
89.716971
89.813342
91.992514
89.886501
90.025642
92.632900
89.902862
89.982337
91.893644
89.730041
89.646941
91.548002
89.788441
89.978245
93.508689
89.951466
90.957498
95.632506
90.124270
89.905672
94.101432
90.287058
90.268974
92.210944
90.244565
90.053565
93.691631
90.352604
90.732730
93.472352
90.730465
90.801061
94.397558
90.535165
92.154610
93.056962
92.107321
90.223834
94.092297
90.205586
89.953021
93.516745
91.869063
91.647950
93.516413
91.626654
91.479112
92.995469
91.359868
91.346301
93.058724
91.223050
91.349476
93.168848
91.301849
91.126198
93.204552
91.186145
91.254529
93.144904
91.839641
91.679616
93.612256
91.537424
91.681517
93.496284
91.766156
91.716318
93.715543
91.592502
91.688126
92.799466
91.574418
91.594393
93.152954
89.602134
92.436067
94.846043
89.058783
88.997879
92.626123
90.603841
90.598235
91.948177
88.554875
90.385570
91.759871
88.240170
90.087525
91.942041
89.966255
89.804853
91.796155
89.958479
89.965565
91.871386
87.890292
89.841758
91.665307
87.896163
87.818719
91.682020
87.804324
87.648445
91.534784
87.823988
87.870217
91.639666
87.537879
87.374039
91.019884
87.357474
87.049182
90.071606
87.042375
87.166851
91.033043
87.165078
87.251808
90.118953
87.273071
87.398322
91.328299
87.512953
87.289627
90.521433
87.322125
87.487980
91.138613
87.331319
87.307081
89.382698
87.207183
86.952848
90.666076
87.358892
89.691708
94.114347
87.299728
87.246166
90.931264
86.882339
86.962702
90.507180
87.107798
87.013359
90.508966
86.959256
86.892051
90.100165
88.658494
87.077406
90.932904
89.130354
87.419518
91.620562
89.391165
87.596749
91.589852
87.832033
87.811786
92.142590
87.810878
87.675469
91.527973
87.904601
87.965834
92.036738
87.883911
87.913528
91.549293
87.815909
87.849300
91.081226
88.082483
87.973119
91.655829
87.881781
87.960617
91.076647
87.856456
87.942616
91.804692
87.882638
87.854106
90.814181
87.752501
87.672091
91.395308
87.577641
87.724324
90.165625
87.666303
87.745321
91.297817
87.979015
90.578279
94.305555
88.189393
88.111205
91.898423
89.875442
89.905002
90.460560
88.185030
88.126116
89.842535
88.132435
88.223331
92.411571
87.993793
87.821846
91.666786
87.844904
88.132412
91.449999
88.345290
88.475952
90.522964
88.204527
88.385047
91.619994
88.357129
88.168711
90.344030
88.242740
88.567038
91.640566
88.299412
88.194994
90.130767
88.287000
88.283061
91.562659
88.482102
88.501856
90.697294
88.657415
88.749796
91.833395
88.557946
88.596133
90.467468
88.421750
88.282542
91.186613
87.965347
87.891319
91.594549
87.785146
87.700377
90.320513
87.773215
87.811538
89.765710
88.055938
89.489618
94.077235
87.970827
87.899300
89.968302
87.674456
87.755339
90.337239
87.807985
88.008273
89.680390
87.975741
87.995732
91.214852
87.810676
88.014617
90.159404
88.390548
88.449978
91.434483
88.378406
88.494696
90.493017
88.485794
88.549132
91.770712
88.530570
88.375973
90.234702
88.192158
88.053603
91.243018
88.219536
88.187997
90.209814
88.426048
88.429925
91.417111
88.237233
88.410682
90.676858
86.615162
88.522689
91.920059
86.917762
86.874281
90.791269
86.828186
88.911797
91.960215
88.756209
88.806210
90.944922
88.840443
88.621973
91.385743
86.969426
87.320819
90.805661
87.496427
91.567877
95.341294
89.155242
89.267269
91.293439
87.225879
87.165039
91.567806
89.148300
89.212421
90.790971
89.012226
89.323756
92.237992
89.248224
89.467888
91.697354
89.690904
89.891197
92.804471
87.871479
87.610430
91.173703
87.385221
92.094123
95.278223
92.392019
92.764919
94.851614
92.445486
91.937803
94.476694
91.083921
92.712506
94.528083
91.788668
91.550675
92.426241
91.657421
91.933117
94.289769
92.677633
92.266402
93.914430
91.588644
93.249961
94.396532
92.644188
92.074621
92.131887
92.685128
92.821108
94.396996
93.323072
93.775573
94.379401
94.314951
94.629236
95.494740
93.857347
94.229071
97.629485
93.925784
94.368681
97.551048
95.491947
94.234746
95.129707
94.732500
94.214976
97.943291
95.425263
95.923465
97.971761
98.105139
97.743239
99.272152
97.122135
97.134103
98.301670
97.010445
96.786394
98.660487
96.729565
96.722748
97.836910
98.322494
98.837499
100.000000
98.241584
98.340561
96.924676
96.964045
97.017151
98.086520
96.569119
96.811788
97.099377
96.496932
96.003792
97.364712
95.501508
95.910095
96.192355
95.688578
95.525004
97.054948
95.273628
96.298646
94.903888
95.522731
95.666296
96.655821
95.239064
95.338711
94.349914
95.098127
95.206994
97.827891
96.027336
95.304822
97.838479
97.804630
98.003433
100.000000
97.545902
97.435017
95.383785
97.058916
96.920207
97.410869
96.323111
96.646067
94.961763
97.184304
97.262381
98.706331
96.500752
96.740048
96.039768
98.199128
98.251374
99.806936
98.265258
98.226819
95.995587
97.619897
97.797501
100.000000
98.698341
98.850011
98.667783
98.357082
98.137323
100.000000
97.813955
97.568061
97.290544
97.546370
97.517224
99.073201
97.417720
97.534085
95.691549
97.076231
97.665349
99.342008
98.259584
98.821304
98.833030
100.000000
100.000000
100.000000
100.000000
100.000000
99.115389
99.987893
100.000000
100.000000
100.000000
99.655447
100.000000
100.000000
100.000000
100.000000
99.556326
99.137336
97.338753
98.433564
98.638216
100.000000
98.878739
99.388537
99.010271
99.651388
99.760628
100.000000
99.023211
98.772393
99.699689
100.000000
99.995830
100.000000
99.707033
99.535769
97.893991
98.179461
97.757221
99.532712
98.307586
98.053883
96.427998
97.127698
96.912832
98.516090
96.784372
97.040427
95.827248
96.658354
96.463683
98.613948
96.029838
96.018615
95.014750
95.941078
96.059955
98.709448
96.755269
96.735909
94.924419
95.102683
95.166776
97.486855
96.261093
96.037175
93.393739
96.328534
96.601157
97.603626
95.742102
94.048148
95.359849
95.666321
95.682479
98.079178
96.065566
97.455643
95.075552
97.911658
97.246088
97.812614
96.357994
95.281563
93.653851
94.823918
93.612820
94.480799
92.909238
92.875048
90.756430
93.759286
93.256623
95.659974
93.073117
93.943723
90.751526
93.336870
93.699364
96.446856
94.278939
95.123952
94.248105
97.208854
98.188078
99.586057
99.011490
99.082133
98.466154
99.641620
98.650191
100.000000
99.799701
100.000000
98.550675
100.000000
100.000000
100.000000
100.000000
100.000000
99.981768
100.000000
99.485557
100.000000
99.052601
98.670473
97.890962
99.560632
99.689727
100.000000
100.000000
100.000000
100.000000
100.000000
100.000000
100.000000
100.000000
100.000000
98.438625
100.000000
100.000000
100.000000
98.253374
97.632204
96.697648
97.316682
96.943876
97.795944
94.155800
93.737438
89.679753
90.678761
90.576662
93.452708
91.854738
89.809369
87.341885
92.444493
91.150691
92.780062
90.530500
89.068688
88.978996
94.360988
94.554253
97.233274
94.877453
94.708017
94.266156
94.794972
94.445086
95.806333
94.630213
94.346106
93.277882
94.104054
94.075319
95.569519
94.029605
94.273777
92.918733
93.888478
93.811268
95.605080
94.165537
94.336941
92.863337
94.419812
94.534388
95.813786
94.732209
93.147660
95.485904
94.303516
94.226028
95.598238
93.825096
93.355042
91.257809
92.817112
92.525610
93.334398
92.271354
92.558317
91.592761
92.869211
93.186550
95.087379
93.348264
93.089740
91.917651
91.165689
92.832019
94.178726
90.617413
92.111464
91.003982
92.246103
92.005493
93.555039
91.913910
90.429249
90.819818
90.536169
90.699983
93.940848
90.574932
90.265853
91.061111
90.521667
92.070671
93.666828
90.498715
92.209986
90.855320
90.340974
90.317458
93.598334
90.313566
90.251539
90.625769
91.726054
91.941177
93.533192
91.836550
91.793400
89.672452
91.595935
91.652069
92.719753
91.556371
89.544202
92.105779
91.574091
91.657060
93.278078
91.537733
91.748538
90.271535
92.232195
92.174913
92.914622
91.935506
91.931190
90.961526
92.351609
92.462165
93.903021
92.148866
92.080047
90.897362
91.960171
92.028379
93.692654
92.052802
91.933082
91.304407
92.790744
92.553144
95.666306
92.722360
92.800480
92.090581
93.478742
93.310156
96.299397
94.632702
94.648391
91.949820
94.135076
94.085479
95.974364
94.469478
94.434850
93.307252
94.669451
94.588996
95.849599
93.962855
93.750205
92.067618
94.132639
94.049129
96.824562
94.110614
94.072195
91.899583
94.086085
94.129972
96.264793
94.134266
91.808509
94.008578
94.737550
94.485155
96.247303
94.987543
96.110564
93.142767
94.953345
94.925453
97.096925
95.135768
95.067676
94.158835
95.123672
95.712736
97.309509
95.577503
95.726755
93.091421
95.830184
94.372799
97.229719
94.639488
94.844905
93.682749
94.605958
94.986013
96.522732
95.180064
95.003274
93.595935
94.158309
93.900987
96.644526
93.655546
93.550754
93.106165
93.723239
93.714158
96.303041
93.419181
93.570255
92.688133
93.522412
93.419929
96.175083
93.635255
93.457302
92.655801
93.491401
93.454427
96.255987
93.669765
93.332179
91.716125
93.165786
93.214639
95.465724
93.417937
91.520996
94.194906
93.466077
93.276778
94.905880
93.512602
93.378708
91.765058
93.386138
93.586711
94.534691
93.445024
93.601232
92.596465
93.576684
93.643530
95.309194
93.747755
93.911896
92.958544
94.230247
94.195566
95.956799
94.653419
94.723805
93.902506
93.525563
94.761816
96.252270
94.620717
93.123482
93.670146
94.375827
94.080656
95.626418
94.052559
94.303745
93.256659
94.167237
94.112184
95.705627
94.280361
93.017931
93.758812
94.278226
94.164431
95.811888
94.170693
94.272723
93.103021
94.541568
94.479580
96.247217
94.207837
94.193003
92.298416
94.113260
94.247698
95.262594
94.350299
92.785506
95.422147
94.599390
94.442567
95.844300
94.076273
94.035060
92.650499
94.122224
93.970644
94.825039
93.846657
93.874238
93.512321
93.864588
93.717915
95.478618
93.932942
94.177632
93.786533
94.087624
94.108848
96.376320
93.887704
93.780810
93.387182
93.800372
93.496031
95.696353
93.132895
93.224898
92.627653
93.083181
92.852470
94.517023
92.794824
92.887881
92.676231
93.042643
92.971860
95.231782
92.633080
92.473926
92.002530
92.696737
92.700731
94.296121
92.606257
92.640214
92.202702
92.868850
92.656314
95.360021
92.692031
92.791870
91.434685
92.788051
92.721186
94.563115
92.487301
90.978674
93.142007
92.471100
92.403510
94.839914
93.212791
92.216280
90.713204
92.319023
92.204661
94.290264
92.558371
92.516963
91.945918
93.665195
93.701814
94.950095
92.375444
92.358848
91.951000
92.414454
92.394882
94.068597
92.577526
92.387877
91.412886
92.486845
92.400777
94.001090
92.497548
92.443074
92.178511
92.383659
92.522418
94.070064
92.519037
92.705801
92.419775
92.970902
92.970891
95.355522
92.905378
92.962328
92.473321
92.920577
92.750035
94.318254
92.919251
93.169231
92.443779
94.213986
94.221033
95.608641
92.983045
92.851453
91.080390
92.767395
92.611767
94.351384
92.457857
91.016555
93.385796
92.677107
92.561180
93.972936
92.198195
92.165429
91.175112
92.198019
92.194764
93.283395
92.315663
92.602542
91.932617
92.519805
92.290000
93.945426
92.526500
92.291657
91.291513
92.451760
92.536449
94.264574
92.563617
92.654399
91.860653
92.715885
92.889792
94.678527
93.265003
93.147859
92.369597
93.507817
93.346114
94.816654
93.152780
93.120449
92.110662
93.342113
93.185264
94.909578
93.276948
93.205817
92.079535
93.301367
93.294098
94.761129
93.248603
93.332982
92.821225
93.493176
93.505757
95.170884
93.457614
93.328982
92.084073
93.376873
93.384095
94.338146
93.381048
91.944159
94.470801
93.300298
93.191502
94.703213
93.004428
92.687446
90.983959
92.556700
92.464284
93.625488
92.894000
93.256625
92.583912
93.295058
93.302820
94.969227
93.289262
93.232215
92.563332
91.532036
91.778150
94.468346
91.264974
91.676036
92.511578
91.634569
91.325880
94.286211
91.153051
92.639121
91.625299
91.392480
91.501812
94.681347
91.640052
91.439602
91.922415
91.372624
91.227252
94.230038
91.407609
91.416862
91.539314
91.538807
91.348962
94.403366
91.518782
91.474556
91.293999
92.501691
92.560032
94.157885
91.086347
91.355267
91.571969
92.515232
92.706655
93.677220
92.430472
90.379767
93.185144
92.902302
91.472852
94.262282
92.169694
92.237074
90.121633
92.390275
92.559684
93.650726
92.623512
92.517483
92.127767
92.790093
92.968078
94.812317
93.505423
93.512836
92.652250
93.373637
93.321598
97.957076
96.170655
96.587213
96.311858
98.145247
98.624895
100.000000
100.000000
100.000000
99.101040
100.000000
100.000000
100.000000
100.000000
100.000000
100.000000
100.000000
100.000000
100.000000
100.000000
100.000000
100.000000
100.000000
100.000000
100.000000
100.000000
100.000000
97.947018
100.000000
100.000000
100.000000
100.000000
100.000000
99.007704
100.000000
100.000000
100.000000
100.000000
97.513832
98.165228
100.000000
100.000000
100.000000
99.089879
99.745042
95.112891
99.326884
98.680069
99.807395
98.535456
98.590806
96.182839
99.447289
99.673447
100.000000
98.961533
99.507622
97.017719
100.000000
100.000000
100.000000
99.902750
99.604288
96.222225
98.890786
99.143552
100.000000
98.947047
98.875202
96.287527
99.203968
98.675462
98.751092
97.075372
96.820291
93.198057
95.664889
95.571980
97.641013
96.531943
96.634661
92.924306
96.362697
95.688062
98.193614
96.193391
96.596528
95.058777
97.948751
98.316772
99.444221
98.680548
97.993177
95.892369
97.952463
97.850646
100.000000
98.536638
95.544108
96.389403
97.843920
97.271367
98.697348
97.090832
96.215624
93.771794
95.325522
96.015073
97.559113
96.982920
97.885631
93.895965
96.173586
94.951853
98.277010
93.996917
94.232135
94.214318
94.242865
94.257511
95.699370
94.374327
94.336203
92.885355
93.245883
93.344018
95.675681
93.113618
93.130211
92.698252
93.216562
93.038223
95.696085
93.273716
93.394385
92.594190
94.061319
94.015645
96.874163
94.174425
94.247851
93.107720
94.277542
94.270094
96.763409
94.258026
94.604101
93.297615
94.486035
94.427429
95.864280
94.053080
93.816235
91.674787
93.531191
93.505130
95.109583
93.903489
92.162432
94.854208
94.184271
93.943664
95.706464
94.346244
94.877193
93.668980
94.776848
94.854851
95.769384
94.683466
94.623930
93.523820
94.524058
94.314428
95.459886
93.917273
94.335774
93.283343
94.348968
94.308935
95.823591
94.579560
94.721882
93.657444
95.285047
95.357271
96.571211
95.0000004110069227
95.100828
94.341207
95.011834
94.832093
96.117603
94.523087
94.450271
93.208860
93.893911
93.818493
94.831863
93.535721
93.090187
91.721649
90.864122
92.316251
93.812401
92.074126
91.987552
90.760700
90.752283
90.952576
94.117295
90.916883
91.021920
91.041017
90.514784
90.736447
93.824094
90.924345
90.302012
93.151971
90.818925
90.689389
92.720138
91.032885
91.175278
90.104886
90.556311
90.674868
93.698276
90.980880
91.318690
91.217035
90.695159
90.763657
93.884507
90.969818
90.946959
90.955302
91.350735
91.260020
94.331161
91.557090
91.470510
91.375370
91.279728
91.456518
94.219728
91.040718
90.853520
90.347589
90.651519
90.764198
93.526846
90.596078
90.678149
90.382281
90.593457
90.731574
93.572635
92.144106
92.153452
91.542769
90.747317
90.736086
93.816178
90.768856
91.188721
91.978498
92.618055
92.688157
94.071156
92.693007
92.664037
91.623414
91.048057
90.897637
93.654846
90.981437
91.277119
93.106938
91.117019
91.222109
94.396213
91.144993
90.948809
90.217316
90.979814
90.798830
93.589974
90.878919
90.765529
90.880060
92.665038
92.643185
93.959666
90.993493
91.018753
91.998765
90.985201
91.102935
94.055037
91.012003
91.118939
91.310598
90.980984
90.797987
93.855133
90.440383
90.506977
91.152685
92.300067
92.025546
99.371173
97.861506
97.143238
95.935268
96.584005
95.567246
96.672026
94.844644
94.999996
94.536976
95.053055
95.795923
97.930532
96.640897
97.361944
95.932913
97.228679
96.966124
98.351279
96.916836
96.740096
94.871555
97.609163
97.529218
98.510906
97.898340
95.045120
97.377380
98.838970
98.680528
100.000000
98.321646
98.257468
95.578735
98.836404
98.922961
100.000000
99.381647
99.169541
96.893904
99.120386
99.020250
100.000000
100.000000
100.000000
96.917890
100.000000
100.000000
100.000000
100.000000
100.000000
97.312278
99.904214
99.511576
100.000000
99.184282
98.884960
96.998420
99.022117
100.000000
100.000000
100.000000
100.000000
96.587328
99.819835
99.968723
100.000000
100.000000
100.000000
97.510886
100.000000
100.000000
100.000000
100.000000
100.000000
96.668490
99.561290
99.409181
100.000000
100.000000
100.000000
98.177144
100.000000
100.000000
100.000000
100.000000
100.000000
